IBTr 03P DAPHNE    910215 0000 175S 1500E -99 -99 -999 1010 0000 -9 000 -999 -999 -999 -999 -999 -999
IBTr 03P DAPHNE    910215 0600 175S 1495E -99 -99 -999 1010 0000 -9 000 -999 -999 -999 -999 -999 -999
IBTr 03P DAPHNE    910215 1200 175S 1490E -99 -99 -999 1010 0000 -9 000 -999 -999 -999 -999 -999 -999
IBTr 03P DAPHNE    910215 1800 175S 1485E -99 -99 -999 1010 0000 -9 000 -999 -999 -999 -999 -999 -999
IBTr 03P DAPHNE    910216 0000 175S 1480E -99 -99 -999 1010 0000 -9 000 -999 -999 -999 -999 -999 -999
IBTr 03P DAPHNE    910216 0600 176S 1475E -99 -99 -999 1010 0000 -9 000 -999 -999 -999 -999 -999 -999
IBTr 03P DAPHNE    910216 1200 177S 1470E -99 -99 -999 1010 0000 -9 000 -999 -999 -999 -999 -999 -999
IBTr 03P DAPHNE    910216 1800 180S 1465E -99 -99 -999 1010 0000 -9 000 -999 -999 -999 -999 -999 -999
IBTr 03P DAPHNE    910217 0000 180S 1460E -99 -99 -999 1010 0000 -9 000 -999 -999 -999 -999 -999 -999
IBTr 03P DAPHNE    910217 0600 181S 1454E -99 -99 -999 1010 0000 -9 000 -999 -999 -999 -999 -999 -999
IBTr 03P DAPHNE    910217 1200 183S 1448E -99 -99 -999 1010 0000 -9 000 -999 -999 -999 -999 -999 -999
IBTr 03P DAPHNE    910217 1800 184S 1440E -99 -99 -999 1010 0000 -9 000 -999 -999 -999 -999 -999 -999
IBTr 03P DAPHNE    910218 0000 186S 1427E -99 -99 -999 1010 0000 -9 000 -999 -999 -999 -999 -999 -999
IBTr 03P DAPHNE    910218 0600 186S 1412E -99 -99 -999 1010 0000 -9 000 -999 -999 -999 -999 -999 -999
IBTr 03P DAPHNE    910218 1200 186S 1396E -99 -99 -999 1010 0000 -9 000 -999 -999 -999 -999 -999 -999
IBTr 03P DAPHNE    910218 1800 186S 1381E -99 -99 -999 1010 0000 -9 000 -999 -999 -999 -999 -999 -999
IBTr 03P DAPHNE    910219 0000 186S 1368E -99 -99 -999 1010 0000 -9 000 -999 -999 -999 -999 -999 -999
IBTr 03P DAPHNE    910219 0600 186S 1356E -99 -99 -999 1010 0000 -9 000 -999 -999 -999 -999 -999 -999
