IBTr 02E BLANCA    910614 1800 102N 1030W -99 -99 1010 1010 0080 12 008 -999 -999 -999 -999 -999 -999
IBTr 02E BLANCA    910615 0000 101N 1035W -99 -99 1010 1010 0080 12 008 -999 -999 -999 -999 -999 -999
IBTr 02E BLANCA    910615 0600 101N 1040W -99 -99 1010 1010 0080 12 008 -999 -999 -999 -999 -999 -999
IBTr 02E BLANCA    910615 1200 102N 1045W -99 -99 1010 1010 0080 12 008 -999 -999 -999 -999 -999 -999
IBTr 02E BLANCA    910615 1800 103N 1050W -99 -99 1010 1010 0080 12 008 -999 -999 -999 -999 -999 -999
IBTr 02E BLANCA    910616 0000 107N 1058W -99 -99 1010 1010 0080 12 008 -999 -999 -999 -999 -999 -999
IBTr 02E BLANCA    910616 0600 111N 1066W -99 -99 1010 1010 0080 12 008 -999 -999 -999 -999 -999 -999
IBTr 02E BLANCA    910616 1200 115N 1075W -99 -99 1009 1010 0080 15 008 -999 -999 -999 -999 -999 -999
IBTr 02E BLANCA    910616 1800 119N 1085W -99 -99 1008 1010 0080 15 008 -999 -999 -999 -999 -999 -999
IBTr 02E BLANCA    910617 0000 123N 1094W -99 -99 1005 1010 0090 18 009 -999 -999 -999 -999 -999 -999
IBTr 02E BLANCA    910617 0600 126N 1104W -99 -99 1003 1010 0090 20 009 -999 -999 -999 -999 -999 -999
IBTr 02E BLANCA    910617 1200 129N 1114W -99 -99 1002 1010 0090 20 009 -999 -999 -999 -999 -999 -999
IBTr 02E BLANCA    910617 1800 131N 1124W -99 -99 1001 1010 0090 23 009 -999 -999 -999 -999 -999 -999
IBTr 02E BLANCA    910618 0000 133N 1134W -99 -99 1000 1010 0100 23 010 -999 -999 -999 -999 -999 -999
IBTr 02E BLANCA    910618 0600 134N 1144W -99 -99 1000 1010 0100 23 010 -999 -999 -999 -999 -999 -999
IBTr 02E BLANCA    910618 1200 134N 1154W -99 -99 1000 1010 0100 23 010 -999 -999 -999 -999 -999 -999
IBTr 02E BLANCA    910618 1800 134N 1164W -99 -99 1000 1010 0100 23 010 -999 -999 -999 -999 -999 -999
IBTr 02E BLANCA    910619 0000 133N 1174W -99 -99 1000 1010 0100 23 010 -999 -999 -999 -999 -999 -999
IBTr 02E BLANCA    910619 0600 131N 1184W -99 -99 0999 1010 0100 23 010 -999 -999 -999 -999 -999 -999
IBTr 02E BLANCA    910619 1200 129N 1194W -99 -99 0998 1010 0100 23 010 -999 -999 -999 -999 -999 -999
IBTr 02E BLANCA    910619 1800 127N 1204W -99 -99 0996 1010 0100 25 010 -999 -999 -999 -999 -999 -999
IBTr 02E BLANCA    910620 0000 126N 1215W -99 -99 0994 1010 0100 28 010 -999 -999 -999 -999 -999 -999
IBTr 02E BLANCA    910620 0600 127N 1226W -99 -99 0996 1010 0100 25 010 -999 -999 -999 -999 -999 -999
IBTr 02E BLANCA    910620 1200 130N 1236W -99 -99 1000 1010 0100 23 010 -999 -999 -999 -999 -999 -999
IBTr 02E BLANCA    910620 1800 134N 1246W -99 -99 1003 1010 0090 20 009 -999 -999 -999 -999 -999 -999
IBTr 02E BLANCA    910621 0000 137N 1256W -99 -99 1006 1010 0090 18 009 -999 -999 -999 -999 -999 -999
IBTr 02E BLANCA    910621 0600 140N 1267W -99 -99 1008 1010 0080 18 008 -999 -999 -999 -999 -999 -999
IBTr 02E BLANCA    910621 1200 142N 1277W -99 -99 1009 1010 0080 15 008 -999 -999 -999 -999 -999 -999
IBTr 02E BLANCA    910621 1800 143N 1290W -99 -99 1009 1010 0080 15 008 -999 -999 -999 -999 -999 -999
IBTr 02E BLANCA    910622 0000 145N 1305W -99 -99 1009 1010 0080 12 008 -999 -999 -999 -999 -999 -999
