IBTr 04B NOTNAMED  910727 0000 205N 0900E -99 -99 0990 1010 0110 -9 011 -999 -999 -999 -999 -999 -999
IBTr 04B NOTNAMED  910727 0600 205N 0890E -99 -99 0992 1010 0110 12 011 -999 -999 -999 -999 -999 -999
IBTr 04B NOTNAMED  910727 1200 205N 0888E -99 -99 0988 1010 0120 12 012 -999 -999 -999 -999 -999 -999
IBTr 04B NOTNAMED  910727 1800 205N 0885E -99 -99 0992 1010 0110 12 011 -999 -999 -999 -999 -999 -999
IBTr 04B NOTNAMED  910728 0000 205N 0882E -99 -99 0988 1010 0120 12 012 -999 -999 -999 -999 -999 -999
IBTr 04B NOTNAMED  910728 0600 205N 0878E -99 -99 0987 1010 0120 12 012 -999 -999 -999 -999 -999 -999
IBTr 04B NOTNAMED  910728 1200 205N 0875E -99 -99 0984 1010 0120 15 012 -999 -999 -999 -999 -999 -999
IBTr 04B NOTNAMED  910728 1800 210N 0870E -99 -99 0986 1010 0120 15 012 -999 -999 -999 -999 -999 -999
IBTr 04B NOTNAMED  910729 0000 215N 0865E -99 -99 0986 1010 0120 15 012 -999 -999 -999 -999 -999 -999
IBTr 04B NOTNAMED  910729 0600 215N 0842E -99 -99 0990 1010 0110 15 011 -999 -999 -999 -999 -999 -999
IBTr 04B NOTNAMED  910729 1200 220N 0820E -99 -99 0988 1010 0120 15 012 -999 -999 -999 -999 -999 -999
IBTr 04B NOTNAMED  910729 1800 222N 0810E -99 -99 0990 1010 0110 15 011 -999 -999 -999 -999 -999 -999
IBTr 04B NOTNAMED  910730 0000 225N 0800E -99 -99 0988 1010 0120 15 012 -999 -999 -999 -999 -999 -999
IBTr 04B NOTNAMED  910730 0600 227N 0790E -99 -99 0992 1010 0110 15 011 -999 -999 -999 -999 -999 -999
