IBTr 09E HILDA     910808 0000 133N 1019W -99 -99 1009 1010 0080 12 008 -999 -999 -999 -999 -999 -999
IBTr 09E HILDA     910808 0600 133N 1031W -99 -99 1009 1010 0080 12 008 -999 -999 -999 -999 -999 -999
IBTr 09E HILDA     910808 1200 135N 1043W -99 -99 1009 1010 0080 15 008 -999 -999 -999 -999 -999 -999
IBTr 09E HILDA     910808 1800 139N 1053W -99 -99 1008 1010 0080 15 008 -999 -999 -999 -999 -999 -999
IBTr 09E HILDA     910809 0000 144N 1061W -99 -99 1007 1010 0090 15 009 -999 -999 -999 -999 -999 -999
IBTr 09E HILDA     910809 0600 147N 1069W -99 -99 1006 1010 0090 15 009 -999 -999 -999 -999 -999 -999
IBTr 09E HILDA     910809 1200 151N 1078W -99 -99 1005 1010 0090 18 009 -999 -999 -999 -999 -999 -999
IBTr 09E HILDA     910809 1800 156N 1089W -99 -99 1004 1010 0090 20 009 -999 -999 -999 -999 -999 -999
IBTr 09E HILDA     910810 0000 162N 1098W -99 -99 1003 1010 0090 23 009 -999 -999 -999 -999 -999 -999
IBTr 09E HILDA     910810 0600 167N 1107W -99 -99 1000 1010 0100 23 010 -999 -999 -999 -999 -999 -999
IBTr 09E HILDA     910810 1200 173N 1117W -99 -99 0997 1010 0100 25 010 -999 -999 -999 -999 -999 -999
IBTr 09E HILDA     910810 1800 181N 1127W -99 -99 0995 1010 0110 25 011 -999 -999 -999 -999 -999 -999
IBTr 09E HILDA     910811 0000 190N 1135W -99 -99 0993 1010 0110 28 011 -999 -999 -999 -999 -999 -999
IBTr 09E HILDA     910811 0600 200N 1143W -99 -99 0992 1010 0110 28 011 -999 -999 -999 -999 -999 -999
IBTr 09E HILDA     910811 1200 210N 1148W -99 -99 0995 1010 0110 25 011 -999 -999 -999 -999 -999 -999
IBTr 09E HILDA     910811 1800 220N 1167W -99 -99 1000 1010 0100 23 010 -999 -999 -999 -999 -999 -999
IBTr 09E HILDA     910812 0000 230N 1179W -99 -99 1003 1010 0100 23 010 -999 -999 -999 -999 -999 -999
IBTr 09E HILDA     910812 0600 241N 1188W -99 -99 1005 1010 0090 23 009 -999 -999 -999 -999 -999 -999
IBTr 09E HILDA     910812 1200 253N 1196W -99 -99 1006 1010 0090 23 009 -999 -999 -999 -999 -999 -999
IBTr 09E HILDA     910812 1800 265N 1201W -99 -99 1008 1010 0090 20 009 -999 -999 -999 -999 -999 -999
IBTr 09E HILDA     910813 0000 277N 1205W -99 -99 1009 1010 0090 18 009 -999 -999 -999 -999 -999 -999
IBTr 09E HILDA     910813 0600 288N 1209W -99 -99 1009 1010 0090 15 009 -999 -999 -999 -999 -999 -999
IBTr 09E HILDA     910813 1200 299N 1214W -99 -99 1010 1010 0090 12 009 -999 -999 -999 -999 -999 -999
IBTr 09E HILDA     910813 1800 309N 1218W -99 -99 1010 1010 0090 12 009 -999 -999 -999 -999 -999 -999
IBTr 09E HILDA     910814 0000 318N 1217W -99 -99 1010 1010 0090 12 009 -999 -999 -999 -999 -999 -999
IBTr 09E HILDA     910814 0600 327N 1216W -99 -99 1010 1010 0090 12 009 -999 -999 -999 -999 -999 -999
