IBTr 02W TIM       910318 0000 30N  1653E -99 -99 -999 1010 0000 07 000 -999 -999 -999 -999 -999 -999
IBTr 02W TIM       910318 0600 30N  1650E -99 -99 -999 1010 0000 07 000 -999 -999 -999 -999 -999 -999
IBTr 02W TIM       910318 1200 30N  1643E -99 -99 -999 1010 0000 07 000 -999 -999 -999 -999 -999 -999
IBTr 02W TIM       910318 1800 31N  1637E -99 -99 -999 1010 0000 07 000 -999 -999 -999 -999 -999 -999
IBTr 02W TIM       910319 0000 33N  1628E -99 -99 -999 1010 0000 07 000 -999 -999 -999 -999 -999 -999
IBTr 02W TIM       910319 0600 36N  1620E -99 -99 -999 1010 0000 10 000 -999 -999 -999 -999 -999 -999
IBTr 02W TIM       910319 1200 41N  1611E -99 -99 -999 1010 0000 10 000 -999 -999 -999 -999 -999 -999
IBTr 02W TIM       910319 1800 46N  1603E -99 -99 -999 1010 0000 12 000 -999 -999 -999 -999 -999 -999
IBTr 02W TIM       910320 0000 45N  1595E -99 -99 1002 1010 0090 12 009 -999 -999 -999 -999 -999 -999
IBTr 02W TIM       910320 0600 49N  1588E -99 -99 1002 1010 0090 12 009 -999 -999 -999 -999 -999 -999
IBTr 02W TIM       910320 1200 53N  1581E -99 -99 1002 1010 0090 12 009 -999 -999 -999 -999 -999 -999
IBTr 02W TIM       910320 1800 57N  1573E -99 -99 1000 1010 0090 15 009 -999 -999 -999 -999 -999 -999
IBTr 02W TIM       910321 0000 62N  1565E -99 -99 1000 1010 0090 15 009 -999 -999 -999 -999 -999 -999
IBTr 02W TIM       910321 0600 67N  1557E -99 -99 1000 1010 0090 15 009 -999 -999 -999 -999 -999 -999
IBTr 02W TIM       910321 1200 75N  1550E -99 -99 1000 1010 0090 18 009 -999 -999 -999 -999 -999 -999
IBTr 02W TIM       910321 1800 85N  1545E -99 -99 1000 1010 0090 18 009 -999 -999 -999 -999 -999 -999
IBTr 02W TIM       910322 0000 97N  1541E -99 -99 0998 1010 0100 18 010 -999 -999 -999 -999 -999 -999
IBTr 02W TIM       910322 0600 108N 1538E -99 -99 0996 1010 0100 18 010 -999 -999 -999 -999 -999 -999
IBTr 02W TIM       910322 1200 118N 1534E -99 -99 0994 1010 0100 20 010 -999 -999 -999 -999 -999 -999
IBTr 02W TIM       910322 1800 127N 1529E -99 -99 0985 1010 0120 25 012 -999 -999 -999 -999 -999 -999
IBTr 02W TIM       910323 0000 136N 1525E -99 -99 0980 1010 0120 28 012 -999 -999 -999 -999 -999 -999
IBTr 02W TIM       910323 0600 147N 1523E -99 -99 0975 1010 0130 30 013 -999 -999 -999 -999 -999 -999
IBTr 02W TIM       910323 1200 156N 1523E -99 -99 0975 1010 0130 30 013 -999 -999 -999 -999 -999 -999
IBTr 02W TIM       910323 1800 165N 1527E -99 -99 0970 1010 0130 33 013 -999 -999 -999 -999 -999 -999
IBTr 02W TIM       910324 0000 174N 1532E -99 -99 0970 1010 0130 33 013 -999 -999 -999 -999 -999 -999
IBTr 02W TIM       910324 0600 182N 1539E -99 -99 0970 1010 0130 33 013 -999 -999 -999 -999 -999 -999
IBTr 02W TIM       910324 1200 190N 1549E -99 -99 0970 1010 0130 33 013 -999 -999 -999 -999 -999 -999
IBTr 02W TIM       910324 1800 198N 1556E -99 -99 0975 1010 0130 30 013 -999 -999 -999 -999 -999 -999
IBTr 02W TIM       910325 0000 202N 1562E -99 -99 0980 1010 0130 28 013 -999 -999 -999 -999 -999 -999
IBTr 02W TIM       910325 0600 206N 1567E -99 -99 0985 1010 0120 25 012 -999 -999 -999 -999 -999 -999
IBTr 02W TIM       910325 1200 208N 1571E -99 -99 0990 1010 0110 23 011 -999 -999 -999 -999 -999 -999
IBTr 02W TIM       910325 1800 212N 1573E -99 -99 0996 1010 0110 20 011 -999 -999 -999 -999 -999 -999
IBTr 02W TIM       910326 0000 217N 1574E -99 -99 1000 1010 0100 18 010 -999 -999 -999 -999 -999 -999
IBTr 02W TIM       910326 0600 218N 1576E -99 -99 1000 1010 0100 18 010 -999 -999 -999 -999 -999 -999
IBTr 02W TIM       910326 1200 219N 1577E -99 -99 1000 1010 0100 18 010 -999 -999 -999 -999 -999 -999
IBTr 02W TIM       910326 1800 224N 1581E -99 -99 1002 1010 0100 -9 010 -999 -999 -999 -999 -999 -999
IBTr 02W TIM       910327 0000 229N 1588E -99 -99 1004 1010 0090 -9 009 -999 -999 -999 -999 -999 -999
IBTr 02W TIM       910327 0600 236N 1596E -99 -99 1006 1010 0090 -9 009 -999 -999 -999 -999 -999 -999
IBTr 02W TIM       910327 1200 240N 1615E -99 -99 1006 1010 0090 -9 009 -999 -999 -999 -999 -999 -999
