IBTr 05S ALISON    910108 0000 88S  0784E -99 -99 1002 1010 0090 10 009 -999 -999 -999 -999 -999 -999
IBTr 05S ALISON    910108 0600 88S  0789E -99 -99 1002 1010 0090 10 009 -999 -999 -999 -999 -999 -999
IBTr 05S ALISON    910108 1200 88S  0794E -99 -99 1002 1010 0090 10 009 -999 -999 -999 -999 -999 -999
IBTr 05S ALISON    910108 1800 88S  0799E -99 -99 1002 1010 0090 10 009 -999 -999 -999 -999 -999 -999
IBTr 05S ALISON    910109 0000 89S  0803E -99 -99 -999 1010 0000 -9 000 -999 -999 -999 -999 -999 -999
IBTr 05S ALISON    910109 0600 88S  0807E -99 -99 -999 1010 0000 -9 000 -999 -999 -999 -999 -999 -999
IBTr 05S ALISON    910109 1200 88S  0811E -99 -99 -999 1010 0000 -9 000 -999 -999 -999 -999 -999 -999
IBTr 05S ALISON    910109 1800 87S  0814E -99 -99 -999 1010 0000 -9 000 -999 -999 -999 -999 -999 -999
IBTr 05S ALISON    910110 0000 87S  0818E -99 -99 -999 1010 0000 -9 000 -999 -999 -999 -999 -999 -999
IBTr 05S ALISON    910110 0600 86S  0822E -99 -99 -999 1010 0000 -9 000 -999 -999 -999 -999 -999 -999
IBTr 05S ALISON    910110 1200 85S  0823E -99 -99 -999 1010 0000 -9 000 -999 -999 -999 -999 -999 -999
IBTr 05S ALISON    910110 1800 85S  0824E -99 -99 -999 1010 0000 -9 000 -999 -999 -999 -999 -999 -999
IBTr 05S ALISON    910111 0000 85S  0826E -99 -99 -999 1010 0000 -9 000 -999 -999 -999 -999 -999 -999
IBTr 05S ALISON    910111 0600 87S  0828E -99 -99 -999 1010 0000 -9 000 -999 -999 -999 -999 -999 -999
IBTr 05S ALISON    910111 1200 90S  0831E -99 -99 -999 1010 0000 -9 000 -999 -999 -999 -999 -999 -999
IBTr 05S ALISON    910111 1800 94S  0831E -99 -99 -999 1010 0000 -9 000 -999 -999 -999 -999 -999 -999
IBTr 05S ALISON    910112 0000 98S  0831E -99 -99 -999 1010 0000 -9 000 -999 -999 -999 -999 -999 -999
IBTr 05S ALISON    910112 0600 103S 0829E -99 -99 -999 1010 0000 -9 000 -999 -999 -999 -999 -999 -999
IBTr 05S ALISON    910112 1200 107S 0827E -99 -99 -999 1010 0000 -9 000 -999 -999 -999 -999 -999 -999
IBTr 05S ALISON    910112 1800 110S 0824E -99 -99 -999 1010 0000 -9 000 -999 -999 -999 -999 -999 -999
IBTr 05S ALISON    910113 0000 112S 0820E -99 -99 -999 1010 0000 -9 000 -999 -999 -999 -999 -999 -999
IBTr 05S ALISON    910113 0600 114S 0816E -99 -99 -999 1010 0000 -9 000 -999 -999 -999 -999 -999 -999
IBTr 05S ALISON    910113 1200 114S 0814E -99 -99 -999 1010 0000 -9 000 -999 -999 -999 -999 -999 -999
IBTr 05S ALISON    910113 1800 116S 0812E -99 -99 -999 1010 0000 -9 000 -999 -999 -999 -999 -999 -999
IBTr 05S ALISON    910114 0000 117S 0810E -99 -99 -999 1010 0000 -9 000 -999 -999 -999 -999 -999 -999
IBTr 05S ALISON    910114 0600 120S 0809E -99 -99 -999 1010 0000 -9 000 -999 -999 -999 -999 -999 -999
IBTr 05S ALISON    910114 1200 125S 0809E -99 -99 -999 1010 0000 -9 000 -999 -999 -999 -999 -999 -999
IBTr 05S ALISON    910114 1800 129S 0810E -99 -99 -999 1010 0000 -9 000 -999 -999 -999 -999 -999 -999
IBTr 05S ALISON    910115 0000 134S 0811E -99 -99 -999 1010 0000 -9 000 -999 -999 -999 -999 -999 -999
IBTr 05S ALISON    910115 0600 142S 0813E -99 -99 -999 1010 0000 -9 000 -999 -999 -999 -999 -999 -999
IBTr 05S ALISON    910115 1200 152S 0816E -99 -99 -999 1010 0000 -9 000 -999 -999 -999 -999 -999 -999
IBTr 05S ALISON    910115 1800 162S 0818E -99 -99 -999 1010 0000 -9 000 -999 -999 -999 -999 -999 -999
IBTr 05S ALISON    910116 0000 172S 0820E -99 -99 -999 1010 0000 -9 000 -999 -999 -999 -999 -999 -999
IBTr 05S ALISON    910116 0600 184S 0822E -99 -99 -999 1010 0000 -9 000 -999 -999 -999 -999 -999 -999
IBTr 05S ALISON    910116 1200 196S 0824E -99 -99 -999 1010 0000 -9 000 -999 -999 -999 -999 -999 -999
IBTr 05S ALISON    910116 1800 207S 0825E -99 -99 -999 1010 0000 -9 000 -999 -999 -999 -999 -999 -999
IBTr 05S ALISON    910117 0000 219S 0823E -99 -99 -999 1010 0000 -9 000 -999 -999 -999 -999 -999 -999
IBTr 05S ALISON    910117 0600 232S 0822E -99 -99 -999 1010 0000 -9 000 -999 -999 -999 -999 -999 -999
IBTr 05S ALISON    910117 1200 243S 0823E -99 -99 -999 1010 0000 -9 000 -999 -999 -999 -999 -999 -999
IBTr 05S ALISON    910117 1800 255S 0828E -99 -99 -999 1010 0000 -9 000 -999 -999 -999 -999 -999 -999
IBTr 05S ALISON    910118 0000 264S 0839E -99 -99 -999 1010 0000 -9 000 -999 -999 -999 -999 -999 -999
IBTr 05S ALISON    910118 0600 274S 0856E -99 -99 -999 1010 0000 -9 000 -999 -999 -999 -999 -999 -999
IBTr 05S ALISON    910118 1200 279S 0870E -99 -99 -999 1010 0000 -9 000 -999 -999 -999 -999 -999 -999
