IBTr 05B NOTNAMED  910821 1800 203N 0885E -99 -99 0998 1010 0100 -9 010 -999 -999 -999 -999 -999 -999
IBTr 05B NOTNAMED  910822 0000 207N 0882E -99 -99 0994 1010 0110 12 011 -999 -999 -999 -999 -999 -999
IBTr 05B NOTNAMED  910822 0600 213N 0875E -99 -99 0996 1010 0110 12 011 -999 -999 -999 -999 -999 -999
IBTr 05B NOTNAMED  910822 1200 225N 0860E -99 -99 0994 1010 0110 12 011 -999 -999 -999 -999 -999 -999
IBTr 05B NOTNAMED  910822 1800 225N 0840E -99 -99 0996 1010 0110 12 011 -999 -999 -999 -999 -999 -999
IBTr 05B NOTNAMED  910823 0000 227N 0830E -99 -99 0994 1010 0110 12 011 -999 -999 -999 -999 -999 -999
IBTr 05B NOTNAMED  910823 0600 230N 0815E -99 -99 0994 1010 0110 12 011 -999 -999 -999 -999 -999 -999
IBTr 05B NOTNAMED  910823 1200 238N 0802E -99 -99 0992 1010 0110 12 011 -999 -999 -999 -999 -999 -999
IBTr 05B NOTNAMED  910823 1800 240N 0800E -99 -99 0994 1010 0110 12 011 -999 -999 -999 -999 -999 -999
IBTr 05B NOTNAMED  910824 0000 245N 0798E -99 -99 0994 1010 0110 12 011 -999 -999 -999 -999 -999 -999
IBTr 05B NOTNAMED  910824 0600 245N 0798E -99 -99 0994 1010 0110 12 011 -999 -999 -999 -999 -999 -999
IBTr 05B NOTNAMED  910824 1200 245N 0798E -99 -99 0992 1010 0110 12 011 -999 -999 -999 -999 -999 -999
IBTr 05B NOTNAMED  910824 1800 250N 0786E -99 -99 0994 1010 0110 12 011 -999 -999 -999 -999 -999 -999
IBTr 05B NOTNAMED  910825 0000 262N 0785E -99 -99 0992 1010 0110 12 011 -999 -999 -999 -999 -999 -999
IBTr 05B NOTNAMED  910825 0600 268N 0785E -99 -99 0994 1010 0110 12 011 -999 -999 -999 -999 -999 -999
IBTr 05B NOTNAMED  910825 1200 270N 0785E -99 -99 0992 1010 0110 12 011 -999 -999 -999 -999 -999 -999
IBTr 05B NOTNAMED  910825 1800 275N 0785E -99 -99 0994 1010 0110 12 011 -999 -999 -999 -999 -999 -999
IBTr 05B NOTNAMED  910826 0000 275N 0785E -99 -99 0996 1010 0110 12 011 -999 -999 -999 -999 -999 -999
IBTr 05B NOTNAMED  910826 0600 280N 0784E -99 -99 0998 1010 0110 07 011 -999 -999 -999 -999 -999 -999
IBTr 05B NOTNAMED  910826 1200 285N 0782E -99 -99 0996 1010 0110 07 011 -999 -999 -999 -999 -999 -999
IBTr 05B NOTNAMED  910826 1800 287N 0782E -99 -99 0998 1010 0110 07 011 -999 -999 -999 -999 -999 -999
