IBTr 02B NOTNAMED  910422 1800 100N 0912E -99 -99 -999 1010 0000 -9 000 -999 -999 -999 -999 -999 -999
IBTr 02B NOTNAMED  910423 0000 97N  0910E -99 -99 -999 1010 0000 -9 000 -999 -999 -999 -999 -999 -999
IBTr 02B NOTNAMED  910423 0600 95N  0908E -99 -99 -999 1010 0000 -9 000 -999 -999 -999 -999 -999 -999
IBTr 02B NOTNAMED  910423 1200 94N  0905E -99 -99 -999 1010 0000 -9 000 -999 -999 -999 -999 -999 -999
IBTr 02B NOTNAMED  910423 1800 94N  0901E -99 -99 -999 1010 0000 -9 000 -999 -999 -999 -999 -999 -999
IBTr 02B NOTNAMED  910424 0000 92N  0896E -99 -99 1002 1010 0090 -9 009 -999 -999 -999 -999 -999 -999
IBTr 02B NOTNAMED  910424 0600 93N  0893E -99 -99 1002 1010 0090 -9 009 -999 -999 -999 -999 -999 -999
IBTr 02B NOTNAMED  910424 1200 96N  0891E -99 -99 1002 1010 0090 12 009 -999 -999 -999 -999 -999 -999
IBTr 02B NOTNAMED  910424 1800 101N 0890E -99 -99 1002 1010 0090 12 009 -999 -999 -999 -999 -999 -999
IBTr 02B NOTNAMED  910425 0000 106N 0889E -99 -99 1002 1010 0090 12 009 -999 -999 -999 -999 -999 -999
IBTr 02B NOTNAMED  910425 0600 110N 0884E -99 -99 1000 1010 0100 15 010 -999 -999 -999 -999 -999 -999
IBTr 02B NOTNAMED  910425 1200 111N 0880E -99 -99 0996 1010 0100 18 010 -999 -999 -999 -999 -999 -999
IBTr 02B NOTNAMED  910425 1800 111N 0878E -99 -99 0998 1010 0100 18 010 -999 -999 -999 -999 -999 -999
IBTr 02B NOTNAMED  910426 0000 112N 0874E -99 -99 0994 1010 0100 23 010 -999 -999 -999 -999 -999 -999
IBTr 02B NOTNAMED  910426 0600 113N 0873E -99 -99 0991 1010 0110 28 011 -999 -999 -999 -999 -999 -999
IBTr 02B NOTNAMED  910426 1200 117N 0874E -99 -99 0987 1010 0110 28 011 -999 -999 -999 -999 -999 -999
IBTr 02B NOTNAMED  910426 1800 118N 0872E -99 -99 0991 1010 0110 28 011 -999 -999 -999 -999 -999 -999
IBTr 02B NOTNAMED  910427 0000 123N 0872E -99 -99 0989 1010 0110 28 011 -999 -999 -999 -999 -999 -999
IBTr 02B NOTNAMED  910427 0600 134N 0872E -99 -99 0974 1010 0130 39 013 -999 -999 -999 -999 -999 -999
IBTr 02B NOTNAMED  910427 1200 142N 0872E -99 -99 0972 1010 0130 39 013 -999 -999 -999 -999 -999 -999
IBTr 02B NOTNAMED  910427 1800 145N 0872E -99 -99 0974 1010 0130 39 013 -999 -999 -999 -999 -999 -999
IBTr 02B NOTNAMED  910428 0000 150N 0874E -99 -99 0972 1010 0130 39 013 -999 -999 -999 -999 -999 -999
IBTr 02B NOTNAMED  910428 0600 158N 0878E -99 -99 0952 1010 0130 52 013 -999 -999 -999 -999 -999 -999
IBTr 02B NOTNAMED  910428 1200 164N 0882E -99 -99 0950 1010 0130 52 013 -999 -999 -999 -999 -999 -999
IBTr 02B NOTNAMED  910428 1800 174N 0887E -99 -99 0934 1010 0120 59 012 -999 -999 -999 -999 -999 -999
IBTr 02B NOTNAMED  910429 0000 184N 0892E -99 -99 0920 1010 0100 65 010 -999 -999 -999 -999 -999 -999
IBTr 02B NOTNAMED  910429 0600 197N 0899E -99 -99 0922 1010 0100 65 010 -999 -999 -999 -999 -999 -999
IBTr 02B NOTNAMED  910429 1200 205N 0906E -99 -99 0918 1010 0100 65 010 -999 -999 -999 -999 -999 -999
IBTr 02B NOTNAMED  910429 1800 219N 0915E -99 -99 0920 1010 0100 65 010 -999 -999 -999 -999 -999 -999
IBTr 02B NOTNAMED  910430 0000 233N 0929E -99 -99 0994 1010 0110 15 011 -999 -999 -999 -999 -999 -999
IBTr 02B NOTNAMED  910430 0600 245N 0947E -99 -99 0996 1010 0110 07 011 -999 -999 -999 -999 -999 -999
IBTr 02B NOTNAMED  910430 1200 250N 0970E -99 -99 -999 1010 0000 -9 000 -999 -999 -999 -999 -999 -999
IBTr 02B NOTNAMED  910430 1800 257N 0997E -99 -99 -999 1010 0000 -9 000 -999 -999 -999 -999 -999 -999
