IBTr 07P LISA      910504 0000 84S  1540E -99 -99 -999 1010 0000 -9 000 -999 -999 -999 -999 -999 -999
IBTr 07P LISA      910504 0600 80S  1538E -99 -99 -999 1010 0000 -9 000 -999 -999 -999 -999 -999 -999
IBTr 07P LISA      910504 1200 78S  1535E -99 -99 -999 1010 0000 -9 000 -999 -999 -999 -999 -999 -999
IBTr 07P LISA      910504 1800 75S  1531E -99 -99 -999 1010 0000 -9 000 -999 -999 -999 -999 -999 -999
IBTr 07P LISA      910505 0000 72S  1527E -99 -99 -999 1010 0000 -9 000 -999 -999 -999 -999 -999 -999
IBTr 07P LISA      910505 0600 69S  1523E -99 -99 -999 1010 0000 -9 000 -999 -999 -999 -999 -999 -999
IBTr 07P LISA      910505 1200 65S  1522E -99 -99 -999 1010 0000 -9 000 -999 -999 -999 -999 -999 -999
IBTr 07P LISA      910505 1800 62S  1523E -99 -99 -999 1010 0000 -9 000 -999 -999 -999 -999 -999 -999
IBTr 07P LISA      910506 0000 61S  1526E -99 -99 -999 1010 0000 -9 000 -999 -999 -999 -999 -999 -999
IBTr 07P LISA      910506 0600 60S  1530E -99 -99 -999 1010 0000 -9 000 -999 -999 -999 -999 -999 -999
IBTr 07P LISA      910506 1200 61S  1536E -99 -99 -999 1010 0000 -9 000 -999 -999 -999 -999 -999 -999
IBTr 07P LISA      910506 1800 63S  1542E -99 -99 -999 1010 0000 -9 000 -999 -999 -999 -999 -999 -999
IBTr 07P LISA      910507 0000 65S  1547E -99 -99 1004 1010 0090 15 009 -999 -999 -999 -999 -999 -999
IBTr 07P LISA      910507 0600 72S  1550E -99 -99 1000 1010 0090 15 009 -999 -999 -999 -999 -999 -999
IBTr 07P LISA      910507 1200 80S  1550E -99 -99 0998 1010 0100 18 010 -999 -999 -999 -999 -999 -999
IBTr 07P LISA      910507 1800 87S  1550E -99 -99 0996 1010 0100 19 010 -999 -999 -999 -999 -999 -999
IBTr 07P LISA      910508 0000 95S  1547E -99 -99 0995 1010 0100 21 010 -999 -999 -999 -999 -999 -999
IBTr 07P LISA      910508 0600 104S 1543E -99 -99 0995 1010 0100 18 010 -999 -999 -999 -999 -999 -999
IBTr 07P LISA      910508 1200 110S 1540E -99 -99 0990 1010 0110 23 011 -999 -999 -999 -999 -999 -999
IBTr 07P LISA      910508 1800 119S 1539E -99 -99 0990 1010 0110 23 011 -999 -999 -999 -999 -999 -999
IBTr 07P LISA      910509 0000 127S 1541E -99 -99 0990 1010 0110 23 011 -999 -999 -999 -999 -999 -999
IBTr 07P LISA      910509 0600 131S 1543E -99 -99 0984 1010 0120 26 012 -999 -999 -999 -999 -999 -999
IBTr 07P LISA      910509 1200 136S 1546E -99 -99 0983 1010 0120 26 012 -999 -999 -999 -999 -999 -999
IBTr 07P LISA      910509 1800 143S 1551E -99 -99 0982 1010 0120 26 012 -999 -999 -999 -999 -999 -999
IBTr 07P LISA      910510 0000 150S 1556E -99 -99 0978 1010 0120 30 012 -999 -999 -999 -999 -999 -999
IBTr 07P LISA      910510 0600 155S 1563E -99 -99 0975 1010 0130 30 013 -999 -999 -999 -999 -999 -999
IBTr 07P LISA      910510 1200 160S 1570E -99 -99 0975 1010 0130 30 013 -999 -999 -999 -999 -999 -999
IBTr 07P LISA      910510 1800 163S 1581E -99 -99 0975 1010 0130 30 013 -999 -999 -999 -999 -999 -999
IBTr 07P LISA      910511 0000 169S 1592E -99 -99 0975 1010 0130 30 013 -999 -999 -999 -999 -999 -999
IBTr 07P LISA      910511 0600 174S 1602E -99 -99 0975 1010 0130 30 013 -999 -999 -999 -999 -999 -999
IBTr 07P LISA      910511 1200 179S 1613E -99 -99 0980 1010 0120 28 012 -999 -999 -999 -999 -999 -999
IBTr 07P LISA      910511 1800 181S 1625E -99 -99 0985 1010 0120 25 012 -999 -999 -999 -999 -999 -999
IBTr 07P LISA      910512 0000 183S 1636E -99 -99 0987 1010 0120 23 012 -999 -999 -999 -999 -999 -999
IBTr 07P LISA      910512 0600 185S 1649E -99 -99 0990 1010 0110 20 011 -999 -999 -999 -999 -999 -999
IBTr 07P LISA      910512 1200 189S 1668E -99 -99 0995 1010 0110 18 011 -999 -999 -999 -999 -999 -999
IBTr 07P LISA      910512 1800 204S 1696E -99 -99 0996 1010 0110 15 011 -999 -999 -999 -999 -999 -999
IBTr 07P LISA      910513 0000 230S 1720E -99 -99 0997 1010 0100 15 010 -999 -999 -999 -999 -999 -999
IBTr 07P LISA      910513 0600 248S 1747E -99 -99 0997 1010 0110 15 011 -999 -999 -999 -999 -999 -999
IBTr 07P LISA      910513 1200 256S 1763E -99 -99 0997 1010 0110 15 011 -999 -999 -999 -999 -999 -999
IBTr 07P LISA      910513 1800 267S 1795E -99 -99 0995 1010 0110 15 011 -999 -999 -999 -999 -999 -999
IBTr 07P LISA      910514 0000 276S 1769W -99 -99 0995 1010 0110 15 011 -999 -999 -999 -999 -999 -999
IBTr 07P LISA      910514 0600 283S 1732W -99 -99 0992 1010 0110 18 011 -999 -999 -999 -999 -999 -999
IBTr 07P LISA      910514 1200 289S 1690W -99 -99 0991 1010 0120 18 012 -999 -999 -999 -999 -999 -999
IBTr 07P LISA      910514 1800 290S 1660W -99 -99 0990 1010 0120 20 012 -999 -999 -999 -999 -999 -999
IBTr 07P LISA      910515 0000 290S 1630W -99 -99 0985 1010 0120 23 012 -999 -999 -999 -999 -999 -999
IBTr 07P LISA      910515 0600 308S 1575W -99 -99 0975 1010 0140 28 014 -999 -999 -999 -999 -999 -999
IBTr 07P LISA      910515 1200 318S 1548W -99 -99 0974 1010 0140 28 014 -999 -999 -999 -999 -999 -999
IBTr 07P LISA      910515 1800 326S 1526W -99 -99 0973 1010 0140 28 014 -999 -999 -999 -999 -999 -999
IBTr 07P LISA      910516 0000 338S 1488W -99 -99 0972 1010 0140 28 014 -999 -999 -999 -999 -999 -999
IBTr 07P LISA      910516 0600 346S 1467W -99 -99 0972 1010 0140 28 014 -999 -999 -999 -999 -999 -999
IBTr 07P LISA      910516 1200 353S 1450W -99 -99 0972 1010 0140 28 014 -999 -999 -999 -999 -999 -999
IBTr 07P LISA      910516 1800 360S 1435W -99 -99 0972 1010 0140 28 014 -999 -999 -999 -999 -999 -999
IBTr 07P LISA      910517 0000 370S 1420W -99 -99 0972 1010 0140 28 014 -999 -999 -999 -999 -999 -999
IBTr 07P LISA      910517 0600 380S 1410W -99 -99 0972 1010 0140 28 014 -999 -999 -999 -999 -999 -999
IBTr 07P LISA      910517 1200 390S 1400W -99 -99 0972 1010 0140 28 014 -999 -999 -999 -999 -999 -999
IBTr 07P LISA      910517 1800 405S 1390W -99 -99 0972 1010 0140 28 014 -999 -999 -999 -999 -999 -999
IBTr 07P LISA      910518 0000 420S 1375W -99 -99 0973 1010 0140 25 014 -999 -999 -999 -999 -999 -999
IBTr 07P LISA      910518 0600 434S 1362W -99 -99 -999 1010 0000 -9 000 -999 -999 -999 -999 -999 -999
IBTr 07P LISA      910518 1200 450S 1350W -99 -99 0973 1010 0140 23 014 -999 -999 -999 -999 -999 -999
IBTr 07P LISA      910518 1800 467S 1333W -99 -99 -999 1010 0000 -9 000 -999 -999 -999 -999 -999 -999
IBTr 07P LISA      910519 0000 485S 1315W -99 -99 0980 1010 0140 20 014 -999 -999 -999 -999 -999 -999
