IBTr 03L BOB       910816 0000 256N 0743W -99 -99 1014 1014 0080 12 008 -999 -999 -999 -999 -999 -999
IBTr 03L BOB       910816 0600 257N 0749W -99 -99 1012 1012 0080 12 008 -999 -999 -999 -999 -999 -999
IBTr 03L BOB       910816 1200 259N 0754W -99 -99 1010 1010 0080 15 008 -999 -999 -999 -999 -999 -999
IBTr 03L BOB       910816 1800 264N 0758W -99 -99 1005 1010 0090 18 009 -999 -999 -999 -999 -999 -999
IBTr 03L BOB       910817 0000 271N 0762W -99 -99 1003 1010 0100 20 010 -999 -999 -999 -999 -999 -999
IBTr 03L BOB       910817 0600 278N 0765W -99 -99 0998 1010 0110 23 011 -999 -999 -999 -999 -999 -999
IBTr 03L BOB       910817 1200 284N 0769W -99 -99 0996 1010 0110 28 011 -999 -999 -999 -999 -999 -999
IBTr 03L BOB       910817 1800 290N 0771W -99 -99 0986 1010 0120 33 012 -999 -999 -999 -999 -999 -999
IBTr 03L BOB       910818 0000 297N 0770W -99 -99 0980 1010 0130 36 013 -999 -999 -999 -999 -999 -999
IBTr 03L BOB       910818 0600 305N 0769W -99 -99 0979 1010 0130 38 013 -999 -999 -999 -999 -999 -999
IBTr 03L BOB       910818 1200 315N 0766W -99 -99 0974 1010 0140 41 014 -999 -999 -999 -999 -999 -999
IBTr 03L BOB       910818 1800 330N 0761W -99 -99 0965 1010 0140 43 014 -999 -999 -999 -999 -999 -999
IBTr 03L BOB       910819 0000 346N 0753W -99 -99 0957 1010 0140 48 014 -999 -999 -999 -999 -999 -999
IBTr 03L BOB       910819 0600 365N 0745W -99 -99 0950 1010 0140 51 014 -999 -999 -999 -999 -999 -999
IBTr 03L BOB       910819 1200 389N 0730W -99 -99 0953 1010 0150 48 015 -999 -999 -999 -999 -999 -999
IBTr 03L BOB       910819 1720 412N 0716W -99 -99 0962 1010 0150 46 015 -999 -999 -999 -999 -999 -999
IBTr 03L BOB       910819 1800 414N 0714W -99 -99 0964 1010 0150 43 015 -999 -999 -999 -999 -999 -999
IBTr 03L BOB       910820 0000 438N 0696W -99 -99 0977 1010 0140 30 014 -999 -999 -999 -999 -999 -999
IBTr 03L BOB       910820 0130 441N 0691W -99 -99 0981 1010 0140 30 014 -999 -999 -999 -999 -999 -999
IBTr 03L BOB       910820 0600 456N 0676W -99 -99 0987 1010 0130 25 013 -999 -999 -999 -999 -999 -999
IBTr 03L BOB       910820 1200 470N 0655W -99 -99 0998 1010 0110 23 011 -999 -999 -999 -999 -999 -999
IBTr 03L BOB       910820 1800 484N 0619W -99 -99 1003 1010 0110 20 011 -999 -999 -999 -999 -999 -999
IBTr 03L BOB       910821 0000 498N 0583W -99 -99 1008 1010 0100 20 010 -999 -999 -999 -999 -999 -999
IBTr 03L BOB       910821 0600 509N 0549W -99 -99 1008 1010 0100 20 010 -999 -999 -999 -999 -999 -999
IBTr 03L BOB       910821 1200 516N 0514W -99 -99 1009 1010 0100 18 010 -999 -999 -999 -999 -999 -999
IBTr 03L BOB       910821 1800 519N 0473W -99 -99 1009 1010 0100 15 010 -999 -999 -999 -999 -999 -999
IBTr 03L BOB       910822 0000 519N 0428W -99 -99 1004 1010 0110 15 011 -999 -999 -999 -999 -999 -999
IBTr 03L BOB       910822 0600 515N 0383W -99 -99 1002 1010 0110 18 011 -999 -999 -999 -999 -999 -999
IBTr 03L BOB       910822 1200 507N 0341W -99 -99 0994 1010 0120 20 012 -999 -999 -999 -999 -999 -999
IBTr 03L BOB       910822 1800 493N 0303W -99 -99 0992 1010 0120 20 012 -999 -999 -999 -999 -999 -999
IBTr 03L BOB       910823 0000 477N 0269W -99 -99 0992 1010 0120 20 012 -999 -999 -999 -999 -999 -999
IBTr 03L BOB       910823 0600 463N 0239W -99 -99 0996 1010 0120 20 012 -999 -999 -999 -999 -999 -999
IBTr 03L BOB       910823 1200 453N 0214W -99 -99 1000 1010 0110 18 011 -999 -999 -999 -999 -999 -999
IBTr 03L BOB       910823 1800 442N 0199W -99 -99 1004 1010 0100 15 010 -999 -999 -999 -999 -999 -999
IBTr 03L BOB       910824 0000 431N 0194W -99 -99 1006 1010 0100 12 010 -999 -999 -999 -999 -999 -999
IBTr 03L BOB       910824 0600 424N 0191W -99 -99 1008 1010 0090 12 009 -999 -999 -999 -999 -999 -999
IBTr 03L BOB       910824 1200 422N 0186W -99 -99 1009 1010 0090 12 009 -999 -999 -999 -999 -999 -999
IBTr 03L BOB       910824 1800 421N 0181W -99 -99 1009 1010 0090 12 009 -999 -999 -999 -999 -999 -999
IBTr 03L BOB       910825 0000 419N 0179W -99 -99 1009 1010 0090 12 009 -999 -999 -999 -999 -999 -999
IBTr 03L BOB       910825 0600 417N 0178W -99 -99 1010 1010 0090 12 009 -999 -999 -999 -999 -999 -999
IBTr 03L BOB       910825 1200 413N 0176W -99 -99 1010 1010 0090 12 009 -999 -999 -999 -999 -999 -999
IBTr 03L BOB       910825 1800 409N 0173W -99 -99 1010 1010 0090 12 009 -999 -999 -999 -999 -999 -999
IBTr 03L BOB       910826 0000 405N 0168W -99 -99 1010 1010 0090 12 009 -999 -999 -999 -999 -999 -999
IBTr 03L BOB       910826 0600 402N 0160W -99 -99 1010 1010 0090 12 009 -999 -999 -999 -999 -999 -999
IBTr 03L BOB       910826 1200 400N 0152W -99 -99 1012 1012 0090 10 009 -999 -999 -999 -999 -999 -999
IBTr 03L BOB       910826 1800 399N 0144W -99 -99 1012 1012 0090 10 009 -999 -999 -999 -999 -999 -999
IBTr 03L BOB       910827 0000 399N 0138W -99 -99 1014 1014 0090 10 009 -999 -999 -999 -999 -999 -999
IBTr 03L BOB       910827 0600 400N 0131W -99 -99 1014 1014 0090 10 009 -999 -999 -999 -999 -999 -999
IBTr 03L BOB       910827 1200 400N 0124W -99 -99 1014 1014 0090 10 009 -999 -999 -999 -999 -999 -999
IBTr 03L BOB       910827 1800 400N 0118W -99 -99 1014 1014 0090 10 009 -999 -999 -999 -999 -999 -999
IBTr 03L BOB       910828 0000 400N 0113W -99 -99 1015 1015 0090 07 009 -999 -999 -999 -999 -999 -999
IBTr 03L BOB       910828 0600 400N 0109W -99 -99 1015 1015 0090 07 009 -999 -999 -999 -999 -999 -999
IBTr 03L BOB       910828 1200 400N 0105W -99 -99 1014 1014 0090 07 009 -999 -999 -999 -999 -999 -999
IBTr 03L BOB       910828 1800 400N 0101W -99 -99 1014 1014 0090 05 009 -999 -999 -999 -999 -999 -999
IBTr 03L BOB       910829 0000 400N 0099W -99 -99 1015 1015 0090 05 009 -999 -999 -999 -999 -999 -999
