IBTr 07B NOTNAMED  911012 0000 145N 0895E -99 -99 1002 1010 0090 -9 009 -999 -999 -999 -999 -999 -999
IBTr 07B NOTNAMED  911012 0600 165N 0880E -99 -99 1002 1010 0090 -9 009 -999 -999 -999 -999 -999 -999
IBTr 07B NOTNAMED  911012 1200 180N 0870E -99 -99 1000 1010 0100 12 010 -999 -999 -999 -999 -999 -999
IBTr 07B NOTNAMED  911012 1800 185N 0870E -99 -99 1000 1010 0100 12 010 -999 -999 -999 -999 -999 -999
IBTr 07B NOTNAMED  911013 0000 195N 0880E -99 -99 1000 1010 0100 12 010 -999 -999 -999 -999 -999 -999
IBTr 07B NOTNAMED  911013 0600 205N 0887E -99 -99 0998 1010 0100 12 010 -999 -999 -999 -999 -999 -999
IBTr 07B NOTNAMED  911013 1200 210N 0895E -99 -99 1000 1010 0100 12 010 -999 -999 -999 -999 -999 -999
IBTr 07B NOTNAMED  911013 1800 215N 0897E -99 -99 1002 1010 0100 12 010 -999 -999 -999 -999 -999 -999
IBTr 07B NOTNAMED  911014 0000 220N 0900E -99 -99 1002 1010 0100 12 010 -999 -999 -999 -999 -999 -999
IBTr 07B NOTNAMED  911014 0600 225N 0900E -99 -99 1004 1010 0090 07 009 -999 -999 -999 -999 -999 -999
