IBTr 03S A29091HSK 901129 1800 80S  0780E -99 -99 -999 1010 0000 -9 000 -999 -999 -999 -999 -999 -999
IBTr 03S A29091HSK 901130 0000 84S  0769E -99 -99 -999 1010 0000 -9 000 -999 -999 -999 -999 -999 -999
IBTr 03S A29091HSK 901130 0600 89S  0763E -99 -99 1004 1010 0090 10 009 -999 -999 -999 -999 -999 -999
IBTr 03S A29091HSK 901130 1200 95S  0760E -99 -99 1004 1010 0090 10 009 -999 -999 -999 -999 -999 -999
IBTr 03S A29091HSK 901130 1800 97S  0762E -99 -99 1004 1010 0090 10 009 -999 -999 -999 -999 -999 -999
IBTr 03S A29091HSK 901201 0000 99S  0763E -99 -99 1002 1010 0090 10 009 -999 -999 -999 -999 -999 -999
IBTr 03S A29091HSK 901201 0600 103S 0763E -99 -99 1002 1010 0090 10 009 -999 -999 -999 -999 -999 -999
IBTr 03S A29091HSK 901201 1200 107S 0759E -99 -99 1002 1010 0090 10 009 -999 -999 -999 -999 -999 -999
IBTr 03S A29091HSK 901201 1800 111S 0756E -99 -99 1000 1010 0100 12 010 -999 -999 -999 -999 -999 -999
IBTr 03S A29091HSK 901202 0000 116S 0756E -99 -99 1000 1010 0100 12 010 -999 -999 -999 -999 -999 -999
IBTr 03S A29091HSK 901202 0600 122S 0760E -99 -99 0997 1010 0100 14 010 -999 -999 -999 -999 -999 -999
IBTr 03S A29091HSK 901202 1200 128S 0765E -99 -99 0997 1010 0100 14 010 -999 -999 -999 -999 -999 -999
IBTr 03S A29091HSK 901202 1800 136S 0774E -99 -99 0997 1010 0100 14 010 -999 -999 -999 -999 -999 -999
IBTr 03S A29091HSK 901203 0000 142S 0784E -99 -99 0997 1010 0100 14 010 -999 -999 -999 -999 -999 -999
IBTr 03S A29091HSK 901203 0600 149S 0794E -99 -99 0997 1010 0100 14 010 -999 -999 -999 -999 -999 -999
IBTr 03S A29091HSK 901203 1200 155S 0801E -99 -99 -999 1010 0000 -9 000 -999 -999 -999 -999 -999 -999
IBTr 03S A29091HSK 901203 1800 160S 0806E -99 -99 -999 1010 0000 -9 000 -999 -999 -999 -999 -999 -999
IBTr 03S A29091HSK 901204 0000 165S 0810E -99 -99 -999 1010 0000 -9 000 -999 -999 -999 -999 -999 -999
IBTr 03S A29091HSK 901204 0600 171S 0813E -99 -99 -999 1010 0000 -9 000 -999 -999 -999 -999 -999 -999
IBTr 03S A29091HSK 901204 1200 179S 0816E -99 -99 -999 1010 0000 -9 000 -999 -999 -999 -999 -999 -999
IBTr 03S A29091HSK 901204 1800 184S 0819E -99 -99 -999 1010 0000 -9 000 -999 -999 -999 -999 -999 -999
IBTr 03S A29091HSK 901205 0000 189S 0822E -99 -99 -999 1010 0000 -9 000 -999 -999 -999 -999 -999 -999
IBTr 03S A29091HSK 901205 0600 193S 0826E -99 -99 -999 1010 0000 -9 000 -999 -999 -999 -999 -999 -999
IBTr 03S A29091HSK 901205 1200 199S 0829E -99 -99 -999 1010 0000 -9 000 -999 -999 -999 -999 -999 -999
IBTr 03S A29091HSK 901205 1800 207S 0830E -99 -99 -999 1010 0000 -9 000 -999 -999 -999 -999 -999 -999
IBTr 03S A29091HSK 901206 0000 217S 0830E -99 -99 -999 1010 0000 -9 000 -999 -999 -999 -999 -999 -999
IBTr 03S A29091HSK 901206 0600 228S 0832E -99 -99 -999 1010 0000 -9 000 -999 -999 -999 -999 -999 -999
IBTr 03S A29091HSK 901206 1200 237S 0827E -99 -99 -999 1010 0000 -9 000 -999 -999 -999 -999 -999 -999
IBTr 03S A29091HSK 901206 1800 243S 0817E -99 -99 -999 1010 0000 -9 000 -999 -999 -999 -999 -999 -999
IBTr 03S A29091HSK 901207 0000 247S 0807E -99 -99 -999 1010 0000 -9 000 -999 -999 -999 -999 -999 -999
IBTr 03S A29091HSK 901207 0600 251S 0796E -99 -99 0000 1010 0000 -9 000 -999 -999 -999 -999 -999 -999
IBTr 03S DAPHNE    910219 1200 186S 1343E -99 -99 -999 1010 0000 -9 000 -999 -999 -999 -999 -999 -999
IBTr 03S DAPHNE    910219 1800 186S 1330E -99 -99 -999 1010 0000 -9 000 -999 -999 -999 -999 -999 -999
IBTr 03S DAPHNE    910220 0000 186S 1318E -99 -99 -999 1010 0000 -9 000 -999 -999 -999 -999 -999 -999
IBTr 03S DAPHNE    910220 0600 186S 1306E -99 -99 -999 1010 0000 -9 000 -999 -999 -999 -999 -999 -999
IBTr 03S DAPHNE    910220 1200 186S 1295E -99 -99 -999 1010 0000 -9 000 -999 -999 -999 -999 -999 -999
IBTr 03S DAPHNE    910220 1800 186S 1284E -99 -99 -999 1010 0000 -9 000 -999 -999 -999 -999 -999 -999
IBTr 03S DAPHNE    910221 0000 185S 1273E -99 -99 0997 1010 0100 18 010 -999 -999 -999 -999 -999 -999
IBTr 03S DAPHNE    910221 0600 185S 1261E -99 -99 0996 1010 0100 19 010 -999 -999 -999 -999 -999 -999
IBTr 03S DAPHNE    910221 1200 185S 1248E -99 -99 0996 1010 0100 19 010 -999 -999 -999 -999 -999 -999
IBTr 03S DAPHNE    910221 1800 185S 1234E -99 -99 0996 1010 0100 19 010 -999 -999 -999 -999 -999 -999
IBTr 03S DAPHNE    910222 0000 186S 1221E -99 -99 0996 1010 0100 19 010 -999 -999 -999 -999 -999 -999
IBTr 03S DAPHNE    910222 0300 189S 1219E -99 -99 0994 1010 0110 21 011 -999 -999 -999 -999 -999 -999
IBTr 03S DAPHNE    910222 0600 188S 1210E -99 -99 0991 1010 0110 23 011 -999 -999 -999 -999 -999 -999
IBTr 03S DAPHNE    910222 0900 190S 1206E -99 -99 0988 1010 0120 25 012 -999 -999 -999 -999 -999 -999
IBTr 03S DAPHNE    910222 1200 191S 1199E -99 -99 0986 1010 0120 26 012 -999 -999 -999 -999 -999 -999
IBTr 03S DAPHNE    910222 1500 192S 1193E -99 -99 0984 1010 0120 28 012 -999 -999 -999 -999 -999 -999
IBTr 03S DAPHNE    910222 1800 194S 1186E -99 -99 0982 1010 0120 29 012 -999 -999 -999 -999 -999 -999
IBTr 03S DAPHNE    910222 2100 194S 1179E -99 -99 0982 1010 0120 29 012 -999 -999 -999 -999 -999 -999
IBTr 03S DAPHNE    910223 0000 196S 1174E -99 -99 0980 1010 0130 30 013 -999 -999 -999 -999 -999 -999
IBTr 03S DAPHNE    910223 0300 197S 1167E -99 -99 0978 1010 0130 32 013 -999 -999 -999 -999 -999 -999
IBTr 03S DAPHNE    910223 0600 201S 1160E -99 -99 0976 1010 0130 33 013 -999 -999 -999 -999 -999 -999
IBTr 03S DAPHNE    910223 0900 203S 1151E -99 -99 0976 1010 0130 33 013 -999 -999 -999 -999 -999 -999
IBTr 03S DAPHNE    910223 1200 203S 1147E -99 -99 0978 1010 0130 32 013 -999 -999 -999 -999 -999 -999
IBTr 03S DAPHNE    910223 1500 203S 1139E -99 -99 0980 1010 0130 30 013 -999 -999 -999 -999 -999 -999
IBTr 03S DAPHNE    910223 1800 204S 1136E -99 -99 0982 1010 0120 29 012 -999 -999 -999 -999 -999 -999
IBTr 03S DAPHNE    910223 2100 204S 1129E -99 -99 0984 1010 0120 28 012 -999 -999 -999 -999 -999 -999
IBTr 03S DAPHNE    910224 0000 204S 1129E -99 -99 0987 1010 0120 26 012 -999 -999 -999 -999 -999 -999
IBTr 03S DAPHNE    910224 0600 204S 1124E -99 -99 0990 1010 0110 24 011 -999 -999 -999 -999 -999 -999
IBTr 03S DAPHNE    910224 1200 204S 1122E -99 -99 0992 1010 0110 22 011 -999 -999 -999 -999 -999 -999
IBTr 03S DAPHNE    910224 1800 202S 1121E -99 -99 0994 1010 0110 21 011 -999 -999 -999 -999 -999 -999
IBTr 03S DAPHNE    910225 0000 200S 1123E -99 -99 0995 1010 0110 20 011 -999 -999 -999 -999 -999 -999
IBTr 03S DAPHNE    910225 0600 201S 1125E -99 -99 0995 1010 0110 20 011 -999 -999 -999 -999 -999 -999
IBTr 03S DAPHNE    910225 1200 205S 1123E -99 -99 0995 1010 0110 20 011 -999 -999 -999 -999 -999 -999
IBTr 03S DAPHNE    910225 1800 210S 1121E -99 -99 0995 1010 0110 20 011 -999 -999 -999 -999 -999 -999
IBTr 03S DAPHNE    910226 0000 216S 1116E -99 -99 0996 1010 0110 19 011 -999 -999 -999 -999 -999 -999
IBTr 03S DAPHNE    910226 0600 224S 1112E -99 -99 0996 1010 0110 19 011 -999 -999 -999 -999 -999 -999
IBTr 03S DAPHNE    910226 1200 234S 1106E -99 -99 0998 1010 0100 18 010 -999 -999 -999 -999 -999 -999
IBTr 03S DAPHNE    910226 1800 242S 1096E -99 -99 0999 1010 0100 16 010 -999 -999 -999 -999 -999 -999
IBTr 03S DAPHNE    910227 0000 248S 1085E -99 -99 1000 1010 0100 15 010 -999 -999 -999 -999 -999 -999
IBTr 03S DAPHNE    910227 0600 252S 1074E -99 -99 1000 1010 0100 15 010 -999 -999 -999 -999 -999 -999
IBTr 03S DAPHNE    910227 1200 258S 1061E -99 -99 1002 1010 0100 13 010 -999 -999 -999 -999 -999 -999
IBTr 03S DAPHNE    910227 1800 264S 1047E -99 -99 1002 1010 0100 13 010 -999 -999 -999 -999 -999 -999
IBTr 03S DAPHNE    910228 0000 271S 1034E -99 -99 1004 1010 0100 12 010 -999 -999 -999 -999 -999 -999
IBTr 03S DAPHNE    910228 0600 279S 1022E -99 -99 1004 1010 0100 12 010 -999 -999 -999 -999 -999 -999
IBTr 03S DAPHNE    910228 1200 289S 1015E -99 -99 1004 1010 0100 12 010 -999 -999 -999 -999 -999 -999
