IBTr 05L UNNAMED   910828 1200 105N 0308W -99 -99 0000 1010 0000 12 000 -999 -999 -999 -999 -999 -999
IBTr 05L UNNAMED   910828 1800 107N 0324W -99 -99 0000 1010 0000 15 000 -999 -999 -999 -999 -999 -999
IBTr 05L UNNAMED   910829 0000 109N 0340W -99 -99 0000 1010 0000 15 000 -999 -999 -999 -999 -999 -999
IBTr 05L UNNAMED   910829 0600 110N 0356W -99 -99 0000 1010 0000 15 000 -999 -999 -999 -999 -999 -999
IBTr 05L UNNAMED   910829 1200 112N 0373W -99 -99 0000 1010 0000 15 000 -999 -999 -999 -999 -999 -999
IBTr 05L UNNAMED   910829 1800 113N 0389W -99 -99 0000 1010 0000 15 000 -999 -999 -999 -999 -999 -999
IBTr 05L UNNAMED   910830 0000 114N 0405W -99 -99 0000 1010 0000 15 000 -999 -999 -999 -999 -999 -999
IBTr 05L UNNAMED   910830 0600 115N 0421W -99 -99 0000 1010 0000 15 000 -999 -999 -999 -999 -999 -999
IBTr 05L UNNAMED   910830 1200 117N 0439W -99 -99 0000 1010 0000 15 000 -999 -999 -999 -999 -999 -999
IBTr 05L UNNAMED   910830 1800 119N 0457W -99 -99 0000 1010 0000 15 000 -999 -999 -999 -999 -999 -999
IBTr 05L UNNAMED   910831 0000 120N 0476W -99 -99 0000 1010 0000 15 000 -999 -999 -999 -999 -999 -999
IBTr 05L UNNAMED   910831 0600 123N 0498W -99 -99 0000 1010 0000 12 000 -999 -999 -999 -999 -999 -999
IBTr 05L UNNAMED   910831 1200 127N 0528W -99 -99 0000 1010 0000 12 000 -999 -999 -999 -999 -999 -999
