IBTr 08L ERIKA     910908 1800 242N 0491W -99 -99 1011 1011 0080 12 008 -999 -999 -999 -999 -999 -999
IBTr 08L ERIKA     910909 0000 254N 0500W -99 -99 1010 1010 0080 12 008 -999 -999 -999 -999 -999 -999
IBTr 08L ERIKA     910909 0600 268N 0509W -99 -99 1009 1010 0090 15 009 -999 -999 -999 -999 -999 -999
IBTr 08L ERIKA     910909 1200 278N 0523W -99 -99 1007 1010 0090 15 009 -999 -999 -999 -999 -999 -999
IBTr 08L ERIKA     910909 1800 293N 0531W -99 -99 1005 1010 0090 18 009 -999 -999 -999 -999 -999 -999
IBTr 08L ERIKA     910910 0000 312N 0517W -99 -99 1002 1010 0100 20 010 -999 -999 -999 -999 -999 -999
IBTr 08L ERIKA     910910 0600 330N 0493W -99 -99 1000 1010 0100 23 010 -999 -999 -999 -999 -999 -999
IBTr 08L ERIKA     910910 1200 347N 0461W -99 -99 0998 1010 0110 25 011 -999 -999 -999 -999 -999 -999
IBTr 08L ERIKA     910910 1800 358N 0425W -99 -99 0997 1010 0110 25 011 -999 -999 -999 -999 -999 -999
IBTr 08L ERIKA     910911 0000 365N 0387W -99 -99 0997 1010 0110 25 011 -999 -999 -999 -999 -999 -999
IBTr 08L ERIKA     910911 0600 368N 0350W -99 -99 0998 1010 0110 25 011 -999 -999 -999 -999 -999 -999
IBTr 08L ERIKA     910911 1200 370N 0319W -99 -99 1000 1010 0110 23 011 -999 -999 -999 -999 -999 -999
IBTr 08L ERIKA     910911 1800 371N 0293W -99 -99 1003 1010 0100 20 010 -999 -999 -999 -999 -999 -999
IBTr 08L ERIKA     910912 0000 373N 0272W -99 -99 1007 1010 0090 18 009 -999 -999 -999 -999 -999 -999
IBTr 08L ERIKA     910912 0300 377N 0259W -99 -99 1009 1010 0090 18 009 -999 -999 -999 -999 -999 -999
IBTr 08L ERIKA     910912 0600 379N 0252W -99 -99 1009 1010 0090 15 009 -999 -999 -999 -999 -999 -999
IBTr 08L ERIKA     910912 1200 388N 0233W -99 -99 1011 1011 0090 15 009 -999 -999 -999 -999 -999 -999
IBTr 08L ERIKA     910912 1800 395N 0215W -99 -99 1013 1013 0090 12 009 -999 -999 -999 -999 -999 -999
