IBTr 01L ANA       910629 1200 259N 0780W -99 -99 1012 1012 0080 10 008 -999 -999 -999 -999 -999 -999
IBTr 01L ANA       910629 1800 259N 0790W -99 -99 1012 1012 0080 10 008 -999 -999 -999 -999 -999 -999
IBTr 01L ANA       910630 0000 259N 0800W -99 -99 1012 1012 0080 10 008 -999 -999 -999 -999 -999 -999
IBTr 01L ANA       910630 0600 260N 0809W -99 -99 1012 1012 0080 10 008 -999 -999 -999 -999 -999 -999
IBTr 01L ANA       910630 1200 262N 0818W -99 -99 1012 1012 0080 10 008 -999 -999 -999 -999 -999 -999
IBTr 01L ANA       910630 1800 267N 0824W -99 -99 1012 1012 0090 10 009 -999 -999 -999 -999 -999 -999
IBTr 01L ANA       910701 0000 273N 0827W -99 -99 1012 1012 0090 10 009 -999 -999 -999 -999 -999 -999
IBTr 01L ANA       910701 0600 280N 0827W -99 -99 1012 1012 0090 10 009 -999 -999 -999 -999 -999 -999
IBTr 01L ANA       910701 1200 287N 0825W -99 -99 1012 1012 0090 10 009 -999 -999 -999 -999 -999 -999
IBTr 01L ANA       910701 1800 293N 0822W -99 -99 1012 1012 0090 10 009 -999 -999 -999 -999 -999 -999
IBTr 01L ANA       910702 0000 299N 0816W -99 -99 1012 1012 0090 10 009 -999 -999 -999 -999 -999 -999
IBTr 01L ANA       910702 0600 304N 0810W -99 -99 1012 1012 0090 10 009 -999 -999 -999 -999 -999 -999
IBTr 01L ANA       910702 1200 309N 0803W -99 -99 1012 1012 0090 10 009 -999 -999 -999 -999 -999 -999
IBTr 01L ANA       910702 1800 313N 0797W -99 -99 1012 1012 0090 12 009 -999 -999 -999 -999 -999 -999
IBTr 01L ANA       910703 0000 315N 0790W -99 -99 1011 1011 0090 12 009 -999 -999 -999 -999 -999 -999
IBTr 01L ANA       910703 0600 325N 0774W -99 -99 1010 1010 0090 12 009 -999 -999 -999 -999 -999 -999
IBTr 01L ANA       910703 1200 339N 0754W -99 -99 1008 1010 0090 15 009 -999 -999 -999 -999 -999 -999
IBTr 01L ANA       910703 1800 352N 0734W -99 -99 1006 1010 0100 15 010 -999 -999 -999 -999 -999 -999
IBTr 01L ANA       910704 0000 362N 0707W -99 -99 1003 1010 0100 20 010 -999 -999 -999 -999 -999 -999
IBTr 01L ANA       910704 0600 371N 0678W -99 -99 1002 1010 0100 23 010 -999 -999 -999 -999 -999 -999
IBTr 01L ANA       910704 1200 376N 0647W -99 -99 1001 1010 0100 23 010 -999 -999 -999 -999 -999 -999
IBTr 01L ANA       910704 1800 379N 0611W -99 -99 1000 1010 0110 23 011 -999 -999 -999 -999 -999 -999
IBTr 01L ANA       910705 0000 380N 0575W -99 -99 1001 1010 0100 23 010 -999 -999 -999 -999 -999 -999
IBTr 01L ANA       910705 0600 375N 0542W -99 -99 1003 1010 0100 20 010 -999 -999 -999 -999 -999 -999
IBTr 01L ANA       910705 1200 370N 0507W -99 -99 1005 1010 0100 18 010 -999 -999 -999 -999 -999 -999
