IBTr 09L FABIAN    911015 0000 189N 0857W -99 -99 1010 1010 0080 12 008 -999 -999 -999 -999 -999 -999
IBTr 09L FABIAN    911015 0600 195N 0851W -99 -99 1008 1010 0090 15 009 -999 -999 -999 -999 -999 -999
IBTr 09L FABIAN    911015 1200 203N 0841W -99 -99 1007 1010 0090 18 009 -999 -999 -999 -999 -999 -999
IBTr 09L FABIAN    911015 1800 212N 0831W -99 -99 1006 1010 0090 20 009 -999 -999 -999 -999 -999 -999
IBTr 09L FABIAN    911015 2100 215N 0828W -99 -99 1004 1010 0090 20 009 -999 -999 -999 -999 -999 -999
IBTr 09L FABIAN    911016 0000 224N 0818W -99 -99 1004 1010 0090 20 009 -999 -999 -999 -999 -999 -999
IBTr 09L FABIAN    911016 0600 239N 0808W -99 -99 1002 1010 0100 20 010 -999 -999 -999 -999 -999 -999
IBTr 09L FABIAN    911016 0834 245N 0805W -99 -99 1002 1010 0100 20 010 -999 -999 -999 -999 -999 -999
IBTr 09L FABIAN    911016 1200 252N 0798W -99 -99 1007 1010 0090 20 009 -999 -999 -999 -999 -999 -999
IBTr 09L FABIAN    911016 1800 265N 0785W -99 -99 1009 1010 0090 20 009 -999 -999 -999 -999 -999 -999
IBTr 09L FABIAN    911017 0000 300N 0755W -99 -99 1009 1010 0090 20 009 -999 -999 -999 -999 -999 -999
