IBTr 09B NOTNAMED  911109 0600 100N 0950E -99 -99 -999 1010 0000 -9 000 -999 -999 -999 -999 -999 -999
IBTr 09B NOTNAMED  911109 1200 102N 0944E -99 -99 -999 1010 0000 -9 000 -999 -999 -999 -999 -999 -999
IBTr 09B NOTNAMED  911109 1800 103N 0938E -99 -99 -999 1010 0000 -9 000 -999 -999 -999 -999 -999 -999
IBTr 09B NOTNAMED  911110 0000 105N 0933E -99 -99 -999 1010 0000 -9 000 -999 -999 -999 -999 -999 -999
IBTr 09B NOTNAMED  911110 0600 106N 0928E -99 -99 -999 1010 0000 -9 000 -999 -999 -999 -999 -999 -999
IBTr 09B NOTNAMED  911110 1200 107N 0922E -99 -99 -999 1010 0000 -9 000 -999 -999 -999 -999 -999 -999
IBTr 09B NOTNAMED  911110 1800 108N 0916E -99 -99 -999 1010 0000 -9 000 -999 -999 -999 -999 -999 -999
IBTr 09B NOTNAMED  911111 0000 107N 0911E -99 -99 1008 1010 0080 -9 008 -999 -999 -999 -999 -999 -999
IBTr 09B NOTNAMED  911111 0600 108N 0902E -99 -99 1008 1010 0080 -9 008 -999 -999 -999 -999 -999 -999
IBTr 09B NOTNAMED  911111 1200 110N 0887E -99 -99 1006 1010 0090 12 009 -999 -999 -999 -999 -999 -999
IBTr 09B NOTNAMED  911111 1800 111N 0882E -99 -99 1006 1010 0090 12 009 -999 -999 -999 -999 -999 -999
IBTr 09B NOTNAMED  911112 0000 111N 0875E -99 -99 1006 1010 0090 12 009 -999 -999 -999 -999 -999 -999
IBTr 09B NOTNAMED  911112 0600 112N 0869E -99 -99 1004 1010 0090 12 009 -999 -999 -999 -999 -999 -999
IBTr 09B NOTNAMED  911112 1200 112N 0862E -99 -99 1004 1010 0090 12 009 -999 -999 -999 -999 -999 -999
IBTr 09B NOTNAMED  911112 1800 112N 0853E -99 -99 1004 1010 0090 12 009 -999 -999 -999 -999 -999 -999
IBTr 09B NOTNAMED  911113 0000 112N 0847E -99 -99 1004 1010 0090 12 009 -999 -999 -999 -999 -999 -999
IBTr 09B NOTNAMED  911113 0600 112N 0837E -99 -99 1004 1010 0090 15 009 -999 -999 -999 -999 -999 -999
IBTr 09B NOTNAMED  911113 1200 111N 0830E -99 -99 1000 1010 0100 18 010 -999 -999 -999 -999 -999 -999
IBTr 09B NOTNAMED  911113 1800 111N 0822E -99 -99 1000 1010 0100 18 010 -999 -999 -999 -999 -999 -999
IBTr 09B NOTNAMED  911114 0000 110N 0814E -99 -99 1000 1010 0100 18 010 -999 -999 -999 -999 -999 -999
IBTr 09B NOTNAMED  911114 0600 108N 0809E -99 -99 1000 1010 0100 23 010 -999 -999 -999 -999 -999 -999
IBTr 09B NOTNAMED  911114 1200 110N 0807E -99 -99 0998 1010 0100 23 010 -999 -999 -999 -999 -999 -999
IBTr 09B NOTNAMED  911114 1800 111N 0801E -99 -99 0998 1010 0100 23 010 -999 -999 -999 -999 -999 -999
IBTr 09B NOTNAMED  911115 0000 113N 0796E -99 -99 1000 1010 0100 18 010 -999 -999 -999 -999 -999 -999
IBTr 09B NOTNAMED  911115 0600 116N 0790E -99 -99 1002 1010 0090 15 009 -999 -999 -999 -999 -999 -999
IBTr 09B NOTNAMED  911115 1200 119N 0784E -99 -99 1000 1010 0100 12 010 -999 -999 -999 -999 -999 -999
IBTr 09B NOTNAMED  911115 1800 121N 0778E -99 -99 1002 1010 0090 07 009 -999 -999 -999 -999 -999 -999
