IBTr 09S DEBRA     910222 0600 212S 0399E -99 -99 1005 1010 0090 12 009 -999 -999 -999 -999 -999 -999
IBTr 09S DEBRA     910222 1200 223S 0397E -99 -99 1005 1010 0090 12 009 -999 -999 -999 -999 -999 -999
IBTr 09S DEBRA     910222 1800 232S 0391E -99 -99 1004 1010 0090 12 009 -999 -999 -999 -999 -999 -999
IBTr 09S DEBRA     910223 0000 237S 0385E -99 -99 1004 1010 0090 12 009 -999 -999 -999 -999 -999 -999
IBTr 09S DEBRA     910223 0600 240S 0378E -99 -99 1004 1010 0090 12 009 -999 -999 -999 -999 -999 -999
IBTr 09S DEBRA     910223 1200 243S 0373E -99 -99 1002 1010 0100 12 010 -999 -999 -999 -999 -999 -999
IBTr 09S DEBRA     910223 1800 247S 0367E -99 -99 1002 1010 0100 12 010 -999 -999 -999 -999 -999 -999
IBTr 09S DEBRA     910224 0000 250S 0362E -99 -99 1002 1010 0100 12 010 -999 -999 -999 -999 -999 -999
IBTr 09S DEBRA     910224 0600 251S 0357E -99 -99 1000 1010 0100 13 010 -999 -999 -999 -999 -999 -999
IBTr 09S DEBRA     910224 1200 252S 0355E -99 -99 1000 1010 0100 13 010 -999 -999 -999 -999 -999 -999
IBTr 09S DEBRA     910224 1800 253S 0355E -99 -99 0998 1010 0100 15 010 -999 -999 -999 -999 -999 -999
IBTr 09S DEBRA     910225 0000 255S 0357E -99 -99 0998 1010 0100 15 010 -999 -999 -999 -999 -999 -999
IBTr 09S DEBRA     910225 0600 256S 0359E -99 -99 0997 1010 0110 15 011 -999 -999 -999 -999 -999 -999
IBTr 09S DEBRA     910225 1200 258S 0363E -99 -99 0991 1010 0120 18 012 -999 -999 -999 -999 -999 -999
IBTr 09S DEBRA     910225 1800 258S 0367E -99 -99 0985 1010 0120 22 012 -999 -999 -999 -999 -999 -999
IBTr 09S DEBRA     910226 0000 257S 0372E -99 -99 0978 1010 0130 25 013 -999 -999 -999 -999 -999 -999
IBTr 09S DEBRA     910226 0600 255S 0378E -99 -99 0972 1010 0130 28 013 -999 -999 -999 -999 -999 -999
IBTr 09S DEBRA     910226 1200 252S 0382E -99 -99 0966 1010 0140 31 014 -999 -999 -999 -999 -999 -999
IBTr 09S DEBRA     910226 1800 247S 0386E -99 -99 0966 1010 0140 31 014 -999 -999 -999 -999 -999 -999
IBTr 09S DEBRA     910227 0000 242S 0388E -99 -99 0966 1010 0140 31 014 -999 -999 -999 -999 -999 -999
IBTr 09S DEBRA     910227 0600 240S 0389E -99 -99 0972 1010 0130 28 013 -999 -999 -999 -999 -999 -999
IBTr 09S DEBRA     910227 1200 241S 0386E -99 -99 0976 1010 0130 26 013 -999 -999 -999 -999 -999 -999
IBTr 09S DEBRA     910227 1800 243S 0384E -99 -99 0976 1010 0130 26 013 -999 -999 -999 -999 -999 -999
IBTr 09S DEBRA     910228 0000 246S 0383E -99 -99 0981 1010 0130 24 013 -999 -999 -999 -999 -999 -999
IBTr 09S DEBRA     910228 0600 251S 0383E -99 -99 0981 1010 0130 24 013 -999 -999 -999 -999 -999 -999
IBTr 09S DEBRA     910228 1200 254S 0383E -99 -99 0984 1010 0120 22 012 -999 -999 -999 -999 -999 -999
IBTr 09S DEBRA     910228 1800 257S 0384E -99 -99 0991 1010 0110 18 011 -999 -999 -999 -999 -999 -999
IBTr 09S DEBRA     910301 0000 261S 0384E -99 -99 0991 1010 0120 18 012 -999 -999 -999 -999 -999 -999
IBTr 09S DEBRA     910301 0600 263S 0385E -99 -99 0991 1010 0120 18 012 -999 -999 -999 -999 -999 -999
IBTr 09S DEBRA     910301 1200 266S 0386E -99 -99 0991 1010 0120 18 012 -999 -999 -999 -999 -999 -999
IBTr 09S DEBRA     910301 1800 270S 0385E -99 -99 0991 1010 0120 18 012 -999 -999 -999 -999 -999 -999
IBTr 09S DEBRA     910302 0000 273S 0384E -99 -99 0991 1010 0120 18 012 -999 -999 -999 -999 -999 -999
IBTr 09S DEBRA     910302 0600 278S 0381E -99 -99 0991 1010 0120 18 012 -999 -999 -999 -999 -999 -999
IBTr 09S DEBRA     910302 1200 284S 0378E -99 -99 0984 1010 0130 22 013 -999 -999 -999 -999 -999 -999
IBTr 09S DEBRA     910302 1800 297S 0375E -99 -99 0984 1010 0130 22 013 -999 -999 -999 -999 -999 -999
IBTr 09S DEBRA     910303 0000 312S 0374E -99 -99 0984 1010 0130 22 013 -999 -999 -999 -999 -999 -999
IBTr 09S DEBRA     910303 0600 332S 0377E -99 -99 0984 1010 0130 22 013 -999 -999 -999 -999 -999 -999
IBTr 09S DEBRA     910303 1200 356S 0387E -99 -99 0000 1010 0000 -9 000 -999 -999 -999 -999 -999 -999
IBTr 09S DEBRA     910303 1800 383S 0404E -99 -99 0000 1010 0000 -9 000 -999 -999 -999 -999 -999 -999
IBTr 09S DEBRA     910304 0000 408S 0432E -99 -99 0000 1010 0000 -9 000 -999 -999 -999 -999 -999 -999
IBTr 09S DEBRA     910304 0600 429S 0469E -99 -99 -999 1010 0000 -9 000 -999 -999 -999 -999 -999 -999
