IBTr 14S MARIAN    910408 1800 103S 1317E -99 -99 -999 1010 0000 -9 000 -999 -999 -999 -999 -999 -999
IBTr 14S MARIAN    910409 0000 96S  1310E -99 -99 1004 1010 0090 12 009 -999 -999 -999 -999 -999 -999
IBTr 14S MARIAN    910409 0600 94S  1303E -99 -99 1004 1010 0090 12 009 -999 -999 -999 -999 -999 -999
IBTr 14S MARIAN    910409 1200 93S  1296E -99 -99 1004 1010 0090 12 009 -999 -999 -999 -999 -999 -999
IBTr 14S MARIAN    910409 1800 92S  1288E -99 -99 1002 1010 0090 13 009 -999 -999 -999 -999 -999 -999
IBTr 14S MARIAN    910410 0000 93S  1282E -99 -99 1000 1010 0090 15 009 -999 -999 -999 -999 -999 -999
IBTr 14S MARIAN    910410 0600 95S  1275E -99 -99 0998 1010 0100 18 010 -999 -999 -999 -999 -999 -999
IBTr 14S MARIAN    910410 1200 97S  1268E -99 -99 0996 1010 0100 19 010 -999 -999 -999 -999 -999 -999
IBTr 14S MARIAN    910410 1800 101S 1261E -99 -99 0991 1010 0110 23 011 -999 -999 -999 -999 -999 -999
IBTr 14S MARIAN    910411 0000 104S 1255E -99 -99 0985 1010 0120 27 012 -999 -999 -999 -999 -999 -999
IBTr 14S MARIAN    910411 0600 108S 1248E -99 -99 0978 1010 0120 32 012 -999 -999 -999 -999 -999 -999
IBTr 14S MARIAN    910411 1200 111S 1242E -99 -99 0970 1010 0130 38 013 -999 -999 -999 -999 -999 -999
IBTr 14S MARIAN    910411 1800 114S 1236E -99 -99 0962 1010 0130 42 013 -999 -999 -999 -999 -999 -999
IBTr 14S MARIAN    910412 0000 117S 1229E -99 -99 0955 1010 0130 45 013 -999 -999 -999 -999 -999 -999
IBTr 14S MARIAN    910412 0600 122S 1220E -99 -99 0950 1010 0130 48 013 -999 -999 -999 -999 -999 -999
IBTr 14S MARIAN    910412 1200 126S 1212E -99 -99 0945 1010 0130 50 013 -999 -999 -999 -999 -999 -999
IBTr 14S MARIAN    910412 1800 130S 1205E -99 -99 0935 1010 0120 56 012 -999 -999 -999 -999 -999 -999
IBTr 14S MARIAN    910413 0000 134S 1202E -99 -99 0930 1010 0110 58 011 -999 -999 -999 -999 -999 -999
IBTr 14S MARIAN    910413 0600 137S 1200E -99 -99 0935 1010 0120 56 012 -999 -999 -999 -999 -999 -999
IBTr 14S MARIAN    910413 1200 140S 1199E -99 -99 0935 1010 0120 56 012 -999 -999 -999 -999 -999 -999
IBTr 14S MARIAN    910413 1800 140S 1197E -99 -99 0940 1010 0120 52 012 -999 -999 -999 -999 -999 -999
IBTr 14S MARIAN    910414 0000 138S 1195E -99 -99 0940 1010 0120 52 012 -999 -999 -999 -999 -999 -999
IBTr 14S MARIAN    910414 0600 137S 1196E -99 -99 0945 1010 0130 50 013 -999 -999 -999 -999 -999 -999
IBTr 14S MARIAN    910414 1200 136S 1199E -99 -99 0945 1010 0130 50 013 -999 -999 -999 -999 -999 -999
IBTr 14S MARIAN    910414 1800 136S 1201E -99 -99 0950 1010 0130 48 013 -999 -999 -999 -999 -999 -999
IBTr 14S MARIAN    910415 0000 138S 1203E -99 -99 0955 1010 0130 45 013 -999 -999 -999 -999 -999 -999
IBTr 14S MARIAN    910415 0600 140S 1197E -99 -99 0962 1010 0130 42 013 -999 -999 -999 -999 -999 -999
IBTr 14S MARIAN    910415 1200 138S 1197E -99 -99 0970 1010 0130 38 013 -999 -999 -999 -999 -999 -999
IBTr 14S MARIAN    910415 1800 138S 1187E -99 -99 0980 1010 0120 30 012 -999 -999 -999 -999 -999 -999
IBTr 14S MARIAN    910416 0000 141S 1178E -99 -99 0990 1010 0110 24 011 -999 -999 -999 -999 -999 -999
IBTr 14S MARIAN    910416 0600 144S 1169E -99 -99 0995 1010 0100 20 010 -999 -999 -999 -999 -999 -999
IBTr 14S MARIAN    910416 1200 146S 1160E -99 -99 0995 1010 0100 20 010 -999 -999 -999 -999 -999 -999
IBTr 14S MARIAN    910416 1800 146S 1150E -99 -99 0995 1010 0100 20 010 -999 -999 -999 -999 -999 -999
IBTr 14S MARIAN    910417 0000 149S 1144E -99 -99 0995 1010 0100 20 010 -999 -999 -999 -999 -999 -999
IBTr 14S MARIAN    910417 0600 153S 1138E -99 -99 0995 1010 0100 20 010 -999 -999 -999 -999 -999 -999
IBTr 14S MARIAN    910417 1200 158S 1131E -99 -99 0997 1010 0100 18 010 -999 -999 -999 -999 -999 -999
IBTr 14S MARIAN    910417 1800 164S 1124E -99 -99 0998 1010 0100 18 010 -999 -999 -999 -999 -999 -999
IBTr 14S MARIAN    910418 0000 170S 1118E -99 -99 0998 1010 0100 18 010 -999 -999 -999 -999 -999 -999
IBTr 14S MARIAN    910418 0600 180S 1111E -99 -99 0998 1010 0100 18 010 -999 -999 -999 -999 -999 -999
IBTr 14S MARIAN    910418 1200 192S 1105E -99 -99 0998 1010 0100 18 010 -999 -999 -999 -999 -999 -999
IBTr 14S MARIAN    910418 1800 205S 1096E -99 -99 1000 1010 0100 15 010 -999 -999 -999 -999 -999 -999
IBTr 14S MARIAN    910419 0000 218S 1092E -99 -99 1002 1010 0100 13 010 -999 -999 -999 -999 -999 -999
