IBTr 13S G19091    910330 0600 178S 0523E -99 -99 1005 1010 0090 10 009 -999 -999 -999 -999 -999 -999
IBTr 13S G19091    910330 1200 176S 0521E -99 -99 1005 1010 0090 10 009 -999 -999 -999 -999 -999 -999
IBTr 13S G19091    910330 1800 175S 0519E -99 -99 1005 1010 0090 10 009 -999 -999 -999 -999 -999 -999
IBTr 13S G19091    910331 0000 174S 0516E -99 -99 1005 1010 0090 10 009 -999 -999 -999 -999 -999 -999
IBTr 13S G19091    910331 0600 173S 0513E -99 -99 1005 1010 0090 10 009 -999 -999 -999 -999 -999 -999
IBTr 13S G19091    910331 1200 172S 0511E -99 -99 1003 1010 0090 10 009 -999 -999 -999 -999 -999 -999
IBTr 13S G19091    910331 1800 173S 0509E -99 -99 1003 1010 0090 10 009 -999 -999 -999 -999 -999 -999
IBTr 13S G19091    910401 0000 175S 0509E -99 -99 1003 1010 0090 10 009 -999 -999 -999 -999 -999 -999
IBTr 13S G19091    910401 0600 176S 0511E -99 -99 1003 1010 0090 10 009 -999 -999 -999 -999 -999 -999
IBTr 13S G19091    910401 1200 178S 0513E -99 -99 1002 1010 0100 10 010 -999 -999 -999 -999 -999 -999
IBTr 13S G19091    910401 1800 178S 0510E -99 -99 1000 1010 0100 12 010 -999 -999 -999 -999 -999 -999
IBTr 13S G19091    910402 0000 178S 0504E -99 -99 0998 1010 0100 14 010 -999 -999 -999 -999 -999 -999
IBTr 13S G19091    910402 0600 177S 0498E -99 -99 0998 1010 0100 14 010 -999 -999 -999 -999 -999 -999
IBTr 13S G19091    910402 1200 177S 0493E -99 -99 1002 1010 0100 12 010 -999 -999 -999 -999 -999 -999
IBTr 13S G19091    910402 1800 178S 0488E -99 -99 0000 1010 0000 -9 000 -999 -999 -999 -999 -999 -999
IBTr 13S G19091    910403 0000 179S 0484E -99 -99 0000 1010 0000 -9 000 -999 -999 -999 -999 -999 -999
IBTr 13S G19091    910403 0600 180S 0479E -99 -99 0000 1010 0000 -9 000 -999 -999 -999 -999 -999 -999
