IBTr 16W NOTNAMED  910811 0600 190N 1620E -99 -99 -999 1010 0000 10 000 -999 -999 -999 -999 -999 -999
IBTr 16W NOTNAMED  910811 1200 198N 1608E -99 -99 -999 1010 0000 10 000 -999 -999 -999 -999 -999 -999
IBTr 16W NOTNAMED  910811 1800 205N 1595E -99 -99 -999 1010 0000 10 000 -999 -999 -999 -999 -999 -999
IBTr 16W NOTNAMED  910812 0000 212N 1583E -99 -99 -999 1010 0000 10 000 -999 -999 -999 -999 -999 -999
IBTr 16W NOTNAMED  910812 0600 220N 1571E -99 -99 -999 1010 0000 12 000 -999 -999 -999 -999 -999 -999
IBTr 16W NOTNAMED  910812 1200 229N 1558E -99 -99 -999 1010 0000 12 000 -999 -999 -999 -999 -999 -999
IBTr 16W NOTNAMED  910812 1800 241N 1543E -99 -99 -999 1010 0000 12 000 -999 -999 -999 -999 -999 -999
IBTr 16W NOTNAMED  910813 0000 255N 1527E -99 -99 -999 1010 0000 12 000 -999 -999 -999 -999 -999 -999
IBTr 16W NOTNAMED  910813 0600 272N 1508E -99 -99 -999 1010 0000 12 000 -999 -999 -999 -999 -999 -999
IBTr 16W NOTNAMED  910813 1200 285N 1483E -99 -99 -999 1010 0000 12 000 -999 -999 -999 -999 -999 -999
IBTr 16W NOTNAMED  910813 1800 292N 1456E -99 -99 -999 1010 0000 12 000 -999 -999 -999 -999 -999 -999
