IBTr 11S FATIMA    910320 1800 60S  0921E -99 -99 -999 1010 0000 -9 000 -999 -999 -999 -999 -999 -999
IBTr 11S FATIMA    910321 0000 58S  0916E -99 -99 -999 1010 0000 -9 000 -999 -999 -999 -999 -999 -999
IBTr 11S FATIMA    910321 0600 58S  0912E -99 -99 -999 1010 0000 -9 000 -999 -999 -999 -999 -999 -999
IBTr 11S FATIMA    910321 1200 58S  0907E -99 -99 -999 1010 0000 -9 000 -999 -999 -999 -999 -999 -999
IBTr 11S FATIMA    910321 1800 58S  0903E -99 -99 -999 1010 0000 -9 000 -999 -999 -999 -999 -999 -999
IBTr 11S FATIMA    910322 0000 60S  0897E -99 -99 -999 1010 0000 -9 000 -999 -999 -999 -999 -999 -999
IBTr 11S FATIMA    910322 0600 62S  0892E -99 -99 -999 1010 0000 -9 000 -999 -999 -999 -999 -999 -999
IBTr 11S FATIMA    910322 1200 66S  0886E -99 -99 -999 1010 0000 -9 000 -999 -999 -999 -999 -999 -999
IBTr 11S FATIMA    910322 1800 70S  0880E -99 -99 -999 1010 0000 -9 000 -999 -999 -999 -999 -999 -999
IBTr 11S FATIMA    910323 0000 75S  0876E -99 -99 -999 1010 0000 -9 000 -999 -999 -999 -999 -999 -999
IBTr 11S FATIMA    910323 0600 79S  0871E -99 -99 -999 1010 0000 -9 000 -999 -999 -999 -999 -999 -999
IBTr 11S FATIMA    910323 1200 82S  0865E -99 -99 -999 1010 0000 -9 000 -999 -999 -999 -999 -999 -999
IBTr 11S FATIMA    910323 1800 85S  0860E -99 -99 -999 1010 0000 -9 000 -999 -999 -999 -999 -999 -999
IBTr 11S FATIMA    910324 0000 87S  0855E -99 -99 -999 1010 0000 -9 000 -999 -999 -999 -999 -999 -999
IBTr 11S FATIMA    910324 0600 90S  0850E -99 -99 -999 1010 0000 -9 000 -999 -999 -999 -999 -999 -999
IBTr 11S FATIMA    910324 1200 93S  0845E -99 -99 -999 1010 0000 -9 000 -999 -999 -999 -999 -999 -999
IBTr 11S FATIMA    910324 1800 95S  0841E -99 -99 -999 1010 0000 -9 000 -999 -999 -999 -999 -999 -999
IBTr 11S FATIMA    910325 0000 98S  0836E -99 -99 -999 1010 0000 -9 000 -999 -999 -999 -999 -999 -999
IBTr 11S FATIMA    910325 0600 101S 0830E -99 -99 -999 1010 0000 -9 000 -999 -999 -999 -999 -999 -999
IBTr 11S FATIMA    910325 1200 104S 0825E -99 -99 -999 1010 0000 -9 000 -999 -999 -999 -999 -999 -999
IBTr 11S FATIMA    910325 1800 108S 0820E -99 -99 -999 1010 0000 -9 000 -999 -999 -999 -999 -999 -999
IBTr 11S FATIMA    910326 0000 111S 0816E -99 -99 -999 1010 0000 -9 000 -999 -999 -999 -999 -999 -999
IBTr 11S FATIMA    910326 0600 115S 0811E -99 -99 -999 1010 0000 -9 000 -999 -999 -999 -999 -999 -999
IBTr 11S FATIMA    910326 1200 119S 0807E -99 -99 -999 1010 0000 -9 000 -999 -999 -999 -999 -999 -999
IBTr 11S FATIMA    910326 1800 125S 0804E -99 -99 -999 1010 0000 -9 000 -999 -999 -999 -999 -999 -999
IBTr 11S FATIMA    910327 0000 131S 0802E -99 -99 -999 1010 0000 -9 000 -999 -999 -999 -999 -999 -999
IBTr 11S FATIMA    910327 0600 138S 0803E -99 -99 -999 1010 0000 -9 000 -999 -999 -999 -999 -999 -999
IBTr 11S FATIMA    910327 1200 143S 0805E -99 -99 -999 1010 0000 -9 000 -999 -999 -999 -999 -999 -999
IBTr 11S FATIMA    910327 1800 148S 0807E -99 -99 -999 1010 0000 -9 000 -999 -999 -999 -999 -999 -999
IBTr 11S FATIMA    910328 0000 152S 0810E -99 -99 -999 1010 0000 -9 000 -999 -999 -999 -999 -999 -999
IBTr 11S FATIMA    910328 0600 157S 0814E -99 -99 -999 1010 0000 -9 000 -999 -999 -999 -999 -999 -999
IBTr 11S FATIMA    910328 1200 163S 0817E -99 -99 -999 1010 0000 -9 000 -999 -999 -999 -999 -999 -999
IBTr 11S FATIMA    910328 1800 169S 0819E -99 -99 -999 1010 0000 -9 000 -999 -999 -999 -999 -999 -999
IBTr 11S FATIMA    910329 0000 175S 0820E -99 -99 -999 1010 0000 -9 000 -999 -999 -999 -999 -999 -999
IBTr 11S FATIMA    910329 0600 179S 0816E -99 -99 -999 1010 0000 -9 000 -999 -999 -999 -999 -999 -999
IBTr 11S FATIMA    910329 1200 183S 0812E -99 -99 -999 1010 0000 -9 000 -999 -999 -999 -999 -999 -999
IBTr 11S FATIMA    910329 1800 186S 0807E -99 -99 -999 1010 0000 -9 000 -999 -999 -999 -999 -999 -999
IBTr 11S FATIMA    910330 0000 188S 0802E -99 -99 -999 1010 0000 -9 000 -999 -999 -999 -999 -999 -999
IBTr 11S FATIMA    910330 0600 191S 0799E -99 -99 -999 1010 0000 -9 000 -999 -999 -999 -999 -999 -999
IBTr 11S FATIMA    910330 1200 196S 0797E -99 -99 0954 1010 0130 37 013 -999 -999 -999 -999 -999 -999
IBTr 11S FATIMA    910330 1800 202S 0795E -99 -99 0954 1010 0140 37 014 -999 -999 -999 -999 -999 -999
IBTr 11S FATIMA    910331 0000 211S 0795E -99 -99 0954 1010 0140 37 014 -999 -999 -999 -999 -999 -999
IBTr 11S FATIMA    910331 0600 223S 0798E -99 -99 0966 1010 0140 31 014 -999 -999 -999 -999 -999 -999
IBTr 11S FATIMA    910331 1200 236S 0804E -99 -99 -999 1010 0000 -9 000 -999 -999 -999 -999 -999 -999
IBTr 11S FATIMA    910331 1800 249S 0812E -99 -99 -999 1010 0000 -9 000 -999 -999 -999 -999 -999 -999
IBTr 11S FATIMA    910401 0000 265S 0823E -99 -99 -999 1010 0000 -9 000 -999 -999 -999 -999 -999 -999
IBTr 11S FATIMA    910401 0600 286S 0838E -99 -99 -999 1010 0000 -9 000 -999 -999 -999 -999 -999 -999
IBTr 11S FATIMA    910401 1200 308S 0864E -99 -99 -999 1010 0000 -9 000 -999 -999 -999 -999 -999 -999
IBTr 11S FATIMA    910401 1800 330S 0898E -99 -99 -999 1010 0000 -9 000 -999 -999 -999 -999 -999 -999
IBTr 11S FATIMA    910402 0000 351S 0951E -99 -99 -999 1010 0000 -9 000 -999 -999 -999 -999 -999 -999
