IBTr 19W HARRY     910827 0000 197N 1327E -99 -99 -999 1010 0000 07 000 -999 -999 -999 -999 -999 -999
IBTr 19W HARRY     910827 0600 203N 1337E -99 -99 -999 1010 0000 10 000 -999 -999 -999 -999 -999 -999
IBTr 19W HARRY     910827 1200 211N 1343E -99 -99 -999 1010 0000 10 000 -999 -999 -999 -999 -999 -999
IBTr 19W HARRY     910827 1800 218N 1346E -99 -99 -999 1010 0000 10 000 -999 -999 -999 -999 -999 -999
IBTr 19W HARRY     910828 0000 227N 1346E -99 -99 -999 1010 0000 10 000 -999 -999 -999 -999 -999 -999
IBTr 19W HARRY     910828 0600 232N 1342E -99 -99 -999 1010 0000 10 000 -999 -999 -999 -999 -999 -999
IBTr 19W HARRY     910828 1200 237N 1339E -99 -99 -999 1010 0000 12 000 -999 -999 -999 -999 -999 -999
IBTr 19W HARRY     910828 1800 241N 1334E -99 -99 1000 1010 0100 12 010 -999 -999 -999 -999 -999 -999
IBTr 19W HARRY     910829 0000 249N 1332E -99 -99 1000 1010 0100 12 010 -999 -999 -999 -999 -999 -999
IBTr 19W HARRY     910829 0600 259N 1332E -99 -99 0998 1010 0100 12 010 -999 -999 -999 -999 -999 -999
IBTr 19W HARRY     910829 1200 269N 1333E -99 -99 0998 1010 0110 12 011 -999 -999 -999 -999 -999 -999
IBTr 19W HARRY     910829 1800 282N 1338E -99 -99 0996 1010 0110 15 011 -999 -999 -999 -999 -999 -999
IBTr 19W HARRY     910830 0000 295N 1344E -99 -99 0994 1010 0110 18 011 -999 -999 -999 -999 -999 -999
IBTr 19W HARRY     910830 0300 302N 1347E -99 -99 0994 1010 0110 18 011 -999 -999 -999 -999 -999 -999
IBTr 19W HARRY     910830 0600 311N 1353E -99 -99 0994 1010 0110 18 011 -999 -999 -999 -999 -999 -999
IBTr 19W HARRY     910830 0900 319N 1357E -99 -99 0994 1010 0110 18 011 -999 -999 -999 -999 -999 -999
IBTr 19W HARRY     910830 1200 327N 1365E -99 -99 0992 1010 0120 20 012 -999 -999 -999 -999 -999 -999
IBTr 19W HARRY     910830 1500 336N 1370E -99 -99 0992 1010 0120 20 012 -999 -999 -999 -999 -999 -999
IBTr 19W HARRY     910830 1700 344N 1377E -99 -99 0992 1010 0120 20 012 -999 -999 -999 -999 -999 -999
IBTr 19W HARRY     910830 1800 347N 1380E -99 -99 0992 1010 0120 20 012 -999 -999 -999 -999 -999 -999
IBTr 19W HARRY     910830 2100 352N 1386E -99 -99 0994 1010 0110 18 011 -999 -999 -999 -999 -999 -999
IBTr 19W HARRY     910831 0000 361N 1397E -99 -99 0994 1010 0120 18 012 -999 -999 -999 -999 -999 -999
IBTr 19W HARRY     910831 0300 371N 1408E -99 -99 0994 1010 0120 18 012 -999 -999 -999 -999 -999 -999
IBTr 19W HARRY     910831 0600 383N 1422E -99 -99 0994 1010 0120 18 012 -999 -999 -999 -999 -999 -999
IBTr 19W HARRY     910831 0900 394N 1433E -99 -99 0994 1010 0120 18 012 -999 -999 -999 -999 -999 -999
IBTr 19W HARRY     910831 1200 409N 1451E -99 -99 0994 1010 0120 20 012 -999 -999 -999 -999 -999 -999
IBTr 19W HARRY     910831 1800 430N 1490E -99 -99 0994 1010 0120 -9 012 -999 -999 -999 -999 -999 -999
IBTr 19W HARRY     910901 0000 440N 1550E -99 -99 0994 1010 0120 -9 012 -999 -999 -999 -999 -999 -999
IBTr 19W HARRY     910901 0600 450N 1590E -99 -99 0994 1010 0120 -9 012 -999 -999 -999 -999 -999 -999
IBTr 19W HARRY     910901 1200 460N 1630E -99 -99 0992 1010 0120 -9 012 -999 -999 -999 -999 -999 -999
IBTr 19W HARRY     910901 1800 470N 1670E -99 -99 0990 1010 0130 -9 013 -999 -999 -999 -999 -999 -999
IBTr 19W HARRY     910902 0000 470N 1720E -99 -99 0986 1010 0130 -9 013 -999 -999 -999 -999 -999 -999
IBTr 19W HARRY     910902 0600 470N 1770E -99 -99 0984 1010 0130 -9 013 -999 -999 -999 -999 -999 -999
