IBTr 13E KEVIN     910925 0000 122N 0962W -99 -99 1008 1010 0080 12 008 -999 -999 -999 -999 -999 -999
IBTr 13E KEVIN     910925 0600 123N 0970W -99 -99 1007 1010 0090 15 009 -999 -999 -999 -999 -999 -999
IBTr 13E KEVIN     910925 1200 123N 0977W -99 -99 1006 1010 0090 15 009 -999 -999 -999 -999 -999 -999
IBTr 13E KEVIN     910925 1800 124N 0983W -99 -99 1005 1010 0090 18 009 -999 -999 -999 -999 -999 -999
IBTr 13E KEVIN     910926 0000 127N 0987W -99 -99 1001 1010 0090 23 009 -999 -999 -999 -999 -999 -999
IBTr 13E KEVIN     910926 0600 130N 0992W -99 -99 0996 1010 0100 25 010 -999 -999 -999 -999 -999 -999
IBTr 13E KEVIN     910926 1200 133N 0999W -99 -99 0991 1010 0110 30 011 -999 -999 -999 -999 -999 -999
IBTr 13E KEVIN     910926 1800 135N 1006W -99 -99 0985 1010 0120 36 012 -999 -999 -999 -999 -999 -999
IBTr 13E KEVIN     910927 0000 135N 1012W -99 -99 0975 1010 0130 41 013 -999 -999 -999 -999 -999 -999
IBTr 13E KEVIN     910927 0600 137N 1017W -99 -99 0968 1010 0130 46 013 -999 -999 -999 -999 -999 -999
IBTr 13E KEVIN     910927 1200 139N 1021W -99 -99 0965 1010 0130 48 013 -999 -999 -999 -999 -999 -999
IBTr 13E KEVIN     910927 1800 143N 1026W -99 -99 0968 1010 0130 46 013 -999 -999 -999 -999 -999 -999
IBTr 13E KEVIN     910928 0000 147N 1032W -99 -99 0969 1010 0130 46 013 -999 -999 -999 -999 -999 -999
IBTr 13E KEVIN     910928 0600 149N 1038W -99 -99 0970 1010 0130 46 013 -999 -999 -999 -999 -999 -999
IBTr 13E KEVIN     910928 1200 150N 1043W -99 -99 0969 1010 0130 46 013 -999 -999 -999 -999 -999 -999
IBTr 13E KEVIN     910928 1800 152N 1045W -99 -99 0963 1010 0130 48 013 -999 -999 -999 -999 -999 -999
IBTr 13E KEVIN     910929 0000 155N 1049W -99 -99 0960 1010 0130 51 013 -999 -999 -999 -999 -999 -999
IBTr 13E KEVIN     910929 0600 159N 1054W -99 -99 0957 1010 0130 54 013 -999 -999 -999 -999 -999 -999
IBTr 13E KEVIN     910929 1200 162N 1060W -99 -99 0951 1010 0130 56 013 -999 -999 -999 -999 -999 -999
IBTr 13E KEVIN     910929 1800 165N 1067W -99 -99 0948 1010 0130 59 013 -999 -999 -999 -999 -999 -999
IBTr 13E KEVIN     910930 0000 168N 1076W -99 -99 0947 1010 0130 59 013 -999 -999 -999 -999 -999 -999
IBTr 13E KEVIN     910930 0600 170N 1085W -99 -99 0946 1010 0130 59 013 -999 -999 -999 -999 -999 -999
IBTr 13E KEVIN     910930 1200 173N 1096W -99 -99 0943 1010 0130 61 013 -999 -999 -999 -999 -999 -999
IBTr 13E KEVIN     910930 1800 175N 1108W -99 -99 0938 1010 0120 61 012 -999 -999 -999 -999 -999 -999
IBTr 13E KEVIN     911001 0000 176N 1120W -99 -99 0935 1010 0120 64 012 -999 -999 -999 -999 -999 -999
IBTr 13E KEVIN     911001 0600 178N 1131W -99 -99 0937 1010 0120 61 012 -999 -999 -999 -999 -999 -999
IBTr 13E KEVIN     911001 1200 179N 1142W -99 -99 0942 1010 0130 61 013 -999 -999 -999 -999 -999 -999
IBTr 13E KEVIN     911001 1800 180N 1152W -99 -99 0946 1010 0130 59 013 -999 -999 -999 -999 -999 -999
IBTr 13E KEVIN     911002 0000 181N 1163W -99 -99 0947 1010 0130 59 013 -999 -999 -999 -999 -999 -999
IBTr 13E KEVIN     911002 0600 180N 1173W -99 -99 0948 1010 0130 59 013 -999 -999 -999 -999 -999 -999
IBTr 13E KEVIN     911002 1200 177N 1183W -99 -99 0949 1010 0130 59 013 -999 -999 -999 -999 -999 -999
IBTr 13E KEVIN     911002 1800 172N 1192W -99 -99 0951 1010 0130 56 013 -999 -999 -999 -999 -999 -999
IBTr 13E KEVIN     911003 0000 166N 1201W -99 -99 0955 1010 0130 54 013 -999 -999 -999 -999 -999 -999
IBTr 13E KEVIN     911003 0600 161N 1210W -99 -99 0957 1010 0130 54 013 -999 -999 -999 -999 -999 -999
IBTr 13E KEVIN     911003 1200 156N 1221W -99 -99 0959 1010 0130 51 013 -999 -999 -999 -999 -999 -999
IBTr 13E KEVIN     911003 1800 152N 1232W -99 -99 0960 1010 0130 51 013 -999 -999 -999 -999 -999 -999
IBTr 13E KEVIN     911004 0000 149N 1243W -99 -99 0962 1010 0130 48 013 -999 -999 -999 -999 -999 -999
IBTr 13E KEVIN     911004 0600 147N 1254W -99 -99 0967 1010 0130 46 013 -999 -999 -999 -999 -999 -999
IBTr 13E KEVIN     911004 1200 146N 1266W -99 -99 0969 1010 0130 46 013 -999 -999 -999 -999 -999 -999
IBTr 13E KEVIN     911004 1800 147N 1278W -99 -99 0970 1010 0130 46 013 -999 -999 -999 -999 -999 -999
IBTr 13E KEVIN     911005 0000 148N 1289W -99 -99 0971 1010 0130 43 013 -999 -999 -999 -999 -999 -999
IBTr 13E KEVIN     911005 0600 149N 1299W -99 -99 0974 1010 0130 41 013 -999 -999 -999 -999 -999 -999
IBTr 13E KEVIN     911005 1200 151N 1309W -99 -99 0976 1010 0130 41 013 -999 -999 -999 -999 -999 -999
IBTr 13E KEVIN     911005 1800 153N 1318W -99 -99 0978 1010 0130 41 013 -999 -999 -999 -999 -999 -999
IBTr 13E KEVIN     911006 0000 155N 1325W -99 -99 0979 1010 0120 38 012 -999 -999 -999 -999 -999 -999
IBTr 13E KEVIN     911006 0600 157N 1331W -99 -99 0977 1010 0130 41 013 -999 -999 -999 -999 -999 -999
IBTr 13E KEVIN     911006 1200 160N 1335W -99 -99 0972 1010 0130 43 013 -999 -999 -999 -999 -999 -999
IBTr 13E KEVIN     911006 1800 163N 1338W -99 -99 0969 1010 0130 46 013 -999 -999 -999 -999 -999 -999
IBTr 13E KEVIN     911007 0000 166N 1341W -99 -99 0965 1010 0130 48 013 -999 -999 -999 -999 -999 -999
IBTr 13E KEVIN     911007 0600 170N 1345W -99 -99 0962 1010 0130 48 013 -999 -999 -999 -999 -999 -999
IBTr 13E KEVIN     911007 1200 174N 1349W -99 -99 0960 1010 0130 51 013 -999 -999 -999 -999 -999 -999
IBTr 13E KEVIN     911007 1800 178N 1354W -99 -99 0960 1010 0130 51 013 -999 -999 -999 -999 -999 -999
IBTr 13E KEVIN     911008 0000 181N 1359W -99 -99 0960 1010 0130 51 013 -999 -999 -999 -999 -999 -999
IBTr 13E KEVIN     911008 0600 185N 1365W -99 -99 0963 1010 0130 48 013 -999 -999 -999 -999 -999 -999
IBTr 13E KEVIN     911008 1200 189N 1373W -99 -99 0966 1010 0130 46 013 -999 -999 -999 -999 -999 -999
IBTr 13E KEVIN     911008 1800 194N 1381W -99 -99 0970 1010 0130 43 013 -999 -999 -999 -999 -999 -999
IBTr 13E KEVIN     911009 0000 199N 1390W -99 -99 0975 1010 0130 41 013 -999 -999 -999 -999 -999 -999
IBTr 13E KEVIN     911009 0600 204N 1400W -99 -99 0980 1010 0130 38 013 -999 -999 -999 -999 -999 -999
IBTr 13E KEVIN     911009 1200 210N 1410W -99 -99 0984 1010 0120 33 012 -999 -999 -999 -999 -999 -999
IBTr 13E KEVIN     911009 1800 217N 1418W -99 -99 0988 1010 0120 30 012 -999 -999 -999 -999 -999 -999
IBTr 13E KEVIN     911010 0000 227N 1427W -99 -99 0992 1010 0110 25 011 -999 -999 -999 -999 -999 -999
IBTr 13E KEVIN     911010 0600 231N 1430W -99 -99 0996 1010 0110 23 011 -999 -999 -999 -999 -999 -999
IBTr 13E KEVIN     911010 1200 238N 1436W -99 -99 0999 1010 0100 23 010 -999 -999 -999 -999 -999 -999
IBTr 13E KEVIN     911010 1800 243N 1441W -99 -99 1001 1010 0100 23 010 -999 -999 -999 -999 -999 -999
IBTr 13E KEVIN     911011 0000 245N 1444W -99 -99 1003 1010 0100 18 010 -999 -999 -999 -999 -999 -999
IBTr 13E KEVIN     911011 0600 247N 1446W -99 -99 1005 1010 0090 15 009 -999 -999 -999 -999 -999 -999
IBTr 13E KEVIN     911011 1200 248N 1450W -99 -99 1007 1010 0090 15 009 -999 -999 -999 -999 -999 -999
IBTr 13E KEVIN     911011 1800 250N 1455W -99 -99 1008 1010 0090 15 009 -999 -999 -999 -999 -999 -999
IBTr 13E KEVIN     911012 0000 254N 1466W -99 -99 1009 1010 0090 12 009 -999 -999 -999 -999 -999 -999
IBTr 13E KEVIN     911012 0600 255N 1475W -99 -99 1009 1010 0090 12 009 -999 -999 -999 -999 -999 -999
