IBTr 13W DOUG      910807 0600 249N 1648E -99 -99 -999 1010 0000 10 000 -999 -999 -999 -999 -999 -999
IBTr 13W DOUG      910807 1200 251N 1644E -99 -99 -999 1010 0000 10 000 -999 -999 -999 -999 -999 -999
IBTr 13W DOUG      910807 1800 256N 1639E -99 -99 -999 1010 0000 10 000 -999 -999 -999 -999 -999 -999
IBTr 13W DOUG      910808 0000 261N 1630E -99 -99 -999 1010 0000 10 000 -999 -999 -999 -999 -999 -999
IBTr 13W DOUG      910808 0600 264N 1622E -99 -99 -999 1010 0000 10 000 -999 -999 -999 -999 -999 -999
IBTr 13W DOUG      910808 1200 267N 1612E -99 -99 -999 1010 0000 12 000 -999 -999 -999 -999 -999 -999
IBTr 13W DOUG      910808 1800 272N 1603E -99 -99 -999 1010 0000 12 000 -999 -999 -999 -999 -999 -999
IBTr 13W DOUG      910809 0000 280N 1596E -99 -99 -999 1010 0000 15 000 -999 -999 -999 -999 -999 -999
IBTr 13W DOUG      910809 0600 287N 1590E -99 -99 -999 1010 0000 15 000 -999 -999 -999 -999 -999 -999
IBTr 13W DOUG      910809 1200 296N 1583E -99 -99 -999 1010 0000 18 000 -999 -999 -999 -999 -999 -999
IBTr 13W DOUG      910809 1800 306N 1576E -99 -99 -999 1010 0000 18 000 -999 -999 -999 -999 -999 -999
IBTr 13W DOUG      910810 0000 320N 1567E -99 -99 -999 1010 0000 18 000 -999 -999 -999 -999 -999 -999
IBTr 13W DOUG      910810 0600 339N 1563E -99 -99 -999 1010 0000 18 000 -999 -999 -999 -999 -999 -999
IBTr 13W DOUG      910810 1200 357N 1567E -99 -99 -999 1010 0000 15 000 -999 -999 -999 -999 -999 -999
IBTr 13W DOUG      910810 1800 377N 1581E -99 -99 -999 1010 0000 15 000 -999 -999 -999 -999 -999 -999
IBTr 13W DOUG      910811 0000 393N 1596E -99 -99 -999 1010 0000 15 000 -999 -999 -999 -999 -999 -999
