IBTr 11L GRACE     911025 1800 271N 0649W -99 -99 1008 1010 0090 12 009 -999 -999 -999 -999 -999 -999
IBTr 11L GRACE     911026 0000 271N 0652W -99 -99 1007 1010 0090 15 009 -999 -999 -999 -999 -999 -999
IBTr 11L GRACE     911026 0600 272N 0655W -99 -99 1005 1010 0090 18 009 -999 -999 -999 -999 -999 -999
IBTr 11L GRACE     911026 1200 273N 0660W -99 -99 1002 1010 0100 18 010 -999 -999 -999 -999 -999 -999
IBTr 11L GRACE     911026 1800 275N 0665W -99 -99 0997 1010 0110 20 011 -999 -999 -999 -999 -999 -999
IBTr 11L GRACE     911027 0000 281N 0671W -99 -99 0993 1010 0110 23 011 -999 -999 -999 -999 -999 -999
IBTr 11L GRACE     911027 0600 289N 0669W -99 -99 0990 1010 0120 25 012 -999 -999 -999 -999 -999 -999
IBTr 11L GRACE     911027 1200 298N 0664W -99 -99 0988 1010 0120 28 012 -999 -999 -999 -999 -999 -999
IBTr 11L GRACE     911027 1800 308N 0672W -99 -99 0987 1010 0120 30 012 -999 -999 -999 -999 -999 -999
IBTr 11L GRACE     911028 0000 316N 0681W -99 -99 0985 1010 0130 33 013 -999 -999 -999 -999 -999 -999
IBTr 11L GRACE     911028 0600 322N 0685W -99 -99 0983 1010 0130 33 013 -999 -999 -999 -999 -999 -999
IBTr 11L GRACE     911028 1200 323N 0685W -99 -99 0983 1010 0130 33 013 -999 -999 -999 -999 -999 -999
IBTr 11L GRACE     911028 1800 324N 0678W -99 -99 0982 1010 0130 33 013 -999 -999 -999 -999 -999 -999
IBTr 11L GRACE     911029 0000 318N 0668W -99 -99 0980 1010 0130 36 013 -999 -999 -999 -999 -999 -999
IBTr 11L GRACE     911029 0600 316N 0653W -99 -99 0981 1010 0130 38 013 -999 -999 -999 -999 -999 -999
IBTr 11L GRACE     911029 1200 315N 0632W -99 -99 0982 1010 0130 43 013 -999 -999 -999 -999 -999 -999
IBTr 11L GRACE     911029 1400 315N 0618W -99 -99 0982 1010 0130 46 013 -999 -999 -999 -999 -999 -999
IBTr 11L GRACE     911029 1800 325N 0590W -99 -99 0000 1010 0000 38 000 -999 -999 -999 -999 -999 -999
