IBTr 10W BRENDAN   910715 0000 62N  1528E -99 -99 -999 1010 0000 05 000 -999 -999 -999 -999 -999 -999
IBTr 10W BRENDAN   910715 0600 60N  1520E -99 -99 -999 1010 0000 05 000 -999 -999 -999 -999 -999 -999
IBTr 10W BRENDAN   910715 1200 59N  1512E -99 -99 -999 1010 0000 05 000 -999 -999 -999 -999 -999 -999
IBTr 10W BRENDAN   910715 1800 58N  1504E -99 -99 -999 1010 0000 05 000 -999 -999 -999 -999 -999 -999
IBTr 10W BRENDAN   910716 0000 58N  1495E -99 -99 -999 1010 0000 05 000 -999 -999 -999 -999 -999 -999
IBTr 10W BRENDAN   910716 0600 59N  1486E -99 -99 -999 1010 0000 07 000 -999 -999 -999 -999 -999 -999
IBTr 10W BRENDAN   910716 1200 61N  1475E -99 -99 -999 1010 0000 07 000 -999 -999 -999 -999 -999 -999
IBTr 10W BRENDAN   910716 1800 65N  1462E -99 -99 -999 1010 0000 07 000 -999 -999 -999 -999 -999 -999
IBTr 10W BRENDAN   910717 0000 71N  1449E -99 -99 -999 1010 0000 07 000 -999 -999 -999 -999 -999 -999
IBTr 10W BRENDAN   910717 0600 76N  1434E -99 -99 -999 1010 0000 07 000 -999 -999 -999 -999 -999 -999
IBTr 10W BRENDAN   910717 1200 82N  1419E -99 -99 -999 1010 0000 07 000 -999 -999 -999 -999 -999 -999
IBTr 10W BRENDAN   910717 1800 87N  1403E -99 -99 -999 1010 0000 07 000 -999 -999 -999 -999 -999 -999
IBTr 10W BRENDAN   910718 0000 91N  1388E -99 -99 -999 1010 0000 07 000 -999 -999 -999 -999 -999 -999
IBTr 10W BRENDAN   910718 0600 96N  1374E -99 -99 -999 1010 0000 07 000 -999 -999 -999 -999 -999 -999
IBTr 10W BRENDAN   910718 1200 100N 1361E -99 -99 -999 1010 0000 10 000 -999 -999 -999 -999 -999 -999
IBTr 10W BRENDAN   910718 1800 104N 1348E -99 -99 -999 1010 0000 10 000 -999 -999 -999 -999 -999 -999
IBTr 10W BRENDAN   910719 0000 109N 1335E -99 -99 -999 1010 0000 10 000 -999 -999 -999 -999 -999 -999
IBTr 10W BRENDAN   910719 0600 116N 1325E -99 -99 1006 1010 0090 10 009 -999 -999 -999 -999 -999 -999
IBTr 10W BRENDAN   910719 1200 118N 1314E -99 -99 1006 1010 0090 12 009 -999 -999 -999 -999 -999 -999
IBTr 10W BRENDAN   910719 1800 123N 1300E -99 -99 1006 1010 0090 12 009 -999 -999 -999 -999 -999 -999
IBTr 10W BRENDAN   910720 0000 127N 1289E -99 -99 1004 1010 0090 12 009 -999 -999 -999 -999 -999 -999
IBTr 10W BRENDAN   910720 0600 132N 1283E -99 -99 1004 1010 0090 12 009 -999 -999 -999 -999 -999 -999
IBTr 10W BRENDAN   910720 1200 137N 1276E -99 -99 1004 1010 0090 15 009 -999 -999 -999 -999 -999 -999
IBTr 10W BRENDAN   910720 1800 141N 1269E -99 -99 1004 1010 0090 15 009 -999 -999 -999 -999 -999 -999
IBTr 10W BRENDAN   910721 0000 145N 1262E -99 -99 1000 1010 0100 18 010 -999 -999 -999 -999 -999 -999
IBTr 10W BRENDAN   910721 0600 151N 1253E -99 -99 0996 1010 0100 18 010 -999 -999 -999 -999 -999 -999
IBTr 10W BRENDAN   910721 1200 156N 1244E -99 -99 0990 1010 0110 23 011 -999 -999 -999 -999 -999 -999
IBTr 10W BRENDAN   910721 1800 160N 1237E -99 -99 0985 1010 0120 25 012 -999 -999 -999 -999 -999 -999
IBTr 10W BRENDAN   910722 0000 166N 1230E -99 -99 0980 1010 0120 30 012 -999 -999 -999 -999 -999 -999
IBTr 10W BRENDAN   910722 0600 175N 1221E -99 -99 0980 1010 0120 30 012 -999 -999 -999 -999 -999 -999
IBTr 10W BRENDAN   910722 1200 186N 1211E -99 -99 0985 1010 0120 28 012 -999 -999 -999 -999 -999 -999
IBTr 10W BRENDAN   910722 1800 193N 1199E -99 -99 0985 1010 0120 28 012 -999 -999 -999 -999 -999 -999
IBTr 10W BRENDAN   910723 0000 200N 1182E -99 -99 0985 1010 0120 28 012 -999 -999 -999 -999 -999 -999
IBTr 10W BRENDAN   910723 0600 207N 1164E -99 -99 0980 1010 0130 30 013 -999 -999 -999 -999 -999 -999
IBTr 10W BRENDAN   910723 1200 211N 1150E -99 -99 0980 1010 0130 30 013 -999 -999 -999 -999 -999 -999
IBTr 10W BRENDAN   910723 1800 214N 1141E -99 -99 0980 1010 0130 30 013 -999 -999 -999 -999 -999 -999
IBTr 10W BRENDAN   910724 0000 220N 1132E -99 -99 0985 1010 0120 28 012 -999 -999 -999 -999 -999 -999
IBTr 10W BRENDAN   910724 0600 224N 1122E -99 -99 0990 1010 0110 23 011 -999 -999 -999 -999 -999 -999
IBTr 10W BRENDAN   910724 1200 228N 1111E -99 -99 0998 1010 0100 20 010 -999 -999 -999 -999 -999 -999
IBTr 10W BRENDAN   910724 1800 232N 1102E -99 -99 0998 1010 0100 15 010 -999 -999 -999 -999 -999 -999
IBTr 10W BRENDAN   910725 0000 238N 1088E -99 -99 1000 1010 0100 12 010 -999 -999 -999 -999 -999 -999
IBTr 10W BRENDAN   910725 0600 237N 1075E -99 -99 1000 1010 0100 10 010 -999 -999 -999 -999 -999 -999
IBTr 10W BRENDAN   910725 1200 226N 1037E -99 -99 -999 1010 0000 -9 000 -999 -999 -999 -999 -999 -999
