IBTr 12E JIMENA    910920 1800 101N 1001W -99 -99 1009 1010 0080 12 008 -999 -999 -999 -999 -999 -999
IBTr 12E JIMENA    910921 0000 103N 1007W -99 -99 1008 1010 0080 15 008 -999 -999 -999 -999 -999 -999
IBTr 12E JIMENA    910921 0600 107N 1015W -99 -99 1008 1010 0080 15 008 -999 -999 -999 -999 -999 -999
IBTr 12E JIMENA    910921 1200 112N 1023W -99 -99 1007 1010 0080 15 008 -999 -999 -999 -999 -999 -999
IBTr 12E JIMENA    910921 1800 117N 1030W -99 -99 1005 1010 0090 18 009 -999 -999 -999 -999 -999 -999
IBTr 12E JIMENA    910922 0000 123N 1034W -99 -99 1003 1010 0090 20 009 -999 -999 -999 -999 -999 -999
IBTr 12E JIMENA    910922 0600 128N 1039W -99 -99 1000 1010 0100 23 010 -999 -999 -999 -999 -999 -999
IBTr 12E JIMENA    910922 1200 131N 1043W -99 -99 0994 1010 0110 28 011 -999 -999 -999 -999 -999 -999
IBTr 12E JIMENA    910922 1800 134N 1049W -99 -99 0987 1010 0110 33 011 -999 -999 -999 -999 -999 -999
IBTr 12E JIMENA    910923 0000 134N 1057W -99 -99 0975 1010 0130 43 013 -999 -999 -999 -999 -999 -999
IBTr 12E JIMENA    910923 0600 135N 1066W -99 -99 0963 1010 0130 54 013 -999 -999 -999 -999 -999 -999
IBTr 12E JIMENA    910923 1200 135N 1077W -99 -99 0954 1010 0130 56 013 -999 -999 -999 -999 -999 -999
IBTr 12E JIMENA    910923 1800 134N 1089W -99 -99 0949 1010 0130 59 013 -999 -999 -999 -999 -999 -999
IBTr 12E JIMENA    910924 0000 134N 1100W -99 -99 0947 1010 0130 59 013 -999 -999 -999 -999 -999 -999
IBTr 12E JIMENA    910924 0600 134N 1110W -99 -99 0946 1010 0130 59 013 -999 -999 -999 -999 -999 -999
IBTr 12E JIMENA    910924 1200 134N 1121W -99 -99 0945 1010 0130 59 013 -999 -999 -999 -999 -999 -999
IBTr 12E JIMENA    910924 1800 134N 1131W -99 -99 0945 1010 0130 59 013 -999 -999 -999 -999 -999 -999
IBTr 12E JIMENA    910925 0000 133N 1141W -99 -99 0951 1010 0130 56 013 -999 -999 -999 -999 -999 -999
IBTr 12E JIMENA    910925 0600 134N 1151W -99 -99 0950 1010 0130 56 013 -999 -999 -999 -999 -999 -999
IBTr 12E JIMENA    910925 1200 134N 1160W -99 -99 0948 1010 0130 59 013 -999 -999 -999 -999 -999 -999
IBTr 12E JIMENA    910925 1800 135N 1169W -99 -99 0948 1010 0130 59 013 -999 -999 -999 -999 -999 -999
IBTr 12E JIMENA    910926 0000 137N 1177W -99 -99 0950 1010 0130 59 013 -999 -999 -999 -999 -999 -999
IBTr 12E JIMENA    910926 0600 139N 1184W -99 -99 0952 1010 0130 56 013 -999 -999 -999 -999 -999 -999
IBTr 12E JIMENA    910926 1200 142N 1192W -99 -99 0953 1010 0130 56 013 -999 -999 -999 -999 -999 -999
IBTr 12E JIMENA    910926 1800 145N 1199W -99 -99 0955 1010 0130 54 013 -999 -999 -999 -999 -999 -999
IBTr 12E JIMENA    910927 0000 148N 1207W -99 -99 0957 1010 0130 51 013 -999 -999 -999 -999 -999 -999
IBTr 12E JIMENA    910927 0600 152N 1214W -99 -99 0958 1010 0130 51 013 -999 -999 -999 -999 -999 -999
IBTr 12E JIMENA    910927 1200 154N 1220W -99 -99 0960 1010 0130 51 013 -999 -999 -999 -999 -999 -999
IBTr 12E JIMENA    910927 1800 155N 1225W -99 -99 0961 1010 0130 48 013 -999 -999 -999 -999 -999 -999
IBTr 12E JIMENA    910928 0000 155N 1230W -99 -99 0962 1010 0130 48 013 -999 -999 -999 -999 -999 -999
IBTr 12E JIMENA    910928 0600 155N 1235W -99 -99 0963 1010 0130 48 013 -999 -999 -999 -999 -999 -999
IBTr 12E JIMENA    910928 1200 156N 1239W -99 -99 0964 1010 0130 48 013 -999 -999 -999 -999 -999 -999
IBTr 12E JIMENA    910928 1800 157N 1243W -99 -99 0966 1010 0130 48 013 -999 -999 -999 -999 -999 -999
IBTr 12E JIMENA    910929 0000 158N 1245W -99 -99 0967 1010 0130 46 013 -999 -999 -999 -999 -999 -999
IBTr 12E JIMENA    910929 0600 160N 1247W -99 -99 0969 1010 0130 46 013 -999 -999 -999 -999 -999 -999
IBTr 12E JIMENA    910929 1200 163N 1249W -99 -99 0970 1010 0130 46 013 -999 -999 -999 -999 -999 -999
IBTr 12E JIMENA    910929 1800 167N 1251W -99 -99 0972 1010 0130 43 013 -999 -999 -999 -999 -999 -999
IBTr 12E JIMENA    910930 0000 172N 1255W -99 -99 0975 1010 0130 41 013 -999 -999 -999 -999 -999 -999
IBTr 12E JIMENA    910930 0600 177N 1259W -99 -99 0979 1010 0130 36 013 -999 -999 -999 -999 -999 -999
IBTr 12E JIMENA    910930 1200 185N 1265W -99 -99 0988 1010 0120 30 012 -999 -999 -999 -999 -999 -999
IBTr 12E JIMENA    910930 1800 193N 1274W -99 -99 0996 1010 0100 25 010 -999 -999 -999 -999 -999 -999
IBTr 12E JIMENA    911001 0000 200N 1282W -99 -99 1002 1010 0100 18 010 -999 -999 -999 -999 -999 -999
IBTr 12E JIMENA    911001 0600 205N 1291W -99 -99 1006 1010 0090 15 009 -999 -999 -999 -999 -999 -999
IBTr 12E JIMENA    911001 1200 211N 1300W -99 -99 1009 1010 0080 12 008 -999 -999 -999 -999 -999 -999
IBTr 12E JIMENA    911001 1800 217N 1308W -99 -99 1010 1010 0080 12 008 -999 -999 -999 -999 -999 -999
IBTr 12E JIMENA    911002 0000 225N 1315W -99 -99 1011 1011 0080 10 008 -999 -999 -999 -999 -999 -999
