IBTr 10S ELMA      910226 0000 102S 0871E -99 -99 1000 1010 0100 15 010 -999 -999 -999 -999 -999 -999
IBTr 10S ELMA      910226 0600 108S 0876E -99 -99 1000 1010 0100 15 010 -999 -999 -999 -999 -999 -999
IBTr 10S ELMA      910226 1200 113S 0881E -99 -99 1000 1010 0100 15 010 -999 -999 -999 -999 -999 -999
IBTr 10S ELMA      910226 1800 120S 0884E -99 -99 0995 1010 0100 20 010 -999 -999 -999 -999 -999 -999
IBTr 10S ELMA      910227 0000 129S 0886E -99 -99 0990 1010 0110 24 011 -999 -999 -999 -999 -999 -999
IBTr 10S ELMA      910227 0600 138S 0887E -99 -99 0990 1010 0110 24 011 -999 -999 -999 -999 -999 -999
IBTr 10S ELMA      910227 1200 146S 0885E -99 -99 0985 1010 0120 27 012 -999 -999 -999 -999 -999 -999
IBTr 10S ELMA      910227 1800 154S 0883E -99 -99 0980 1010 0120 30 012 -999 -999 -999 -999 -999 -999
IBTr 10S ELMA      910228 0000 161S 0882E -99 -99 0980 1010 0120 30 012 -999 -999 -999 -999 -999 -999
IBTr 10S ELMA      910228 0600 168S 0882E -99 -99 0975 1010 0130 33 013 -999 -999 -999 -999 -999 -999
IBTr 10S ELMA      910228 1200 174S 0884E -99 -99 0970 1010 0130 38 013 -999 -999 -999 -999 -999 -999
IBTr 10S ELMA      910228 1800 181S 0887E -99 -99 0965 1010 0130 41 013 -999 -999 -999 -999 -999 -999
IBTr 10S ELMA      910301 0000 187S 0890E -99 -99 0965 1010 0130 41 013 -999 -999 -999 -999 -999 -999
IBTr 10S ELMA      910301 0600 193S 0891E -99 -99 0970 1010 0130 38 013 -999 -999 -999 -999 -999 -999
IBTr 10S ELMA      910301 1200 200S 0893E -99 -99 0970 1010 0130 38 013 -999 -999 -999 -999 -999 -999
IBTr 10S ELMA      910301 1800 206S 0897E -99 -99 0975 1010 0130 33 013 -999 -999 -999 -999 -999 -999
IBTr 10S ELMA      910302 0000 212S 0901E -99 -99 0975 1010 0130 33 013 -999 -999 -999 -999 -999 -999
IBTr 10S ELMA      910302 0600 217S 0905E -99 -99 0980 1010 0130 30 013 -999 -999 -999 -999 -999 -999
IBTr 10S ELMA      910302 1200 223S 0909E -99 -99 0985 1010 0120 27 012 -999 -999 -999 -999 -999 -999
IBTr 10S ELMA      910302 1800 229S 0914E -99 -99 0990 1010 0120 24 012 -999 -999 -999 -999 -999 -999
IBTr 10S ELMA      910303 0000 235S 0920E -99 -99 0990 1010 0120 24 012 -999 -999 -999 -999 -999 -999
IBTr 10S ELMA      910303 0600 243S 0932E -99 -99 0995 1010 0110 20 011 -999 -999 -999 -999 -999 -999
IBTr 10S ELMA      910303 1200 251S 0941E -99 -99 1000 1010 0100 15 010 -999 -999 -999 -999 -999 -999
IBTr 10S ELMA      910303 1800 260S 0942E -99 -99 1000 1010 0100 15 010 -999 -999 -999 -999 -999 -999
IBTr 10S ELMA      910304 0000 268S 0939E -99 -99 1005 1010 0090 11 009 -999 -999 -999 -999 -999 -999
IBTr 10S ELMA      910304 0600 272S 0934E -99 -99 1005 1010 0090 11 009 -999 -999 -999 -999 -999 -999
IBTr 10S ELMA      910304 1200 268S 0920E -99 -99 1005 1010 0090 11 009 -999 -999 -999 -999 -999 -999
IBTr 10S ELMA      910304 1800 263S 0907E -99 -99 1005 1010 0090 11 009 -999 -999 -999 -999 -999 -999
IBTr 10S ELMA      910305 0000 259S 0893E -99 -99 1005 1010 0090 11 009 -999 -999 -999 -999 -999 -999
IBTr 10S ELMA      910305 0600 258S 0875E -99 -99 -999 1010 0000 -9 000 -999 -999 -999 -999 -999 -999
IBTr 10S ELMA      910305 1200 258S 0857E -99 -99 -999 1010 0000 -9 000 -999 -999 -999 -999 -999 -999
