IBTr 12W BRENDAN1  910725 1200 200N 1050E -99 -99 -999 1010 0000 -9 000 -999 -999 -999 -999 -999 -999
IBTr 12W BRENDAN1  910725 1800 205N 1060E -99 -99 -999 1010 0000 -9 000 -999 -999 -999 -999 -999 -999
IBTr 12W BRENDAN1  910726 0000 203N 1050E -99 -99 -999 1010 0000 -9 000 -999 -999 -999 -999 -999 -999
IBTr 12W BRENDAN1  910726 0600 204N 1072E -99 -99 -999 1010 0000 -9 000 -999 -999 -999 -999 -999 -999
IBTr 12W BRENDAN1  910726 1200 204N 1072E -99 -99 -999 1010 0000 -9 000 -999 -999 -999 -999 -999 -999
IBTr 12W BRENDAN1  910726 1800 208N 1070E -99 -99 -999 1010 0000 -9 000 -999 -999 -999 -999 -999 -999
IBTr 12W BRENDAN1  910727 0000 208N 1070E -99 -99 -999 1010 0000 -9 000 -999 -999 -999 -999 -999 -999
IBTr 12W BRENDAN1  910727 0600 210N 1070E -99 -99 -999 1010 0000 -9 000 -999 -999 -999 -999 -999 -999
IBTr 12W BRENDAN1  910727 1200 210N 1070E -99 -99 -999 1010 0000 -9 000 -999 -999 -999 -999 -999 -999
IBTr 12W BRENDAN1  910727 1800 210N 1070E -99 -99 -999 1010 0000 -9 000 -999 -999 -999 -999 -999 -999
IBTr 12W BRENDAN1  910728 0000 212N 1078E -99 -99 -999 1010 0000 -9 000 -999 -999 -999 -999 -999 -999
IBTr 12W BRENDAN1  910728 0600 215N 1075E -99 -99 -999 1010 0000 -9 000 -999 -999 -999 -999 -999 -999
IBTr 12W BRENDAN1  910728 1200 218N 1075E -99 -99 -999 1010 0000 -9 000 -999 -999 -999 -999 -999 -999
