IBTr 12L UNNAMED   911028 1800 440N 0590W -99 -99 1006 1010 0100 15 010 -999 -999 -999 -999 -999 -999
IBTr 12L UNNAMED   911029 0000 430N 0575W -99 -99 0999 1010 0110 20 011 -999 -999 -999 -999 -999 -999
IBTr 12L UNNAMED   911029 0600 425N 0555W -99 -99 0992 1010 0120 23 012 -999 -999 -999 -999 -999 -999
IBTr 12L UNNAMED   911029 1200 410N 0560W -99 -99 0990 1010 0120 25 012 -999 -999 -999 -999 -999 -999
IBTr 12L UNNAMED   911029 1800 395N 0575W -99 -99 0986 1010 0130 25 013 -999 -999 -999 -999 -999 -999
IBTr 12L UNNAMED   911030 0000 390N 0595W -99 -99 0981 1010 0130 28 013 -999 -999 -999 -999 -999 -999
IBTr 12L UNNAMED   911030 0600 390N 0615W -99 -99 0977 1010 0140 30 014 -999 -999 -999 -999 -999 -999
IBTr 12L UNNAMED   911030 1200 390N 0635W -99 -99 0972 1010 0140 30 014 -999 -999 -999 -999 -999 -999
IBTr 12L UNNAMED   911030 1800 396N 0658W -99 -99 0978 1010 0140 30 014 -999 -999 -999 -999 -999 -999
IBTr 12L UNNAMED   911031 0000 400N 0685W -99 -99 0982 1010 0130 28 013 -999 -999 -999 -999 -999 -999
IBTr 12L UNNAMED   911031 0600 390N 0710W -99 -99 0988 1010 0130 28 013 -999 -999 -999 -999 -999 -999
IBTr 12L UNNAMED   911031 1200 377N 0715W -99 -99 0992 1010 0120 25 012 -999 -999 -999 -999 -999 -999
IBTr 12L UNNAMED   911031 1800 367N 0715W -99 -99 0996 1010 0110 20 011 -999 -999 -999 -999 -999 -999
IBTr 12L UNNAMED   911101 0000 360N 0700W -99 -99 0995 1010 0110 25 011 -999 -999 -999 -999 -999 -999
IBTr 12L UNNAMED   911101 0600 362N 0685W -99 -99 0993 1010 0120 28 012 -999 -999 -999 -999 -999 -999
IBTr 12L UNNAMED   911101 1200 370N 0670W -99 -99 0988 1010 0120 30 012 -999 -999 -999 -999 -999 -999
IBTr 12L UNNAMED   911101 1800 382N 0665W -99 -99 0980 1010 0130 33 013 -999 -999 -999 -999 -999 -999
IBTr 12L UNNAMED   911102 0000 395N 0657W -99 -99 0981 1010 0130 33 013 -999 -999 -999 -999 -999 -999
IBTr 12L UNNAMED   911102 0600 416N 0647W -99 -99 0988 1010 0130 30 013 -999 -999 -999 -999 -999 -999
IBTr 12L UNNAMED   911102 1200 440N 0636W -99 -99 0996 1010 0120 25 012 -999 -999 -999 -999 -999 -999
IBTr 12L UNNAMED   911102 1400 446N 0635W -99 -99 0998 1010 0110 23 011 -999 -999 -999 -999 -999 -999
IBTr 12L UNNAMED   911102 1800 463N 0626W -99 -99 1005 1010 0100 15 010 -999 -999 -999 -999 -999 -999
