IBTr 25W NAT       910914 0000 164N 1301E -99 -99 1004 1010 0090 -9 009 -999 -999 -999 -999 -999 -999
IBTr 25W NAT       910914 0600 169N 1296E -99 -99 1004 1010 0090 -9 009 -999 -999 -999 -999 -999 -999
IBTr 25W NAT       910914 1200 176N 1288E -99 -99 1004 1010 0090 -9 009 -999 -999 -999 -999 -999 -999
IBTr 25W NAT       910914 1800 182N 1277E -99 -99 1004 1010 0090 -9 009 -999 -999 -999 -999 -999 -999
IBTr 25W NAT       910915 0000 188N 1264E -99 -99 1004 1010 0090 12 009 -999 -999 -999 -999 -999 -999
IBTr 25W NAT       910915 0600 195N 1246E -99 -99 1004 1010 0090 12 009 -999 -999 -999 -999 -999 -999
IBTr 25W NAT       910915 1200 200N 1229E -99 -99 1004 1010 0090 12 009 -999 -999 -999 -999 -999 -999
IBTr 25W NAT       910915 1800 203N 1221E -99 -99 1002 1010 0100 15 010 -999 -999 -999 -999 -999 -999
IBTr 25W NAT       910916 0000 202N 1215E -99 -99 1002 1010 0100 12 010 -999 -999 -999 -999 -999 -999
IBTr 25W NAT       910916 0600 203N 1208E -99 -99 0998 1010 0100 18 010 -999 -999 -999 -999 -999 -999
IBTr 25W NAT       910916 1200 204N 1199E -99 -99 0998 1010 0100 18 010 -999 -999 -999 -999 -999 -999
IBTr 25W NAT       910916 1800 205N 1194E -99 -99 0998 1010 0100 18 010 -999 -999 -999 -999 -999 -999
IBTr 25W NAT       910917 0000 204N 1189E -99 -99 0996 1010 0110 20 011 -999 -999 -999 -999 -999 -999
IBTr 25W NAT       910917 0600 202N 1187E -99 -99 0996 1010 0110 20 011 -999 -999 -999 -999 -999 -999
IBTr 25W NAT       910917 1200 200N 1185E -99 -99 0996 1010 0110 20 011 -999 -999 -999 -999 -999 -999
IBTr 25W NAT       910917 1800 198N 1185E -99 -99 0996 1010 0110 20 011 -999 -999 -999 -999 -999 -999
IBTr 25W NAT       910918 0000 197N 1189E -99 -99 0994 1010 0110 20 011 -999 -999 -999 -999 -999 -999
IBTr 25W NAT       910918 0600 195N 1194E -99 -99 0994 1010 0110 20 011 -999 -999 -999 -999 -999 -999
IBTr 25W NAT       910918 1200 196N 1198E -99 -99 0994 1010 0110 20 011 -999 -999 -999 -999 -999 -999
IBTr 25W NAT       910918 1800 198N 1201E -99 -99 0994 1010 0110 20 011 -999 -999 -999 -999 -999 -999
IBTr 25W NAT       910919 0000 200N 1205E -99 -99 0994 1010 0110 20 011 -999 -999 -999 -999 -999 -999
IBTr 25W NAT       910919 0600 204N 1212E -99 -99 0994 1010 0110 20 011 -999 -999 -999 -999 -999 -999
IBTr 25W NAT       910919 1200 206N 1218E -99 -99 0994 1010 0110 20 011 -999 -999 -999 -999 -999 -999
IBTr 25W NAT       910919 1800 209N 1226E -99 -99 0994 1010 0110 20 011 -999 -999 -999 -999 -999 -999
IBTr 25W NAT       910920 0000 212N 1235E -99 -99 0994 1010 0110 20 011 -999 -999 -999 -999 -999 -999
IBTr 25W NAT       910920 0600 213N 1241E -99 -99 0992 1010 0110 23 011 -999 -999 -999 -999 -999 -999
IBTr 25W NAT       910920 1200 213N 1249E -99 -99 0990 1010 0110 23 011 -999 -999 -999 -999 -999 -999
IBTr 25W NAT       910920 1800 214N 1252E -99 -99 0990 1010 0110 23 011 -999 -999 -999 -999 -999 -999
IBTr 25W NAT       910921 0000 213N 1253E -99 -99 0985 1010 0120 25 012 -999 -999 -999 -999 -999 -999
IBTr 25W NAT       910921 0600 214N 1255E -99 -99 0970 1010 0130 33 013 -999 -999 -999 -999 -999 -999
IBTr 25W NAT       910921 1200 214N 1253E -99 -99 0965 1010 0140 36 014 -999 -999 -999 -999 -999 -999
IBTr 25W NAT       910921 1800 215N 1247E -99 -99 0960 1010 0140 38 014 -999 -999 -999 -999 -999 -999
IBTr 25W NAT       910922 0000 216N 1240E -99 -99 0955 1010 0140 38 014 -999 -999 -999 -999 -999 -999
IBTr 25W NAT       910922 0600 217N 1233E -99 -99 0950 1010 0130 41 013 -999 -999 -999 -999 -999 -999
IBTr 25W NAT       910922 1200 219N 1225E -99 -99 0950 1010 0130 41 013 -999 -999 -999 -999 -999 -999
IBTr 25W NAT       910922 1800 220N 1215E -99 -99 0950 1010 0130 41 013 -999 -999 -999 -999 -999 -999
IBTr 25W NAT       910923 0000 221N 1207E -99 -99 0960 1010 0140 41 014 -999 -999 -999 -999 -999 -999
IBTr 25W NAT       910923 0600 223N 1200E -99 -99 0965 1010 0140 38 014 -999 -999 -999 -999 -999 -999
IBTr 25W NAT       910923 1200 226N 1195E -99 -99 0975 1010 0130 33 013 -999 -999 -999 -999 -999 -999
IBTr 25W NAT       910923 1800 226N 1190E -99 -99 0980 1010 0130 30 013 -999 -999 -999 -999 -999 -999
IBTr 25W NAT       910924 0000 225N 1185E -99 -99 0985 1010 0120 25 012 -999 -999 -999 -999 -999 -999
IBTr 25W NAT       910924 0600 223N 1181E -99 -99 0990 1010 0110 23 011 -999 -999 -999 -999 -999 -999
IBTr 25W NAT       910924 1200 220N 1179E -99 -99 0994 1010 0110 20 011 -999 -999 -999 -999 -999 -999
IBTr 25W NAT       910924 1800 210N 1174E -99 -99 0992 1010 0110 20 011 -999 -999 -999 -999 -999 -999
IBTr 25W NAT       910925 0000 201N 1168E -99 -99 0992 1010 0110 20 011 -999 -999 -999 -999 -999 -999
IBTr 25W NAT       910925 0600 195N 1166E -99 -99 0992 1010 0110 20 011 -999 -999 -999 -999 -999 -999
IBTr 25W NAT       910925 1200 189N 1163E -99 -99 0992 1010 0110 20 011 -999 -999 -999 -999 -999 -999
IBTr 25W NAT       910925 1800 182N 1161E -99 -99 0996 1010 0100 18 010 -999 -999 -999 -999 -999 -999
IBTr 25W NAT       910926 0000 175N 1159E -99 -99 0996 1010 0100 18 010 -999 -999 -999 -999 -999 -999
IBTr 25W NAT       910926 0600 169N 1160E -99 -99 0998 1010 0100 18 010 -999 -999 -999 -999 -999 -999
IBTr 25W NAT       910926 1200 163N 1161E -99 -99 0998 1010 0100 15 010 -999 -999 -999 -999 -999 -999
IBTr 25W NAT       910926 1800 158N 1165E -99 -99 1000 1010 0100 15 010 -999 -999 -999 -999 -999 -999
IBTr 25W NAT       910927 0000 160N 1171E -99 -99 1004 1010 0090 15 009 -999 -999 -999 -999 -999 -999
IBTr 25W NAT       910927 0600 161N 1174E -99 -99 1004 1010 0090 15 009 -999 -999 -999 -999 -999 -999
IBTr 25W NAT       910927 1200 160N 1177E -99 -99 1002 1010 0090 15 009 -999 -999 -999 -999 -999 -999
IBTr 25W NAT       910927 1800 162N 1178E -99 -99 1002 1010 0090 15 009 -999 -999 -999 -999 -999 -999
IBTr 25W NAT       910928 0000 162N 1176E -99 -99 1002 1010 0090 18 009 -999 -999 -999 -999 -999 -999
IBTr 25W NAT       910928 0300 165N 1172E -99 -99 0998 1010 0100 18 010 -999 -999 -999 -999 -999 -999
IBTr 25W NAT       910928 0600 163N 1172E -99 -99 0996 1010 0100 18 010 -999 -999 -999 -999 -999 -999
IBTr 25W NAT       910928 1200 162N 1169E -99 -99 0996 1010 0100 18 010 -999 -999 -999 -999 -999 -999
IBTr 25W NAT       910928 1800 161N 1165E -99 -99 0996 1010 0100 18 010 -999 -999 -999 -999 -999 -999
IBTr 25W NAT       910929 0000 163N 1163E -99 -99 0992 1010 0110 23 011 -999 -999 -999 -999 -999 -999
IBTr 25W NAT       910929 0600 165N 1160E -99 -99 0985 1010 0120 25 012 -999 -999 -999 -999 -999 -999
IBTr 25W NAT       910929 1200 172N 1161E -99 -99 0980 1010 0120 28 012 -999 -999 -999 -999 -999 -999
IBTr 25W NAT       910929 1800 180N 1165E -99 -99 0980 1010 0120 28 012 -999 -999 -999 -999 -999 -999
IBTr 25W NAT       910930 0000 188N 1169E -99 -99 0980 1010 0120 28 012 -999 -999 -999 -999 -999 -999
IBTr 25W NAT       910930 0600 198N 1173E -99 -99 0975 1010 0130 30 013 -999 -999 -999 -999 -999 -999
IBTr 25W NAT       910930 1200 206N 1176E -99 -99 0975 1010 0130 30 013 -999 -999 -999 -999 -999 -999
IBTr 25W NAT       910930 1800 215N 1176E -99 -99 0975 1010 0130 30 013 -999 -999 -999 -999 -999 -999
IBTr 25W NAT       911001 0000 221N 1176E -99 -99 0975 1010 0130 30 013 -999 -999 -999 -999 -999 -999
IBTr 25W NAT       911001 0300 225N 1176E -99 -99 0970 1010 0130 33 013 -999 -999 -999 -999 -999 -999
IBTr 25W NAT       911001 0600 228N 1175E -99 -99 0970 1010 0130 33 013 -999 -999 -999 -999 -999 -999
IBTr 25W NAT       911001 1200 234N 1173E -99 -99 0975 1010 0130 30 013 -999 -999 -999 -999 -999 -999
IBTr 25W NAT       911001 1800 240N 1167E -99 -99 0985 1010 0120 25 012 -999 -999 -999 -999 -999 -999
IBTr 25W NAT       911001 2100 242N 1167E -99 -99 0990 1010 0120 23 012 -999 -999 -999 -999 -999 -999
IBTr 25W NAT       911002 0000 250N 1159E -99 -99 1008 1010 0090 18 009 -999 -999 -999 -999 -999 -999
IBTr 25W NAT       911002 0600 257N 1157E -99 -99 1008 1010 0090 12 009 -999 -999 -999 -999 -999 -999
IBTr 25W NAT       911002 1200 264N 1160E -99 -99 1010 1010 0090 -9 009 -999 -999 -999 -999 -999 -999
IBTr 25W NAT       911002 1800 267N 1161E -99 -99 1010 1010 0090 -9 009 -999 -999 -999 -999 -999 -999
IBTr 25W NAT       911003 0000 277N 1163E -99 -99 1012 1012 0090 -9 009 -999 -999 -999 -999 -999 -999
IBTr 25W NAT       911003 0600 279N 1169E -99 -99 1008 1010 0090 -9 009 -999 -999 -999 -999 -999 -999
