IBTr 21W JOEL      910901 0000 187N 1259E -99 -99 -999 1010 0000 05 000 -999 -999 -999 -999 -999 -999
IBTr 21W JOEL      910901 0600 187N 1244E -99 -99 -999 1010 0000 07 000 -999 -999 -999 -999 -999 -999
IBTr 21W JOEL      910901 1200 187N 1231E -99 -99 -999 1010 0000 07 000 -999 -999 -999 -999 -999 -999
IBTr 21W JOEL      910901 1800 181N 1220E -99 -99 -999 1010 0000 07 000 -999 -999 -999 -999 -999 -999
IBTr 21W JOEL      910902 0000 188N 1212E -99 -99 -999 1010 0000 07 000 -999 -999 -999 -999 -999 -999
IBTr 21W JOEL      910902 0600 188N 1207E -99 -99 -999 1010 0000 07 000 -999 -999 -999 -999 -999 -999
IBTr 21W JOEL      910902 1200 186N 1201E -99 -99 -999 1010 0000 10 000 -999 -999 -999 -999 -999 -999
IBTr 21W JOEL      910902 1800 185N 1197E -99 -99 -999 1010 0000 10 000 -999 -999 -999 -999 -999 -999
IBTr 21W JOEL      910903 0000 186N 1192E -99 -99 -999 1010 0000 12 000 -999 -999 -999 -999 -999 -999
IBTr 21W JOEL      910903 0600 188N 1188E -99 -99 -999 1010 0000 12 000 -999 -999 -999 -999 -999 -999
IBTr 21W JOEL      910903 1200 190N 1183E -99 -99 1002 1010 0100 12 010 -999 -999 -999 -999 -999 -999
IBTr 21W JOEL      910903 1800 193N 1179E -99 -99 1002 1010 0100 15 010 -999 -999 -999 -999 -999 -999
IBTr 21W JOEL      910904 0000 195N 1174E -99 -99 1000 1010 0100 15 010 -999 -999 -999 -999 -999 -999
IBTr 21W JOEL      910904 0600 199N 1166E -99 -99 1000 1010 0100 15 010 -999 -999 -999 -999 -999 -999
IBTr 21W JOEL      910904 1200 202N 1157E -99 -99 1000 1010 0100 15 010 -999 -999 -999 -999 -999 -999
IBTr 21W JOEL      910904 1800 203N 1149E -99 -99 1000 1010 0100 15 010 -999 -999 -999 -999 -999 -999
IBTr 21W JOEL      910905 0000 203N 1146E -99 -99 1000 1010 0100 18 010 -999 -999 -999 -999 -999 -999
IBTr 21W JOEL      910905 0300 206N 1147E -99 -99 1000 1010 0100 18 010 -999 -999 -999 -999 -999 -999
IBTr 21W JOEL      910905 0600 204N 1146E -99 -99 0998 1010 0100 18 010 -999 -999 -999 -999 -999 -999
IBTr 21W JOEL      910905 1200 204N 1149E -99 -99 0996 1010 0110 20 011 -999 -999 -999 -999 -999 -999
IBTr 21W JOEL      910905 1800 207N 1152E -99 -99 0996 1010 0110 20 011 -999 -999 -999 -999 -999 -999
IBTr 21W JOEL      910906 0000 213N 1154E -99 -99 0992 1010 0110 23 011 -999 -999 -999 -999 -999 -999
IBTr 21W JOEL      910906 0600 219N 1155E -99 -99 0990 1010 0110 23 011 -999 -999 -999 -999 -999 -999
IBTr 21W JOEL      910906 1200 226N 1154E -99 -99 0985 1010 0120 23 012 -999 -999 -999 -999 -999 -999
IBTr 21W JOEL      910906 1800 230N 1149E -99 -99 0985 1010 0120 23 012 -999 -999 -999 -999 -999 -999
IBTr 21W JOEL      910907 0000 235N 1146E -99 -99 0990 1010 0120 20 012 -999 -999 -999 -999 -999 -999
IBTr 21W JOEL      910907 0600 245N 1142E -99 -99 0994 1010 0110 18 011 -999 -999 -999 -999 -999 -999
IBTr 21W JOEL      910907 1200 251N 1139E -99 -99 0996 1010 0110 12 011 -999 -999 -999 -999 -999 -999
IBTr 21W JOEL      910907 1800 254N 1138E -99 -99 0998 1010 0100 -9 010 -999 -999 -999 -999 -999 -999
IBTr 21W JOEL      910908 0000 258N 1138E -99 -99 1002 1010 0100 -9 010 -999 -999 -999 -999 -999 -999
IBTr 21W JOEL      910908 0600 267N 1142E -99 -99 1002 1010 0100 -9 010 -999 -999 -999 -999 -999 -999
IBTr 21W JOEL      910908 1200 278N 1142E -99 -99 1004 1010 0100 -9 010 -999 -999 -999 -999 -999 -999
