IBTr 24W LUKE      910913 0600 144N 1478E -99 -99 -999 1010 0000 10 000 -999 -999 -999 -999 -999 -999
IBTr 24W LUKE      910913 1200 149N 1467E -99 -99 -999 1010 0000 12 000 -999 -999 -999 -999 -999 -999
IBTr 24W LUKE      910913 1800 153N 1454E -99 -99 -999 1010 0000 12 000 -999 -999 -999 -999 -999 -999
IBTr 24W LUKE      910914 0000 154N 1442E -99 -99 1006 1010 0090 12 009 -999 -999 -999 -999 -999 -999
IBTr 24W LUKE      910914 0600 159N 1430E -99 -99 1004 1010 0090 12 009 -999 -999 -999 -999 -999 -999
IBTr 24W LUKE      910914 1200 163N 1420E -99 -99 1004 1010 0090 12 009 -999 -999 -999 -999 -999 -999
IBTr 24W LUKE      910914 1800 168N 1408E -99 -99 1004 1010 0090 15 009 -999 -999 -999 -999 -999 -999
IBTr 24W LUKE      910915 0000 173N 1396E -99 -99 1002 1010 0090 15 009 -999 -999 -999 -999 -999 -999
IBTr 24W LUKE      910915 0600 178N 1384E -99 -99 1000 1010 0100 18 010 -999 -999 -999 -999 -999 -999
IBTr 24W LUKE      910915 1200 183N 1372E -99 -99 0998 1010 0100 18 010 -999 -999 -999 -999 -999 -999
IBTr 24W LUKE      910915 1800 188N 1362E -99 -99 0998 1010 0100 18 010 -999 -999 -999 -999 -999 -999
IBTr 24W LUKE      910916 0000 196N 1350E -99 -99 0996 1010 0110 18 011 -999 -999 -999 -999 -999 -999
IBTr 24W LUKE      910916 0600 208N 1338E -99 -99 0994 1010 0110 18 011 -999 -999 -999 -999 -999 -999
IBTr 24W LUKE      910916 1200 214N 1328E -99 -99 0994 1010 0110 18 011 -999 -999 -999 -999 -999 -999
IBTr 24W LUKE      910916 1800 220N 1321E -99 -99 0990 1010 0110 23 011 -999 -999 -999 -999 -999 -999
IBTr 24W LUKE      910917 0000 226N 1315E -99 -99 0990 1010 0110 23 011 -999 -999 -999 -999 -999 -999
IBTr 24W LUKE      910917 0300 224N 1308E -99 -99 0990 1010 0110 23 011 -999 -999 -999 -999 -999 -999
IBTr 24W LUKE      910917 0600 230N 1310E -99 -99 0990 1010 0120 23 012 -999 -999 -999 -999 -999 -999
IBTr 24W LUKE      910917 0900 224N 1300E -99 -99 0990 1010 0110 23 011 -999 -999 -999 -999 -999 -999
IBTr 24W LUKE      910917 1200 234N 1304E -99 -99 0990 1010 0120 23 012 -999 -999 -999 -999 -999 -999
IBTr 24W LUKE      910917 1500 228N 1291E -99 -99 0990 1010 0110 23 011 -999 -999 -999 -999 -999 -999
IBTr 24W LUKE      910917 1800 243N 1302E -99 -99 0985 1010 0120 25 012 -999 -999 -999 -999 -999 -999
IBTr 24W LUKE      910917 2100 245N 1297E -99 -99 0985 1010 0120 25 012 -999 -999 -999 -999 -999 -999
IBTr 24W LUKE      910918 0000 256N 1304E -99 -99 0980 1010 0130 28 013 -999 -999 -999 -999 -999 -999
IBTr 24W LUKE      910918 0300 262N 1304E -99 -99 0980 1010 0130 28 013 -999 -999 -999 -999 -999 -999
IBTr 24W LUKE      910918 0600 267N 1306E -99 -99 0980 1010 0130 28 013 -999 -999 -999 -999 -999 -999
IBTr 24W LUKE      910918 0900 272N 1312E -99 -99 0980 1010 0130 28 013 -999 -999 -999 -999 -999 -999
IBTr 24W LUKE      910918 1200 273N 1318E -99 -99 0980 1010 0130 28 013 -999 -999 -999 -999 -999 -999
IBTr 24W LUKE      910918 1500 282N 1324E -99 -99 0980 1010 0130 28 013 -999 -999 -999 -999 -999 -999
IBTr 24W LUKE      910918 1800 278N 1334E -99 -99 0980 1010 0130 28 013 -999 -999 -999 -999 -999 -999
IBTr 24W LUKE      910918 2100 292N 1344E -99 -99 0980 1010 0130 28 013 -999 -999 -999 -999 -999 -999
IBTr 24W LUKE      910919 0000 289N 1360E -99 -99 0980 1010 0130 28 013 -999 -999 -999 -999 -999 -999
IBTr 24W LUKE      910919 0300 302N 1370E -99 -99 0980 1010 0130 28 013 -999 -999 -999 -999 -999 -999
IBTr 24W LUKE      910919 0600 316N 1386E -99 -99 0980 1010 0130 28 013 -999 -999 -999 -999 -999 -999
IBTr 24W LUKE      910919 0900 339N 1400E -99 -99 0980 1010 0130 28 013 -999 -999 -999 -999 -999 -999
IBTr 24W LUKE      910919 1200 356N 1414E -99 -99 0980 1010 0130 28 013 -999 -999 -999 -999 -999 -999
IBTr 24W LUKE      910919 1500 372N 1426E -99 -99 0985 1010 0130 28 013 -999 -999 -999 -999 -999 -999
IBTr 24W LUKE      910919 1800 384N 1446E -99 -99 0985 1010 0130 28 013 -999 -999 -999 -999 -999 -999
IBTr 24W LUKE      910919 2100 395N 1470E -99 -99 0990 1010 0120 25 012 -999 -999 -999 -999 -999 -999
IBTr 24W LUKE      910920 0000 410N 1490E -99 -99 0990 1010 0120 -9 012 -999 -999 -999 -999 -999 -999
IBTr 24W LUKE      910920 0600 420N 1540E -99 -99 0990 1010 0120 -9 012 -999 -999 -999 -999 -999 -999
IBTr 24W LUKE      910920 1200 420N 1600E -99 -99 0990 1010 0120 -9 012 -999 -999 -999 -999 -999 -999
IBTr 24W LUKE      910920 1800 430N 1650E -99 -99 0992 1010 0120 -9 012 -999 -999 -999 -999 -999 -999
IBTr 24W LUKE      910921 0000 440N 1690E -99 -99 0988 1010 0130 -9 013 -999 -999 -999 -999 -999 -999
IBTr 24W LUKE      910921 0600 460N 1750E -99 -99 0976 1010 0140 -9 014 -999 -999 -999 -999 -999 -999
