IBTr 22W KINNA     910908 0000 119N 1380E -99 -99 -999 1010 0000 07 000 -999 -999 -999 -999 -999 -999
IBTr 22W KINNA     910908 0600 111N 1393E -99 -99 -999 1010 0000 07 000 -999 -999 -999 -999 -999 -999
IBTr 22W KINNA     910908 1200 110N 1406E -99 -99 -999 1010 0000 07 000 -999 -999 -999 -999 -999 -999
IBTr 22W KINNA     910908 1800 113N 1417E -99 -99 -999 1010 0000 07 000 -999 -999 -999 -999 -999 -999
IBTr 22W KINNA     910909 0000 118N 1423E -99 -99 -999 1010 0000 10 000 -999 -999 -999 -999 -999 -999
IBTr 22W KINNA     910909 0600 125N 1426E -99 -99 -999 1010 0000 10 000 -999 -999 -999 -999 -999 -999
IBTr 22W KINNA     910909 1200 132N 1424E -99 -99 -999 1010 0000 10 000 -999 -999 -999 -999 -999 -999
IBTr 22W KINNA     910909 1800 140N 1419E -99 -99 -999 1010 0000 10 000 -999 -999 -999 -999 -999 -999
IBTr 22W KINNA     910910 0000 146N 1410E -99 -99 1006 1010 0090 12 009 -999 -999 -999 -999 -999 -999
IBTr 22W KINNA     910910 0600 155N 1402E -99 -99 1004 1010 0090 12 009 -999 -999 -999 -999 -999 -999
IBTr 22W KINNA     910910 1200 166N 1392E -99 -99 1004 1010 0090 12 009 -999 -999 -999 -999 -999 -999
IBTr 22W KINNA     910910 1800 179N 1380E -99 -99 1002 1010 0100 15 010 -999 -999 -999 -999 -999 -999
IBTr 22W KINNA     910911 0000 191N 1361E -99 -99 1000 1010 0100 18 010 -999 -999 -999 -999 -999 -999
IBTr 22W KINNA     910911 0600 202N 1344E -99 -99 0992 1010 0110 20 011 -999 -999 -999 -999 -999 -999
IBTr 22W KINNA     910911 1200 211N 1330E -99 -99 0990 1010 0110 23 011 -999 -999 -999 -999 -999 -999
IBTr 22W KINNA     910911 1800 221N 1316E -99 -99 0985 1010 0120 25 012 -999 -999 -999 -999 -999 -999
IBTr 22W KINNA     910912 0000 229N 1303E -99 -99 0980 1010 0130 28 013 -999 -999 -999 -999 -999 -999
IBTr 22W KINNA     910912 0300 237N 1295E -99 -99 0980 1010 0130 28 013 -999 -999 -999 -999 -999 -999
IBTr 22W KINNA     910912 0600 240N 1292E -99 -99 0980 1010 0130 28 013 -999 -999 -999 -999 -999 -999
IBTr 22W KINNA     910912 0900 245N 1289E -99 -99 0980 1010 0130 28 013 -999 -999 -999 -999 -999 -999
IBTr 22W KINNA     910912 1200 248N 1285E -99 -99 0975 1010 0130 30 013 -999 -999 -999 -999 -999 -999
IBTr 22W KINNA     910912 1500 251N 1282E -99 -99 0970 1010 0140 33 014 -999 -999 -999 -999 -999 -999
IBTr 22W KINNA     910912 1800 255N 1279E -99 -99 0965 1010 0140 36 014 -999 -999 -999 -999 -999 -999
IBTr 22W KINNA     910912 2100 263N 1278E -99 -99 0960 1010 0140 38 014 -999 -999 -999 -999 -999 -999
IBTr 22W KINNA     910913 0000 267N 1277E -99 -99 0955 1010 0140 41 014 -999 -999 -999 -999 -999 -999
IBTr 22W KINNA     910913 0300 276N 1278E -99 -99 0955 1010 0140 41 014 -999 -999 -999 -999 -999 -999
IBTr 22W KINNA     910913 0600 283N 1279E -99 -99 0955 1010 0140 41 014 -999 -999 -999 -999 -999 -999
IBTr 22W KINNA     910913 0900 292N 1280E -99 -99 0955 1010 0140 41 014 -999 -999 -999 -999 -999 -999
IBTr 22W KINNA     910913 1200 299N 1284E -99 -99 0955 1010 0140 41 014 -999 -999 -999 -999 -999 -999
IBTr 22W KINNA     910913 1500 309N 1287E -99 -99 0955 1010 0140 41 014 -999 -999 -999 -999 -999 -999
IBTr 22W KINNA     910913 1800 318N 1292E -99 -99 0960 1010 0140 38 014 -999 -999 -999 -999 -999 -999
IBTr 22W KINNA     910913 2000 327N 1297E -99 -99 0965 1010 0140 36 014 -999 -999 -999 -999 -999 -999
IBTr 22W KINNA     910913 2100 331N 1301E -99 -99 0970 1010 0140 33 014 -999 -999 -999 -999 -999 -999
IBTr 22W KINNA     910914 0000 340N 1309E -99 -99 0980 1010 0130 30 013 -999 -999 -999 -999 -999 -999
IBTr 22W KINNA     910914 0300 351N 1326E -99 -99 0985 1010 0130 28 013 -999 -999 -999 -999 -999 -999
IBTr 22W KINNA     910914 0600 361N 1344E -99 -99 0990 1010 0120 28 012 -999 -999 -999 -999 -999 -999
IBTr 22W KINNA     910914 0900 370N 1364E -99 -99 0992 1010 0120 23 012 -999 -999 -999 -999 -999 -999
IBTr 22W KINNA     910914 1100 375N 1380E -99 -99 0996 1010 0110 23 011 -999 -999 -999 -999 -999 -999
IBTr 22W KINNA     910914 1200 379N 1398E -99 -99 1000 1010 0110 28 011 -999 -999 -999 -999 -999 -999
IBTr 22W KINNA     910914 1800 390N 1450E -99 -99 1004 1010 0100 -9 010 -999 -999 -999 -999 -999 -999
IBTr 22W KINNA     910915 0000 407N 1510E -99 -99 1004 1010 0100 -9 010 -999 -999 -999 -999 -999 -999
IBTr 22W KINNA     910915 0600 410N 1560E -99 -99 1004 1010 0100 -9 010 -999 -999 -999 -999 -999 -999
IBTr 22W KINNA     910915 1200 410N 1620E -99 -99 1004 1010 0100 -9 010 -999 -999 -999 -999 -999 -999
IBTr 22W KINNA     910915 1800 410N 1660E -99 -99 1002 1010 0100 -9 010 -999 -999 -999 -999 -999 -999
IBTr 22W KINNA     910916 0000 410N 1700E -99 -99 1000 1010 0110 -9 011 -999 -999 -999 -999 -999 -999
IBTr 22W KINNA     910916 0600 410N 1750E -99 -99 0998 1010 0110 -9 011 -999 -999 -999 -999 -999 -999
