IBTr 31W THELMA    911031 0000 80N  1400E -99 -99 -999 1010 0000 -9 000 -999 -999 -999 -999 -999 -999
IBTr 31W THELMA    911031 0600 90N  1395E -99 -99 -999 1010 0000 -9 000 -999 -999 -999 -999 -999 -999
IBTr 31W THELMA    911031 1200 98N  1390E -99 -99 -999 1010 0000 -9 000 -999 -999 -999 -999 -999 -999
IBTr 31W THELMA    911031 1800 104N 1374E -99 -99 -999 1010 0000 -9 000 -999 -999 -999 -999 -999 -999
IBTr 31W THELMA    911101 0000 112N 1360E -99 -99 1006 1010 0090 -9 009 -999 -999 -999 -999 -999 -999
IBTr 31W THELMA    911101 0600 121N 1347E -99 -99 1004 1010 0090 12 009 -999 -999 -999 -999 -999 -999
IBTr 31W THELMA    911101 1200 129N 1339E -99 -99 1004 1010 0090 15 009 -999 -999 -999 -999 -999 -999
IBTr 31W THELMA    911101 1800 133N 1332E -99 -99 1004 1010 0090 15 009 -999 -999 -999 -999 -999 -999
IBTr 31W THELMA    911102 0000 132N 1326E -99 -99 1004 1010 0090 15 009 -999 -999 -999 -999 -999 -999
IBTr 31W THELMA    911102 0600 132N 1319E -99 -99 1004 1010 0090 15 009 -999 -999 -999 -999 -999 -999
IBTr 31W THELMA    911102 1200 132N 1313E -99 -99 1004 1010 0090 15 009 -999 -999 -999 -999 -999 -999
IBTr 31W THELMA    911102 1800 133N 1307E -99 -99 1004 1010 0090 15 009 -999 -999 -999 -999 -999 -999
IBTr 31W THELMA    911103 0000 134N 1302E -99 -99 1004 1010 0090 15 009 -999 -999 -999 -999 -999 -999
IBTr 31W THELMA    911103 0600 134N 1298E -99 -99 1004 1010 0090 15 009 -999 -999 -999 -999 -999 -999
IBTr 31W THELMA    911103 1200 132N 1292E -99 -99 1002 1010 0090 15 009 -999 -999 -999 -999 -999 -999
IBTr 31W THELMA    911103 1800 130N 1285E -99 -99 1002 1010 0090 15 009 -999 -999 -999 -999 -999 -999
IBTr 31W THELMA    911104 0000 128N 1279E -99 -99 0998 1010 0100 18 010 -999 -999 -999 -999 -999 -999
IBTr 31W THELMA    911104 0600 124N 1272E -99 -99 0992 1010 0110 20 011 -999 -999 -999 -999 -999 -999
IBTr 31W THELMA    911104 1200 121N 1264E -99 -99 0992 1010 0110 20 011 -999 -999 -999 -999 -999 -999
IBTr 31W THELMA    911104 1800 117N 1258E -99 -99 0992 1010 0110 20 011 -999 -999 -999 -999 -999 -999
IBTr 31W THELMA    911105 0000 114N 1249E -99 -99 0996 1010 0100 20 010 -999 -999 -999 -999 -999 -999
IBTr 31W THELMA    911105 0600 111N 1240E -99 -99 0996 1010 0100 20 010 -999 -999 -999 -999 -999 -999
IBTr 31W THELMA    911105 1200 107N 1229E -99 -99 0996 1010 0100 20 010 -999 -999 -999 -999 -999 -999
IBTr 31W THELMA    911105 1800 104N 1216E -99 -99 1000 1010 0100 20 010 -999 -999 -999 -999 -999 -999
IBTr 31W THELMA    911106 0000 102N 1202E -99 -99 1000 1010 0100 18 010 -999 -999 -999 -999 -999 -999
IBTr 31W THELMA    911106 0600 104N 1189E -99 -99 1000 1010 0100 18 010 -999 -999 -999 -999 -999 -999
IBTr 31W THELMA    911106 1200 108N 1173E -99 -99 1000 1010 0100 18 010 -999 -999 -999 -999 -999 -999
IBTr 31W THELMA    911106 1800 112N 1158E -99 -99 1000 1010 0100 18 010 -999 -999 -999 -999 -999 -999
IBTr 31W THELMA    911107 0000 113N 1146E -99 -99 1000 1010 0100 18 010 -999 -999 -999 -999 -999 -999
IBTr 31W THELMA    911107 0600 112N 1133E -99 -99 1000 1010 0100 18 010 -999 -999 -999 -999 -999 -999
IBTr 31W THELMA    911107 1200 111N 1124E -99 -99 1004 1010 0090 15 009 -999 -999 -999 -999 -999 -999
IBTr 31W THELMA    911107 1800 109N 1116E -99 -99 1004 1010 0090 15 009 -999 -999 -999 -999 -999 -999
IBTr 31W THELMA    911108 0000 105N 1106E -99 -99 1004 1010 0090 15 009 -999 -999 -999 -999 -999 -999
IBTr 31W THELMA    911108 0600 101N 1095E -99 -99 1006 1010 0090 15 009 -999 -999 -999 -999 -999 -999
IBTr 31W THELMA    911108 1200 95N  1087E -99 -99 1008 1010 0080 12 008 -999 -999 -999 -999 -999 -999
