IBTr 35W YURI      911116 0000 55N  1710E -99 -99 -999 1010 0000 07 000 -999 -999 -999 -999 -999 -999
IBTr 35W YURI      911116 0600 56N  1707E -99 -99 -999 1010 0000 07 000 -999 -999 -999 -999 -999 -999
IBTr 35W YURI      911116 1200 57N  1704E -99 -99 -999 1010 0000 07 000 -999 -999 -999 -999 -999 -999
IBTr 35W YURI      911116 1800 58N  1701E -99 -99 -999 1010 0000 07 000 -999 -999 -999 -999 -999 -999
IBTr 35W YURI      911117 0000 58N  1697E -99 -99 -999 1010 0000 07 000 -999 -999 -999 -999 -999 -999
IBTr 35W YURI      911117 0600 58N  1693E -99 -99 -999 1010 0000 07 000 -999 -999 -999 -999 -999 -999
IBTr 35W YURI      911117 1200 58N  1689E -99 -99 -999 1010 0000 10 000 -999 -999 -999 -999 -999 -999
IBTr 35W YURI      911117 1800 58N  1684E -99 -99 -999 1010 0000 12 000 -999 -999 -999 -999 -999 -999
IBTr 35W YURI      911118 0000 57N  1678E -99 -99 -999 1010 0000 10 000 -999 -999 -999 -999 -999 -999
IBTr 35W YURI      911118 0600 57N  1673E -99 -99 -999 1010 0000 12 000 -999 -999 -999 -999 -999 -999
IBTr 35W YURI      911118 1200 56N  1669E -99 -99 -999 1010 0000 12 000 -999 -999 -999 -999 -999 -999
IBTr 35W YURI      911118 1800 55N  1664E -99 -99 -999 1010 0000 12 000 -999 -999 -999 -999 -999 -999
IBTr 35W YURI      911119 0000 55N  1659E -99 -99 -999 1010 0000 12 000 -999 -999 -999 -999 -999 -999
IBTr 35W YURI      911119 0600 54N  1655E -99 -99 -999 1010 0000 12 000 -999 -999 -999 -999 -999 -999
IBTr 35W YURI      911119 1200 53N  1650E -99 -99 -999 1010 0000 12 000 -999 -999 -999 -999 -999 -999
IBTr 35W YURI      911119 1800 52N  1645E -99 -99 -999 1010 0000 12 000 -999 -999 -999 -999 -999 -999
IBTr 35W YURI      911120 0000 51N  1641E -99 -99 -999 1010 0000 12 000 -999 -999 -999 -999 -999 -999
IBTr 35W YURI      911120 0600 50N  1637E -99 -99 -999 1010 0000 10 000 -999 -999 -999 -999 -999 -999
IBTr 35W YURI      911120 1200 49N  1634E -99 -99 -999 1010 0000 10 000 -999 -999 -999 -999 -999 -999
IBTr 35W YURI      911120 1800 47N  1633E -99 -99 -999 1010 0000 10 000 -999 -999 -999 -999 -999 -999
IBTr 35W YURI      911121 0000 45N  1634E -99 -99 -999 1010 0000 10 000 -999 -999 -999 -999 -999 -999
IBTr 35W YURI      911121 0600 44N  1636E -99 -99 -999 1010 0000 12 000 -999 -999 -999 -999 -999 -999
IBTr 35W YURI      911121 1200 43N  1640E -99 -99 -999 1010 0000 12 000 -999 -999 -999 -999 -999 -999
IBTr 35W YURI      911121 1800 42N  1646E -99 -99 -999 1010 0000 12 000 -999 -999 -999 -999 -999 -999
IBTr 35W YURI      911122 0000 41N  1654E -99 -99 1004 1010 0090 12 009 -999 -999 -999 -999 -999 -999
IBTr 35W YURI      911122 0600 42N  1660E -99 -99 1002 1010 0090 12 009 -999 -999 -999 -999 -999 -999
IBTr 35W YURI      911122 1200 44N  1662E -99 -99 1002 1010 0090 12 009 -999 -999 -999 -999 -999 -999
IBTr 35W YURI      911122 1800 45N  1662E -99 -99 1002 1010 0090 12 009 -999 -999 -999 -999 -999 -999
IBTr 35W YURI      911123 0000 47N  1660E -99 -99 1000 1010 0090 15 009 -999 -999 -999 -999 -999 -999
IBTr 35W YURI      911123 0600 48N  1658E -99 -99 0996 1010 0100 18 010 -999 -999 -999 -999 -999 -999
IBTr 35W YURI      911123 1200 50N  1657E -99 -99 0992 1010 0100 20 010 -999 -999 -999 -999 -999 -999
IBTr 35W YURI      911123 1800 53N  1653E -99 -99 0990 1010 0110 23 011 -999 -999 -999 -999 -999 -999
IBTr 35W YURI      911124 0000 56N  1649E -99 -99 0980 1010 0120 28 012 -999 -999 -999 -999 -999 -999
IBTr 35W YURI      911124 0600 62N  1640E -99 -99 0975 1010 0120 30 012 -999 -999 -999 -999 -999 -999
IBTr 35W YURI      911124 1200 66N  1627E -99 -99 0970 1010 0130 33 013 -999 -999 -999 -999 -999 -999
IBTr 35W YURI      911124 1800 69N  1613E -99 -99 0965 1010 0130 36 013 -999 -999 -999 -999 -999 -999
IBTr 35W YURI      911125 0000 72N  1598E -99 -99 0960 1010 0130 38 013 -999 -999 -999 -999 -999 -999
IBTr 35W YURI      911125 0600 76N  1582E -99 -99 0955 1010 0130 38 013 -999 -999 -999 -999 -999 -999
IBTr 35W YURI      911125 1200 81N  1566E -99 -99 0950 1010 0130 41 013 -999 -999 -999 -999 -999 -999
IBTr 35W YURI      911125 1800 87N  1550E -99 -99 0945 1010 0120 43 012 -999 -999 -999 -999 -999 -999
IBTr 35W YURI      911126 0000 91N  1532E -99 -99 0930 1010 0110 48 011 -999 -999 -999 -999 -999 -999
IBTr 35W YURI      911126 0600 94N  1514E -99 -99 0915 1010 0090 54 009 -999 -999 -999 -999 -999 -999
IBTr 35W YURI      911126 1200 96N  1497E -99 -99 0910 1010 0080 56 008 -999 -999 -999 -999 -999 -999
IBTr 35W YURI      911126 1800 100N 1482E -99 -99 0900 1010 0060 59 006 -999 -999 -999 -999 -999 -999
IBTr 35W YURI      911127 0000 107N 1468E -99 -99 0895 1010 0060 61 006 -999 -999 -999 -999 -999 -999
IBTr 35W YURI      911127 0600 116N 1455E -99 -99 0895 1010 0060 61 006 -999 -999 -999 -999 -999 -999
IBTr 35W YURI      911127 1200 125N 1440E -99 -99 0900 1010 0070 59 007 -999 -999 -999 -999 -999 -999
IBTr 35W YURI      911127 1800 132N 1426E -99 -99 0900 1010 0070 59 007 -999 -999 -999 -999 -999 -999
IBTr 35W YURI      911128 0000 141N 1415E -99 -99 0905 1010 0070 56 007 -999 -999 -999 -999 -999 -999
IBTr 35W YURI      911128 0600 150N 1405E -99 -99 0910 1010 0080 54 008 -999 -999 -999 -999 -999 -999
IBTr 35W YURI      911128 1200 159N 1397E -99 -99 0910 1010 0080 54 008 -999 -999 -999 -999 -999 -999
IBTr 35W YURI      911128 1800 168N 1391E -99 -99 0915 1010 0090 51 009 -999 -999 -999 -999 -999 -999
IBTr 35W YURI      911129 0000 178N 1388E -99 -99 0915 1010 0090 51 009 -999 -999 -999 -999 -999 -999
IBTr 35W YURI      911129 0600 186N 1388E -99 -99 0920 1010 0100 48 010 -999 -999 -999 -999 -999 -999
IBTr 35W YURI      911129 1200 195N 1391E -99 -99 0925 1010 0110 48 011 -999 -999 -999 -999 -999 -999
IBTr 35W YURI      911129 1800 204N 1397E -99 -99 0930 1010 0110 46 011 -999 -999 -999 -999 -999 -999
IBTr 35W YURI      911130 0000 212N 1406E -99 -99 0945 1010 0130 41 013 -999 -999 -999 -999 -999 -999
IBTr 35W YURI      911130 0600 222N 1422E -99 -99 0955 1010 0140 38 014 -999 -999 -999 -999 -999 -999
IBTr 35W YURI      911130 1200 235N 1442E -99 -99 0960 1010 0140 38 014 -999 -999 -999 -999 -999 -999
IBTr 35W YURI      911130 1800 252N 1466E -99 -99 0965 1010 0140 36 014 -999 -999 -999 -999 -999 -999
IBTr 35W YURI      911201 0000 274N 1488E -99 -99 0970 1010 0140 33 014 -999 -999 -999 -999 -999 -999
IBTr 35W YURI      911201 0600 296N 1508E -99 -99 0975 1010 0130 30 013 -999 -999 -999 -999 -999 -999
IBTr 35W YURI      911201 1200 321N 1543E -99 -99 0980 1010 0130 28 013 -999 -999 -999 -999 -999 -999
IBTr 35W YURI      911201 1800 339N 1567E -99 -99 0980 1010 0130 36 013 -999 -999 -999 -999 -999 -999
IBTr 35W YURI      911202 0000 350N 1590E -99 -99 0976 1010 0140 -9 014 -999 -999 -999 -999 -999 -999
IBTr 35W YURI      911202 0600 360N 1620E -99 -99 0976 1010 0140 -9 014 -999 -999 -999 -999 -999 -999
IBTr 35W YURI      911202 1200 370N 1660E -99 -99 0976 1010 0140 -9 014 -999 -999 -999 -999 -999 -999
IBTr 35W YURI      911202 1800 380N 1700E -99 -99 0972 1010 0140 -9 014 -999 -999 -999 -999 -999 -999
IBTr 35W YURI      911203 0000 390N 1740E -99 -99 0972 1010 0140 -9 014 -999 -999 -999 -999 -999 -999
IBTr 35W YURI      911203 0600 410N 1790E -99 -99 0972 1010 0140 -9 014 -999 -999 -999 -999 -999 -999
