NHC  02L TWO       110717 1800 277N 0783W 180 015 1011 1016 0278 15 093 -999 -999 -999 -999 -999 -999
NHC  02L TWO       110718 0000 275N 0781W 150 010 1009 1015 0185 18 056 0056 0056 -999 00569 -999 -999 -999
NHC  02L BRET      110718 0600 271N 0780W 160 021 1002 1015 0185 23 028 0056 0056 0028 00569 -999 -999 -999
NHC  02L BRET      110718 1200 274N 0775W 045 021 1000 1015 0185 23 028 0083 0083 0056 00839 -999 -999 -999
NHC  02L BRET      110718 1800 281N 0772W 030 031 0998 1015 0232 26 028 0083 0083 0056 00837 0037 -999 0037
NHC  02L BRET      110719 0000 285N 0768W 030 031 0998 1014 0232 28 028 0083 0083 0056 00837 0037 -999 0037
NHC  02L BRET      110719 0600 290N 0767W 015 031 1000 1014 0232 23 028 0083 0083 0056 00569 -999 -999 -999
NHC  02L BRET      110719 1200 296N 0761W 030 031 1000 1013 0232 23 028 0056 0083 0046 00469 -999 -999 -999
NHC  02L BRET      110719 1800 301N 0758W 030 031 1000 1013 0232 23 028 0056 0083 0046 00469 -999 -999 -999
NHC  02L BRET      110720 0000 304N 0753W 040 031 0999 1012 0222 23 037 0056 0083 0083 00469 -999 -999 -999
NHC  02L BRET      110720 0600 308N 0747W 050 031 1001 1012 0278 23 056 0056 0120 0083 -999 -999 -999
NHC  02L BRET      110720 1200 314N 0741W 045 041 1001 1013 0278 23 056 0111 0120 0083 -999 -999 -999
NHC  02L BRET      110720 1800 316N 0735W 050 036 1005 1014 0334 21 074 0083 0111 0083 -999 -999 -999
NHC  02L BRET      110721 0000 325N 0726W 050 041 1005 1013 0222 21 074 0083 0111 0083 -999 -999 -999
NHC  02L BRET      110721 0600 329N 0721W 050 041 1007 1013 0222 18 074 0083 0111 0083 -999 -999 -999
NHC  02L BRET      110721 1200 335N 0711W 055 041 1007 1014 0204 18 083 0083 0111 0083 -999 -999 -999
NHC  02L BRET      110721 1800 339N 0702W 060 046 1007 1014 0204 18 111 -999 0148 -999 -999 -999 -999
NHC  02L BRET      110722 0000 351N 0689W 050 057 1008 1013 0222 15 111 -999 -999 -999 -999 -999 -999
NHC  02L BRET      110722 0600 362N 0674W 045 082 1008 1013 0222 15 111 -999 -999 -999 -999 -999 -999
NHC  02L BRET      110722 1200 372N 0652W 055 093 1009 1012 0222 15 111 -999 -999 -999 -999 -999 -999
