JTWC 03W THREE     110506 1200 117N 1282E 310 021 1000 1008 0296 15 083 -999 -999 -999 -999
JTWC 03W THREE     110506 1800 119N 1273E 295 026 1000 1008 0296 15 083 -999 -999 -999 -999
JTWC 03W THREE     110507 0000 128N 1268E 310 036 0996 1007 0352 18 074 -999 -999 -999 -999
JTWC 03W THREE     110507 0600 128N 1263E 305 031 0996 1006 0324 18 074 -999 -999 -999 -999
JTWC 03W AERE      110507 1200 133N 1255E 300 036 0989 1006 0296 23 065 0167 0185 0185 0204
JTWC 03W AERE      110507 1800 136N 1247E 295 041 0989 1006 0315 23 065 0185 0167 0167 0185
JTWC 03W AERE      110508 0000 138N 1240E 290 036 0985 1005 0315 26 065 0204 0176 0176 0204
JTWC 03W AERE      110508 0600 146N 1235E 305 041 0985 1005 0333 26 065 0222 0204 0204 0222
JTWC 03W AERE      110508 1200 154N 1229E 315 041 0985 1005 0333 26 065 0222 0204 0204 0222
JTWC 03W AERE      110508 1800 157N 1228E 325 036 0985 1005 0333 26 065 0222 0204 0204 0222
JTWC 03W AERE      110509 0000 165N 1225E 335 036 0989 1005 0333 23 065 0185 0176 0167 0167
JTWC 03W AERE      110509 0600 171N 1223E 340 036 0993 1005 0333 21 065 0185 0176 0167 0167
JTWC 03W AERE      110509 1200 180N 1223E 350 041 0993 1005 0333 21 065 0185 0213 0185 0167
JTWC 03W AERE      110509 1800 190N 1223E 355 046 0993 1005 0333 21 065 0185 0213 0185 0167
JTWC 03W AERE      110510 0000 203N 1219E 355 057 0996 1005 0333 18 065 0139 0139 0102 0093
JTWC 03W AERE      110510 0600 210N 1224E   5 051 0996 1005 0296 18 074 0148 0139 0102 0102
JTWC 03W AERE      110510 1200 223N 1238E  30 067 0996 1005 0278 18 074 -999 -999 -999 -999
JTWC 03W AERE      110510 1800 233N 1248E  40 067 0996 1005 0278 18 074 0139 0157 0102 0093
JTWC 03W AERE      110511 0000 249N 1260E  40 077 0996 1004 0278 18 074 0139 0157 0102 0093
JTWC 03W AERE      110511 0600 265N 1276E  40 093 0996 1004 0278 18 074 0130 0148 0093 0083
JTWC 03W AERE      110511 1200 276N 1295E  45 098 0997 1004 0278 18 074 -999 -999 -999 -999
JTWC 03W AERE      110511 1800 298N 1320E  45 124 0996 1003 0259 18 074 0130 0148 0093 0083
