JTWC 04A FOUR      111108 0000 137N 0594E 290 046 0996 1005 0407 18 046 -999 -999 -999 -999
JTWC 04A FOUR      111108 0600 139N 0590E 295 026 0996 1005 0407 18 046 -999 -999 -999 -999
JTWC 04A FOUR      111108 1200 144N 0587E 315 031 0996 1005 0407 18 046 -999 -999 -999 -999
JTWC 04A FOUR      111108 1800 149N 0588E 335 021 0996 1008 0333 18 074 -999 -999 -999 -999
JTWC 04A FOUR      111109 0000 157N 0590E   0 031 1000 1007 0352 15 065 -999 -999 -999 -999
JTWC 04A FOUR      111109 0600 156N 0585E 340 021 1000 1008 0333 15 065 -999 -999 -999 -999
JTWC 04A FOUR      111109 1200 157N 0585E 340 015 1000 1008 0306 15 065 -999 -999 -999 -999
JTWC 04A FOUR      111109 1800 162N 0584E 340 015 0996 1008 0306 18 065 -999 -999 -999 -999
JTWC 04A FOUR      111110 0000 169N 0583E 350 026 1000 1008 0306 15 065 -999 -999 -999 -999
JTWC 04A FOUR      111110 0600 159N 0584E 315 -99 1000 1008 0296 15 074 -999 -999 -999 -999
JTWC 04A FOUR      111110 1200 148N 0588E 165 021 1004 1007 0333 13 074 -999 -999 -999 -999
