NHC  04E FOUR      110718 1200 105N 0910W 280 051 1006 1010 0334 15 065 -999 -999 -999 -999 -999 -999
NHC  04E DORA      110718 1800 106N 0923W 280 057 1004 1010 0334 21 056 0093 0111 -999 -999 -999 -999
NHC  04E DORA      110719 0000 109N 0935W 280 062 1000 1008 0297 23 046 0167 0167 0111 01679 -999 -999 -999
NHC  04E DORA      110719 0600 112N 0952W 280 072 0997 1008 0297 26 046 0167 0167 0111 01676 0056 -999 0056
NHC  04E DORA      110719 1200 116N 0964W 285 067 0996 1009 0334 28 046 0204 0204 0130 01854 0074 -999 0074
NHC  04E DORA      110719 1800 125N 0979W 292 077 0994 1010 0334 31 037 0222 0222 0130 01853 0074 0037 0074
NHC  04E DORA      110720 0000 131N 0993W 295 077 0987 1010 0334 33 056 0204 0204 0130 02041 0093 0056 0093
NHC  04E DORA      110720 0600 138N 1010W 295 082 0985 1009 0371 36 056 0204 0204 0093 01851 0093 -999 0093
NHC  04E DORA      110720 1200 145N 1023W 295 082 0981 1009 0371 41 056 0222 0204 0093 01851 0093 -999 0093
NHC  04E DORA      110720 1800 151N 1036W 295 072 0968 1009 0371 49 037 0222 0204 0093 01851 0093 0056 0093
NHC  04E DORA      110721 0000 157N 1049W 295 072 0948 1009 0371 59 046 0241 0222 0167 01850 0111 0083 0111
NHC  04E DORA      110721 0600 163N 1057W 305 057 0948 1008 0371 59 046 0241 0222 0167 01850 0111 0083 0111
NHC  04E DORA      110721 1200 169N 1065W 305 051 0929 1009 0371 69 028 0241 0222 0167 01859 0111 0083 0111
NHC  04E DORA      110721 1800 174N 1071W 310 046 0932 1009 0371 67 028 0241 0222 0167 01859 0111 0083 0111
NHC  04E DORA      110722 0000 180N 1078W 310 046 0948 1009 0334 59 028 0241 0222 0167 02048 0111 0093 0111
NHC  04E DORA      110722 0600 186N 1084W 315 041 0967 1011 0334 49 037 0167 0148 0111 01483 0093 0074 0093
NHC  04E DORA      110722 1200 191N 1092W 310 041 0981 1009 0278 39 037 0167 0148 0111 01483 0093 0074 0093
NHC  04E DORA      110722 1800 195N 1097W 310 041 0984 1009 0278 36 037 0167 0148 0111 01483 0093 0074 0093
NHC  04E DORA      110723 0000 201N 1102W 315 036 0989 1012 0278 31 037 0167 0167 0111 01674 0056 -999 0074
NHC  04E DORA      110723 0600 206N 1109W 310 041 0996 1012 0278 26 037 0148 0148 0093 01486 0056 -999 0056
NHC  04E DORA      110723 1200 210N 1116W 305 041 1001 1012 0278 21 037 0148 0148 0093 01489 -999 -999 -999
NHC  04E DORA      110723 1800 214N 1123W 305 041 1003 1014 0278 18 037 0093 0093 -999 -999 -999 -999
NHC  04E DORA      110724 0000 221N 1131W 310 051 1001 1012 0278 23 056 0111 0074 -999 00749 -999 -999 -999
NHC  04E DORA      110724 0600 227N 1135W 320 046 1004 1013 0324 18 056 0093 0056 -999 00569 -999 -999 -999
NHC  04E DORA      110724 1200 232N 1141W 320 041 1004 1013 0324 18 056 0093 0056 -999 00569 -999 -999 -999
NHC  04E DORA      110724 1800 236N 1143W 325 036 1004 1013 0324 18 056 0093 0056 0056 00569 -999 -999 -999
