NHC  04L FOUR      110727 1800 223N 0870W 295 046 1004 1011 0204 15 046 -999 -999 -999 -999 -999 -999
NHC  04L DON       110728 0000 225N 0876W 300 041 1000 1011 0204 18 046 0074 0074 -999 -999 -999 -999
NHC  04L DON       110728 0600 228N 0883W 300 046 1000 1010 0139 18 028 0074 0074 -999 -999 -999 -999
NHC  04L DON       110728 1200 237N 0895W 305 057 1001 1010 0167 21 028 0093 0074 -999 -999 -999 -999
NHC  04L DON       110728 1800 245N 0907W 305 072 1001 1011 0167 21 037 0139 0093 -999 00379 -999 -999 -999
NHC  04L DON       110729 0000 246N 0919W 300 067 0998 1011 0167 23 037 0158 0093 -999 00379 -999 -999 -999
NHC  04L DON       110729 0600 251N 0930W 295 062 1000 1011 0185 23 037 0167 0093 -999 00379 -999 -999 -999
NHC  04L DON       110729 1200 258N 0943W 300 062 1004 1011 0185 23 037 0167 0093 0037 00379 -999 -999 -999
NHC  04L DON       110729 1800 265N 0956W 300 072 1004 1013 0195 23 046 0167 0093 -999 -999 -999 -999
NHC  04L DON       110730 0000 271N 0970W 300 072 1006 1013 0195 18 046 0139 -999 -999 -999 -999 -999
NHC  04L DON       110730 0600 277N 0981W 300 067 1009 1013 0111 13 056 -999 -999 -999 -999 -999 -999
