JTWC 05A FIVE      111126 0600 083N 0758E 315 051 1000 1004 0370 15 046 -999 -999 -999 -999
JTWC 05A FIVE      111126 1200 087N 0749E 300 041 0996 1004 0333 18 074 -999 -999 -999 -999
JTWC 05A FIVE      111126 1800 093N 0736E 295 046 0996 1004 0333 18 074 -999 -999 -999 -999
JTWC 05A FIVE      111127 0000 103N 0727E 305 057 0996 1004 0333 18 074 -999 -999 -999 -999
JTWC 05A FIVE      111127 0600 112N 0725E 315 057 0996 1006 0315 18 074 -999 -999 -999 -999
JTWC 05A FIVE      111127 1200 122N 0714E 320 057 0996 1006 0315 18 074 -999 -999 -999 -999
JTWC 05A FIVE      111127 1800 137N 0699E 315 077 0996 1006 0306 18 074 -999 -999 -999 -999
JTWC 05A FIVE      111128 0000 143N 0690E 315 077 0996 1006 0306 18 074 -999 -999 -999 -999
JTWC 05A FIVE      111128 0600 144N 0687E 310 057 0996 1007 0407 18 074 -999 -999 -999 -999
JTWC 05A FIVE      111128 1200 150N 0682E 310 041 0996 1007 0407 18 074 -999 -999 -999 -999
JTWC 05A FIVE      111128 1800 156N 0676E 315 041 0996 1005 0370 18 074 -999 -999 -999 -999
JTWC 05A FIVE      111129 0000 158N 0670E 310 036 0996 1005 0370 18 074 -999 -999 -999 -999
JTWC 05A FIVE      111129 0600 157N 0665E 290 031 0996 1005 0370 18 074 -999 -999 -999 -999
JTWC 05A FIVE      111129 1200 162N 0663E 300 026 0996 1005 0370 18 074 -999 -999 -999 -999
JTWC 05A FIVE      111129 1800 170N 0653E 310 036 0996 1005 0370 18 074 -999 -999 -999 -999
JTWC 05A FIVE      111130 0000 172N 0642E 305 046 0996 1005 0370 18 074 -999 -999 -999 -999
JTWC 05A FIVE      111130 0600 178N 0639E 305 041 1004 1008 0370 13 074 -999 -999 -999 -999
JTWC 05A FIVE      111130 1200 187N 0633E 310 046 1004 1008 0370 13 074 -999 -999 -999 -999
JTWC 05A FIVE      111130 1800 193N 0625E 320 046 1004 1008 0352 13 074 -999 -999 -999 -999
JTWC 05A FIVE      111201 0000 194N 0623E 315 036 1004 1008 0352 13 074 -999 -999 -999 -999
JTWC 05A FIVE      111201 0600 194N 0623E 315 036 1004 1009 0370 13 074 -999 -999 -999 -999
