NHC  05L EMILY     110801 1800 151N 0605W 275 093 1006 1011 0278 15 111 -999 -999 -999 -999 -999 -999
NHC  05L EMILY     110802 0000 153N 0622W 275 088 1006 1010 0278 18 111 0111 -999 -999 01119 -999 -999 -999
NHC  05L EMILY     110802 0600 155N 0636W 275 082 1006 1010 0278 18 111 0111 -999 -999 01119 -999 -999 -999
NHC  05L EMILY     110802 1200 154N 0637W 275 057 1007 1010 0278 18 111 0111 -999 -999 01119 -999 -999 -999
NHC  05L EMILY     110802 1800 156N 0648W 275 041 1006 1010 0278 21 111 0111 -999 -999 01119 -999 -999 -999
NHC  05L EMILY     110803 0000 160N 0662W 285 062 1005 1010 0278 23 111 0195 -999 -999 01119 -999 -999 -999
NHC  05L EMILY     110803 0600 163N 0675W 285 062 1006 1010 0278 23 074 0195 -999 -999 01119 -999 -999 -999
NHC  05L EMILY     110803 1200 166N 0689W 280 062 1006 1010 0278 23 074 0185 0185 -999 -999 -999 -999
NHC  05L EMILY     110803 1800 168N 0703W 280 067 1005 1010 0278 23 074 0185 0139 -999 -999 -999 -999
NHC  05L EMILY     110804 0000 169N 0707W 280 041 1005 1010 0324 23 093 0185 0139 -999 -999 -999 -999
NHC  05L EMILY     110804 0600 170N 0712W 280 021 1006 1009 0324 23 093 0185 0139 -999 -999 -999 -999
NHC  05L EMILY     110804 1200 172N 0717W 280 026 1004 1009 0324 23 093 0185 0139 -999 -999 -999 -999
NHC  05L EMILY     110804 1800 180N 0728W 300 041 1008 1012 0324 15 093 -999 -999 -999 -999 -999 -999
NHC  05L EMILY     110805 0000 196N 0732W 325 057 1010 1012 0278 13 111 -999 -999 -999 -999 -999 -999
NHC  05L EMILY     110805 0600 209N 0739W 345 072 1011 1012 0185 15 111 -999 -999 -999 -999 -999 -999
NHC  05L EMILY     110805 1200 220N 0765W 325 082 1011 1014 0185 13 111 -999 -999 -999 -999 -999 -999
NHC  05L EMILY     110805 1800 230N 0780W 310 077 1011 1014 0185 15 111 -999 -999 -999 -999 -999 -999
NHC  05L EMILY     110806 0000 228N 0772W 315 031 1011 1014 0222 15 111 -999 -999 -999 -999 -999 -999
NHC  05L EMILY     110806 0600 246N 0779W 335 051 1012 1013 0185 15 111 -999 -999 -999 -999 -999 -999
NHC  05L EMILY     110806 1200 256N 0780W 340 051 1011 1013 0185 15 111 -999 -999 -999 -999 -999 -999
NHC  05L EMILY     110806 1800 260N 0780W 360 031 1012 1014 0185 13 111 -999 -999 -999 -999 -999 -999
NHC  05L EMILY     110807 0000 271N 0782W 360 036 1011 1014 0185 15 093 -999 -999 -999 -999 -999 -999
NHC  05L EMILY     110807 0600 280N 0778W 010 041 1011 1014 0167 15 111 -999 -999 -999 -999 -999 -999
NHC  05L EMILY     110807 1200 297N 0766W 030 077 1011 1013 0167 15 111 -999 -999 -999 -999 -999 -999
NHC  05L EMILY     110807 1800 306N 0751W 055 072 1011 1013 0167 13 111 -999 -999 -999 -999 -999 -999
NHC  05L EMILY     110809 1200 339N 0538W 095 118 1002 1005 0167 13 111 -999 -999 -999 -999 -999 -999
NHC  05L EMILY     110809 1800 346N 0523W 095 098 1003 1005 0167 13 111 -999 -999 -999 -999 -999 -999
NHC  05L EMILY     110810 0000 351N 0505W 075 077 1003 1005 0167 13 111 -999 -999 -999 -999 -999 -999
