JTWC 06S VINCE     110112 1200 151S 1083E 120 010 0993 1003 0306 21 074 0093 0093 0093 0093
JTWC 06S VINCE     110112 1800 155S 1087E 125 021 0993 1003 0306 21 074 0102 0093 0093 0102
JTWC 06S VINCE     110113 0000 156S 1088E 120 026 0993 1002 0315 21 074 0102 0093 0093 0102
JTWC 06S VINCE     110113 0600 161S 1087E 130 021 0989 1002 0296 21 074 0093 0083 0083 0093
JTWC 06S VINCE     110113 1200 160S 1101E 100 036 0996 1000 0278 21 074 -999 -999 -999 -999
JTWC 06S VINCE     110113 1800 162S 1113E 100 051 0996 1000 0278 18 074 -999 -999 -999 -999
JTWC 06S VINCE     110114 0000 162S 1125E 100 057 0996 1000 0259 18 074 0083 -999 -999 0083
JTWC 06S VINCE     110114 0600 162S 1136E  95 057 0996 1000 0259 18 074 0074 0074 0074 0083
JTWC 06S VINCE     110114 1200 163S 1145E  95 051 0996 1000 0259 18 074 -999 -999 -999 -999
JTWC 06S VINCE     110114 1800 162S 1147E  90 036 0996 1000 0259 18 074 0074 0074 0074 0083
JTWC 06S VINCE     110115 0000 159S 1145E  70 015 0996 1000 0278 18 074 -999 -999 -999 -999
JTWC 06S VINCE     110115 0600 156S 1143E  20 010 0996 1000 0278 18 074 -999 -999 -999 -999
JTWC 06S VINCE     110115 1200 158S 1141E 300 010 0996 1000 0278 18 074 -999 -999 -999 -999
JTWC 06S VINCE     110115 1800 158S 1136E 270 015 1000 1001 0278 15 074 -999 -999 -999 -999
JTWC 06S VINCE     110116 0000 160S 1132E 250 021 1000 1001 0259 15 074 -999 -999 -999 -999
