JTWC 08W EIGHT     110711 1200 181N 1573E 265 015 1005 1008 0370 15 083 -999 -999 -999 -999
JTWC 08W EIGHT     110711 1800 187N 1555E 285 041 1000 1008 0389 15 074 -999 -999 -999 -999
JTWC 08W EIGHT     110712 0000 187N 1549E 280 041 1000 1005 0407 15 074 -999 -999 -999 -999
JTWC 08W EIGHT     110712 0600 187N 1555E 285 041 0996 1005 0370 18 074 -999 -999 -999 -999
JTWC 08W EIGHT     110712 1200 189N 1544E 285 031 0996 1004 0463 18 074 -999 -999 -999 -999
JTWC 08W MA-ON     110712 1800 191N 1536E 285 036 0996 1004 0463 21 074 -999 -999 -999 -999
JTWC 08W MA-ON     110713 0000 196N 1528E 295 041 0985 1004 0463 26 065 0148 0130 0130 0148
JTWC 08W MA-ON     110713 0600 197N 1514E 285 051 0982 1004 0407 28 037 0167 0157 0157 0167
JTWC 08W MA-ON     110713 1200 198N 1503E 280 057 0974 1002 0398 33 037 0194 0176 0176 0194
JTWC 08W MA-ON     110713 1800 199N 1486E 275 067 0963 1007 0593 41 037 0204 0185 0185 0213
JTWC 08W MA-ON     110714 0000 201N 1470E 275 072 0956 1003 0417 46 028 0213 0194 0194 0222
JTWC 08W MA-ON     110714 0600 201N 1462E 275 067 0956 1004 0426 46 028 0278 0241 0241 0278
JTWC 08W MA-ON     110714 1200 202N 1451E 275 057 0952 1003 0417 49 028 0278 0241 0241 0278
JTWC 08W MA-ON     110714 1800 203N 1437E 275 057 0952 1002 0417 49 028 0278 0241 0241 0278
JTWC 08W MA-ON     110715 0000 204N 1425E 275 062 0941 1000 0407 57 028 0259 0278 0278 0259
JTWC 08W MA-ON     110715 0600 206N 1414E 275 057 0937 1000 0380 59 028 0306 0287 0287 0306
JTWC 08W MA-ON     110715 1200 206N 1404E 275 051 0937 1000 0380 59 028 0306 0306 0306 0306
JTWC 08W MA-ON     110715 1800 208N 1396E 280 046 0944 1000 0380 54 028 0306 0306 0306 0306
JTWC 08W MA-ON     110716 0000 211N 1387E 280 046 0944  999 0417 54 028 0306 0306 0306 0306
JTWC 08W MA-ON     110716 0600 212N 1378E 280 046 0941  998 0398 57 028 0352 0306 0306 0352
JTWC 08W MA-ON     110716 1200 218N 1371E 295 041 0941  998 0398 57 028 0352 0306 0306 0352
JTWC 08W MA-ON     110716 1800 227N 1363E 305 046 0941  998 0398 57 028 0352 0333 0333 0352
JTWC 08W MA-ON     110717 0000 234N 1356E 315 051 0941  998 0398 57 037 0352 0333 0333 0352
JTWC 08W MA-ON     110717 0600 244N 1346E 320 057 0944  999 0417 54 037 0407 0296 0296 0407
JTWC 08W MA-ON     110717 1200 252N 1338E 315 057 0948 1000 0435 51 037 0407 0296 0296 0407
JTWC 08W MA-ON     110717 1800 260N 1334E 325 057 0956  995 0500 46 037 0444 0426 0426 0444
JTWC 08W MA-ON     110718 0000 270N 1332E 335 051 0959  995 0500 44 037 0444 0426 0426 0444
JTWC 08W MA-ON     110718 0600 283N 1332E 350 051 0959  998 0556 44 037 0407 0407 0333 0333
JTWC 08W MA-ON     110718 1200 297N 1330E 355 062 0967  998 0556 39 046 0370 0370 0278 0315
JTWC 08W MA-ON     110718 1800 308N 1328E 355 062 0967  998 0583 39 046 0389 0389 0278 0315
JTWC 08W MA-ON     110719 0000 319N 1329E 355 062 0970  997 0624 36 046 0417 0417 0278 0315
JTWC 08W MA-ON     110719 0600 327N 1333E   5 051 0974  997 0593 33 046 0389 0370 0241 0185
JTWC 08W MA-ON     110719 1200 333N 1342E  25 046 0982  997 0574 28 046 0278 0259 0222 0148
JTWC 08W MA-ON     110719 1800 336N 1348E  45 041 0974  998 0593 33 046 0213 0269 0241 0148
JTWC 08W MA-ON     110720 0000 336N 1356E  65 036 0978  998 0574 31 046 0213 0269 0241 0148
JTWC 08W MA-ON     110720 0600 336N 1370E  80 041 0982  998 0556 28 037 0185 0250 0222 0130
JTWC 08W MA-ON     110720 1200 332N 1380E 100 046 0982  998 0556 28 037 0185 0250 0222 0130
JTWC 08W MA-ON     110720 1800 324N 1387E 115 051 0989  998 0556 23 046 0167 0278 0250 0157
JTWC 08W MA-ON     110721 0000 312N 1394E 140 057 0996  998 0463 18 056 -999 -999 -999 -999
JTWC 08W MA-ON     110721 0600 304N 1408E 135 062 0997 1001 0444 15 056 -999 -999 -999 -999
JTWC 08W MA-ON     110721 1200 306N 1418E 120 057 0998 1001 0444 15 056 -999 -999 -999 -999
JTWC 08W MA-ON     110721 1800 301N 1420E 115 041 1000 1002 0444 15 083 -999 -999 -999 -999
