NHC  09L IRENE     110820 1800 146N 0572W 275 098 1006 1010 0324 23 111 0195 -999 -999 -999 -999 -999
NHC  09L IRENE     110821 0000 150N 0590W 280 098 1006 1010 0324 23 111 0195 -999 -999 -999 -999 -999
NHC  09L IRENE     110821 0600 160N 0604W 280 093 1006 1010 0324 23 093 0241 -999 -999 01489 -999 -999 -999
NHC  09L IRENE     110821 1200 168N 0624W 290 093 1005 1010 0324 23 093 0241 -999 -999 01489 -999 -999 -999
NHC  09L IRENE     110821 1800 175N 0637W 295 082 0999 1010 0324 23 093 0241 -999 -999 01309 -999 -999 -999
NHC  09L IRENE     110822 0000 179N 0650W 285 067 0994 1010 0232 26 056 0241 0056 0056 01676 -999 -999 0056
NHC  09L IRENE     110822 0600 182N 0659W 290 051 0989 1010 0232 31 028 0241 0111 0111 01674 0046 0037 0065
NHC  09L IRENE     110822 1200 189N 0670W 295 062 0990 1010 0232 36 028 0241 0111 0111 01674 0046 0037 0065
NHC  09L IRENE     110822 1800 193N 0681W 295 057 0988 1010 0232 36 028 0297 0111 0074 01674 0056 0037 0046
NHC  09L IRENE     110823 0000 197N 0687W 295 051 0981 1008 0278 44 028 0297 0130 0074 01671 0056 0037 0093
NHC  09L IRENE     110823 0600 201N 0697W 295 051 0978 1010 0556 44 028 0334 0222 0222 02417 0111 0111 0130
NHC  09L IRENE     110823 1200 206N 0706W 295 051 0978 1008 0556 44 028 0334 0222 0222 02417 0111 0111 0130
NHC  09L IRENE     110823 1800 207N 0712W 295 041 0977 1006 0556 41 037 0334 0222 0167 02419 0111 0074 0111
NHC  09L IRENE     110824 0000 211N 0720W 295 041 0969 1006 0556 41 037 0334 0334 0167 02780 0130 0074 0139
NHC  09L IRENE     110824 0600 213N 0725W 295 036 0965 1008 0556 49 037 0334 0334 0167 02780 0130 0074 0130
NHC  09L IRENE     110824 1200 219N 0733W 300 041 0957 1008 0510 51 028 0334 0278 0167 02787 0111 0083 0148
NHC  09L IRENE     110824 1800 227N 0743W 310 051 0954 1008 0556 54 028 0334 0297 0185 02785 0130 0093 0148
NHC  09L IRENE     110825 0000 235N 0750W 315 051 0952 1008 0556 54 056 0408 0334 0185 02785 0167 0093 0148
NHC  09L IRENE     110825 0600 241N 0759W 315 051 0950 1008 0510 51 056 0408 0334 0185 02415 0148 0093 0130
NHC  09L IRENE     110825 1200 254N 0766W 335 062 0950 1008 0556 51 056 0463 0371 0185 02595 0185 0093 0130
NHC  09L IRENE     110825 1800 265N 0772W 335 067 0950 1008 0556 49 056 0463 0371 0232 02784 0185 0093 0130
NHC  09L IRENE     110826 0000 277N 0774W 340 067 0946 1008 0556 51 056 0463 0371 0232 02974 0185 0093 0139
NHC  09L IRENE     110826 0600 287N 0772W 360 057 0942 1010 0602 49 019 0463 0371 0241 03242 0195 0139 0139
NHC  09L IRENE     110826 1200 300N 0773W 360 062 0947 1010 0602 46 074 0463 0371 0241 03242 0195 0139 0139
NHC  09L IRENE     110826 1800 312N 0775W 360 062 0951 1012 0667 44 074 0463 0417 0259 03249 0232 0148 0167
NHC  09L IRENE     110827 0000 334N 0766W 020 062 0952 1012 0741 41 111 0417 0417 0259 02592 0232 0167 0139
NHC  09L IRENE     110827 0600 334N 0766W 020 062 0952 1012 0741 41 111 0417 0417 0259 02592 0232 0167 0139
NHC  09L IRENE     110827 1200 347N 0766W 010 067 0952 1012 0741 39 083 0417 0417 0278 02322 0232 0167 0111
NHC  09L IRENE     110827 1800 355N 0763W 010 057 0950 1012 0741 39 083 0389 0389 0278 02322 0222 0148 0111
NHC  09L IRENE     110828 0000 367N 0757W 020 067 0951 1012 0741 36 083 0389 0389 0278 02322 0222 0148 0111
NHC  09L IRENE     110828 0600 381N 0750W 020 077 0958 1008 0676 33 185 0426 0519 0297 02048 0278 -999 -999
NHC  09L IRENE     110828 1200 403N 0741W 020 118 0963 1006 0741 28 185 0426 0519 0297 02048 0278 -999 -999
NHC  09L IRENE     110828 1800 423N 0733W 020 113 0970 1006 0741 26 185 0426 0519 0241 -999 -999 -999
NHC  09L IRENE     110829 0000 442N 0721W 025 113 0979 1004 0649 23 278 0426 0584 0463 -999 -999 -999
