JTWC 11W ELEVEN    110725 1200 056N 1472E 295 026 1003 1008 0296 13 056 -999 -999 -999 -999
JTWC 11W ELEVEN    110725 1800 057N 1456E 285 041 1001 1008 0296 15 056 -999 -999 -999 -999
JTWC 11W ELEVEN    110726 0000 061N 1444E 285 057 1000 1008 0370 15 056 -999 -999 -999 -999
JTWC 11W ELEVEN    110726 0600 081N 1433E 310 077 1000 1008 0370 15 056 -999 -999 -999 -999
JTWC 11W ELEVEN    110726 1200 089N 1424E 315 072 1000 1008 0370 15 056 -999 -999 -999 -999
JTWC 11W ELEVEN    110726 1800 094N 1414E 310 072 1000 1008 0370 15 065 -999 -999 -999 -999
JTWC 11W ELEVEN    110727 0000 100N 1418E 320 041 1002 1007 0407 15 074 -999 -999 -999 -999
JTWC 11W ELEVEN    110727 0600 105N 1409E 315 041 1000 1007 0370 15 074 -999 -999 -999 -999
JTWC 11W ELEVEN    110727 1800 125N 1383E 305 072 1000 1008 0407 15 083 -999 -999 -999 -999
JTWC 11W ELEVEN    110728 0000 130N 1369E 305 077 0996 1007 0454 18 074 -999 -999 -999 -999
JTWC 11W MUIFA     110728 0600 119N 1350E 275 077 0993 1007 0454 21 074 0102 0111 0111 0102
JTWC 11W MUIFA     110728 1200 123N 1338E 270 072 0993 1007 0454 21 074 0102 0111 0111 0102
JTWC 11W MUIFA     110728 1800 123N 1337E 275 046 0989 1007 0472 23 074 0102 0111 0111 0102
JTWC 11W MUIFA     110729 0000 126N 1337E 295 031 0985 1006 0491 26 065 0102 0111 0111 0102
JTWC 11W MUIFA     110729 0600 135N 1339E 340 031 0985 1006 0491 26 065 0102 0111 0111 0102
JTWC 11W MUIFA     110729 1200 141N 1339E 355 031 0982 1006 0509 28 046 0130 0111 0111 0120
JTWC 11W MUIFA     110729 1800 147N 1340E   5 031 0982 1005 0463 28 046 0130 0111 0111 0120
JTWC 11W MUIFA     110730 0000 158N 1340E   0 041 0978 1005 0463 31 046 0157 0148 0139 0148
JTWC 11W MUIFA     110730 0600 162N 1331E 340 041 0959 1003 0444 44 037 0204 0204 0204 0176
JTWC 11W MUIFA     110730 1200 165N 1327E 325 036 0937 1000 0426 59 028 0222 0204 0259 0222
JTWC 11W MUIFA     110730 1800 166N 1324E 305 031 0926  998 0444 67 037 0241 0222 0278 0241
JTWC 11W MUIFA     110731 0000 168N 1326E 325 010 0926  998 0444 67 037 0259 0241 0296 0259
JTWC 11W MUIFA     110731 0600 171N 1329E  20 010 0929  999 0407 64 037 0241 0259 0259 0241
JTWC 11W MUIFA     110731 1200 177N 1335E  45 026 0929  999 0389 64 028 0222 0259 0259 0222
JTWC 11W MUIFA     110731 1800 185N 1335E  25 031 0933  999 0389 62 028 0278 0315 0315 0278
JTWC 11W MUIFA     110801 0000 189N 1337E  25 036 0933  999 0389 62 028 0278 0315 0315 0278
JTWC 11W MUIFA     110801 0600 197N 1341E  15 036 0944  999 0389 54 028 0315 0333 0333 0315
JTWC 11W MUIFA     110801 1200 206N 1341E  15 036 0941  999 0389 57 028 0333 0352 0352 0315
JTWC 11W MUIFA     110801 1800 215N 1342E  10 046 0941  999 0611 57 028 0370 0407 0389 0315
JTWC 11W MUIFA     110802 0000 223N 1341E   0 046 0941  999 0389 57 019 0370 0407 0389 0315
JTWC 11W MUIFA     110802 0600 227N 1341E   0 036 0941 1001 0407 57 019 0389 0370 0370 0389
JTWC 11W MUIFA     110802 1200 233N 1338E 350 031 0941 1002 0426 57 019 0389 0370 0370 0389
JTWC 11W MUIFA     110802 1800 238N 1332E 335 031 0941 1001 0426 57 028 0389 0370 0370 0389
JTWC 11W MUIFA     110803 0000 242N 1326E 320 036 0941 1001 0426 57 028 0389 0370 0370 0407
JTWC 11W MUIFA     110803 0600 243N 1321E 305 031 0944 1001 0426 54 028 0380 0361 0361 0398
JTWC 11W MUIFA     110803 1200 244N 1314E 290 031 0952  999 0556 49 037 0370 0352 0333 0370
JTWC 11W MUIFA     110803 1800 245N 1305E 280 036 0952  999 0556 49 037 0407 0370 0370 0407
JTWC 11W MUIFA     110804 0000 246N 1296E 280 041 0956  999 0556 46 037 0407 0370 0370 0407
JTWC 11W MUIFA     110804 0600 247N 1292E 280 036 0956  999 0482 46 037 0407 0370 0370 0407
JTWC 11W MUIFA     110804 1200 248N 1286E 280 031 0956  997 0444 46 037 0407 0370 0370 0407
JTWC 11W MUIFA     110804 1800 251N 1281E 290 026 0959  997 0444 44 037 0407 0370 0370 0407
JTWC 11W MUIFA     110805 0000 252N 1279E 295 021 0959  997 0444 44 083 0407 0370 0370 0407
JTWC 11W MUIFA     110805 0600 258N 1272E 305 026 0959  997 0444 44 037 0407 0370 0370 0407
JTWC 11W MUIFA     110805 1200 262N 1267E 310 031 0959  997 0407 44 037 0407 0370 0352 0407
JTWC 11W MUIFA     110805 1800 265N 1264E 315 031 0963  997 0407 41 037 0407 0370 0352 0407
JTWC 11W MUIFA     110806 0000 277N 1256E 325 041 0970  997 0389 36 037 0389 0352 0333 0389
JTWC 11W MUIFA     110806 0600 287N 1252E 330 046 0974  997 0407 33 046 0370 0333 0296 0352
JTWC 11W MUIFA     110806 1200 294N 1249E 335 046 0974  996 0389 33 046 0389 0333 0296 0352
JTWC 11W MUIFA     110806 1800 305N 1244E 340 051 0974  996 0389 33 046 0389 0333 0296 0352
JTWC 11W MUIFA     110807 0000 321N 1241E 345 062 0978  996 0389 31 056 0389 0333 0296 0352
JTWC 11W MUIFA     110807 0600 331N 1239E 345 067 0978  996 0389 31 065 0463 0407 0296 0352
JTWC 11W MUIFA     110807 1200 345N 1239E 355 067 0982  999 0389 28 065 0463 0407 0296 0352
JTWC 11W MUIFA     110807 1800 360N 1238E 355 072 0982 1001 0407 28 074 0463 0407 0296 0352
JTWC 11W MUIFA     110808 0000 375N 1239E   0 077 0982 1001 0417 28 083 0500 0407 0352 0352
JTWC 11W MUIFA     110808 0600 387N 1240E   0 072 0985 1001 0417 26 083 0444 0454 0241 0352
JTWC 11W MUIFA     110808 1200 403N 1249E  10 077 0993 1000 0457 21 083 0306 0278 0093 0093
