NHC  12L TWELVE    110829 0600 093N 0257W 270 067 1009 1012 0297 13 111 -999 -999 -999 -999 -999 -999
NHC  12L TWELVE    110829 1200 097N 0270W 275 067 1008 1013 0278 15 111 -999 -999 -999 -999 -999 -999
NHC  12L TWELVE    110829 1800 100N 0279W 280 062 1008 1013 0278 15 111 -999 -999 -999 -999 -999 -999
NHC  12L TWELVE    110830 0000 108N 0294W 290 067 1006 1013 0278 18 074 -999 -999 0074 00749 -999 -999 -999
NHC  12L TWELVE    110830 0600 115N 0308W 290 072 1006 1012 0334 18 056 -999 -999 -999 00569 -999 -999 -999
NHC  12L KATIA     110830 1200 120N 0326W 290 082 1003 1012 0334 21 056 0056 0056 -999 00569 -999 -999 -999
NHC  12L KATIA     110830 1800 125N 0346W 285 093 0997 1012 0334 26 037 0139 0074 0037 01397 -999 -999 0037
NHC  12L KATIA     110831 0000 131N 0366W 285 098 0997 1012 0371 26 037 0139 0074 0037 01397 -999 -999 0037
NHC  12L KATIA     110831 0600 136N 0383W 285 093 0994 1013 0371 28 037 0139 0074 0037 01396 -999 -999 0046
NHC  12L KATIA     110831 1200 140N 0400W 286 093 0994 1013 0371 28 037 0139 0074 0037 01396 -999 -999 0046
NHC  12L KATIA     110831 1800 144N 0417W 285 088 0990 1012 0371 31 037 0204 0111 0074 02044 0037 -999 0074
NHC  12L KATIA     110901 0000 148N 0436W 285 093 0987 1012 0334 33 037 0204 0139 0083 02043 0056 -999 0093
NHC  12L KATIA     110901 0600 151N 0452W 280 088 0987 1012 0371 33 028 0204 0167 0083 02043 0074 -999 0093
NHC  12L KATIA     110901 1200 153N 0469W 280 082 0987 1012 0417 33 037 0204 0167 0083 02043 0074 -999 0093
NHC  12L KATIA     110901 1800 158N 0486W 280 082 0987 1012 0417 33 046 0222 0167 0083 02221 0074 -999 0111
NHC  12L KATIA     110902 0000 165N 0500W 290 082 0990 1012 0417 31 046 0222 0167 0083 02221 0074 -999 0111
NHC  12L KATIA     110902 0600 168N 0513W 290 077 0994 1012 0417 31 046 0278 0222 0083 02507 0111 -999 0139
NHC  12L KATIA     110902 1200 175N 0521W 300 062 0991 1013 0463 33 046 0250 0195 0111 02228 0093 0074 0111
NHC  12L KATIA     110902 1800 179N 0527W 305 046 0989 1013 0510 33 046 0278 0222 0139 02505 0093 0074 0130
NHC  12L KATIA     110903 0000 183N 0539W 300 046 0988 1013 0510 33 046 0278 0222 0139 02505 0093 0074 0130
NHC  12L KATIA     110903 0600 190N 0547W 305 051 0991 1013 0510 31 046 0278 0222 0139 02505 0093 0074 0130
NHC  12L KATIA     110903 1200 193N 0554W 305 046 0988 1013 0510 33 056 0278 0222 0139 02505 0093 0074 0130
NHC  12L KATIA     110903 1800 196N 0564W 300 046 0993 1012 0510 31 056 0222 0195 0139 01951 0074 0056 0093
NHC  12L KATIA     110904 0000 200N 0570W 300 041 0993 1012 0510 31 056 0222 0195 0139 01951 0074 0056 0093
NHC  12L KATIA     110904 0600 211N 0580W 305 051 0992 1012 0510 31 056 0278 0222 0139 01950 0093 0056 0111
NHC  12L KATIA     110904 1200 216N 0588W 305 051 0968 1013 0556 44 056 0278 0222 0139 01950 0093 0074 0111
NHC  12L KATIA     110904 1800 223N 0597W 305 051 0965 1013 0556 46 056 0278 0222 0139 02220 0093 0074 0111
NHC  12L KATIA     110905 0000 230N 0606W 310 051 0965 1012 0463 46 056 0278 0222 0139 02220 0093 0074 0111
NHC  12L KATIA     110905 0600 236N 0615W 305 057 0972 1012 0417 44 056 0297 0222 0185 02040 0111 0083 0111
NHC  12L KATIA     110905 1200 242N 0626W 305 057 0965 1013 0500 49 056 0334 0222 0195 02228 0130 0111 0130
NHC  12L KATIA     110905 1800 248N 0634W 310 051 0959 1012 0463 51 056 0334 0222 0195 02508 0130 0111 0130
NHC  12L KATIA     110906 0000 256N 0640W 315 046 0946 1012 0463 59 056 0334 0222 0195 02508 0130 0111 0130
NHC  12L KATIA     110906 0600 262N 0648W 315 046 0950 1012 0463 57 056 0334 0222 0195 02508 0130 0111 0130
NHC  12L KATIA     110906 1200 267N 0656W 310 046 0954 1013 0519 54 056 0334 0222 0195 02508 0130 0130 0130
NHC  12L KATIA     110906 1800 273N 0664W 310 046 0963 1012 0556 49 102 0334 0250 0222 02505 0167 0148 0130
NHC  12L KATIA     110907 0000 278N 0669W 315 041 0963 1012 0510 46 102 0334 0250 0222 02505 0167 0148 0130
NHC  12L KATIA     110907 0600 284N 0676W 315 046 0973 1012 0417 41 102 0334 0250 0222 02505 0167 0148 0130
NHC  12L KATIA     110907 1200 290N 0684W 315 046 0976 1013 0445 39 102 0334 0250 0222 03345 0167 0148 0139
NHC  12L KATIA     110907 1800 294N 0693W 310 046 0982 1012 0417 36 102 0334 0250 0222 03345 0167 0148 0167
NHC  12L KATIA     110908 0000 303N 0699W 330 057 0982 1012 0463 36 102 0334 0278 0278 03344 0185 0148 0167
NHC  12L KATIA     110908 0600 314N 0702W 330 051 0975 1012 0445 41 093 0371 0334 0278 03349 0185 0148 0204
NHC  12L KATIA     110908 1200 330N 0702W 360 077 0970 1012 0445 41 093 0371 0334 0278 03349 0185 0148 0204
NHC  12L KATIA     110908 1800 342N 0700W 005 072 0973 1010 0389 39 056 0371 0334 0334 02972 0185 0185 0185
NHC  12L KATIA     110909 0000 356N 0694W 020 088 0973 1010 0463 39 056 0371 0371 0334 02782 0222 0167 0167
NHC  12L KATIA     110909 0600 369N 0685W 020 072 0973 1010 0463 39 056 0371 0408 0278 02227 0167 0111 0111
NHC  12L KATIA     110909 1200 385N 0671W 035 088 0968 1010 0463 39 056 0371 0408 0278 02227 0167 0111 0111
NHC  12L KATIA     110909 1800 398N 0646W 050 118 0970 1010 0463 39 056 0371 0408 0315 02227 0222 0111 0111
NHC  12L KATIA     110910 0000 406N 0605W 070 180 0970 1010 0463 39 056 0371 0426 0315 02227 0259 0222 0111
NHC  12L KATIA     110910 0600 426N 0561W 060 160 0970 1004 0463 36 111 0371 0426 0482 02977 0259 0315 0185
NHC  12L KATIA     110910 1200 436N 0505W 070 216 0954 1006 0602 36 111 0371 0500 0500 02977 0315 0315 0185
NHC  12L KATIA     110910 1800 458N 0437W 065 273 0954 1006 0630 36 130 0371 0500 0500 02977 0315 0315 0185
