JTWC 12W MERBOK    110803 1200 235N 1594E 275 057 0996 1006 0426 18 083 -999 -999 -999 -999
JTWC 12W MERBOK    110803 1800 233N 1589E 270 046 0996 1006 0389 18 083 -999 -999 -999 -999
JTWC 12W MERBOK    110804 0000 243N 1584E 290 036 0993 1005 0370 21 056 0111 0056 0056 0111
JTWC 12W MERBOK    110804 0600 247N 1573E 295 046 0993 1005 0370 21 056 0111 0093 0093 0111
JTWC 12W MERBOK    110804 1200 249N 1567E 300 041 0996 1005 0370 18 056 0111 0093 0093 0111
JTWC 12W MERBOK    110804 1800 254N 1562E 300 041 0996 1005 0398 18 056 0185 0120 0120 0185
JTWC 12W MERBOK    110805 0000 263N 1554E 315 041 0989 1005 0333 23 056 0222 0157 0157 0222
JTWC 12W MERBOK    110805 0600 268N 1553E 325 041 0989 1004 0333 23 056 0222 0204 0185 0222
JTWC 12W MERBOK    110805 1200 272N 1548E 325 036 0982 1002 0333 28 046 0222 0222 0185 0222
JTWC 12W MERBOK    110805 1800 276N 1542E 320 036 0982 1002 0333 28 046 0222 0222 0185 0222
JTWC 12W MERBOK    110806 0000 281N 1538E 320 031 0978 1002 0370 31 046 0232 0213 0204 0232
JTWC 12W MERBOK    110806 0600 287N 1540E 340 031 0974 1005 0370 33 046 0232 0213 0194 0232
JTWC 12W MERBOK    110806 1200 293N 1538E 350 031 0967 1004 0389 39 037 0232 0213 0194 0232
JTWC 12W MERBOK    110806 1800 303N 1539E   0 036 0967 1004 0389 39 037 0232 0213 0194 0222
JTWC 12W MERBOK    110807 0000 310N 1540E   0 041 0963 1004 0407 41 037 0241 0222 0204 0232
JTWC 12W MERBOK    110807 0600 315N 1541E   5 036 0967 1007 0398 39 037 0241 0222 0204 0232
JTWC 12W MERBOK    110807 1200 324N 1544E  10 036 0970 1005 0398 36 046 0241 0222 0204 0232
JTWC 12W MERBOK    110807 1800 331N 1550E  20 041 0974 1005 0389 33 046 0241 0222 0204 0232
JTWC 12W MERBOK    110808 0000 343N 1562E  30 057 0974 1005 0389 33 046 0241 0222 0204 0232
JTWC 12W MERBOK    110808 0600 359N 1578E  40 077 0978 1007 0389 31 056 0241 0222 0204 0232
JTWC 12W MERBOK    110808 1200 374N 1591E  35 093 0982 1009 0444 28 065 0287 0370 0259 0232
JTWC 12W MERBOK    110808 1800 392N 1603E  35 103 0985 1009 0444 26 074 0444 0519 0269 0222
