NHC  13E THIRTEEN  111119 1800 098N 1005W 285 046 1006 1011 0389 15 111 -999 -999 -999 -999 -999 -999
NHC  13E THIRTEEN  111120 0000 101N 1015W 280 051 1006 1011 0389 15 083 -999 -999 -999 -999 -999 -999
NHC  13E THIRTEEN  111120 0600 102N 1032W 275 067 1005 1010 0334 15 074 -999 -999 -999 -999 -999 -999
NHC  13E THIRTEEN  111120 1200 105N 1041W 280 057 1005 1010 0371 15 074 -999 -999 -999 -999 -999 -999
NHC  13E THIRTEEN  111120 1800 114N 1050W 290 057 1005 1012 0371 15 111 -999 -999 -999 -999 -999 -999
NHC  13E KENNETH   111121 0000 121N 1064W 295 062 1004 1010 0389 21 083 0222 0083 0083 01119 -999 -999 -999
NHC  13E KENNETH   111121 0600 122N 1078W 290 067 0995 1010 0389 28 046 0222 0102 0083 01856 -999 -999 0056
NHC  13E KENNETH   111121 1200 125N 1091W 285 062 0992 1010 0324 33 028 0222 0102 0083 01856 -999 -999 0056
NHC  13E KENNETH   111121 1800 130N 1101W 285 057 0982 1009 0334 39 028 0222 0130 0083 01853 0056 0037 0074
NHC  13E KENNETH   111122 0000 130N 1113W 280 057 0973 1010 0334 46 046 0222 0139 0111 01953 0074 0074 0074
NHC  13E KENNETH   111122 0600 130N 1123W 270 057 0969 1010 0334 49 046 0222 0139 0111 02043 0074 0074 0074
NHC  13E KENNETH   111122 1200 129N 1134W 270 057 0943 1010 0334 64 046 0241 0148 0130 02221 0093 0093 0093
NHC  13E KENNETH   111122 1800 126N 1144W 260 051 0943 1012 0334 64 046 0204 0167 0130 02041 0093 0093 0093
NHC  13E KENNETH   111123 0000 125N 1153W 260 051 0949 1012 0334 59 037 0204 0167 0130 02041 0093 0093 0093
NHC  13E KENNETH   111123 0600 125N 1161W 270 041 0965 1012 0334 51 037 0167 0139 0111 01673 0074 0074 0093
NHC  13E KENNETH   111123 1200 126N 1170W 270 041 0970 1012 0334 46 037 0167 0139 0111 01673 0074 0074 0093
NHC  13E KENNETH   111123 1800 130N 1182W 285 051 0982 1012 0334 31 046 0130 0130 0056 00935 0065 -999 -999
NHC  13E KENNETH   111124 0000 133N 1193W 285 057 0987 1012 0334 28 046 0130 0130 0056 00935 0065 -999 -999
NHC  13E KENNETH   111124 0600 137N 1203W 290 057 0996 1012 0334 26 046 0130 0130 0056 00935 0065 -999 -999
NHC  13E KENNETH   111124 1200 136N 1211W 280 046 0996 1010 0278 26 046 0111 0167 -999 -999 -999 -999
NHC  13E KENNETH   111124 1800 134N 1219W 275 041 1002 1012 0278 21 046 0111 0167 -999 -999 -999 -999
NHC  13E KENNETH   111125 0000 134N 1227W 270 041 1003 1011 0278 21 046 0111 0111 -999 -999 -999 -999
NHC  13E KENNETH   111125 0600 134N 1238W 270 046 1005 1011 0278 15 046 -999 -999 -999 -999 -999 -999
NHC  13E KENNETH   111125 1200 135N 1255W 270 067 1007 1011 0278 13 074 -999 -999 -999 -999 -999 -999
