NHC  13L THIRTEEN  110901 1800 266N 0914W 310 010 1008 1013 0334 15 139 -999 -999 -999 -999 -999 -999
NHC  13L THIRTEEN  110902 0000 266N 0914W 315 010 1007 1013 0334 15 167 -999 -999 -999 -999 -999 -999
NHC  13L THIRTEEN  110902 0600 263N 0915W 360 000 1006 1010 0334 15 278 -999 -999 -999 -999 -999 -999
NHC  13L THIRTEEN  110902 1200 270N 0916W 360 005 1005 1010 0334 18 148 0185 0185 -999 -999 -999 -999
NHC  13L LEE       110902 1800 274N 0915W 325 010 1003 1010 0334 18 148 0324 0324 -999 -999 -999 -999
NHC  13L LEE       110903 0000 280N 0915W 360 021 1001 1007 0324 21 139 0324 0324 -999 01679 -999 -999 -999
NHC  13L LEE       110903 0600 285N 0918W 345 031 0997 1006 0324 23 139 0324 0324 -999 01679 -999 -999 -999
NHC  13L LEE       110903 1200 290N 0919W 355 026 0997 1007 0417 26 222 0371 0324 -999 -999 -999 -999
NHC  13L LEE       110903 1800 292N 0921W 360 015 0989 1007 0417 26 222 0371 0324 -999 -999 -999 -999
NHC  13L LEE       110904 0000 295N 0924W 325 015 0988 1004 0417 23 278 0417 0371 -999 -999 -999 -999
NHC  13L LEE       110904 0600 295N 0925W 360 010 0987 1004 0417 21 278 0445 0445 -999 -999 -999 -999
NHC  13L LEE       110904 1200 297N 0920W 045 015 0986 1006 0602 21 232 0445 0445 -999 -999 -999 -999
NHC  13L LEE       110904 1800 304N 0918W 030 021 0987 1006 0602 21 232 -999 0445 -999 -999 -999 -999
NHC  13L LEE       110905 0000 309N 0917W 010 026 0990 1005 0454 18 445 -999 0445 -999 -999 -999 -999
NHC  13L LEE       110905 1200 304N 0902W 090 036 0994 1006 0500 18 445 -999 0463 0463 -999 -999 -999
