NHC  14L FOURTEEN  110906 1800 115N 0358W 280 077 1008 1012 0324 15 139 -999 -999 -999 -999 -999 -999
NHC  14L FOURTEEN  110907 0000 114N 0372W 280 072 1008 1012 0324 15 139 -999 -999 -999 -999 -999 -999
NHC  14L FOURTEEN  110907 0600 118N 0390W 280 082 1006 1012 0324 15 139 -999 -999 -999 -999 -999 -999
NHC  14L MARIA     110907 1200 128N 0410W 285 088 1003 1012 0324 23 074 0074 -999 -999 00749 -999 -999 -999
NHC  14L MARIA     110907 1800 132N 0431W 285 103 1002 1012 0324 23 074 0093 -999 -999 00939 -999 -999 -999
NHC  14L MARIA     110908 0000 133N 0452W 275 103 1002 1012 0324 23 074 0139 -999 -999 01399 -999 -999 -999
NHC  14L MARIA     110908 0600 134N 0472W 275 103 1004 1010 0324 23 074 0185 -999 -999 01859 -999 -999 -999
NHC  14L MARIA     110908 1200 130N 0502W 269 113 1005 1010 0324 21 074 0185 -999 -999 01399 -999 -999 -999
NHC  14L MARIA     110908 1800 131N 0518W 270 103 1006 1010 0324 18 074 0185 -999 -999 01399 -999 -999 -999
NHC  14L MARIA     110909 0000 132N 0537W 275 093 1005 1010 0324 18 093 0278 -999 -999 01859 -999 -999 -999
NHC  14L MARIA     110909 0600 134N 0555W 275 093 1005 1010 0324 18 093 0278 -999 -999 01859 -999 -999 -999
NHC  14L MARIA     110909 1200 140N 0570W 285 082 1003 1010 0334 21 093 0278 -999 -999 01859 -999 -999 -999
NHC  14L MARIA     110909 1800 144N 0580W 285 067 1004 1008 0324 21 093 0278 -999 -999 01859 -999 -999 -999
NHC  14L MARIA     110910 0000 149N 0591W 285 062 1004 1008 0324 21 111 0278 -999 -999 01859 -999 -999 -999
NHC  14L MARIA     110910 0600 155N 0598W 300 051 1005 1008 0324 21 111 0278 -999 -999 01859 -999 -999 -999
NHC  14L MARIA     110910 1200 169N 0612W 310 067 1008 1010 0445 18 148 0324 -999 -999 -999 -999 -999
NHC  14L MARIA     110910 1800 175N 0620W 310 057 1007 1010 0417 21 148 0324 -999 -999 -999 -999 -999
NHC  14L MARIA     110911 0000 182N 0625W 315 046 1006 1010 0278 21 111 0324 -999 -999 01399 -999 -999 -999
NHC  14L MARIA     110911 0600 186N 0633W 310 046 1004 1010 0278 23 111 0324 -999 -999 01399 -999 -999 -999
NHC  14L MARIA     110911 1200 192N 0641W 310 046 1003 1012 0324 26 111 0324 -999 -999 01397 -999 -999 -999
NHC  14L MARIA     110911 1800 195N 0649W 300 046 1005 1011 0278 26 111 0324 0185 -999 01675 -999 -999 -999
NHC  14L MARIA     110912 0000 200N 0656W 305 046 1005 1012 0222 26 111 0324 0185 -999 01675 -999 -999 -999
NHC  14L MARIA     110912 0600 205N 0660W 305 041 1005 1013 0278 26 111 0324 0185 -999 01675 -999 -999 -999
NHC  14L MARIA     110912 1200 206N 0670W 285 041 1006 1013 0278 23 185 0324 0185 -999 -999 -999 -999
NHC  14L MARIA     110912 1800 208N 0671W 295 010 1006 1012 0278 23 139 0324 0324 -999 -999 -999 -999
NHC  14L MARIA     110913 0000 212N 0674W 320 021 1006 1012 0278 23 139 0324 0324 -999 -999 -999 -999
NHC  14L MARIA     110913 0600 214N 0676W 325 021 1006 1012 0278 23 139 0371 0324 -999 -999 -999 -999
NHC  14L MARIA     110913 1200 219N 0679W 330 026 1006 1011 0306 23 185 0324 0324 -999 -999 -999 -999
NHC  14L MARIA     110913 1800 221N 0679W 345 021 1006 1011 0306 23 185 0278 0278 -999 -999 -999 -999
NHC  14L MARIA     110914 0000 230N 0681W 350 036 1004 1011 0306 23 185 0278 0278 -999 -999 -999 -999
NHC  14L MARIA     110914 0600 238N 0685W 345 046 1003 1011 0315 23 111 0278 0278 -999 -999 -999 -999
NHC  14L MARIA     110914 1200 245N 0694W 330 041 1001 1011 0315 26 093 0278 0278 -999 00931 -999 -999 -999
NHC  14L MARIA     110914 1800 256N 0694W 360 057 1001 1011 0334 26 093 0278 0278 -999 00931 -999 -999 -999
NHC  14L MARIA     110915 0000 272N 0689W 015 077 0999 1010 0334 28 130 0334 0334 -999 -999 -999 -999
NHC  14L MARIA     110915 0600 290N 0686W 010 082 0999 1010 0334 28 130 0334 0334 -999 -999 -999 -999
NHC  14L MARIA     110915 1200 312N 0678W 015 129 0991 1012 0334 31 130 0334 0334 -999 -999 -999 -999
NHC  14L MARIA     110915 1800 338N 0666W 025 144 0987 1012 0278 33 065 0334 0389 0083 00835 0185 -999 -999
NHC  14L MARIA     110916 0000 368N 0649W 030 180 0984 1014 0389 36 046 0334 0334 0093 00935 0185 0046 0046
NHC  14L MARIA     110916 0600 400N 0620W 035 196 0979 1004 0222 36 046 0334 0334 0093 00935 0185 0046 0046
NHC  14L MARIA     110916 1200 428N 0582W 040 216 0983 1000 0185 33 065 0334 0445 0093 00939 0185 -999 -999
NHC  14L MARIA     110916 1800 465N 0540W 035 247 0983 0998 0167 33 130 0334 0500 -999 -999 -999 -999
