NHC  15L NATE      110907 1800 202N 0925W 110 010 1004 1009 0278 21 083 -999 -999 0139 01119 -999 -999 -999
NHC  15L NATE      110908 0000 204N 0926W 090 010 1003 1011 0324 21 083 -999 0167 0139 01119 -999 -999 -999
NHC  15L NATE      110908 0600 204N 0924W 090 010 1003 1011 0278 21 093 -999 0167 0222 01489 -999 -999 -999
NHC  15L NATE      110908 1200 203N 0924W 090 005 1001 1011 0278 23 093 -999 0167 0222 01489 -999 -999 -999
NHC  15L NATE      110908 1800 197N 0923W 160 015 0997 1012 0278 31 046 0083 0167 0222 01679 0083 0056 -999
NHC  15L NATE      110909 0000 197N 0922W 150 005 0994 1010 0371 31 056 0139 0167 0222 01673 0093 0139 -999
NHC  15L NATE      110909 0600 199N 0922W 360 000 0999 1010 0324 28 074 0111 0167 0167 01674 0093 -999 -999
NHC  15L NATE      110909 1200 202N 0925W 315 015 0998 1010 0278 28 074 0111 0167 0167 01674 0093 -999 -999
NHC  15L NATE      110909 1800 200N 0927W 275 015 0999 1010 0232 23 120 -999 0139 0167 -999 -999 -999
NHC  15L NATE      110910 0000 201N 0929W 285 010 0998 1010 0297 23 120 -999 0139 0167 -999 -999 -999
NHC  15L NATE      110910 0600 200N 0934W 270 021 0998 1011 0297 23 111 0111 0139 0167 01119 -999 -999 -999
NHC  15L NATE      110910 1200 200N 0940W 270 026 1000 1010 0278 23 111 0111 0139 0167 01119 -999 -999 -999
NHC  15L NATE      110910 1800 201N 0942W 270 021 1000 1010 0278 28 074 0139 0139 0167 01393 0093 0093 -999
NHC  15L NATE      110911 0000 201N 0947W 270 021 0999 1012 0297 28 056 0139 0139 0167 01393 0093 0093 0056
NHC  15L NATE      110911 0600 199N 0953W 260 026 1004 1013 0297 28 056 0120 0120 0139 01394 0074 0074 0056
NHC  15L NATE      110911 1200 203N 0964W 275 036 1005 1013 0259 21 056 0083 0083 0056 00839 -999 -999 -999
NHC  15L NATE      110911 1800 206N 0973W 285 046 1009 1015 0222 18 083 0083 -999 -999 -999 -999 -999
NHC  15L NATE      110912 0000 205N 0980W 280 036 1012 1015 0222 13 074 -999 -999 -999 -999 -999 -999
