JTWC 16W SIXTEEN   110903 1200 224N 1504E  50 062 0993 1002 0370 21 074 0204 0222 0167 0167
JTWC 16W SIXTEEN   110903 1800 241N 1513E  35 082 0989 1002 0389 23 074 0222 0222 0185 0185
JTWC 16W SIXTEEN   110904 0000 276N 1519E  20 124 0989 1002 0389 23 074 0222 0222 0185 0185
JTWC 16W SIXTEEN   110904 0600 295N 1511E   5 118 0989 1004 0426 23 074 0278 0278 0259 0259
JTWC 16W NORU      110904 1200 309N 1503E 350 103 0989 1004 0444 23 083 0333 0333 0278 0315
JTWC 16W NORU      110904 1800 325N 1496E 340 093 0996 1004 0426 18 083 0333 0333 0278 0315
JTWC 16W NORU      110905 0000 335N 1495E 340 072 1000 1004 0407 15 083 -999 -999 -999 -999
JTWC 16W NORU      110905 0600 351N 1500E 355 072 1000 1004 0407 15 093 -999 -999 -999 -999
JTWC 16W NORU      110905 1200 364N 1486E 345 072 1000 1004 0389 15 093 -999 -999 -999 -999
JTWC 16W NORU      110905 1800 369N 1483E 340 062 0996 1000 0389 18 111 -999 -999 -999 -999
JTWC 16W NORU      110906 0000 378N 1494E 350 046 0996  999 0370 18 139 -999 -999 -999 -999
JTWC 16W NORU      110906 0600 394N 1502E  20 057 0997  999 0370 15 083 -999 -999 -999 -999
JTWC 16W NORU      110906 1200 413N 1506E  20 082 0997  999 0370 15 083 -999 -999 -999 -999
JTWC 16W NORU      110906 1800 439N 1510E  10 108 0997  998 0352 13 083 -999 -999 -999 -999
