NHC  17L SEVENTEEN 110924 0600 105N 0245W 280 067 1007 1011 0334 15 083 -999 -999 -999 -999 -999 -999
NHC  17L SEVENTEEN 110924 1200 108N 0260W 285 072 1006 1011 0334 15 074 -999 -999 -999 -999 -999 -999
NHC  17L SEVENTEEN 110924 1800 110N 0274W 280 072 1006 1011 0334 18 074 0074 -999 -999 00749 -999 -999 -999
NHC  17L PHILIPPE  110925 0000 114N 0283W 285 057 1006 1012 0371 18 056 0056 -999 -999 00569 -999 -999 -999
NHC  17L PHILIPPE  110925 0600 119N 0293W 290 057 1004 1012 0371 21 056 0074 -999 -999 00749 -999 -999 -999
NHC  17L PHILIPPE  110925 1200 123N 0302W 295 051 1004 1013 0371 21 056 0074 -999 -999 00749 -999 -999 -999
NHC  17L PHILIPPE  110925 1800 129N 0313W 295 057 1000 1013 0371 23 056 0074 -999 0074 00749 -999 -999 -999
NHC  17L PHILIPPE  110926 0000 138N 0321W 300 057 0997 1013 0445 26 037 0111 0083 0083 01117 0037 -999 0037
NHC  17L PHILIPPE  110926 0600 144N 0331W 300 057 0997 1013 0445 26 037 0111 0083 0083 01117 0037 -999 0037
NHC  17L PHILIPPE  110926 1200 150N 0340W 305 057 0997 1013 0371 26 037 0111 0083 0083 01117 0037 -999 0037
NHC  17L PHILIPPE  110926 1800 151N 0342W 310 041 0997 1013 0371 26 037 0111 0083 0083 01117 0037 -999 0037
NHC  17L PHILIPPE  110927 0000 157N 0346W 315 036 1003 1015 0556 23 083 0139 0139 0111 00839 -999 -999 -999
NHC  17L PHILIPPE  110927 0600 159N 0349W 315 031 1003 1015 0556 23 083 0139 0139 0111 00839 -999 -999 -999
NHC  17L PHILIPPE  110927 1200 157N 0351W 305 021 1003 1015 0556 23 083 0139 0139 0083 00839 -999 -999 -999
NHC  17L PHILIPPE  110927 1800 158N 0357W 290 021 1005 1012 0222 21 111 0139 -999 -999 -999 -999 -999
NHC  17L PHILIPPE  110928 0000 159N 0366W 280 041 1006 1012 0278 18 139 0278 -999 -999 -999 -999 -999
NHC  17L PHILIPPE  110928 0600 163N 0376W 290 041 1006 1012 0324 18 139 0278 -999 -999 -999 -999 -999
NHC  17L PHILIPPE  110928 1200 162N 0382W 285 041 1006 1012 0324 18 139 0278 -999 -999 -999 -999 -999
NHC  17L PHILIPPE  110928 1800 167N 0393W 290 046 1006 1012 0232 18 139 0278 -999 -999 -999 -999 -999
NHC  17L PHILIPPE  110929 0000 171N 0404W 290 057 1005 1012 0232 21 111 0278 0111 -999 -999 -999 -999
NHC  17L PHILIPPE  110929 0600 175N 0413W 300 057 1005 1012 0232 21 111 0278 0111 -999 -999 -999 -999
NHC  17L PHILIPPE  110929 1200 182N 0422W 300 057 1005 1014 0278 21 111 0278 0111 -999 -999 -999 -999
NHC  17L PHILIPPE  110929 1800 199N 0433W 310 057 1004 1013 0278 21 111 0306 0111 -999 01399 -999 -999 -999
NHC  17L PHILIPPE  110930 0000 208N 0436W 325 057 1004 1014 0278 21 056 0139 0056 -999 01119 -999 -999 -999
NHC  17L PHILIPPE  110930 0600 215N 0445W 315 057 1004 1014 0278 21 056 0139 0056 -999 01119 -999 -999 -999
NHC  17L PHILIPPE  110930 1200 226N 0449W 325 057 1005 1015 0222 21 056 0139 0056 -999 01119 -999 -999 -999
NHC  17L PHILIPPE  110930 1800 232N 0458W 325 057 1004 1015 0222 23 037 0139 0056 0037 01119 -999 -999 -999
NHC  17L PHILIPPE  111001 0000 238N 0461W 320 041 1004 1015 0222 23 037 0139 0056 0037 01119 -999 -999 -999
NHC  17L PHILIPPE  111001 0600 243N 0468W 315 041 1004 1015 0222 23 037 0139 0056 0037 01119 -999 -999 -999
NHC  17L PHILIPPE  111001 1200 246N 0476W 300 041 1004 1016 0222 23 056 0139 0083 -999 01119 -999 -999 -999
NHC  17L PHILIPPE  111001 1800 250N 0486W 300 041 0996 1015 0222 28 046 0167 0111 0083 01673 -999 -999 0093
NHC  17L PHILIPPE  111002 0000 253N 0493W 295 041 0996 1014 0232 28 046 0167 0111 0083 01673 -999 -999 0093
NHC  17L PHILIPPE  111002 0600 255N 0503W 285 046 0993 1015 0241 31 046 0167 0139 0083 01674 0056 -999 0074
NHC  17L PHILIPPE  111002 1200 262N 0512W 295 051 1000 1017 0222 26 056 0167 0139 0083 01676 0056 -999 0056
NHC  17L PHILIPPE  111002 1800 263N 0523W 285 051 1003 1017 0222 23 056 0167 0139 0111 01679 -999 -999 -999
NHC  17L PHILIPPE  111003 0000 262N 0533W 270 051 1004 1017 0297 23 056 0167 0139 0111 01679 -999 -999 -999
NHC  17L PHILIPPE  111003 0600 259N 0543W 265 051 1004 1017 0324 23 056 0148 0148 0074 01309 -999 -999 -999
NHC  17L PHILIPPE  111003 1200 257N 0552W 255 046 1004 1017 0278 23 056 0148 0148 0074 01309 -999 -999 -999
NHC  17L PHILIPPE  111003 1800 247N 0560W 255 051 0997 1015 0278 28 037 0139 0139 0083 01115 0056 -999 0037
NHC  17L PHILIPPE  111004 0000 237N 0564W 230 051 0997 1015 0232 28 037 0167 0139 0083 01114 0056 -999 0037
NHC  17L PHILIPPE  111004 0600 237N 0578W 245 051 0997 1015 0232 28 037 0167 0139 0083 01114 0056 -999 0037
NHC  17L PHILIPPE  111004 1200 237N 0588W 270 051 0997 1015 0222 28 028 0139 0139 0083 01115 0056 -999 0037
NHC  17L PHILIPPE  111004 1800 239N 0597W 275 046 0997 1014 0222 28 028 0148 0148 0056 00566 0056 -999 -999
NHC  17L PHILIPPE  111005 0000 244N 0601W 300 031 0997 1014 0278 28 028 0148 0148 0056 00566 0056 -999 -999
NHC  17L PHILIPPE  111005 0600 246N 0607W 300 031 0997 1013 0334 28 028 0148 0148 0056 00566 0056 -999 -999
NHC  17L PHILIPPE  111005 1200 250N 0612W 300 026 0998 1013 0278 26 037 0139 0139 0083 00836 0056 -999 0056
NHC  17L PHILIPPE  111005 1800 255N 0613W 340 026 0997 1013 0334 28 037 0139 0139 0083 00836 0056 -999 0056
NHC  17L PHILIPPE  111006 0000 261N 0611W 005 031 0997 1013 0334 28 037 0139 0139 0083 00836 0056 -999 0056
NHC  17L PHILIPPE  111006 0600 265N 0608W 025 036 0991 1012 0306 31 019 0139 0139 0083 00836 0056 0028 0056
NHC  17L PHILIPPE  111006 1200 274N 0604W 025 041 0987 1012 0324 33 019 0139 0139 0083 00834 0074 0037 0056
NHC  17L PHILIPPE  111006 1800 283N 0595W 035 057 0980 1011 0324 39 019 0111 0139 0083 00836 0056 0037 0037
NHC  17L PHILIPPE  111007 0000 289N 0587W 045 051 0976 1011 0324 41 019 0139 0148 0065 00935 0065 0037 0037
NHC  17L PHILIPPE  111007 0600 293N 0571W 056 062 0978 1011 0324 41 019 0120 0120 0139 01486 0056 0074 0074
NHC  17L PHILIPPE  111007 1200 298N 0562W 065 062 0978 1011 0324 41 019 0120 0120 0139 01486 0056 0074 0074
NHC  17L PHILIPPE  111007 1800 299N 0551W 070 057 0989 1012 0324 31 046 0139 0167 0139 01856 0074 0056 0074
NHC  17L PHILIPPE  111008 0000 303N 0534W 075 072 0989 1012 0324 31 046 0139 0167 0139 01856 0083 0056 0083
NHC  17L PHILIPPE  111008 0600 308N 0514W 075 072 0991 1012 0324 26 046 0111 0167 0130 01486 0093 0074 0074
NHC  17L PHILIPPE  111008 1200 324N 0490W 055 129 0991 1012 0324 26 056 0130 0167 0093 01306 0093 -999 0056
NHC  17L PHILIPPE  111008 1800 343N 0468W 055 118 0994 1012 0324 23 074 0130 0167 0093 01309 -999 -999 -999
NHC  17L PHILIPPE  111009 0000 376N 0444W 030 160 0987 1012 0371 23 111 0167 0334 0167 02789 -999 -999 -999
