NHC  18L EIGHTEEN  111023 1800 154N 0815W 340 036 1005 1010 0445 13 120 -999 -999 -999 -999 -999 -999
NHC  18L EIGHTEEN  111024 0000 161N 0820W 335 036 1004 1010 0417 18 093 -999 -999 0111 01119 -999 -999 -999
NHC  18L RINA      111024 0600 165N 0822W 330 031 1003 1010 0371 18 093 -999 -999 0111 01489 -999 -999 -999
NHC  18L RINA      111024 1200 170N 0827W 325 031 1001 1012 0371 26 037 0139 0074 0074 01396 -999 -999 0046
NHC  18L RINA      111024 1800 171N 0830W 310 026 0991 1012 0417 33 019 0185 0111 0139 01855 0065 0037 0074
NHC  18L RINA      111025 0000 172N 0832W 295 015 0987 1012 0389 33 019 0111 0111 0139 01856 0037 0046 0074
NHC  18L RINA      111025 0600 173N 0835W 290 015 0976 1012 0324 41 019 0111 0111 0139 01856 0046 0046 0074
NHC  18L RINA      111025 1200 174N 0838W 285 015 0971 1012 0297 46 019 0111 0111 0139 01856 0046 0046 0046
NHC  18L RINA      111025 1800 173N 0843W 270 021 0971 1012 0278 46 019 0111 0111 0139 01856 0056 0056 0056
NHC  18L RINA      111026 0000 175N 0845W 280 015 0966 1012 0278 49 019 0139 0139 0139 02225 0093 0083 0065
NHC  18L RINA      111026 0600 175N 0850W 280 021 0969 1012 0278 49 019 0139 0139 0139 01853 0093 0083 0093
NHC  18L RINA      111026 1200 177N 0853W 290 021 0967 1011 0278 49 019 0148 0148 0148 01853 0093 0093 0093
NHC  18L RINA      111026 1800 180N 0857W 305 026 0982 1011 0278 39 019 0130 0167 0148 01304 0074 0074 0074
NHC  18L RINA      111027 0000 183N 0862W 305 026 0978 1011 0278 39 019 0130 0167 0148 01304 0074 0074 0074
NHC  18L RINA      111027 0600 186N 0867W 320 031 0985 1009 0278 33 028 0111 0148 0111 01116 0074 0046 0046
NHC  18L RINA      111027 1200 189N 0870W 305 026 0988 1009 0278 33 019 0111 0139 0111 01116 0046 0046 0046
NHC  18L RINA      111027 1800 195N 0871W 345 031 0992 1009 0259 31 028 0111 0111 0093 01117 0037 0037 0037
NHC  18L RINA      111028 0000 202N 0872W 350 031 0996 1009 0259 26 028 0111 0111 0046 00747 -999 -999 -999
NHC  18L RINA      111028 0600 209N 0871W 005 036 0996 1009 0259 26 037 0111 0111 0037 00567 0037 -999 -999
NHC  18L RINA      111028 1200 215N 0868W 015 036 1002 1009 0222 21 037 0065 0065 -999 -999 -999 -999
NHC  18L RINA      111028 1800 218N 0864W 050 021 1007 1010 0185 13 111 -999 -999 -999 -999 -999 -999
