JTWC 18S EIGHTEEN  110317 0600 148S 0763E 260 077 0996 1004 0315 18 065 -999 -999 -999 -999
JTWC 18S EIGHTEEN  110317 1200 152S 0752E 260 067 0993 1004 0296 21 056 0093 0111 0111 0093
JTWC 18S CHERONO   110317 1800 158S 0744E 250 057 0993 1004 0296 21 065 0093 0111 0111 0093
JTWC 18S CHERONO   110318 0000 160S 0740E 240 041 0990 1004 0315 21 056 0093 0111 0111 0093
JTWC 18S CHERONO   110318 0600 165S 0724E 245 051 0989 1004 0296 23 056 0111 0130 0130 0111
JTWC 18S CHERONO   110318 1200 169S 0710E 250 062 0989 1004 0296 23 056 0130 0148 0148 0130
JTWC 18S CHERONO   110318 1800 173S 0698E 250 062 0993 1004 0296 21 056 0120 0148 0139 0120
JTWC 18S CHERONO   110319 0000 178S 0681E 250 072 0996 1004 0278 18 056 0111 0139 0130 0111
JTWC 18S CHERONO   110319 0600 190S 0677E 240 067 0989 1004 0278 23 056 0111 0120 0120 0111
JTWC 18S CHERONO   110319 1200 195S 0658E 245 072 0993 1004 0278 21 056 0111 0120 0120 0111
JTWC 18S CHERONO   110319 1800 197S 0650E 250 067 0996 1004 0259 18 056 -999 -999 -999 -999
JTWC 18S CHERONO   110320 0000 201S 0640E 250 057 1000 1004 0259 15 056 -999 -999 -999 -999
