JTWC 18W EIGHTEEN  110911 1200 212N 1359E 285 036 1004 1008 0491 13 093 -999 -999 -999 -999
JTWC 18W EIGHTEEN  110911 1800 211N 1358E 280 026 1004 1007 0491 13 093 -999 -999 -999 -999
JTWC 18W EIGHTEEN  110912 0000 212N 1357E 275 015 1000 1007 0491 15 093 -999 -999 -999 -999
JTWC 18W EIGHTEEN  110912 0600 216N 1358E 310 010 1000 1007 0491 15 093 -999 -999 -999 -999
JTWC 18W EIGHTEEN  110912 1200 213N 1352E 290 010 1000 1006 0463 15 093 -999 -999 -999 -999
JTWC 18W EIGHTEEN  110912 1800 217N 1351E 275 015 1000 1004 0491 15 093 -999 -999 -999 -999
JTWC 18W EIGHTEEN  110913 0000 219N 1354E 300 005 1000 1004 0500 15 093 -999 -999 -999 -999
JTWC 18W EIGHTEEN  110913 0600 223N 1368E  60 021 1000 1004 0500 15 093 -999 -999 -999 -999
JTWC 18W EIGHTEEN  110913 1200 232N 1382E  60 041 1000 1004 0500 15 093 -999 -999 -999 -999
JTWC 18W ROKE      110913 1800 240N 1383E  45 046 0996 1004 0500 18 083 -999 -999 -999 -999
JTWC 18W ROKE      110914 0000 243N 1375E  20 036 0996 1004 0482 18 083 -999 -999 -999 -999
JTWC 18W ROKE      110914 0600 246N 1368E 335 031 0996 1004 0482 18 083 -999 -999 -999 -999
JTWC 18W ROKE      110914 1200 255N 1352E 305 051 1000 1004 0463 15 083 -999 -999 -999 -999
JTWC 18W ROKE      110914 1800 256N 1335E 290 067 0996 1004 0500 18 083 -999 -999 -999 -999
JTWC 18W ROKE      110915 0000 254N 1322E 280 072 0996 1004 0500 18 083 -999 -999 -999 -999
JTWC 18W ROKE      110915 0600 257N 1316E 275 057 0996 1002 0444 18 083 -999 -999 -999 -999
JTWC 18W ROKE      110915 1200 258N 1309E 280 041 0996 1002 0444 18 083 -999 -999 -999 -999
JTWC 18W ROKE      110915 1800 261N 1304E 295 036 0996 1002 0444 18 083 -999 -999 -999 -999
JTWC 18W ROKE      110916 0000 263N 1300E 295 026 0996 1002 0444 18 083 -999 -999 -999 -999
JTWC 18W ROKE      110916 0600 264N 1298E 300 021 0996 1002 0444 18 083 -999 -999 -999 -999
JTWC 18W ROKE      110916 1200 262N 1297E 280 010 0993 1003 0500 21 083 0185 0148 0148 0185
JTWC 18W ROKE      110916 1800 258N 1295E 220 010 0996 1004 0519 18 065 -999 -999 -999 -999
JTWC 18W ROKE      110917 0000 252N 1297E 185 021 0989 1004 0482 23 056 0157 0157 0157 0148
JTWC 18W ROKE      110917 0600 250N 1299E 165 021 0982 1004 0482 28 037 0204 0204 0204 0185
JTWC 18W ROKE      110917 1200 248N 1303E 145 021 0978 1004 0482 31 037 0213 0222 0204 0185
JTWC 18W ROKE      110917 1800 249N 1306E 110 015 0978 1002 0454 31 037 0167 0167 0185 0185
JTWC 18W ROKE      110918 0000 252N 1309E  75 015 0978 1002 0444 31 037 0204 0204 0222 0222
JTWC 18W ROKE      110918 0600 259N 1307E  20 021 0978 1002 0444 31 037 0204 0204 0222 0222
JTWC 18W ROKE      110918 1800 262N 1302E 320 015 0982 1004 0444 28 037 0204 0204 0204 0185
JTWC 18W ROKE      110919 0000 266N 1303E 335 015 0982 1004 0463 28 037 0204 0204 0204 0185
JTWC 18W ROKE      110919 0600 277N 1306E   5 026 0978 1004 0463 31 037 0185 0185 0167 0167
JTWC 18W ROKE      110919 1200 283N 1304E   5 031 0970 1004 0482 36 037 0204 0204 0185 0185
JTWC 18W ROKE      110919 1800 283N 1306E  10 026 0963 1003 0361 41 046 0241 0185 0185 0241
JTWC 18W ROKE      110920 0000 289N 1316E  45 031 0952 1003 0370 49 074 0241 0185 0185 0241
JTWC 18W ROKE      110920 0600 294N 1324E  50 041 0952 1003 0370 49 046 0259 0259 0222 0222
JTWC 18W ROKE      110920 1200 303N 1336E  50 057 0937 1000 0380 59 046 0259 0259 0222 0222
JTWC 18W ROKE      110920 1800 317N 1346E  40 067 0948 1001 0407 51 046 0296 0407 0407 0296
JTWC 18W ROKE      110921 0000 330N 1360E  40 082 0956 1002 0444 46 046 0222 0370 0370 0157
JTWC 18W ROKE      110921 0600 348N 1378E  35 098 0970 1001 0444 36 056 0278 0333 0278 0176
JTWC 18W ROKE      110921 1200 374N 1403E  40 129 0978 1001 0444 31 056 0278 0333 0278 0176
