JTWC 19P NINETEEN  110323 1800 208S 1794W 220 057 0999 1006 0352 18 083 -999 0083 0083 -999
JTWC 19P NINETEEN  110324 0000 212S 1798W 220 041 0996 1006 0407 21 083 -999 0083 0083 -999
JTWC 19P NINETEEN  110324 0600 211S 1798W 215 026 0989 1005 0370 23 065 0083 0093 0093 0083
JTWC 19P BUNE      110324 1200 215S 1799W 205 026 0982 1005 0370 28 046 0130 0130 0111 0111
JTWC 19P BUNE      110324 1800 220S 1793W 170 026 0974 1005 0463 33 046 0120 0139 0139 0120
JTWC 19P BUNE      110325 1200 227S 1795W 175 021 0967 1005 0306 39 046 0213 0213 0194 0194
JTWC 19P BUNE      110325 1800 229S 1795W 185 015 0974 1003 0333 33 046 0250 0250 0222 0222
JTWC 19P BUNE      110326 0000 228S 1797W 225 010 0974 1002 0333 33 046 0250 0250 0222 0222
JTWC 19P BUNE      110326 0600 230S 1799W 230 010 0974 1005 0407 33 046 0269 0269 0250 0250
JTWC 19P BUNE      110326 1200 233S 1798E 225 015 0970 1005 0426 36 046 0269 0269 0250 0250
JTWC 19P BUNE      110326 1800 238S 1791E 230 026 0970 1003 0407 36 046 0287 0287 0250 0250
JTWC 19P BUNE      110327 0000 242S 1788E 225 026 0974 1004 0426 33 046 0296 0287 0250 0259
JTWC 19P BUNE      110327 0600 248S 1788E 205 026 0974 1005 0444 33 056 0306 0306 0278 0278
JTWC 19P BUNE      110327 1200 257S 1790E 185 031 0974 1005 0444 33 065 0306 0306 0278 0278
JTWC 19P BUNE      110327 1800 266S 1799E 160 046 0978 1005 0426 31 065 0315 0278 0222 0185
JTWC 19P BUNE      110328 0000 274S 1792W 145 057 0985 1004 0426 26 074 0315 0278 0241 0250
JTWC 19P BUNE      110328 0600 285S 1781W 140 067 0985 1004 0444 26 074 0306 0324 0278 0241
JTWC 19P BUNE      110328 1200 296S 1767W 135 072 0989 1004 0463 23 074 0306 0324 0278 0241
JTWC 19P BUNE      110328 1800 310S 1763W 145 077 0985 1005 0519 26 037 0222 0278 0278 0222
JTWC 19P BUNE      110329 0000 326S 1763W 160 077 0989 1006 0444 23 037 0241 0296 0296 0241
