JTWC 19W NINETEEN  110915 0000 219N 1545E  15 031 1000 1009 0315 15 083 -999 -999 -999 -999
JTWC 19W NINETEEN  110915 0600 220N 1555E  45 031 1000 1009 0315 15 083 -999 -999 -999 -999
JTWC 19W SONCA     110915 1200 228N 1550E  20 031 0996 1009 0315 18 083 -999 -999 -999 -999
JTWC 19W SONCA     110915 1800 229N 1541E 335 026 0989 1009 0315 23 083 0167 0148 0148 0167
JTWC 19W SONCA     110916 0000 231N 1530E 295 041 0989 1008 0352 23 065 0139 0120 0120 0139
JTWC 19W SONCA     110916 0600 229N 1517E 275 051 0989 1008 0333 23 065 0139 0120 0120 0139
JTWC 19W SONCA     110916 1200 232N 1501E 275 062 0989 1008 0333 23 083 0139 0120 0120 0139
JTWC 19W SONCA     110916 1800 236N 1489E 285 067 0989 1008 0333 23 065 0139 0120 0120 0139
JTWC 19W SONCA     110917 0000 246N 1477E 295 067 0985 1008 0333 26 056 0157 0167 0176 0148
JTWC 19W SONCA     110917 0600 255N 1461E 300 072 0978 1008 0333 31 056 0194 0194 0185 0176
JTWC 19W SONCA     110917 1200 264N 1445E 305 082 0974 1008 0333 33 056 0213 0213 0194 0185
JTWC 19W SONCA     110917 1800 275N 1434E 310 082 0974 1006 0296 33 037 0167 0185 0185 0167
JTWC 19W SONCA     110918 0000 287N 1428E 320 072 0974 1006 0269 33 028 0157 0185 0185 0157
JTWC 19W SONCA     110918 0600 301N 1425E 335 072 0967 1006 0269 39 028 0204 0194 0194 0176
JTWC 19W SONCA     110918 1200 317N 1427E 350 072 0959 1006 0287 44 028 0222 0213 0213 0194
JTWC 19W SONCA     110918 1800 332N 1429E   0 077 0959 1008 0241 44 028 0185 0185 0185 0167
JTWC 19W SONCA     110919 0000 346N 1443E  20 082 0959 1008 0259 44 028 0185 0185 0185 0167
JTWC 19W SONCA     110919 0600 360N 1462E  35 088 0963 1008 0259 41 028 0167 0167 0157 0157
JTWC 19W SONCA     110919 1800 388N 1516E  50 124 0974 1010 0315 33 074 0222 0222 0222 0222
JTWC 19W SONCA     110920 0000 399N 1555E  60 144 0978 1010 0333 31 093 0250 0222 0222 0250
JTWC 19W SONCA     110920 0600 409N 1599E  65 160 0978 1010 0333 31 065 0250 0222 0222 0250
JTWC 19W SONCA     110920 1200 421N 1646E  65 180 0982 1008 0352 28 065 0250 0222 0222 0250
