JTWC 20W TWENTY    110923 1200 136N 1380E 310 036 1000 1010 0333 15 083 -999 -999 -999 -999
JTWC 20W TWENTY    110923 1800 139N 1372E 305 041 0996 1007 0389 18 083 -999 -999 -999 -999
JTWC 20W TWENTY    110924 0000 141N 1364E 295 041 0993 1006 0407 21 074 0093 0093 0093 0093
JTWC 20W NESAT     110924 0600 149N 1351E 295 051 0993 1006 0389 21 074 0093 0093 0093 0093
JTWC 20W NESAT     110924 1200 151N 1336E 290 062 0989 1006 0389 23 074 0111 0093 0093 0111
JTWC 20W NESAT     110924 1800 150N 1323E 280 067 0982 1007 0444 28 019 0130 0111 0111 0148
JTWC 20W NESAT     110925 0000 147N 1306E 270 077 0974 1006 0463 33 028 0130 0111 0111 0148
JTWC 20W NESAT     110925 0600 147N 1288E 265 082 0970 1006 0482 36 028 0139 0120 0120 0139
JTWC 20W NESAT     110925 1200 146N 1281E 265 072 0970 1006 0482 36 028 0139 0120 0120 0139
JTWC 20W NESAT     110925 1800 146N 1269E 270 062 0967 1004 0500 39 046 0278 0185 0185 0278
JTWC 20W NESAT     110926 0000 152N 1261E 285 046 0963 1004 0463 41 056 0241 0167 0167 0241
JTWC 20W NESAT     110926 0600 158N 1249E 290 057 0967 1004 0463 39 056 0241 0167 0167 0241
JTWC 20W NESAT     110926 1200 160N 1239E 290 057 0963 1004 0463 41 056 0241 0167 0167 0241
JTWC 20W NESAT     110926 1800 163N 1229E 290 057 0944 1004 0482 54 056 0259 0185 0185 0259
JTWC 20W NESAT     110927 0000 165N 1219E 285 051 0952 1004 0482 49 056 -999 -999 -999 -999
JTWC 20W NESAT     110927 0600 168N 1198E 280 067 0959 1002 0509 44 056 0296 0269 0269 0296
JTWC 20W NESAT     110927 1200 168N 1188E 280 067 0967 1002 0500 39 056 0296 0269 0269 0296
JTWC 20W NESAT     110927 1800 173N 1178E 280 062 0967 1002 0500 39 056 0296 0269 0269 0296
JTWC 20W NESAT     110928 0000 176N 1166E 285 057 0970 1002 0500 36 046 0296 0315 0324 0306
JTWC 20W NESAT     110928 0600 176N 1158E 285 051 0974 1003 0519 33 046 0333 0315 0324 0333
JTWC 20W NESAT     110928 1200 181N 1147E 290 051 0974 1003 0537 33 056 0389 0370 0370 0389
JTWC 20W NESAT     110928 1800 184N 1138E 290 051 0974 1003 0519 33 056 0389 0370 0370 0389
JTWC 20W NESAT     110929 0000 192N 1128E 300 057 0974 1003 0519 33 046 0389 0370 0370 0389
JTWC 20W NESAT     110929 0600 201N 1110E 300 067 0974 1002 0463 33 046 0333 0278 0278 0333
JTWC 20W NESAT     110929 1200 202N 1099E 290 067 0974 1002 0463 33 046 0259 0185 0185 0259
JTWC 20W NESAT     110929 1800 206N 1091E 290 057 0978 1002 0463 31 046 0222 0167 0167 0222
JTWC 20W NESAT     110930 0000 209N 1077E 285 057 0978 1005 0444 31 046 0259 0185 0185 0259
JTWC 20W NESAT     110930 0600 210N 1066E 285 057 0982 1005 0444 28 046 0259 0185 0185 0139
JTWC 20W NESAT     110930 1200 214N 1061E 285 051 0989 1005 0444 23 046 0259 0185 0185 0139
