JTWC 23W TWENTYTHR 111010 1200 075N 1306E 265 051 1000 1008 0352 15 074 -999 -999 -999 -999
JTWC 23W TWENTYTHR 111010 1800 077N 1298E 270 051 1000 1008 0333 15 074 -999 -999 -999 -999
JTWC 23W TWENTYTHR 111011 0000 080N 1290E 275 046 1000 1009 0333 15 074 -999 -999 -999 -999
JTWC 23W TWENTYTHR 111011 0600 085N 1280E 285 046 1000 1009 0333 15 074 -999 -999 -999 -999
JTWC 23W TWENTYTHR 111011 1200 089N 1269E 295 051 0996 1009 0333 18 074 -999 -999 -999 -999
JTWC 23W BANYAN    111011 1800 097N 1238E 290 082 0996 1008 0352 18 074 -999 -999 -999 -999
JTWC 23W BANYAN    111012 0000 107N 1229E 295 077 0996 1008 0352 18 074 -999 -999 -999 -999
JTWC 23W BANYAN    111012 0600 105N 1215E 290 072 1001 1007 0315 15 056 -999 -999 -999 -999
JTWC 23W BANYAN    111012 1200 110N 1199E 285 072 1001 1007 0296 15 056 -999 -999 -999 -999
JTWC 23W BANYAN    111012 1800 111N 1181E 280 082 1000 1008 0333 15 056 -999 -999 -999 -999
JTWC 23W BANYAN    111013 0000 124N 1174E 295 077 1004 1008 0333 13 056 -999 -999 -999 -999
JTWC 23W BANYAN    111013 0600 133N 1166E 305 067 1004 1007 0278 13 056 -999 -999 -999 -999
JTWC 23W BANYAN    111013 1200 150N 1171E 315 057 1000 1007 0278 15 056 -999 -999 -999 -999
JTWC 23W BANYAN    111013 1800 160N 1172E 330 051 1000 1007 0259 15 065 -999 -999 -999 -999
JTWC 23W BANYAN    111014 0000 170N 1167E 335 057 1000 1007 0278 15 065 -999 -999 -999 -999
JTWC 23W BANYAN    111014 0600 181N 1170E 345 057 1004 1008 0333 13 065 -999 -999 -999 -999
JTWC 23W BANYAN    111014 1200 189N 1170E   0 051 1004 1008 0333 13 046 -999 -999 -999 -999
JTWC 23W BANYAN    111014 1800 196N 1169E   0 046 1004 1008 0333 13 065 -999 -999 -999 -999
