NHC  91E INVEST    110604 1800 106N 0982W 360 000 1008 1010 0334 13 093 -999 -999 -999 -999 -999 -999
NHC  91E INVEST    110605 0000 105N 0981W 360 000 1008 1010 0334 13 111 -999 -999 -999 -999 -999 -999
NHC  91E INVEST    110605 0600 101N 0984W 250 005 1008 1010 0334 13 167 -999 -999 -999 -999 -999 -999
NHC  91E INVEST    110605 1200 101N 0984W 360 000 1008 1011 0389 13 167 -999 -999 -999 -999 -999 -999
NHC  91E INVEST    110605 1800 105N 0985W 315 005 1008 1011 0389 13 167 -999 -999 -999 -999 -999 -999
NHC  91E INVEST    110606 0000 106N 0982W 360 000 1007 1010 0324 13 167 -999 -999 -999 -999 -999 -999
NHC  91E INVEST    110606 0600 109N 0982W 360 010 1007 1010 0324 13 167 -999 -999 -999 -999 -999 -999
NHC  91E INVEST    110606 1200 109N 0983W 330 005 1007 1010 0324 13 167 -999 -999 -999 -999 -999 -999
NHC  91E INVEST    110606 1800 110N 0990W 295 015 1007 1010 0324 13 167 -999 -999 -999 -999 -999 -999
NHC  91E INVEST    110607 0000 114N 0991W 320 015 1007 1010 0324 13 167 -999 -999 -999 -999 -999 -999
NHC  91E INVEST    110607 0600 115N 0997W 305 026 1007 1010 0324 13 139 -999 -999 -999 -999 -999 -999
NHC  91E INVEST    110607 1200 115N 0999W 290 021 1006 1009 0371 13 167 -999 -999 -999 -999 -999 -999
NHC  91E INVEST    110607 1800 116N 1001W 295 015 1006 1009 0371 13 167 -999 -999 -999 -999 -999 -999
NHC  91E INVEST    110819 1200 123N 1000W 275 057 1008 1011 0371 10 111 -999 -999 -999 -999 -999 -999
NHC  91E INVEST    110819 1800 124N 1011W 275 057 1008 1011 0371 10 111 -999 -999 -999 -999 -999 -999
NHC  91E INVEST    110820 0000 125N 1022W 275 057 1008 1011 0371 10 111 -999 -999 -999 -999 -999 -999
