JTWC 91S INVEST    110110 1800 153S 1103E 255 026 0999 1008 0278 13 028 -999 -999 -999 -999
JTWC 91S INVEST    110111 0000 151S 1085E 270 046 1004 1008 0278 13 028 -999 -999 -999 -999
JTWC 91S INVEST    110111 0600 149S 1078E 275 046 1000 1004 0296 15 083 -999 -999 -999 -999
JTWC 91S INVEST    110111 1200 148S 1076E 280 036 1000 1004 0296 15 083 -999 -999 -999 -999
JTWC 91S INVEST    110112 0000 145S 1076E 305 015 1000 1004 0296 15 083 -999 -999 -999 -999
JTWC 91S INVEST    110112 0600 148S 1076E 280 036 0998 1003 0306 15 074 -999 -999 -999 -999
JTWC 91S INVEST    110401 0000 121S 1296E 230 015 1000 1003 0352 13 074 -999 -999 -999 -999
JTWC 91S INVEST    110401 0600 129S 1292E 220 021 1004 1005 0352 13 083 -999 -999 -999 -999
JTWC 91S INVEST    110401 1200 132S 1290E 220 021 1000 1005 0352 13 083 -999 -999 -999 -999
JTWC 91S INVEST    110401 1800 133S 1284E 245 021 1000 1004 0296 15 083 -999 -999 -999 -999
JTWC 91S INVEST    110402 0000 135S 1276E 255 031 1000 1004 0296 15 083 -999 -999 -999 -999
