JTWC 92W INVEST    110608 0600 136N 1214E 315 057 1005 1008 0278 10 028 -999 -999 -999 -999
JTWC 92W INVEST    110608 1200 141N 1211E 320 041 1006 1008 0278 08 028 -999 -999 -999 -999
JTWC 92W INVEST    110608 1800 146N 1204E 320 041 1004 1007 0259 08 083 -999 -999 -999 -999
JTWC 92W INVEST    110714 0600 137N 1324E 230 021 1005 1008 0352 10 093 -999 -999 -999 -999
JTWC 92W INVEST    110714 1200 137N 1317E 250 026 1004 1007 0352 10 093 -999 -999 -999 -999
JTWC 92W INVEST    110714 1800 142N 1319E 290 015 1006 1008 0315 10 083 -999 -999 -999 -999
JTWC 92W INVEST    110715 0000 141N 1326E  55 005 1006 1008 0278 10 083 -999 -999 -999 -999
JTWC 92W INVEST    110715 0600 140N 1331E  90 021 1004 1007 0296 13 083 -999 -999 -999 -999
JTWC 92W INVEST    110808 1800 172N 1391E 350 051 1006 1008 0389 10 083 -999 -999 -999 -999
JTWC 92W INVEST    110809 0000 187N 1389E 345 062 1006 1008 0389 10 083 -999 -999 -999 -999
JTWC 92W INVEST    110809 0600 193N 1378E 330 062 1007 1008 0389 10 083 -999 -999 -999 -999
JTWC 92W INVEST    110809 1200 209N 1375E 335 062 1006 1007 0463 10 083 -999 -999 -999 -999
JTWC 92W INVEST    111008 1800 073N 1384E 265 041 1010 1013 0333 08 028 -999 -999 -999 -999
JTWC 92W INVEST    111009 0000 076N 1370E 270 051 1009 1011 0333 08 083 -999 -999 -999 -999
JTWC 92W INVEST    111009 0600 080N 1356E 275 062 1007 1011 0333 10 083 -999 -999 -999 -999
JTWC 92W INVEST    111009 1200 084N 1347E 285 062 1007 1011 0333 10 083 -999 -999 -999 -999
JTWC 92W INVEST    111009 1800 082N 1337E 280 051 1006 1010 0333 10 083 -999 -999 -999 -999
JTWC 92W INVEST    111010 0000 078N 1324E 265 057 1004 1008 0352 13 074 -999 -999 -999 -999
