NHC  94L INVEST    110603 1800 161N 0773W 070 031 1007 1009 0232 10 167 -999 -999 -999 -999 -999 -999
NHC  94L INVEST    110604 0000 163N 0778W 360 000 1007 1009 0334 13 167 -999 -999 -999 -999 -999 -999
NHC  94L INVEST    110604 1200 162N 0778W 360 000 1007 1010 0334 13 222 -999 -999 -999 -999 -999 -999
NHC  94L INVEST    110604 1800 160N 0782W 230 010 1007 1010 0334 13 278 -999 -999 -999 -999 -999 -999
NHC  94L INVEST    110605 0000 161N 0787W 270 015 1007 1010 0417 13 324 -999 -999 -999 -999 -999 -999
NHC  94L INVEST    110605 0600 161N 0790W 265 021 1007 1010 0463 13 324 -999 -999 -999 -999 -999 -999
NHC  94L INVEST    110605 1200 162N 0793W 275 021 1007 1010 0463 13 324 -999 -999 -999 -999 -999 -999
NHC  94L INVEST    110605 1800 168N 0796W 310 021 1007 1010 0463 13 324 -999 -999 -999 -999 -999 -999
NHC  94L INVEST    110606 0000 169N 0801W 305 021 1007 1010 0510 13 324 -999 -999 -999 -999 -999 -999
NHC  94L INVEST    110606 0600 171N 0810W 295 031 1007 1010 0510 13 093 -999 -999 -999 -999 -999 -999
NHC  94L INVEST    110606 1200 177N 0816W 300 036 1006 1010 0510 13 232 -999 -999 -999 -999 -999 -999
NHC  94L INVEST    110606 1800 180N 0819W 310 026 1006 1010 0510 13 167 -999 -999 -999 -999 -999 -999
NHC  94L INVEST    110607 0000 177N 0815W 315 010 1005 1009 0556 13 185 -999 -999 -999 -999 -999 -999
NHC  94L INVEST    110607 0600 181N 0817W 330 015 1007 1010 0510 13 167 -999 -999 -999 -999 -999 -999
NHC  94L INVEST    110607 1200 181N 0820W 315 010 1007 1009 0324 13 167 -999 -999 -999 -999 -999 -999
NHC  94L INVEST    110607 1800 178N 0816W 315 000 1007 1009 0371 10 185 -999 -999 -999 -999 -999 -999
NHC  94L INVEST    110610 0000 201N 0813W 045 021 1008 1010 0278 13 139 -999 -999 -999 -999 -999 -999
NHC  94L INVEST    110611 0000 258N 0777W 025 062 1009 1012 0185 13 111 -999 -999 -999 -999 -999 -999
NHC  94L INVEST    110611 0600 258N 0783W 005 026 1009 1012 0222 13 111 -999 -999 -999 -999 -999 -999
NHC  94L INVEST    110812 0600 250N 0536W 250 046 1013 1015 0556 13 074 -999 -999 -999 -999 -999 -999
NHC  94L INVEST    110812 1200 247N 0547W 255 046 1013 1015 0556 13 074 -999 -999 -999 -999 -999 -999
NHC  94L INVEST    110812 1800 246N 0555W 255 046 1013 1015 0371 13 074 -999 -999 -999 -999 -999 -999
NHC  94L INVEST    110813 0000 257N 0571W 295 046 1013 1015 0324 13 130 -999 -999 -999 -999 -999 -999
NHC  94L INVEST    110813 0600 264N 0584W 298 051 1013 1015 0278 13 093 -999 -999 -999 -999 -999 -999
NHC  94L INVEST    110813 1200 271N 0594W 300 057 1012 1016 0278 13 074 -999 -999 -999 -999 -999 -999
NHC  94L INVEST    110813 1800 274N 0605W 300 057 1012 1016 0259 15 065 -999 -999 -999 -999 -999 -999
NHC  94L INVEST    110901 1200 374N 0639W 040 010 1008 1012 0139 18 083 0083 -999 -999 -999 -999 -999
NHC  94L INVEST    110901 1800 372N 0639W 090 005 1006 1012 0222 18 056 0111 -999 -999 01119 -999 -999 -999
NHC  94L INVEST    110902 0000 376N 0637W 030 005 1006 1012 0222 18 056 0111 -999 -999 01119 -999 -999 -999
NHC  94L INVEST    110902 0600 380N 0637W 360 010 1006 1012 0222 18 056 0111 -999 -999 01119 -999 -999 -999
NHC  94L INVEST    110902 1200 380N 0628W 065 041 1006 1012 0222 18 111 0111 -999 -999 -999 -999 -999
NHC  94L INVEST    110902 1800 389N 0618W 050 062 1006 1012 0222 18 111 0111 -999 -999 -999 -999 -999
NHC  94L INVEST    111013 1200 266N 0726W 025 067 1007 1009 0167 13 111 -999 -999 -999 -999 -999 -999
NHC  94L INVEST    111013 1800 270N 0728W 020 057 1007 1010 0139 13 111 -999 -999 -999 -999 -999 -999
NHC  94L INVEST    111014 0000 280N 0724W 015 051 1008 1010 0185 13 111 -999 -999 -999 -999 -999 -999
NHC  94L INVEST    111014 1200 323N 0702W 020 098 1005 1010 0185 15 083 -999 -999 -999 -999 -999 -999
