JTWC 94S INVEST    110209 0600 139S 0558E 250 036 1004 1008 0278 13 083 -999 -999 -999 -999
JTWC 94S INVEST    110209 1200 139S 0551E 255 036 1000 1004 0333 15 083 -999 -999 -999 -999
JTWC 94S INVEST    110209 1800 135S 0547E 270 031 0993 1002 0180 21 074 0102 0102 0120 0111
JTWC 94S INVEST    111222 0000 103S 1321E 210 021 1001 1003 0278 08 083 -999 -999 -999 -999
JTWC 94S INVEST    111222 0600 104S 1319E 225 010 1010 1011 0278 08 083 -999 -999 -999 -999
JTWC 94S INVEST    111222 1800 103S 1299E 270 036 1004 1005 0296 08 083 -999 -999 -999 -999
JTWC 94S INVEST    111223 0000 104S 1304E 265 015 1000 1002 0296 08 083 -999 -999 -999 -999
JTWC 94S INVEST    111224 0600 109S 1318E 245 005 0998 1003 0333 15 074 -999 -999 -999 -999
JTWC 94S INVEST    111224 1200 106S 1319E  25 005 0998 1003 0333 13 074 -999 -999 -999 -999
JTWC 94S INVEST    111224 1800 110S 1322E 110 010 0999 1002 0315 15 074 -999 -999 -999 -999
