NHC  95L INVEST    110627 1800 200N 0910W 285 015 1008 1010 0278 10 111 -999 -999 -999 -999 -999 -999
NHC  95L INVEST    110628 0000 194N 0916W 290 026 1006 1009 0334 10 111 -999 -999 -999 -999 -999 -999
NHC  95L INVEST    110628 0600 196N 0925W 285 036 1007 1010 0297 10 111 -999 -999 -999 -999 -999 -999
NHC  95L INVEST    110628 1200 198N 0927W 285 026 1006 1010 0334 13 111 -999 -999 -999 -999 -999 -999
NHC  95L INVEST    110628 1800 209N 0933W 290 031 1006 1010 0334 15 139 -999 -999 -999 -999 -999 -999
NHC  95L INVEST    110812 1200 348N 0668W 055 098 1011 1014 0371 13 074 -999 -999 -999 -999 -999 -999
NHC  95L INVEST    110812 1800 356N 0647W 055 098 1011 1014 0324 15 056 -999 -999 -999 -999 -999 -999
NHC  95L INVEST    110905 0600 090N 0285W 270 062 1009 1011 0278 10 111 -999 -999 -999 -999 -999 -999
NHC  95L INVEST    110905 1200 091N 0297W 270 062 1009 1013 0371 13 139 -999 -999 -999 -999 -999 -999
NHC  95L INVEST    110905 1800 094N 0314W 280 067 1009 1013 0371 13 139 -999 -999 -999 -999 -999 -999
NHC  95L INVEST    110906 0000 100N 0314W 280 031 1009 1012 0278 13 139 -999 -999 -999 -999 -999 -999
NHC  95L INVEST    110906 0600 106N 0325W 285 046 1009 1012 0324 13 139 -999 -999 -999 -999 -999 -999
NHC  95L INVEST    110906 1200 108N 0337W 285 051 1009 1012 0324 13 139 -999 -999 -999 -999 -999 -999
NHC  95L INVEST    111015 1200 174N 0864W 360 010 1006 1008 0417 13 139 -999 -999 -999 -999 -999 -999
NHC  95L INVEST    111015 1800 187N 0872W 335 031 1006 1008 0371 13 139 -999 -999 -999 -999 -999 -999
NHC  95L INVEST    111016 0000 191N 0878W 315 031 1005 1008 0371 13 139 -999 -999 -999 -999 -999 -999
NHC  95L INVEST    111016 0600 196N 0880W 330 026 1004 1009 0371 15 139 -999 -999 -999 -999 -999 -999
NHC  95L INVEST    111016 1200 194N 0879W 320 015 1004 1009 0371 15 139 -999 -999 -999 -999 -999 -999
NHC  95L INVEST    111016 1800 199N 0870W 325 021 1004 1009 0371 15 139 -999 -999 -999 -999 -999 -999
NHC  95L INVEST    111017 0000 204N 0863W 355 021 1003 1009 0371 15 139 -999 -999 -999 -999 -999 -999
NHC  95L INVEST    111017 0600 220N 0867W 360 026 1003 1009 0371 15 139 -999 -999 -999 -999 -999 -999
NHC  95L INVEST    111017 1200 227N 0874W 360 026 1003 1007 0371 15 139 -999 -999 -999 -999 -999 -999
NHC  95L INVEST    111017 1800 216N 0892W 160 026 1003 1007 0371 15 139 -999 -999 -999 -999 -999 -999
NHC  95L INVEST    111018 0000 216N 0891W 090 015 1003 1006 0445 15 185 -999 -999 -999 -999 -999 -999
NHC  95L INVEST    111018 0600 228N 0890W 360 010 1002 1006 0445 15 185 -999 -999 -999 -999 -999 -999
NHC  95L INVEST    111018 1200 240N 0882W 020 041 1003 1006 0463 15 185 -999 -999 -999 -999 -999 -999
