JTWC 95W INVEST    110402 1800 113N 1306E 335 026 1005 1008 0278 10 083 -999 -999 -999 -999
JTWC 95W INVEST    110403 0000 113N 1301E 320 021 1004 1008 0278 10 083 -999 -999 -999 -999
JTWC 95W INVEST    110403 0600 097N 1317E  50 015 1007 1008 0278 10 083 -999 -999 -999 -999
JTWC 95W INVEST    110403 1200 099N 1327E  75 031 1007 1008 0278 10 083 -999 -999 -999 -999
JTWC 95W INVEST    110403 1800 113N 1337E  55 051 1004 1008 0278 10 083 -999 -999 -999 -999
JTWC 95W INVEST    110404 0000 116N 1346E  65 051 1005 1008 0278 10 083 -999 -999 -999 -999
JTWC 95W INVEST    110404 0600 121N 1349E  60 041 1007 1008 0278 10 056 -999 -999 -999 -999
JTWC 95W INVEST    110404 1200 128N 1362E  60 046 1007 1008 0278 10 056 -999 -999 -999 -999
JTWC 95W INVEST    110404 1800 140N 1378E  55 072 1007 1008 0278 10 056 -999 -999 -999 -999
JTWC 95W INVEST    110405 0000 161N 1396E  50 103 1000 1006 0370 15 074 -999 -999 -999 -999
JTWC 95W INVEST    110820 0000 212N 1473E 330 046 1007 1010 0278 10 093 -999 -999 -999 -999
JTWC 95W INVEST    110820 0600 216N 1473E 340 041 1007 1010 0278 10 093 -999 -999 -999 -999
JTWC 95W INVEST    110820 1200 228N 1452E 320 051 1007 1010 0278 10 093 -999 -999 -999 -999
JTWC 95W INVEST    110820 1800 237N 1454E 335 041 1007 1010 0278 10 083 -999 -999 -999 -999
JTWC 95W INVEST    110821 0000 246N 1452E 345 041 1007 1010 0250 10 083 -999 -999 -999 -999
JTWC 95W INVEST    110821 0600 252N 1442E 330 041 1007 1010 0250 10 083 -999 -999 -999 -999
JTWC 95W INVEST    110821 1800 249N 1429E 285 031 1007 1010 0259 10 083 -999 -999 -999 -999
JTWC 95W INVEST    110822 0000 245N 1419E 250 036 1007 1010 0241 10 083 -999 -999 -999 -999
JTWC 95W INVEST    110822 0600 242N 1410E 245 041 1007 1010 0241 10 083 -999 -999 -999 -999
JTWC 95W INVEST    111022 0000 125N 1353E 270 036 1010 1011 0370 08 083 -999 -999 -999 -999
JTWC 95W INVEST    111213 0000 060N 1467E 275 103 1007 1008 0278 10 074 -999 -999 -999 -999
JTWC 95W INVEST    111213 0600 060N 1451E 275 098 1006 1008 0278 13 074 -999 -999 -999 -999
