NHC  98L INVEST    110716 1800 300N 0791W 140 026 1014 1016 0324 10 167 -999 -999 -999 -999 -999 -999
NHC  98L INVEST    110717 0000 293N 0788W 150 026 1014 1016 0324 10 139 -999 -999 -999 -999 -999 -999
NHC  98L INVEST    110717 1200 282N 0788W 190 021 1014 1016 0324 10 139 -999 -999 -999 -999 -999 -999
NHC  98L INVEST    110717 1800 279N 0782W 155 015 1013 1016 0278 15 093 -999 -999 -999 -999 -999 -999
NHC  98L INVEST    110818 1800 126N 0176W 285 062 1006 1008 0556 13 111 -999 -999 -999 -999 -999 -999
NHC  98L INVEST    110819 0000 127N 0183W 280 051 1007 1010 0556 13 111 -999 -999 -999 -999 -999 -999
NHC  98L INVEST    110819 0600 130N 0193W 285 051 1006 1010 0556 13 111 -999 -999 -999 -999 -999 -999
NHC  98L INVEST    110819 1200 133N 0196W 290 036 1006 1010 0463 13 111 -999 -999 -999 -999 -999 -999
NHC  98L INVEST    110819 1800 143N 0204W 305 041 1006 1010 0463 13 111 -999 -999 -999 -999 -999 -999
NHC  98L INVEST    110820 0000 152N 0218W 310 057 1007 1010 0463 13 167 -999 -999 -999 -999 -999 -999
NHC  98L INVEST    110820 0600 159N 0234W 305 077 1007 1010 0417 13 139 -999 -999 -999 -999 -999 -999
NHC  98L INVEST    110820 1200 159N 0252W 280 082 1008 1010 0417 13 139 -999 -999 -999 -999 -999 -999
NHC  98L INVEST    110820 1800 162N 0264W 285 072 1007 1010 0417 13 139 -999 -999 -999 -999 -999 -999
NHC  98L INVEST    110821 0000 164N 0268W 285 057 1007 1012 0417 13 139 -999 -999 -999 -999 -999 -999
NHC  98L INVEST    110821 0600 160N 0280W 270 051 1007 1012 0510 13 139 -999 -999 -999 -999 -999 -999
NHC  98L INVEST    110821 1200 168N 0278W 300 031 1008 1012 0510 13 139 -999 -999 -999 -999 -999 -999
NHC  98L INVEST    110822 0000 190N 0300W 320 062 1011 1014 0389 13 139 -999 -999 -999 -999 -999 -999
NHC  98L INVEST    110822 0600 197N 0312W 310 067 1010 1012 0334 13 139 -999 -999 -999 -999 -999 -999
NHC  98L INVEST    110822 1200 209N 0326W 310 077 1010 1013 0334 13 139 -999 -999 -999 -999 -999 -999
NHC  98L INVEST    110822 1800 211N 0336W 300 067 1010 1013 0334 13 185 -999 -999 -999 -999 -999 -999
NHC  98L INVEST    110823 0600 219N 0353W 290 046 1010 1013 0278 13 167 -999 -999 -999 -999 -999 -999
NHC  98L INVEST    110823 1200 222N 0368W 290 057 1011 1013 0278 13 167 -999 -999 -999 -999 -999 -999
NHC  98L INVEST    110823 1800 223N 0387W 280 072 1011 1014 0334 15 222 -999 -999 -999 -999 -999 -999
NHC  98L INVEST    110824 0000 225N 0397W 280 072 1011 1014 0334 15 222 -999 -999 -999 -999 -999 -999
NHC  98L INVEST    110824 1200 228N 0425W 280 062 1013 1015 0334 13 222 -999 -999 -999 -999 -999 -999
NHC  98L INVEST    110825 1200 232N 0473W 275 051 1013 1016 0232 13 222 -999 -999 -999 -999 -999 -999
NHC  98L INVEST    110826 0000 238N 0502W 280 062 1013 1016 0232 13 222 -999 -999 -999 -999 -999 -999
NHC  98L INVEST    110918 0000 104N 0352W 275 005 1010 1013 0324 10 111 -999 -999 -999 -999 -999 -999
NHC  98L INVEST    110918 0600 107N 0352W 275 005 1009 1013 0371 13 111 -999 -999 -999 -999 -999 -999
NHC  98L INVEST    110918 1200 110N 0352W 020 015 1009 1013 0417 13 111 -999 -999 -999 -999 -999 -999
NHC  98L INVEST    110918 1800 113N 0358W 325 021 1009 1012 0463 13 111 -999 -999 -999 -999 -999 -999
NHC  98L INVEST    110919 0000 119N 0371W 265 036 1008 1012 0417 13 111 -999 -999 -999 -999 -999 -999
NHC  98L INVEST    110919 0600 117N 0372W 270 026 1008 1012 0334 13 111 -999 -999 -999 -999 -999 -999
NHC  98L INVEST    110919 1200 117N 0377W 265 026 1008 1011 0334 13 111 -999 -999 -999 -999 -999 -999
NHC  98L INVEST    110919 1800 117N 0387W 270 036 1008 1012 0241 13 111 -999 -999 -999 -999 -999 -999
NHC  98L INVEST    110920 0000 113N 0372W 270 026 1008 1012 0278 13 111 -999 -999 -999 -999 -999 -999
NHC  98L INVEST    110920 0600 113N 0377W 270 026 1008 1012 0278 13 093 -999 -999 -999 -999 -999 -999
NHC  98L INVEST    110920 1200 115N 0375W 280 021 1008 1012 0278 13 093 -999 -999 -999 -999 -999 -999
NHC  98L INVEST    110920 1800 120N 0383W 290 036 1007 1012 0278 15 093 -999 -999 -999 -999 -999 -999
NHC  98L INVEST    110921 0000 120N 0396W 270 041 1007 1012 0324 18 185 0278 -999 -999 02229 -999 -999 -999
NHC  98L INVEST    111106 0600 282N 0688W 130 051 1005 1010 0927 23 297 0741 -999 0297 07419 -999 -999 -999
NHC  98L INVEST    111106 1200 283N 0684W 135 021 1005 1012 0556 23 334 0741 -999 -999 07419 -999 -999 -999
NHC  98L INVEST    111106 1800 280N 0686W 180 010 1005 1011 0556 23 334 0741 -999 0334 07419 -999 -999 -999
NHC  98L INVEST    111107 0000 278N 0687W 205 010 1005 1012 0649 21 278 0649 -999 0315 06499 -999 -999 -999
NHC  98L INVEST    111107 0600 276N 0688W 207 015 1005 1012 0649 21 278 0630 -999 0297 06309 -999 -999 -999
NHC  98L INVEST    111107 1200 277N 0690W 270 005 1005 1012 0463 21 222 0667 -999 0278 06679 -999 -999 -999
NHC  98L INVEST    111107 1800 275N 0693W 250 010 1005 1010 0510 21 222 0667 -999 0278 06679 -999 -999 -999
NHC  98L INVEST    111108 0000 276N 0695W 260 010 1004 1010 0510 21 222 0612 -999 0278 06679 -999 -999 -999
NHC  98L INVEST    111108 0600 270N 0696W 190 015 1002 1010 0556 21 148 0556 -999 0278 06129 -999 -999 -999
