JTWC 99S INVEST    110101 0000 139S 1101E 150 026 1001 1003 0296 13 111 -999 -999 -999 -999
JTWC 99S INVEST    110101 1800 136S 1105E  50 010 1004 1005 0296 13 111 -999 -999 -999 -999
JTWC 99S INVEST    110102 0000 140S 1116E 100 046 1002 1004 0315 13 093 -999 -999 -999 -999
JTWC 99S INVEST    110215 0600 127S 1307E 300 010 1000 1008 0306 15 065 -999 -999 -999 -999
JTWC 99S INVEST    110215 1200 127S 1307E 300 010 1000 1006 0306 15 074 -999 -999 -999 -999
JTWC 99S INVEST    110215 1800 123S 1307E 340 010 0998 1004 0306 15 074 -999 -999 -999 -999
JTWC 99S INVEST    111202 1800 070S 0960E 235 046 1007 1008 0343 10 093 -999 -999 -999 -999
JTWC 99S INVEST    111203 0000 083S 0960E 215 046 1004 1008 0352 13 083 -999 -999 -999 -999
JTWC 99S INVEST    111203 0600 093S 0952E 215 051 1004 1007 0352 13 083 -999 -999 -999 -999
JTWC 99S INVEST    111203 1800 112S 0936E 220 062 1003 1007 0352 13 083 -999 -999 -999 -999
JTWC 99S INVEST    111204 0000 118S 0925E 225 062 1000 1006 0343 15 083 -999 -999 -999 -999
JTWC 99S INVEST    111204 0600 125S 0912E 235 062 1000 1006 0343 15 074 -999 -999 -999 -999
JTWC 99S INVEST    111204 1200 128S 0902E 245 067 1000 1006 0333 15 074 -999 -999 -999 -999
JTWC 99S INVEST    111204 1800 126S 0890E 255 062 1000 1006 0333 15 074 -999 -999 -999 -999
JTWC 99S INVEST    111205 0000 123S 0879E 275 057 0993 1006 0315 21 074 0176 0204 0204 0194
