JTWC 01B NAMELESS  080427 1800 125N 0854E 300 026 0996 1006 0352 18 074 -999 -999 -999 -999
JTWC 01B NAMELESS  080428 0000 128N 0856E 325 021 0985 1003 0315 26 046 0111 0111 0111 0111
JTWC 01B NARGIS    080428 0600 133N 0855E 340 021 0974 1003 0315 33 037 0148 0148 0148 0148
JTWC 01B NARGIS    080428 1200 129N 0853E 325 010 0974 1003 0315 33 037 0148 0148 0148 0148
JTWC 01B NARGIS    080428 1800 132N 0853E 340 010 0967 1002 0352 39 037 0148 0139 0148 0139
JTWC 01B NARGIS    080429 0000 136N 0852E 350 015 0959 1002 0380 44 028 0167 0167 0157 0157
JTWC 01B NARGIS    080429 0600 135N 0856E  25 010 0963 1002 0407 41 028 0167 0167 0157 0157
JTWC 01B NARGIS    080429 1200 135N 0862E  65 015 0970 1002 0407 36 037 0148 0157 0139 0139
JTWC 01B NARGIS    080429 1800 136N 0865E  60 015 0970 1003 0370 36 037 0139 0148 0130 0130
JTWC 01B NARGIS    080430 1200 150N 0875E  40 026 0970 1004 0389 36 037 0157 0176 0167 0157
JTWC 01B NARGIS    080430 1800 153N 0882E  55 031 0974 1003 0370 33 028 0148 0167 0167 0176
JTWC 01B NARGIS    080501 0000 157N 0887E  55 031 0970 1003 0352 36 028 0176 0194 0176 0157
JTWC 01B NARGIS    080501 0600 158N 0898E  70 041 0967 1003 0352 39 028 0176 0194 0176 0157
JTWC 01B NARGIS    080501 1200 159N 0907E  75 041 0956 1003 0352 46 028 0185 0204 0185 0167
JTWC 01B NARGIS    080501 1800 158N 0917E  85 046 0948 1003 0352 51 019 0185 0222 0204 0204
JTWC 01B NARGIS    080502 0000 157N 0926E  90 046 0948 1003 0352 51 019 0204 0241 0204 0194
JTWC 01B NARGIS    080502 0600 159N 0937E  90 051 0937 1002 0352 59 019 0194 0241 0241 0213
JTWC 01B NARGIS    080502 1200 160N 0947E  85 051 0944 1002 0352 54 028 0185 0241 0241 0204
JTWC 01B NARGIS    080502 1800 163N 0956E  75 046 0963 1002 0263 44 046 0157 0176 0176 0167
JTWC 01B NARGIS    080503 0600 173N 0970E  60 046 0985 1002 0333 26 046 0130 0157 0157 0130
