JTWC 02S TWO       081118 1800 103S 0945E 110 057 0996 1008 0315 18 093 -999 -999 -999 -999
JTWC 02S TWO       081119 0000 107S 0962E 105 072 0996 1008 0315 18 093 -999 -999 -999 -999
JTWC 02S ANIKA     081119 0600 118S 0977E 115 077 0996 1006 0315 18 074 -999 -999 -999 -999
JTWC 02S ANIKA     081119 1200 120S 0989E 115 072 0993 1006 0315 21 065 0083 0074 0074 0083
JTWC 02S ANIKA     081119 1800 126S 1001E 115 067 0985 1006 0315 26 065 0093 0083 0083 0093
JTWC 02S ANIKA     081120 0000 136S 1014E 120 072 0974 1006 0315 33 019 0093 0065 0065 0093
JTWC 02S ANIKA     081120 0600 147S 1023E 130 072 0985 1008 0343 26 028 0102 0111 0074 0074
JTWC 02S ANIKA     081120 1200 157S 1037E 130 082 0985 1008 0343 26 028 0102 0111 0083 0074
JTWC 02S ANIKA     081120 1800 155S 1050E 120 067 0996 1008 0343 18 028 -999 -999 -999 -999
JTWC 02S ANIKA     081121 0000 157S 1063E 110 062 1000 1008 0343 15 028 -999 -999 -999 -999
