JTWC 04S FOUR      081217 0000 103S 0670E 235 026 0996 1006 0315 18 056 -999 -999 -999 -999
JTWC 04S FOUR      081217 0600 103S 0666E 250 026 0996 1008 0296 18 037 -999 -999 -999 -999
JTWC 04S FOUR      081217 1200 107S 0666E 240 021 0996 1008 0296 18 037 -999 -999 -999 -999
JTWC 04S FOUR      081217 1800 111S 0669E 200 015 0996 1008 0278 18 037 0046 0056 0056 0046
JTWC 04S CINDA     081218 0000 113S 0671E 175 015 0985 1008 0315 26 037 0093 0102 0102 0093
JTWC 04S CINDA     081218 0600 120S 0671E 170 021 0982 1008 0315 28 019 0093 0102 0102 0093
JTWC 04S CINDA     081218 1200 131S 0671E 175 036 0982 1008 0315 28 019 0093 0102 0102 0093
JTWC 04S CINDA     081218 1800 130S 0665E 200 026 0985 1006 0389 26 056 0093 0120 0111 0083
JTWC 04S CINDA     081219 0000 135S 0659E 215 031 0985 1006 0389 26 056 0093 0120 0111 0093
JTWC 04S CINDA     081219 0600 137S 0654E 230 031 0989 1006 0389 23 056 0093 0120 0111 0093
JTWC 04S CINDA     081219 1200 138S 0649E 240 031 0993 1006 0389 21 056 0093 0120 0111 0093
JTWC 04S CINDA     081219 1800 141S 0644E 245 026 0993 1006 0389 21 074 0093 0120 0111 0093
JTWC 04S CINDA     081220 0000 141S 0635E 260 031 0993 1008 0278 21 028 0093 0120 0111 0093
JTWC 04S CINDA     081220 0600 140S 0629E 265 036 0996 1008 0278 18 028 0093 0120 0111 0093
JTWC 04S CINDA     081220 1200 143S 0624E 260 031 0996 1008 0278 18 028 -999 -999 -999 -999
JTWC 04S CINDA     081220 1800 146S 0623E 245 026 0996 1008 0315 18 056 0093 0120 0111 0093
JTWC 04S CINDA     081221 0000 155S 0615E 220 036 1000 1009 0352 15 065 -999 -999 -999 -999
JTWC 04S CINDA     081221 1800 155S 0589E 270 041 1004 1009 0352 13 065 -999 -999 -999 -999
JTWC 04S CINDA     081222 0000 159S 0590E 240 021 1004 1009 0352 13 065 -999 -999 -999 -999
