JTWC 05S BILLY     081218 1800 147S 1289E 140 021 0996 1006 0296 18 056 0074 0074 0074 0074
JTWC 05S BILLY     081219 0000 147S 1288E 150 010 0989 1006 0296 23 056 0074 0093 0083 0074
JTWC 05S BILLY     081219 0600 147S 1286E 235 005 0989 1006 0296 23 056 0074 0093 0083 0074
JTWC 05S BILLY     081219 1200 147S 1285E 255 005 0989 1008 0278 23 028 0074 0093 0083 0074
JTWC 05S BILLY     081219 1800 149S 1282E 250 010 0989 1008 0278 23 028 0074 0093 0083 0074
JTWC 05S BILLY     081220 0000 151S 1277E 245 015 0996 1008 0278 18 028 0074 0093 0083 0074
JTWC 05S BILLY     081220 0600 153S 1275E 240 021 1004 1008 0278 13 028 -999 -999 -999 -999
JTWC 05S BILLY     081221 0000 152S 1259E 270 026 1004 1005 0370 13 065 -999 -999 -999 -999
JTWC 05S BILLY     081221 0600 152S 1256E 270 026 1004 1005 0370 13 065 -999 -999 -999 -999
JTWC 05S BILLY     081221 1200 154S 1253E 260 021 1004 1005 0315 13 083 -999 -999 -999 -999
JTWC 05S BILLY     081221 1800 157S 1249E 250 021 1000 1003 0315 13 093 -999 -999 -999 -999
JTWC 05S BILLY     081222 0000 155S 1243E 260 021 0993 1003 0333 21 093 0102 0102 0102 0102
JTWC 05S BILLY     081222 0600 157S 1236E 260 031 0993 1005 0333 21 074 0120 0102 0111 0111
JTWC 05S BILLY     081222 1200 166S 1234E 235 031 0993 1005 0296 21 056 0056 0083 0083 0074
JTWC 05S BILLY     081222 1800 165S 1230E 235 026 0993 1005 0296 21 056 0056 0083 0083 0074
JTWC 05S BILLY     081223 0000 173S 1222E 225 036 0993 1005 0296 21 056 0056 0083 0083 0074
JTWC 05S BILLY     081223 0600 177S 1213E 230 041 0993 1003 0352 21 056 0074 0093 0083 0074
JTWC 05S BILLY     081223 1200 177S 1208E 240 036 0985 1001 0361 26 046 0083 0111 0102 0083
JTWC 05S BILLY     081223 1800 177S 1203E 255 031 0985 1001 0333 26 046 0083 0111 0102 0083
JTWC 05S BILLY     081224 0000 179S 1199E 255 026 0967 1001 0333 39 019 0130 0130 0139 0130
JTWC 05S BILLY     081224 0600 179S 1193E 260 026 0967 1008 0278 39 028 0130 0130 0139 0130
JTWC 05S BILLY     081224 1200 178S 1185E 270 031 0944 1002 0315 54 019 0157 0176 0167 0148
JTWC 05S BILLY     081224 1800 177S 1178E 275 036 0944 1002 0315 54 019 0157 0176 0167 0148
JTWC 05S BILLY     081225 0600 172S 1165E 285 036 0944 1002 0315 54 019 0194 0213 0232 0213
JTWC 05S BILLY     081225 1200 170S 1158E 290 036 0952 1002 0315 49 028 0176 0185 0176 0176
JTWC 05S BILLY     081225 1800 166S 1152E 295 036 0948 1002 0333 51 019 0120 0130 0130 0120
JTWC 05S BILLY     081226 0000 162S 1147E 300 036 0959 1003 0333 44 019 0120 0130 0130 0120
JTWC 05S BILLY     081226 0600 158S 1142E 305 031 0963 1004 0333 41 028 0120 0148 0148 0111
JTWC 05S BILLY     081226 1200 156S 1138E 305 031 0970 1003 0333 36 037 0120 0148 0148 0120
JTWC 05S BILLY     081226 1800 151S 1130E 305 036 0970 1003 0333 36 037 0120 0148 0148 0120
JTWC 05S BILLY     081227 0000 152S 1134E 310 021 0982 1003 0333 28 037 0120 0148 0148 0120
JTWC 05S BILLY     081227 0600 152S 1130E 295 021 0985 1003 0306 26 056 0102 0120 0120 0102
JTWC 05S BILLY     081227 1200 153S 1129E 280 010 0989 1003 0287 23 065 0102 0120 0120 0102
JTWC 05S BILLY     081227 1800 150S 1127E 290 010 0996 1003 0287 18 065 -999 -999 -999 -999
JTWC 05S BILLY     081228 0000 149S 1127E 315 005 0996 1003 0287 18 065 0102 0120 0120 0102
JTWC 05S BILLY     081228 0600 156S 1129E 170 010 1000 1004 0278 15 074 -999 -999 -999 -999
JTWC 05S BILLY     081228 1200 160S 1127E 180 015 1000 1004 0278 15 083 -999 -999 -999 -999
JTWC 05S BILLY     081228 1800 164S 1123E 200 026 1004 1005 0278 13 083 -999 -999 -999 -999
JTWC 05S BILLY     081229 0000 166S 1114E 235 031 1004 1005 0278 13 083 -999 -999 -999 -999
JTWC 05S BILLY     081229 0600 169S 1106E 245 036 1004 1005 0278 13 083 -999 -999 -999 -999
JTWC 05S BILLY     081229 1200 172S 1096E 250 046 1004 1006 0315 13 083 -999 -999 -999 -999
