JTWC 06W NAKRI     080527 1200 142N 1375E 320 036 0993 1007 0315 21 046 0065 0056 0046 0056
JTWC 06W NAKRI     080527 1800 145N 1375E 325 021 0989 1010 0315 23 046 0093 0074 0074 0083
JTWC 06W NAKRI     080528 0000 154N 1371E 340 026 0982 1010 0315 28 046 0120 0102 0102 0111
JTWC 06W NAKRI     080528 0600 156N 1369E 340 021 0982 1010 0315 28 037 0120 0102 0102 0111
JTWC 06W NAKRI     080528 1800 160N 1364E 310 015 0963 1007 0324 41 028 0130 0111 0111 0120
JTWC 06W NAKRI     080529 0000 160N 1363E 300 010 0952 1009 0324 49 028 0176 0185 0148 0148
JTWC 06W NAKRI     080529 0600 162N 1358E 290 015 0933 1009 0352 62 028 0222 0222 0185 0185
JTWC 06W NAKRI     080529 1200 162N 1355E 285 015 0929 1009 0352 64 028 0222 0222 0185 0185
JTWC 06W NAKRI     080529 1800 164N 1351E 285 015 0929 1009 0352 64 028 0222 0241 0204 0194
JTWC 06W NAKRI     080530 0000 165N 1347E 290 021 0929 1009 0361 64 046 0222 0241 0204 0194
JTWC 06W NAKRI     080530 0600 169N 1342E 300 026 0929 1009 0352 64 028 0222 0241 0204 0194
JTWC 06W NAKRI     080530 1200 174N 1334E 305 036 0944 1009 0315 54 056 0204 0222 0185 0176
JTWC 06W NAKRI     080530 1800 179N 1330E 310 036 0952 1007 0324 49 037 0194 0194 0176 0167
JTWC 06W NAKRI     080531 0000 183N 1329E 320 031 0963 1007 0324 41 046 0194 0194 0176 0167
JTWC 06W NAKRI     080531 0600 192N 1329E 345 031 0970 1007 0324 36 046 0185 0185 0167 0157
JTWC 06W NAKRI     080531 1200 198N 1328E 350 036 0974 1007 0324 33 046 0185 0185 0167 0157
JTWC 06W NAKRI     080531 1800 201N 1328E 355 031 0974 1006 0324 33 046 0194 0185 0176 0185
JTWC 06W NAKRI     080601 0000 207N 1329E   5 026 0970 1006 0324 36 046 0194 0204 0176 0167
JTWC 06W NAKRI     080601 0600 216N 1331E  10 031 0974 1006 0324 33 046 0194 0204 0176 0167
JTWC 06W NAKRI     080601 1200 224N 1333E  10 041 0970 1006 0324 36 037 0194 0204 0176 0167
JTWC 06W NAKRI     080601 1800 235N 1337E  15 051 0967 1004 0315 39 028 0213 0213 0194 0185
JTWC 06W NAKRI     080602 0000 250N 1344E  20 062 0963 1004 0315 41 037 0222 0213 0185 0185
JTWC 06W NAKRI     080602 0600 268N 1355E  25 082 0967 1004 0315 39 037 0204 0194 0176 0176
JTWC 06W NAKRI     080602 1200 284N 1370E  30 098 0974 1004 0333 33 046 0204 0194 0176 0176
JTWC 06W NAKRI     080602 1800 301N 1391E  40 113 0982 1004 0333 28 065 0250 0296 0278 0167
JTWC 06W NAKRI     080603 0000 313N 1408E  45 113 0985 1004 0333 26 065 0250 0296 0278 0167
