NHC  07E SEVEN     080716 0600 098N 0948W 310 036 1006 1010 0278 15 046 -999 -999 -999 -999 -999 -999
NHC  07E SEVEN     080716 1200 103N 0963W 295 051 1006 1010 0278 15 046 -999 -999 -999 -999 -999 -999
NHC  07E FAUSTO    080716 1800 112N 0990W 290 088 1005 1010 0278 18 046 0056 0056 0093 00939 -999 -999 -999
NHC  07E FAUSTO    080717 0000 116N 1010W 280 103 1002 1010 0278 21 046 0056 0056 0093 00939 -999 -999 -999
NHC  07E FAUSTO    080717 0600 114N 1027W 265 098 1002 1010 0278 26 037 0056 0056 0093 00939 -999 0037 0037
NHC  07E FAUSTO    080717 1200 112N 1035W 270 062 0994 1010 0278 26 037 0056 0056 0093 00939 -999 0037 0037
NHC  07E FAUSTO    080717 1800 125N 1045W 270 067 0998 1012 0463 26 028 0139 0139 0111 01394 0074 0056 0074
NHC  07E FAUSTO    080718 0000 128N 1054W 290 057 0994 1012 0417 31 074 0130 0130 0139 -999 0074 -999
NHC  07E FAUSTO    080718 0600 132N 1064W 290 057 0993 1012 0417 31 074 0167 0167 0111 00934 0074 -999 -999
NHC  07E FAUSTO    080718 1200 134N 1076W 285 057 0987 1010 0510 33 037 0185 0139 0139 01853 0074 0074 0093
NHC  07E FAUSTO    080718 1800 139N 1080W 290 046 0987 1010 0510 33 037 0185 0139 0139 01853 0074 0074 0093
NHC  07E FAUSTO    080719 0000 141N 1086W 290 041 0985 1010 0510 36 037 0185 0139 0139 01853 0074 0074 0093
NHC  07E FAUSTO    080719 0600 146N 1091W 300 036 0980 1010 0510 39 037 0185 0139 0139 01853 0074 0074 0093
NHC  07E FAUSTO    080719 1200 150N 1097W 305 036 0977 1010 0510 41 037 0185 0139 0139 01853 0074 0074 0093
NHC  07E FAUSTO    080719 1800 153N 1099W 310 031 0980 1010 0510 39 037 0185 0148 0148 01853 0074 0074 0093
NHC  07E FAUSTO    080720 0000 160N 1106W 315 036 0980 1010 0510 39 037 0130 0204 0111 00934 0074 0074 0074
NHC  07E FAUSTO    080720 0600 168N 1113W 320 051 0980 1010 0510 39 037 0167 0222 0111 01674 0074 0074 0074
NHC  07E FAUSTO    080720 1200 177N 1122W 320 057 0980 1010 0510 39 046 0167 0222 0111 01673 0083 0056 0083
NHC  07E FAUSTO    080720 1800 184N 1129W 315 057 0977 1010 0556 41 056 0185 0185 0111 01853 0093 0056 0093
NHC  07E FAUSTO    080721 0000 192N 1139W 310 062 0977 1010 0556 41 056 0185 0185 0139 01853 0093 0093 0093
NHC  07E FAUSTO    080721 0600 199N 1149W 310 057 0975 1010 0556 44 056 0185 0185 0139 01853 0093 0093 0093
NHC  07E FAUSTO    080721 1200 202N 1163W 300 062 0984 1010 0500 36 056 0167 0167 0111 01673 0083 -999 0083
NHC  07E FAUSTO    080721 1800 207N 1177W 295 067 0990 1010 0500 31 065 0167 0111 0111 01671 0083 0083 0111
NHC  07E FAUSTO    080722 0000 211N 1184W 295 057 0990 1010 0500 31 065 0167 0111 0111 01671 0083 0083 0111
NHC  07E FAUSTO    080722 0600 206N 1191W 280 051 0997 1010 0500 26 065 0167 0111 0111 01671 0083 0083 0111
NHC  07E FAUSTO    080722 1200 208N 1203W 280 057 1002 1009 0556 21 056 0111 -999 -999 01119 -999 -999 -999
NHC  07E FAUSTO    080722 1800 217N 1211W 290 051 1007 1010 0500 15 056 -999 -999 -999 -999 -999 -999
