NHC  07L SEVEN     080825 1200 151N 0696W 305 067 1006 1010 0334 15 111 -999 -999 -999 -999 -999 -999
NHC  07L GUSTAV    080825 1800 158N 0705W 310 067 0996 1010 0334 26 037 0083 0083 0056 00837 0037 -999 -999
NHC  07L GUSTAV    080826 0000 164N 0712W 310 051 0993 1009 0297 28 028 0083 0056 0056 00567 0028 -999 -999
NHC  07L GUSTAV    080826 0600 169N 0717W 315 041 0986 1009 0278 36 019 0111 0111 0056 00567 0037 0028 0028
NHC  07L GUSTAV    080826 1200 176N 0721W 325 041 0981 1009 0297 41 019 0111 0111 0056 00564 0046 0028 0028
NHC  07L GUSTAV    080826 1800 182N 0728W 310 046 0992 1009 0297 36 019 0083 0111 0056 00566 0046 0028 0028
NHC  07L GUSTAV    080827 0000 185N 0733W 315 036 0992 1009 0297 33 019 0083 0111 0028 00566 0028 0019 0037
NHC  07L GUSTAV    080827 0600 186N 0734W 305 021 0998 1010 0278 26 037 0083 0083 0056 00566 0046 -999 -999
NHC  07L GUSTAV    080827 1200 188N 0737W 300 015 0997 1010 0278 26 019 0083 0083 0056 00566 0046 -999 -999
NHC  07L GUSTAV    080827 1800 189N 0740W 300 015 0999 1010 0371 23 019 0083 0083 0056 00569 -999 -999 -999
NHC  07L GUSTAV    080828 0000 189N 0751W 265 036 0999 1010 0371 21 019 0056 0056 -999 00569 -999 -999 -999
NHC  07L GUSTAV    080828 0600 180N 0755W 205 046 0994 1007 0334 23 056 0083 0056 0056 00569 -999 -999 -999
NHC  07L GUSTAV    080828 1200 179N 0757W 245 015 0983 1007 0334 31 046 0093 0074 0074 00746 -999 -999 -999
NHC  07L GUSTAV    080828 1800 180N 0762W 270 026 0983 1007 0334 31 028 0074 0074 0074 00747 0037 -999 -999
NHC  07L GUSTAV    080829 0000 178N 0770W 265 031 0988 1007 0417 31 019 0074 0074 0074 00747 0037 -999 -999
NHC  07L GUSTAV    080829 0600 179N 0777W 275 036 0993 1007 0417 28 037 0167 0167 0074 00746 0046 -999 0046
NHC  07L GUSTAV    080829 1200 183N 0784W 290 036 0988 1007 0417 28 046 0222 0167 0074 01113 0056 -999 0056
NHC  07L GUSTAV    080829 1800 188N 0792W 300 046 0984 1008 0417 31 046 0241 0167 0074 01851 0074 -999 0074
NHC  07L GUSTAV    080830 0000 192N 0800W 300 041 0975 1006 0463 36 037 0259 0222 0167 02229 0093 0065 0093
NHC  07L GUSTAV    080830 0600 197N 0808W 305 046 0968 1007 0463 44 037 0259 0222 0139 02229 0111 0056 0111
NHC  07L GUSTAV    080830 1200 207N 0816W 320 057 0955 1007 0463 57 037 0259 0222 0139 02227 0167 0083 0111
NHC  07L GUSTAV    080830 1800 216N 0826W 315 067 0943 1008 0463 64 028 0278 0222 0139 02227 0167 0083 0111
NHC  07L GUSTAV    080831 0000 227N 0834W 320 067 0948 1008 0510 64 028 0278 0222 0167 02227 0139 0111 0111
NHC  07L GUSTAV    080831 0600 235N 0844W 315 067 0958 1008 0510 59 028 0324 0222 0222 02222 0139 0111 0111
NHC  07L GUSTAV    080831 1200 248N 0855W 320 072 0960 1008 0510 54 028 0324 0259 0222 02222 0139 0111 0139
NHC  07L GUSTAV    080831 1800 259N 0867W 315 077 0960 1008 0510 51 028 0324 0259 0222 02782 0139 0111 0139
NHC  07L GUSTAV    080901 0000 268N 0877W 315 072 0950 1008 0510 54 037 0352 0324 0259 03342 0167 0111 0222
NHC  07L GUSTAV    080901 0600 278N 0889W 315 072 0954 1007 0445 51 046 0324 0324 0259 03245 0167 0111 0185
NHC  07L GUSTAV    080901 1200 288N 0903W 310 077 0955 1007 0445 51 046 0324 0324 0259 03245 0167 0111 0185
NHC  07L GUSTAV    080901 1800 298N 0914W 310 077 0961 1008 0417 44 046 0324 0324 0259 01393 0139 0111 0111
NHC  07L GUSTAV    080902 0000 307N 0923W 315 062 0972 1004 0371 33 037 0185 0232 0139 01395 0093 0056 0083
NHC  07L GUSTAV    080902 0600 314N 0931W 320 051 0982 1005 0334 21 056 0111 0111 0111 01119 -999 -999 -999
