JTWC 09W NAMELESS  080724 1800 212N 1317E 245 026 1000 1004 0389 15 083 -999 -999 -999 -999
JTWC 09W NAMELESS  080725 0000 216N 1317E 255 026 0996 1004 0389 18 083 -999 -999 -999 -999
JTWC 09W NAMELESS  080725 0600 216N 1309E 260 031 0996 1004 0389 18 083 -999 -999 -999 -999
JTWC 09W FUNG-WONG 080725 1200 218N 1298E 275 036 0993 1004 0389 21 065 0065 0065 0065 0065
JTWC 09W FUNG-WONG 080725 1800 219N 1289E 275 041 0985 1001 0370 26 046 0083 0093 0093 0083
JTWC 09W FUNG-WONG 080726 0000 215N 1278E 265 046 0982 1001 0398 28 056 0139 0148 0157 0139
JTWC 09W FUNG-WONG 080726 0600 213N 1271E 255 041 0982 1002 0435 28 046 0130 0139 0148 0130
JTWC 09W FUNG-WONG 080726 1200 213N 1261E 260 041 0974 1002 0454 33 046 0130 0139 0148 0130
JTWC 09W FUNG-WONG 080726 1800 211N 1256E 260 036 0970 1001 0407 36 037 0148 0148 0157 0148
JTWC 09W FUNG-WONG 080727 0000 215N 1249E 275 036 0967 1001 0417 39 037 0194 0167 0167 0185
JTWC 09W FUNG-WONG 080727 0600 221N 1240E 295 036 0959 1002 0463 44 046 0259 0241 0241 0241
JTWC 09W FUNG-WONG 080727 1800 230N 1223E 300 046 0952 1000 0435 49 028 0324 0296 0296 0315
JTWC 09W FUNG-WONG 080728 0000 236N 1213E 300 051 0959 1000 0426 44 037 0296 0269 0278 0296
JTWC 09W FUNG-WONG 080728 0600 241N 1206E 305 046 0970 1000 0426 36 065 0315 0269 0278 0296
JTWC 09W FUNG-WONG 080728 1200 251N 1198E 315 051 0978 1000 0426 31 074 0278 0259 0250 0259
JTWC 09W FUNG-WONG 080728 1800 260N 1188E 315 057 0989 1000 0426 23 074 0167 0167 0167 0167
