NHC  11L KYLE      080925 1800 231N 0684W 020 036 1003 1008 0278 21 074 0167 0139 -999 -999 -999 -999
NHC  11L KYLE      080926 0000 242N 0680W 020 051 0994 1009 0278 23 074 0167 0139 -999 -999 -999 -999
NHC  11L KYLE      080926 0600 250N 0682W 360 051 0998 1009 0278 23 074 0167 0139 -999 -999 -999 -999
NHC  11L KYLE      080926 1200 260N 0687W 340 057 0997 1011 0278 26 056 0334 0222 -999 00563 -999 -999 -999
NHC  11L KYLE      080926 1800 269N 0687W 345 051 1000 1012 0278 26 167 0334 0259 -999 -999 -999 -999
NHC  11L KYLE      080927 0000 287N 0686W 360 067 0998 1012 0278 26 167 0334 0259 -999 -999 -999 -999
NHC  11L KYLE      080927 0600 298N 0692W 345 067 0996 1012 0278 31 167 0334 0259 -999 -999 -999 -999
NHC  11L KYLE      080927 1200 312N 0695W 345 067 0996 1012 0278 31 167 0334 0259 -999 02047 -999 -999 -999
NHC  11L KYLE      080927 1800 333N 0697W 355 088 0998 1012 0278 31 167 0334 0259 -999 02047 0167 -999 -999
NHC  11L KYLE      080928 0000 353N 0697W 360 103 0995 1012 0324 33 111 0334 0259 -999 02045 0167 -999 -999
NHC  11L KYLE      080928 0600 374N 0694W 360 108 0999 1012 0324 33 111 0334 0259 -999 02045 0167 -999 -999
NHC  11L KYLE      080928 1200 394N 0684W 020 108 0991 1012 0324 36 111 0334 0259 0204 02045 0167 0111 0111
NHC  11L KYLE      080928 1800 416N 0667W 030 118 0984 1012 0324 39 111 0334 0371 0204 02045 0167 0111 0111
NHC  11L KYLE      080929 0000 438N 0662W 010 118 0985 1012 0324 33 093 0389 0389 0204 01399 0167 0111 -999
