JTWC 13W NAMELESS  080817 1200 160N 1371E 290 077 0996 1010 0315 18 056 -999 -999 -999 -999
JTWC 13W NAMELESS  080817 1800 160N 1352E 285 082 0993 1010 0315 21 056 0065 0065 0065 0065
JTWC 13W NAMELESS  080818 0000 160N 1333E 275 088 0989 1009 0296 23 056 0074 0074 0074 0074
JTWC 13W NURI      080818 0600 159N 1315E 270 088 0982 1009 0389 28 037 0093 0093 0093 0093
JTWC 13W NURI      080818 1200 164N 1299E 280 082 0974 1009 0152 33 037 0102 0093 0093 0102
JTWC 13W NURI      080818 1800 169N 1283E 280 082 0970 1008 0333 36 028 0120 0111 0111 0120
JTWC 13W NURI      080819 0000 171N 1268E 285 077 0963 1008 0333 41 028 0167 0157 0157 0167
JTWC 13W NURI      080819 0600 176N 1254E 285 072 0956 1008 0370 46 028 0185 0176 0176 0185
JTWC 13W NURI      080819 1200 182N 1244E 290 067 0952 1008 0370 49 028 0185 0176 0176 0185
JTWC 13W NURI      080819 1800 184N 1230E 290 067 0956 1007 0380 46 028 0194 0176 0176 0194
JTWC 13W NURI      080820 0000 187N 1219E 290 062 0952 1007 0380 49 028 0194 0176 0176 0194
JTWC 13W NURI      080820 0600 189N 1211E 285 057 0956 1006 0380 46 028 0222 0204 0194 0176
JTWC 13W NURI      080820 1200 196N 1204E 295 046 0963 1006 0380 41 056 0204 0250 0250 0204
JTWC 13W NURI      080820 1800 198N 1191E 295 051 0963 1006 0380 41 056 0204 0250 0250 0204
JTWC 13W NURI      080821 0000 201N 1179E 290 057 0967 1006 0380 39 056 0204 0250 0250 0204
JTWC 13W NURI      080821 0600 203N 1169E 280 051 0970 1005 0380 36 046 0250 0250 0232 0204
JTWC 13W NURI      080821 1200 210N 1166E 295 041 0974 1005 0380 33 046 0250 0250 0232 0204
JTWC 13W NURI      080821 1800 208N 1157E 290 036 0978 1005 0380 31 046 0250 0250 0232 0204
JTWC 13W NURI      080822 0000 212N 1151E 290 036 0982 1005 0380 28 046 0250 0250 0232 0204
JTWC 13W NURI      080822 0600 220N 1144E 305 041 0989 1005 0380 23 046 0102 0102 0102 0102
