NHC  15E FIFTEEN   081004 0000 135N 0993W 060 015 1006 1010 0334 15 074 -999 -999 -999 -999 -999 -999
NHC  15E FIFTEEN   081004 0600 136N 0987W 095 015 1006 1010 0334 15 065 -999 -999 -999 -999 -999 -999
NHC  15E FIFTEEN   081004 1200 140N 0992W 030 005 1006 1010 0334 15 065 -999 -999 -999 -999 -999 -999
NHC  15E FIFTEEN   081004 1800 142N 1001W 280 021 1006 1010 0334 15 065 -999 -999 -999 -999 -999 -999
NHC  15E NORBERT   081005 0000 142N 1006W 285 026 1005 1010 0334 18 056 0056 0056 0056 00569 -999 -999 -999
NHC  15E NORBERT   081005 0600 141N 1011W 270 026 1003 1010 0306 21 056 0056 0056 0056 00569 -999 -999 -999
NHC  15E NORBERT   081005 1200 145N 1016W 290 036 1000 1010 0334 23 056 0056 0056 0056 00569 -999 -999 -999
NHC  15E NORBERT   081005 1800 143N 1028W 275 041 0997 1010 0334 26 037 0083 0083 0083 00837 -999 -999 0037
NHC  15E NORBERT   081006 0000 141N 1034W 270 036 0993 1010 0334 28 037 0111 0111 0111 01116 0056 0056 0056
NHC  15E NORBERT   081006 0600 140N 1036W 270 031 0993 1010 0334 28 037 0111 0111 0111 01116 0056 0056 0056
NHC  15E NORBERT   081006 1200 142N 1044W 280 036 0993 1010 0334 28 037 0111 0111 0111 01116 0056 0056 0056
NHC  15E NORBERT   081006 1800 144N 1050W 285 036 0990 1010 0334 31 037 0111 0111 0111 00566 0056 0056 -999
NHC  15E NORBERT   081007 0000 146N 1056W 285 036 0990 1009 0445 31 056 0167 0111 0111 01116 0056 0056 -999
NHC  15E NORBERT   081007 0600 150N 1061W 295 036 0987 1008 0417 33 028 0111 0139 0111 01116 0074 0056 0037
NHC  15E NORBERT   081007 1200 152N 1067W 290 036 0987 1008 0417 33 028 0111 0139 0111 01116 0074 0056 0056
NHC  15E NORBERT   081007 1800 151N 1077W 285 041 0980 1008 0417 39 028 0167 0139 0139 01674 0056 0056 0074
NHC  15E NORBERT   081008 0000 156N 1086W 290 046 0970 1008 0417 46 028 0167 0139 0139 01673 0065 0065 0083
NHC  15E NORBERT   081008 0600 159N 1096W 290 046 0960 1008 0417 51 028 0185 0139 0139 01853 0074 0074 0093
NHC  15E NORBERT   081008 1200 161N 1102W 290 041 0952 1008 0417 57 028 0185 0139 0139 01853 0074 0074 0093
NHC  15E NORBERT   081008 1800 164N 1109W 290 041 0948 1008 0417 59 037 0204 0232 0232 02043 0093 0093 0093
NHC  15E NORBERT   081009 0000 169N 1116W 305 041 0948 1007 0463 59 028 0204 0232 0232 02043 0093 0093 0093
NHC  15E NORBERT   081009 0600 173N 1122W 300 041 0954 1007 0463 57 028 0185 0185 0232 01854 0074 0074 0074
NHC  15E NORBERT   081009 1200 178N 1125W 320 031 0960 1008 0463 51 037 0185 0185 0222 01854 0074 0074 0074
NHC  15E NORBERT   081009 1800 179N 1128W 320 021 0973 1009 0463 46 037 0167 0167 0222 01853 0083 0139 0139
NHC  15E NORBERT   081010 0000 186N 1131W 325 026 0973 1007 0510 41 037 0222 0167 0222 01851 0083 0139 0139
NHC  15E NORBERT   081010 0600 193N 1133W 340 031 0973 1007 0510 41 037 0222 0167 0222 01851 0083 0139 0139
NHC  15E NORBERT   081010 1200 201N 1134W 350 041 0973 1007 0510 44 037 0222 0167 0185 01851 0083 0139 0139
NHC  15E NORBERT   081010 1800 209N 1135W 355 041 0970 1008 0510 46 046 0222 0185 0222 01851 0111 0139 0111
NHC  15E NORBERT   081011 0000 218N 1133W 010 046 0970 1007 0510 46 046 0222 0185 0222 01851 0111 0139 0111
NHC  15E NORBERT   081011 0600 229N 1128W 015 062 0962 1007 0510 51 046 0222 0222 0185 02041 0111 0093 0102
NHC  15E NORBERT   081011 1200 237N 1123W 020 057 0966 1007 0510 46 046 0222 0222 0185 02041 0111 0093 0102
NHC  15E NORBERT   081011 1800 247N 1113W 035 057 0966 1007 0417 46 046 0204 0204 0185 01851 0111 0093 0102
NHC  15E NORBERT   081012 0000 258N 1103W 040 062 0958 1006 0417 41 037 0204 0278 0185 01859 0111 0093 0093
NHC  15E NORBERT   081012 0600 269N 1087W 045 088 0987 1006 0417 33 037 0139 0278 0185 01853 0111 0093 0093
NHC  15E NORBERT   081012 1200 285N 1070W 045 103 1000 1008 0371 15 074 -999 -999 -999 -999 -999 -999
