NHC  15L FIFTEEN   081013 1200 149N 0696W 275 031 1005 1008 0278 15 139 -999 -999 -999 -999 -999 -999
NHC  15L FIFTEEN   081013 1800 147N 0699W 265 021 1006 1008 0278 15 139 -999 -999 -999 -999 -999 -999
NHC  15L FIFTEEN   081014 0000 145N 0695W 360 000 1001 1008 0278 15 083 -999 -999 -999 -999 -999 -999
NHC  15L FIFTEEN   081014 0600 144N 0693W 155 005 1001 1008 0334 15 083 -999 -999 -999 -999 -999 -999
NHC  15L OMAR      081014 1200 143N 0691W 115 015 1001 1008 0334 18 074 0111 0111 -999 -999 -999 -999
NHC  15L OMAR      081014 1800 138N 0689W 140 021 0982 1008 0334 31 028 0111 0111 0074 00747 0037 0028 0028
NHC  15L OMAR      081015 0000 141N 0683W 060 031 0980 1008 0334 31 028 0111 0148 0074 00376 0074 0037 -999
NHC  15L OMAR      081015 0600 144N 0680W 045 021 0985 1008 0445 33 019 0111 0148 0093 00566 0074 0056 -999
NHC  15L OMAR      081015 1200 149N 0675W 050 031 0984 1008 0445 36 019 0167 0167 0185 01304 0083 0046 0056
NHC  15L OMAR      081015 1800 155N 0666W 050 057 0978 1008 0445 39 019 0167 0167 0185 01304 0083 0056 0056
NHC  15L OMAR      081016 0000 166N 0652W 050 088 0971 1009 0445 46 019 0167 0185 0185 01304 0093 0074 0056
NHC  15L OMAR      081016 0600 182N 0639W 045 103 0959 1009 0445 57 019 0185 0185 0185 01113 0093 0074 0056
NHC  15L OMAR      081016 1200 205N 0624W 030 139 0965 1009 0445 51 028 0185 0185 0185 01113 0093 0074 0056
NHC  15L OMAR      081016 1800 211N 0604W 045 108 0985 1010 0510 33 037 0167 0222 0111 01113 0139 0056 0056
NHC  15L OMAR      081017 0000 228N 0588W 045 113 0986 1010 0510 33 065 0232 0222 0093 01111 0139 -999 -999
NHC  15L OMAR      081017 0600 251N 0571W 040 124 0992 1010 0510 26 065 0185 0185 0093 01119 0139 -999 -999
NHC  15L OMAR      081017 1200 279N 0557W 035 154 0990 1013 0556 31 028 0185 0139 0111 01391 0083 -999 -999
NHC  15L OMAR      081017 1800 302N 0544W 027 144 0987 1013 0556 33 028 0185 0139 0111 01391 0083 -999 0083
NHC  15L OMAR      081018 0000 312N 0533W 035 098 0988 1013 0510 28 037 0139 0167 0111 01119 0046 0046 -999
NHC  15L OMAR      081018 0600 324N 0521W 035 082 0991 1013 0510 26 037 0139 0167 0139 01119 0046 0046 -999
NHC  15L OMAR      081018 1200 330N 0513W 045 067 1000 1013 0510 21 037 -999 0111 -999 -999 -999 -999
