JTWC 15P GENE      080128 0600 173S 1785E 225 051 0989 1005 0333 23 046 0074 0074 0074 0074
JTWC 15P GENE      080128 1200 175S 1774E 240 051 0989 1005 0333 23 046 0083 0093 0093 0074
JTWC 15P GENE      080128 1800 178S 1760E 250 057 0989 1005 0250 23 046 0120 0167 0167 0111
JTWC 15P GENE      080129 0000 179S 1754E 260 046 0989 1005 0333 23 046 0102 0139 0167 0102
JTWC 15P GENE      080129 0600 185S 1751E 240 036 0989 1005 0333 23 046 0102 0139 0167 0102
JTWC 15P GENE      080129 1200 188S 1745E 240 036 0989 1005 0333 23 046 0120 0167 0167 0120
JTWC 15P GENE      080129 1800 186S 1740E 255 026 0985 1005 0278 26 056 0111 0148 0130 0111
JTWC 15P GENE      080130 0000 190S 1732E 250 036 0978 1005 0278 31 056 0167 0167 0130 0111
JTWC 15P GENE      080130 0600 187S 1728E 265 031 0974 1005 0278 33 056 0167 0167 0130 0111
JTWC 15P GENE      080130 1200 189S 1724E 260 026 0974 1005 0278 33 056 0167 0185 0185 0167
JTWC 15P GENE      080130 1800 190S 1720E 255 026 0959 1007 0556 44 037 0185 0204 0204 0185
JTWC 15P GENE      080131 0000 192S 1714E 250 026 0956 1007 0556 46 037 0185 0204 0204 0185
JTWC 15P GENE      080131 0600 194S 1711E 245 026 0963 1007 0556 41 037 0222 0222 0222 0194
JTWC 15P GENE      080131 1800 198S 1706E 225 015 0952 1005 0398 49 037 0232 0259 0222 0194
JTWC 15P GENE      080201 0000 199S 1707E 205 010 0948 1005 0648 51 037 0232 0259 0222 0194
JTWC 15P GENE      080201 0600 201S 1707E 190 010 0956 1005 0648 46 037 0194 0306 0324 0232
JTWC 15P GENE      080201 1200 203S 1711E 145 015 0956 1005 0593 46 037 0417 0370 0380 0194
JTWC 15P GENE      080201 1800 208S 1707E 170 015 0956 1005 0528 46 037 0380 0352 0352 0259
JTWC 15P GENE      080202 0000 213S 1706E 185 021 0967 1005 0472 39 046 0241 0250 0250 0222
JTWC 15P GENE      080202 0600 217S 1713E 155 021 0970 1005 0472 36 046 0241 0250 0250 0222
JTWC 15P GENE      080202 1200 221S 1713E 155 026 0974 1005 0472 33 046 0241 0250 0250 0222
JTWC 15P GENE      080202 1800 225S 1717E 150 026 0978 1005 0444 31 056 0213 0213 0232 0194
JTWC 15P GENE      080203 0000 230S 1715E 165 021 0978 1005 0426 31 056 0204 0204 0222 0185
JTWC 15P GENE      080203 0600 236S 1716E 170 026 0982 1005 0426 28 056 0204 0204 0222 0185
JTWC 15P GENE      080203 1200 244S 1720E 165 036 0985 1005 0370 26 056 0204 0204 0222 0185
JTWC 15P GENE      080203 1800 254S 1723E 165 041 0982 1005 0389 28 056 0204 0204 0222 0176
JTWC 15P GENE      080204 0000 262S 1729E 160 046 0982 1005 0389 28 056 0204 0204 0222 0176
JTWC 15P GENE      080204 0600 274S 1736E 155 057 0982 1005 0389 28 056 0204 0204 0222 0176
JTWC 15P GENE      080204 1200 276S 1741E 145 046 0982 1005 0389 28 056 0204 0204 0222 0176
JTWC 15P GENE      080204 1800 280S 1750E 130 046 0989 1005 0374 23 056 0232 0250 0250 0204
JTWC 15P GENE      080205 0000 283S 1759E 120 041 0989 1005 0374 23 056 0232 0250 0250 0204
JTWC 15P GENE      080205 0600 288S 1767E 115 041 0989 1002 0648 23 083 0278 0250 0370 0259
JTWC 15P GENE      080205 1200 288S 1779E 105 041 0989 1002 0648 23 083 0278 0250 0370 0259
JTWC 15P GENE      080205 1800 288S 1796E  95 057 0989 1003 0648 23 083 0278 0250 0232 0148
JTWC 15P GENE      080206 0000 286S 1777W  90 072 0989 1003 0620 23 093 0278 0259 0250 0148
