NHC  16E SIXTEEN   081008 1800 119N 0905W 280 041 1006 1010 0222 15 074 -999 -999 -999 -999 -999 -999
NHC  16E SIXTEEN   081009 0000 121N 0914W 280 051 1006 1010 0232 15 074 -999 -999 -999 -999 -999 -999
NHC  16E SIXTEEN   081009 0600 126N 0926W 285 057 1006 1010 0232 15 074 -999 -999 -999 -999 -999 -999
NHC  16E ODILE     081009 1200 126N 0940W 280 062 1000 1009 0278 23 074 0111 0111 0074 -999 -999 -999
NHC  16E ODILE     081009 1800 131N 0948W 285 057 1000 1010 0278 23 074 0111 0111 0074 00749 -999 -999 -999
NHC  16E ODILE     081010 0000 136N 0956W 295 051 1000 1009 0278 23 074 0111 0111 0074 00749 -999 -999 -999
NHC  16E ODILE     081010 0600 139N 0963W 295 046 1000 1009 0278 23 074 0111 0111 0074 00749 -999 -999 -999
NHC  16E ODILE     081010 1200 142N 0969W 300 041 0997 1009 0278 26 046 0111 0111 0111 00749 -999 0046 -999
NHC  16E ODILE     081010 1800 149N 0979W 300 051 0997 1009 0278 26 037 0056 0074 0111 00939 -999 0037 -999
NHC  16E ODILE     081011 0000 157N 0989W 305 062 0997 1009 0278 26 037 0056 0074 0111 00939 -999 0037 -999
NHC  16E ODILE     081011 0600 163N 1001W 305 067 0996 1009 0278 28 037 0056 0074 0111 00939 -999 0037 -999
NHC  16E ODILE     081011 1200 170N 1013W 305 067 0996 1009 0278 28 037 0056 0074 0111 00939 -999 0037 -999
NHC  16E ODILE     081011 1800 176N 1024W 300 062 1000 1009 0278 23 037 0056 0074 0111 00379 -999 -999 -999
NHC  16E ODILE     081012 0000 180N 1034W 300 051 1005 1009 0278 18 037 -999 -999 0056 -999 -999 -999
NHC  16E ODILE     081012 0600 182N 1045W 290 057 1005 1009 0278 18 037 -999 0056 0056 -999 -999 -999
NHC  16E ODILE     081012 1200 190N 1050W 300 046 1006 1009 0278 13 037 -999 -999 -999 -999 -999 -999
NHC  16E ODILE     081012 1800 187N 1044W 310 021 1007 1010 0278 13 037 -999 -999 -999 -999 -999 -999
