NHC  17L SEVENTEEN 081105 1800 137N 0816W 305 021 1004 1008 0334 13 139 -999 -999 -999 -999 -999 -999
NHC  17L SEVENTEEN 081106 0000 141N 0820W 320 031 1004 1009 0334 15 139 -999 -999 -999 -999 -999 -999
NHC  17L SEVENTEEN 081106 0600 148N 0821W 335 031 1003 1010 0389 15 065 -999 -999 -999 -999 -999 -999
NHC  17L PALOMA    081106 1200 153N 0822W 340 031 1000 1010 0389 18 056 0056 0056 0056 00569 -999 -999 -999
NHC  17L PALOMA    081106 1800 159N 0819W 005 031 0997 1010 0334 26 028 0093 0093 0056 00567 0037 -999 0028
NHC  17L PALOMA    081107 0000 169N 0817W 010 036 0987 1010 0334 33 028 0111 0111 0074 00746 0056 0037 0037
NHC  17L PALOMA    081107 0600 175N 0818W 005 041 0987 1011 0334 33 019 0111 0111 0074 00746 0056 0037 0037
NHC  17L PALOMA    081107 1200 181N 0817W 360 036 0979 1011 0334 39 019 0111 0111 0074 00746 0056 0037 0037
NHC  17L PALOMA    081107 1800 184N 0814W 015 026 0974 1011 0389 44 019 0167 0139 0083 01673 0074 0056 0083
NHC  17L PALOMA    081108 0000 189N 0811W 025 026 0962 1011 0389 51 019 0185 0167 0093 01673 0083 0056 0083
NHC  17L PALOMA    081108 0600 193N 0805W 045 031 0951 1011 0371 54 019 0185 0167 0111 01673 0083 0056 0083
NHC  17L PALOMA    081108 1200 197N 0796W 050 036 0943 1011 0371 62 019 0185 0139 0111 01673 0065 0056 0083
NHC  17L PALOMA    081108 1800 202N 0788W 055 046 0950 1011 0389 62 019 0185 0167 0111 01673 0083 0065 0083
NHC  17L PALOMA    081109 0000 208N 0779W 060 051 0968 1011 0389 54 028 0167 0185 0093 01673 0083 0056 0065
NHC  17L PALOMA    081109 0600 211N 0776W 050 021 0975 1010 0371 44 028 0167 0185 0093 01113 0083 0056 0056
NHC  17L PALOMA    081109 1200 211N 0780W 040 021 0985 1010 0371 31 037 0167 0185 0093 01113 0083 0056 0056
NHC  17L PALOMA    081109 1800 211N 0780W 360 000 1002 1010 0232 18 037 0167 0083 -999 -999 -999 -999
NHC  17L PALOMA    081110 0000 217N 0780W 360 031 1007 1010 0232 13 056 -999 -999 -999 -999 -999 -999
