JTWC 17S NAMELESS  080207 0000 162S 1051E 105 026 0996 1004 0417 18 046 -999 -999 -999 -999
JTWC 17S NAMELESS  080207 0600 164S 1056E 115 026 0996 1004 0417 18 046 -999 -999 -999 -999
JTWC 17S NAMELESS  080207 1200 168S 1058E 130 026 0996 1004 0417 18 046 -999 -999 -999 -999
JTWC 17S NAMELESS  080207 1800 168S 1065E 120 026 0996 1004 0417 18 093 -999 -999 -999 -999
JTWC 17S NAMELESS  080208 0600 172S 1074E 120 021 0996 1004 0417 18 093 -999 -999 -999 -999
JTWC 17S NAMELESS  080208 1200 172S 1078E 110 021 0993 1004 0417 21 093 0093 0093 0093 0093
JTWC 17S NAMELESS  080208 1800 172S 1082E  95 021 0993 1004 0417 21 093 0120 0093 0093 0130
JTWC 17S NAMELESS  080209 0000 171S 1081E  80 010 0996 1004 0343 18 074 0093 0083 0083 0130
JTWC 17S NAMELESS  080209 0600 169S 1080E  35 010 0996 1002 0269 18 074 0120 0093 0093 0130
JTWC 17S NAMELESS  080209 1200 165S 1081E  15 015 0996 1002 0269 18 074 0139 0093 0111 0148
JTWC 17S NAMELESS  080209 1800 162S 1087E  35 021 0996 1001 0278 18 093 -999 -999 -999 -999
