JTWC 19S NICHOLAS  080213 0600 146S 1211E  55 015 0989 1000 0315 23 056 0120 0130 0139 0120
JTWC 19S NICHOLAS  080213 1200 148S 1214E  85 015 0989 1000 0315 23 065 0130 0139 0157 0130
JTWC 19S NICHOLAS  080213 1800 150S 1216E 110 015 0989 1001 0324 23 065 0139 0130 0130 0139
JTWC 19S NICHOLAS  080214 0000 156S 1208E 190 015 0985 1001 0324 26 065 0139 0130 0130 0139
JTWC 19S NICHOLAS  080214 0600 159S 1205E 215 021 0978 1004 0482 31 037 0167 0167 0148 0139
JTWC 19S NICHOLAS  080214 1200 161S 1205E 210 015 0974 1004 0500 33 037 0176 0194 0194 0176
JTWC 19S NICHOLAS  080214 1800 162S 1202E 225 015 0974 1004 0463 33 056 0185 0213 0213 0222
JTWC 19S NICHOLAS  080215 0000 157S 1197E 275 015 0974 1004 0463 33 056 0167 0194 0185 0185
JTWC 19S NICHOLAS  080215 0600 159S 1195E 270 015 0974 1004 0463 33 046 0222 0241 0204 0222
JTWC 19S NICHOLAS  080215 1200 164S 1188E 240 021 0970 1004 0463 36 037 0222 0241 0204 0222
JTWC 19S NICHOLAS  080215 1800 167S 1183E 235 026 0967 1004 0463 39 037 0222 0241 0204 0222
JTWC 19S NICHOLAS  080216 0000 169S 1181E 235 026 0967 1004 0463 39 037 0222 0185 0204 0222
JTWC 19S NICHOLAS  080216 0600 169S 1180E 235 021 0963 1001 0407 41 037 0194 0232 0222 0204
JTWC 19S NICHOLAS  080216 1200 177S 1175E 220 031 0963 1001 0407 41 028 0222 0232 0222 0204
JTWC 19S NICHOLAS  080216 1800 179S 1170E 225 031 0970 1000 0361 36 037 0213 0232 0232 0204
JTWC 19S NICHOLAS  080217 0000 179S 1159E 250 036 0967 1000 0352 39 037 0213 0241 0241 0213
JTWC 19S NICHOLAS  080217 0600 183S 1155E 250 036 0970 1000 0352 36 037 0213 0232 0232 0213
JTWC 19S NICHOLAS  080217 1200 189S 1151E 240 031 0970 1000 0352 36 037 0213 0232 0232 0222
JTWC 19S NICHOLAS  080217 1800 191S 1145E 235 036 0970 1000 0352 36 037 0213 0232 0232 0222
JTWC 19S NICHOLAS  080218 0000 195S 1138E 235 036 0970 1000 0352 36 037 0213 0232 0232 0222
JTWC 19S NICHOLAS  080218 0600 200S 1139E 225 031 0967 1003 0444 39 028 0241 0259 0250 0232
JTWC 19S NICHOLAS  080218 1200 204S 1136E 215 031 0970 1002 0426 36 028 0241 0222 0232 0222
JTWC 19S NICHOLAS  080218 1800 209S 1134E 210 031 0974 1004 0370 33 037 0204 0222 0232 0204
JTWC 19S NICHOLAS  080219 0000 216S 1134E 195 031 0974 1001 0361 33 037 0083 0148 0148 0083
JTWC 19S NICHOLAS  080219 0600 221S 1135E 185 031 0978 1005 0482 31 028 0148 0111 0157 0204
JTWC 19S NICHOLAS  080219 1200 225S 1134E 185 026 0982 1005 0482 28 028 0148 0111 0157 0204
JTWC 19S NICHOLAS  080219 1800 228S 1136E 170 021 0982 1004 0417 28 056 0120 0148 0157 0120
JTWC 19S NICHOLAS  080220 0000 237S 1132E 190 026 0993 1004 0417 21 065 0120 0111 0157 0120
JTWC 19S NICHOLAS  080220 0600 244S 1140E 165 031 0996 1004 0398 18 065 -999 -999 -999 -999
JTWC 19S NICHOLAS  080220 1200 256S 1142E 165 046 1000 1004 0352 15 083 -999 -999 -999 -999
