JTWC 27W DOLPHIN   081212 1800 143N 1383E 290 046 0989 1008 0315 23 074 0083 0083 0083 0083
JTWC 27W DOLPHIN   081215 1800 155N 1305E   5 026 0959 1005 0370 44 028 0167 0130 0157 0185
JTWC 27W DOLPHIN   081216 0000 159N 1306E  10 026 0959 1005 0370 44 028 0148 0148 0176 0204
JTWC 27W DOLPHIN   081216 0600 164N 1306E   5 026 0959 1005 0370 44 037 0148 0148 0176 0204
JTWC 27W DOLPHIN   081216 1200 172N 1309E  15 031 0963 1005 0370 41 037 0148 0148 0176 0204
JTWC 27W DOLPHIN   081216 1800 179N 1312E  15 036 0974 1005 0333 33 037 0148 0139 0120 0130
JTWC 27W DOLPHIN   081217 0000 184N 1319E  30 041 0974 1005 0333 33 037 0148 0139 0120 0130
JTWC 27W DOLPHIN   081217 0600 194N 1327E  40 046 0978 1009 0306 31 046 0111 0111 0102 0083
JTWC 27W DOLPHIN   081217 1200 202N 1337E  40 057 0982 1009 0306 28 046 0102 0111 0102 0102
JTWC 27W DOLPHIN   081217 1800 211N 1353E  50 072 0985 1009 0306 26 056 0102 0102 0093 0083
JTWC 27W DOLPHIN   081218 0000 222N 1373E  55 088 0989 1009 0306 23 056 0083 0074 0074 0065
JTWC 27W DOLPHIN   081218 0600 234N 1396E  60 108 0996 1009 0306 18 056 -999 -999 -999 -999
JTWC 27W DOLPHIN   081218 1200 247N 1420E  60 124 1006 1009 0306 13 056 -999 -999 -999 -999
