NHC  80C TEST      080428 1200 127N 1495W 280 036 0998 1008 0278 23 000 0185 0185 0185 01859 -999 -999 -999
NHC  80C MAKANI    080516 1800 170N 1401W 270 026 0960 1010 0241 51 046 0222 0176 0176 02220 0102 0102 0130
NHC  80C MAKANI    080517 0000 170N 1406W 270 026 0960 1010 0241 51 046 0222 0176 0176 02220 0102 0102 0130
NHC  80C MAKANI    080517 0600 170N 1411W 270 026 0960 1010 0241 51 046 0222 0176 0176 02220 0102 0102 0130
NHC  80C MAKANI    080517 1200 170N 1418W 270 026 0960 1010 0241 51 046 0222 0176 0176 02220 0102 0102 0130
NHC  80C MAKANI    080517 1800 170N 1426W 270 031 0960 1010 0241 51 046 0222 0176 0176 02220 0102 0102 0130
NHC  80C MAKANI    080518 0000 170N 1436W 270 041 0960 1010 0241 51 046 0222 0176 0176 02220 0102 0102 0130
NHC  80C MAKANI    080518 0600 170N 1442W 270 041 0960 1010 0241 51 046 0222 0176 0176 02220 0102 0102 0130
NHC  80C MAKANI    080518 1200 170N 1451W 270 041 0960 1010 0241 51 046 0222 0176 0176 02220 0102 0102 0130
NHC  80C MAKANI    080518 1800 170N 1460W 270 041 0960 1012 0259 51 037 0222 0176 0176 02220 0102 0102 0130
NHC  80C MAKANI    080519 0000 171N 1471W 270 046 0960 1012 0259 51 037 0222 0176 0176 02220 0102 0102 0130
NHC  80C MAKANI    080519 0600 172N 1486W 275 057 0958 1010 0241 54 037 0222 0176 0176 02220 0102 0102 0130
NHC  80C MAKANI    080519 1200 173N 1501W 275 067 0958 1010 0241 54 037 0185 0167 0167 01850 0102 0102 0120
NHC  80C MAKANI    080519 1800 174N 1517W 275 077 0951 1010 0241 57 037 0185 0167 0167 01850 0102 0102 0120
NHC  80C MAKANI    080520 0000 175N 1533W 275 077 0950 1010 0250 57 037 0185 0167 0167 01850 0102 0102 0120
NHC  80C MAKANI    080520 0600 179N 1547W 280 077 0945 1010 0269 59 028 0204 0176 0167 02040 0120 0111 0130
NHC  80C MAKANI    080520 1200 183N 1556W 285 067 0945 1010 0269 59 028 0204 0176 0167 02040 0120 0111 0130
NHC  80C MAKANI    080520 1800 187N 1562W 295 051 0945 1010 0269 59 028 0204 0185 0167 02040 0120 0111 0130
NHC  80C MAKANI    080521 0000 192N 1565W 310 036 0965 1010 0204 49 028 0176 0176 0148 01761 0111 0093 0111
NHC  80C MAKANI    080521 0600 196N 1568W 320 031 0966 1010 0185 49 037 0176 0176 0148 01761 0111 0093 0111
NHC  80C INVEST    080701 1200 194N 1478W 280 031 1009 1010 0278 10 000 -999 -999 -999 -999 -999 -999
NHC  80C NONAME    080701 1800 194N 1483W 275 026 1009 1010 0278 10 000 -999 -999 -999 -999 -999 -999
NHC  80C RTB       080702 0000 196N 1490W 280 031 1005 1010 0278 18 000 0093 0065 0065 00939 -999 -999 -999
