NHC  82C INVEST    080529 0000 185N 1491W 270 021 1009 1014 0185 10 065 -999 -999 -999 -999 -999 -999
NHC  82C INVEST    080529 0600 186N 1496W 275 021 1009 1013 0167 10 065 -999 -999 -999 -999 -999 -999
NHC  82C INVEST    080529 1200 187N 1500W 280 021 1009 1014 0185 10 074 -999 -999 -999 -999 -999 -999
NHC  82C INVEST    080529 1800 186N 1499W 280 026 1007 1011 0241 15 083 -999 -999 -999 -999 -999 -999
NHC  82C INVEST    080627 1200 194N 1478W 280 031 1010 1011 0278 13 000 -999 -999 -999 -999 -999 -999
NHC  82C NONAME    080627 1800 195N 1484W 280 031 1010 1011 0278 13 000 -999 -999 -999 -999 -999 -999
NHC  82C DAKINE    080628 0000 196N 1491W 280 031 1010 1011 0278 18 000 0093 0065 0065 00939 -999 -999 -999
NHC  82C INVEST    080731 1200 193N 1478W 275 031 1011 1012 0278 10 000 -999 -999 -999 -999 -999 -999
NHC  82C NONAME    080731 1800 194N 1483W 275 026 1011 1012 0278 13 000 -999 -999 -999 -999 -999 -999
NHC  82C DWROE     080801 0000 196N 1490W 280 031 1010 1012 0278 18 000 0093 0065 0065 00939 -999 -999 -999
