NHC  90E INVEST    080527 1800 100N 0900W 360 000 1007 1010 0417 13 371 -999 -999 -999 -999 -999 -999
NHC  90E INVEST    080528 0000 098N 0887W 090 015 1006 1009 0371 13 278 -999 -999 -999 -999 -999 -999
NHC  90E INVEST    080528 1200 100N 0880W 065 021 1006 1009 0371 13 278 -999 -999 -999 -999 -999 -999
NHC  90E INVEST    080528 1800 098N 0864W 080 036 1006 1009 0371 13 278 -999 -999 -999 -999 -999 -999
NHC  90E INVEST    080529 0000 100N 0865W 030 015 1003 1009 0417 13 232 -999 -999 -999 -999 -999 -999
NHC  90E INVEST    080713 1800 094N 0895W 275 046 1009 1010 0278 10 046 -999 -999 -999 -999 -999 -999
NHC  90E INVEST    080714 0000 100N 0905W 285 051 1009 1010 0278 10 046 -999 -999 -999 -999 -999 -999
NHC  90E INVEST    080714 0600 104N 0908W 295 041 1009 1010 0278 10 046 -999 -999 -999 -999 -999 -999
NHC  90E INVEST    080714 1200 104N 0910W 300 026 1009 1010 0278 10 046 -999 -999 -999 -999 -999 -999
NHC  90E INVEST    080714 1800 098N 0923W 275 036 1009 1010 0278 10 046 -999 -999 -999 -999 -999 -999
NHC  90E INVEST    080715 0000 095N 0930W 265 041 1009 1011 0259 10 046 -999 -999 -999 -999 -999 -999
NHC  90E INVEST    080715 0600 085N 0934W 235 041 1009 1011 0259 10 046 -999 -999 -999 -999 -999 -999
NHC  90E INVEST    080715 1200 085N 0935W 225 031 1009 1011 0259 10 046 -999 -999 -999 -999 -999 -999
NHC  90E INVEST    080715 1800 090N 0937W 235 015 1009 1011 0259 10 046 -999 -999 -999 -999 -999 -999
NHC  90E INVEST    080716 0000 093N 0941W 290 015 1007 1010 0278 13 046 -999 -999 -999 -999 -999 -999
NHC  90E INVEST    080918 1800 105N 0960W 270 026 1009 1011 0278 13 139 -999 -999 -999 -999 -999 -999
NHC  90E INVEST    080919 0000 105N 0965W 270 026 1009 1011 0278 13 139 -999 -999 -999 -999 -999 -999
NHC  90E INVEST    080919 1200 114N 0975W 280 036 1008 1011 0334 13 139 -999 -999 -999 -999 -999 -999
NHC  90E INVEST    080919 1800 116N 0980W 280 031 1008 1011 0371 13 139 -999 -999 -999 -999 -999 -999
NHC  90E INVEST    080920 0000 120N 0991W 285 041 1007 1010 0371 13 139 -999 -999 -999 -999 -999 -999
NHC  90E INVEST    080920 1200 135N 0975W 320 021 1007 1010 0371 13 139 -999 -999 -999 -999 -999 -999
NHC  90E INVEST    080920 1800 142N 0975W 345 031 1007 1010 0371 13 093 -999 -999 -999 -999 -999 -999
NHC  90E INVEST    080921 0000 141N 0978W 015 021 1007 1010 0371 13 093 -999 -999 -999 -999 -999 -999
NHC  90E INVEST    080921 0600 165N 1007W 315 051 1007 1010 0371 13 074 -999 -999 -999 -999 -999 -999
NHC  90E INVEST    080921 1200 160N 0995W 315 036 1007 1010 0334 13 074 -999 -999 -999 -999 -999 -999
NHC  90E INVEST    080921 1800 164N 1020W 290 051 1007 1009 0278 13 074 -999 -999 -999 -999 -999 -999
NHC  90E INVEST    080922 0000 164N 1028W 275 046 1007 1009 0278 13 074 -999 -999 -999 -999 -999 -999
NHC  90E INVEST    080922 0600 163N 1040W 270 051 1007 1009 0278 13 074 -999 -999 -999 -999 -999 -999
NHC  90E INVEST    080922 1800 160N 1056W 260 041 1007 1009 0278 13 074 -999 -999 -999 -999 -999 -999
NHC  90E INVEST    080923 0000 161N 1063W 265 036 1007 1009 0278 13 074 -999 -999 -999 -999 -999 -999
NHC  90E INVEST    080924 0000 164N 1093W 270 041 1007 1009 0278 13 074 -999 -999 -999 -999 -999 -999
