NHC  91E INVEST    080602 1200 140N 0935W 040 021 1009 1010 0371 13 000 -999 -999 -999 -999 -999 -999
NHC  91E INVEST    080602 1800 142N 0935W 030 015 1009 1010 0371 13 000 -999 -999 -999 -999 -999 -999
NHC  91E INVEST    080603 0000 148N 0931W 020 026 1007 1010 0371 13 037 -999 -999 -999 -999 -999 -999
NHC  91E INVEST    080603 1200 153N 0933W 355 015 1007 1010 0371 13 037 -999 -999 -999 -999 -999 -999
NHC  91E INVEST    080603 1800 158N 0935W 340 021 1007 1010 0371 13 037 -999 -999 -999 -999 -999 -999
NHC  91E INVEST    080719 1200 125N 0894W 275 057 1009 1011 0222 10 056 -999 -999 -999 -999 -999 -999
NHC  91E INVEST    080719 1800 125N 0906W 275 057 1009 1011 0222 13 056 -999 -999 -999 -999 -999 -999
NHC  91E INVEST    080720 0000 127N 0917W 275 057 1007 1011 0222 13 056 -999 -999 -999 -999 -999 -999
NHC  91E INVEST    080720 0600 132N 0935W 280 072 1007 1011 0185 13 056 -999 -999 -999 -999 -999 -999
NHC  91E INVEST    080720 1200 132N 0954W 275 082 1007 1011 0222 13 056 -999 -999 -999 -999 -999 -999
NHC  91E INVEST    080720 1800 124N 0962W 265 062 1007 1011 0222 13 056 -999 -999 -999 -999 -999 -999
NHC  91E INVEST    080721 0000 125N 0974W 265 057 1007 1011 0222 13 056 -999 -999 -999 -999 -999 -999
NHC  91E INVEST    080721 0600 129N 0986W 275 062 1007 1011 0222 13 056 -999 -999 -999 -999 -999 -999
NHC  91E INVEST    080721 1200 133N 1002W 285 067 1006 1011 0222 15 056 -999 -999 -999 -999 -999 -999
NHC  91E INVEST    080929 0000 105N 0940W 270 036 1006 1010 0371 13 093 -999 -999 -999 -999 -999 -999
NHC  91E INVEST    080929 0600 106N 0947W 275 036 1006 1010 0371 13 093 -999 -999 -999 -999 -999 -999
NHC  91E INVEST    080929 1200 109N 0946W 285 026 1006 1010 0371 13 093 -999 -999 -999 -999 -999 -999
NHC  91E INVEST    080929 1800 109N 0950W 280 021 1007 1010 0371 13 093 -999 -999 -999 -999 -999 -999
NHC  91E INVEST    080930 0000 108N 0956W 270 026 1007 1010 0371 13 083 -999 -999 -999 -999 -999 -999
NHC  91E INVEST    080930 0600 108N 0962W 270 031 1007 1010 0371 13 083 -999 -999 -999 -999 -999 -999
NHC  91E INVEST    080930 1200 108N 0968W 265 031 1007 1010 0371 13 083 -999 -999 -999 -999 -999 -999
NHC  91E INVEST    081001 0000 113N 0970W 275 015 1007 1011 0324 13 083 -999 -999 -999 -999 -999 -999
NHC  91E INVEST    081001 0600 116N 0976W 290 026 1007 1011 0324 13 083 -999 -999 -999 -999 -999 -999
NHC  91E INVEST    081001 1200 120N 0981W 295 026 1007 1011 0324 13 083 -999 -999 -999 -999 -999 -999
NHC  91E INVEST    081001 1800 126N 0985W 315 036 1007 1010 0278 15 083 -999 -999 -999 -999 -999 -999
NHC  91E INVEST    081002 0000 127N 0987W 315 026 1007 1010 0278 15 083 -999 -999 -999 -999 -999 -999
NHC  91E INVEST    081002 0600 128N 0983W 330 015 1007 1010 0278 15 083 -999 -999 -999 -999 -999 -999
NHC  91E INVEST    081002 1200 130N 0985W 360 005 1007 1010 0278 15 083 -999 -999 -999 -999 -999 -999
NHC  91E INVEST    081003 0000 141N 0995W 320 026 1008 1011 0278 15 083 -999 -999 -999 -999 -999 -999
NHC  91E INVEST    081003 0600 144N 0997W 310 026 1008 1011 0278 13 083 -999 -999 -999 -999 -999 -999
NHC  91E INVEST    081003 1200 140N 1000W 285 021 1007 1009 0278 13 083 -999 -999 -999 -999 -999 -999
NHC  91E INVEST    081003 1800 138N 0996W 270 005 1007 1009 0278 13 083 -999 -999 -999 -999 -999 -999
NHC  91E INVEST    081004 0000 135N 0993W 060 015 1006 1010 0334 15 074 -999 -999 -999 -999 -999 -999
