NHC  92E INVEST    080609 1200 160N 1000W 270 051 1005 1008 0278 13 093 -999 -999 -999 -999 -999 -999
NHC  92E INVEST    080610 0000 162N 1020W 275 051 1005 1008 0278 13 093 -999 -999 -999 -999 -999 -999
NHC  92E INVEST    080610 1200 164N 1029W 280 036 1006 1009 0278 13 093 -999 -999 -999 -999 -999 -999
NHC  92E INVEST    080801 1200 092N 1050W 360 015 1006 1009 0324 10 083 -999 -999 -999 -999 -999 -999
NHC  92E INVEST    080802 1200 100N 1046W 030 015 1006 1009 0324 10 083 -999 -999 -999 -999 -999 -999
NHC  92E INVEST    080802 1800 098N 1045W 360 000 1006 1009 0324 10 083 -999 -999 -999 -999 -999 -999
NHC  92E INVEST    080803 0000 100N 1042W 070 010 1008 1009 0324 10 083 -999 -999 -999 -999 -999 -999
NHC  92E INVEST    080803 1200 108N 1008W 270 000 1008 1009 0324 10 083 -999 -999 -999 -999 -999 -999
NHC  92E INVEST    080803 1800 106N 1010W 270 000 1008 1009 0324 10 083 -999 -999 -999 -999 -999 -999
NHC  92E INVEST    080805 1200 108N 1063W 280 057 1009 1010 0371 10 083 -999 -999 -999 -999 -999 -999
NHC  92E INVEST    080805 1800 118N 1070W 295 072 1008 1010 0371 10 083 -999 -999 -999 -999 -999 -999
NHC  92E INVEST    080806 0000 120N 1073W 300 051 1006 1010 0371 13 083 -999 -999 -999 -999 -999 -999
NHC  92E INVEST    080806 1200 119N 1096W 285 057 1006 1009 0417 13 083 -999 -999 -999 -999 -999 -999
NHC  92E INVEST    080806 1800 126N 1111W 290 072 1006 1009 0417 13 074 -999 -999 -999 -999 -999 -999
NHC  92E INVEST    081001 0000 157N 1147W 290 036 1007 1010 0278 13 065 -999 -999 -999 -999 -999 -999
NHC  92E INVEST    081004 1800 100N 0877W 270 015 1009 1010 0278 10 037 -999 -999 -999 -999 -999 -999
NHC  92E INVEST    081005 0000 109N 0877W 305 021 1007 1010 0334 10 037 -999 -999 -999 -999 -999 -999
NHC  92E INVEST    081005 0600 113N 0884W 305 026 1007 1010 0334 10 037 -999 -999 -999 -999 -999 -999
NHC  92E INVEST    081005 1200 114N 0896W 290 036 1007 1010 0334 13 037 -999 -999 -999 -999 -999 -999
NHC  92E INVEST    081005 1800 115N 0892W 280 010 1007 1010 0232 13 037 -999 -999 -999 -999 -999 -999
NHC  92E INVEST    081006 0000 116N 0897W 285 021 1007 1009 0232 13 037 -999 -999 -999 -999 -999 -999
NHC  92E INVEST    081006 0600 119N 0898W 300 015 1007 1011 0232 13 037 -999 -999 -999 -999 -999 -999
NHC  92E INVEST    081006 1200 116N 0892W 360 000 1007 1010 0232 13 037 -999 -999 -999 -999 -999 -999
NHC  92E INVEST    081006 1800 118N 0888W 065 005 1007 1010 0232 13 074 -999 -999 -999 -999 -999 -999
NHC  92E INVEST    081007 0000 116N 0885W 090 010 1007 1010 0232 13 074 -999 -999 -999 -999 -999 -999
NHC  92E INVEST    081007 0600 116N 0877W 100 021 1007 1010 0232 13 074 -999 -999 -999 -999 -999 -999
NHC  92E INVEST    081007 1800 115N 0876W 100 010 1007 1010 0232 13 074 -999 -999 -999 -999 -999 -999
NHC  92E INVEST    081008 0000 115N 0881W 270 015 1006 1010 0278 15 074 -999 -999 -999 -999 -999 -999
NHC  92E INVEST    081008 0600 117N 0886W 280 021 1006 1010 0278 15 074 -999 -999 -999 -999 -999 -999
NHC  92E INVEST    081008 1200 118N 0889W 285 021 1006 1010 0278 15 074 -999 -999 -999 -999 -999 -999
