JTWC 92W INVEST    080122 0600 104N 1159E 265 067 1007 1009 0278 08 083 -999 -999 -999 -999
JTWC 92W INVEST    080122 1200 109N 1152E 270 051 1007 1009 0278 10 083 -999 -999 -999 -999
JTWC 92W INVEST    080122 1800 102N 1147E 265 041 1007 1009 0278 10 083 -999 -999 -999 -999
JTWC 92W INVEST    080123 0000 104N 1137E 275 041 1006 1009 0278 10 083 -999 -999 -999 -999
JTWC 92W INVEST    080123 0600 103N 1109E 270 072 1007 1009 0278 10 083 -999 -999 -999 -999
JTWC 92W INVEST    080123 1200 101N 1093E 265 077 1007 1009 0259 10 065 -999 -999 -999 -999
JTWC 92W INVEST    080527 0600 167N 1248E 305 021 1006 1009 0241 10 065 -999 -999 -999 -999
JTWC 92W INVEST    080527 1200 168N 1246E 305 015 1007 1009 0241 10 065 -999 -999 -999 -999
JTWC 92W INVEST    080527 1800 166N 1237E 275 021 1007 1009 0259 10 065 -999 -999 -999 -999
JTWC 92W INVEST    080528 0000 168N 1233E 280 021 1007 1009 0259 10 065 -999 -999 -999 -999
JTWC 92W INVEST    080816 1800 138N 1431E 270 067 1010 1011 0241 08 028 -999 -999 -999 -999
JTWC 92W INVEST    080817 0000 144N 1413E 285 072 1010 1011 0241 08 028 -999 -999 -999 -999
JTWC 92W INVEST    080831 0600 373N 1455E  25 031 1006 1008 0278 10 046 -999 -999 -999 -999
JTWC 92W INVEST    080831 1200 386N 1458E  15 051 1006 1008 0278 10 046 -999 -999 -999 -999
