NHC  93E INVEST    080621 1200 133N 1168W 280 062 1009 1011 0222 13 093 -999 -999 -999 -999 -999 -999
NHC  93E INVEST    080621 1800 130N 1186W 275 072 1009 1011 0222 13 093 -999 -999 -999 -999 -999 -999
NHC  93E INVEST    080622 0000 139N 1195W 285 067 1009 1011 0222 13 093 -999 -999 -999 -999 -999 -999
NHC  93E INVEST    080802 1200 200N 1082W 330 036 1008 1010 0232 10 046 -999 -999 -999 -999 -999 -999
NHC  93E INVEST    080802 1800 213N 1083W 340 046 1008 1011 0232 13 046 -999 -999 -999 -999 -999 -999
NHC  93E INVEST    080803 0000 226N 1089W 342 057 1007 1009 0232 13 046 -999 -999 -999 -999 -999 -999
NHC  93E INVEST    080803 0600 235N 1100W 330 062 1004 1009 0232 13 046 -999 -999 -999 -999 -999 -999
NHC  93E INVEST    080803 1200 244N 1111W 320 067 1004 1009 0232 13 046 -999 -999 -999 -999 -999 -999
NHC  93E INVEST    081023 0600 123N 1052W 325 026 1009 1011 0334 13 046 -999 -999 -999 -999 -999 -999
NHC  93E INVEST    081023 1200 130N 1053W 330 031 1008 1011 0315 15 046 -999 -999 -999 -999 -999 -999
