NHC  95L INVEST    080717 1200 133N 0820W 270 072 1009 1010 0278 13 111 -999 -999 -999 -999 -999 -999
NHC  95L INVEST    080717 1800 136N 0825W 275 057 1009 1010 0278 13 111 -999 -999 -999 -999
NHC  95L INVEST    080718 0000 137N 0831W 280 041 1007 1010 0222 15 111 -999 -999 -999 -999 -999 -999
NHC  95L INVEST    080822 0000 111N 0364W 280 077 1009 1010 0278 10 083 -999 -999 -999 -999 -999 -999
NHC  95L INVEST    080822 0600 127N 0390W 290 082 1009 1011 0334 10 111 -999 -999 -999 -999 -999 -999
NHC  95L INVEST    080822 1200 176N 0395W 280 113 1014 1015 0222 10 111 -999 -999 -999 -999 -999 -999
NHC  95L INVEST    080822 1800 178N 0416W 275 103 1014 1015 0222 13 111 -999 -999 -999 -999 -999 -999
NHC  95L INVEST    080823 1200 191N 0477W 280 103 1014 1015 0222 13 111 -999 -999 -999 -999 -999 -999
NHC  95L INVEST    080823 1800 196N 0500W 285 103 1013 1015 0222 15 111 -999 -999 -999 -999 -999 -999
NHC  95L INVEST    080824 0000 203N 0518W 290 093 1013 1015 0259 15 111 -999 -999 -999 -999 -999 -999
NHC  95L INVEST    080824 0600 210N 0533W 290 098 1013 1015 0259 13 111 -999 -999 -999 -999 -999 -999
NHC  95L INVEST    080824 1200 215N 0550W 295 082 1012 1014 0259 13 111 -999 -999 -999 -999 -999 -999
NHC  95L INVEST    080825 1800 180N 0533W 310 021 1011 1014 0278 13 083 -999 -999 -999 -999 -999 -999
NHC  95L INVEST    080826 0000 183N 0530W 320 015 1011 1014 0278 13 083 -999 -999 -999 -999 -999 -999
NHC  95L INVEST    080826 0600 191N 0539W 315 031 1011 1014 0278 13 083 -999 -999 -999 -999 -999 -999
NHC  95L INVEST    080826 1200 203N 0560W 300 062 1011 1013 0278 13 083 -999 -999 -999 -999 -999 -999
NHC  95L INVEST    080826 1800 204N 0573W 295 067 1009 1012 0278 13 083 -999 -999 -999 -999 -999 -999
NHC  95L INVEST    080827 0000 208N 0577W 295 051 1009 1012 0278 13 083 -999 -999 -999 -999 -999 -999
NHC  95L INVEST    080827 0600 210N 0580W 295 036 1009 1012 0278 13 083 -999 -999 -999 -999 -999 -999
NHC  95L INVEST    080827 1200 197N 0575W 215 015 1009 1012 0278 13 083 -999 -999 -999 -999 -999 -999
NHC  95L INVEST    080827 1800 194N 0574W 270 010 1009 1011 0278 13 083 -999 -999 -999 -999 -999 -999
NHC  95L INVEST    080828 0000 195N 0569W 315 005 1007 1011 0334 15 083 -999 -999 -999 -999 -999 -999
NHC  95L INVEST    080828 0600 197N 0577W 300 015 1004 1010 0334 15 083 -999 -999 -999 -999 -999 -999
NHC  95L INVEST    080928 1200 370N 0424W 250 046 0995 1011 0612 26 185 0389 0222 0445 06129 -999 0222 0334
NHC  95L INVEST    080928 1800 371N 0440W 270 051 0995 1011 0612 26 167 0389 0222 0445 06127 0167 0222 0334
NHC  95L INVEST    080929 0000 367N 0457W 265 062 0995 1012 0510 26 185 0445 0222 0389 05009 -999 0185 0222
NHC  95L INVEST    080929 0600 370N 0470W 275 057 0995 1012 0510 26 111 0445 0371 0389 05008 0148 0185 0222
NHC  95L INVEST    081113 1200 206N 0623W 295 046 1012 1015 0278 13 074 -999 -999 -999 -999 -999 -999
NHC  95L INVEST    081113 1800 211N 0632W 295 046 1012 1015 0278 13 074 -999 -999 -999 -999 -999 -999
