NHC  96C INVEST    080924 1200 087N 1597W 290 062 1010 1011 0278 10 074 -999 -999 -999 -999 -999 -999
NHC  96C INVEST    080925 0000 076N 1620W 270 051 1010 1011 0278 10 074 -999 -999 -999 -999 -999 -999
NHC  96C INVEST    080925 0600 096N 1555W 275 072 1010 1011 0278 10 074 -999 -999 -999 -999 -999 -999
NHC  96C INVEST    080925 1200 097N 1569W 275 067 1010 1011 0278 10 074 -999 -999 -999 -999 -999 -999
NHC  96C INVEST    080925 1800 101N 1585W 280 077 1010 1011 0278 10 074 -999 -999 -999 -999 -999 -999
NHC  96C INVEST    080926 0000 100N 1598W 275 072 1010 1011 0278 10 074 -999 -999 -999 -999 -999 -999
NHC  96C INVEST    080926 0600 100N 1612W 275 072 1009 1010 0204 10 185 -999 -999 -999 -999 -999 -999
NHC  96C INVEST    080926 1200 100N 1607W 275 036 1009 1010 0204 13 185 -999 -999 -999 -999 -999 -999
NHC  96C INVEST    080926 1800 103N 1613W 280 031 1009 1010 0204 13 185 -999 -999 -999 -999 -999 -999
NHC  96C INVEST    080927 0000 116N 1611W 320 031 1009 1010 0204 13 185 -999 -999 -999 -999 -999 -999
NHC  96C INVEST    080927 0600 118N 1609W 340 021 1009 1010 0204 13 185 -999 -999 -999 -999 -999 -999
