NHC  96E INVEST    080629 1800 115N 0970W 286 051 1009 1011 0278 13 037 -999 -999 -999 -999 -999 -999
NHC  96E INVEST    080630 0000 117N 0980W 285 051 1008 1011 0278 13 074 -999 -999 -999 -999 -999 -999
NHC  96E INVEST    080630 0600 118N 0984W 280 041 1008 1011 0278 13 074 -999 -999 -999 -999 -999 -999
NHC  96E INVEST    080630 1200 121N 1013W 280 067 1008 1011 0278 13 074 -999 -999 -999 -999 -999 -999
NHC  96E INVEST    080630 1800 130N 1044W 285 082 1008 1011 0278 13 074 -999 -999 -999 -999 -999 -999
NHC  96E INVEST    080701 0000 130N 1050W 285 067 1008 1011 0324 13 074 -999 -999 -999 -999 -999 -999
NHC  96E INVEST    080701 0600 140N 1066W 295 072 1008 1011 0324 13 074 -999 -999 -999 -999 -999 -999
NHC  96E INVEST    080701 1200 149N 1064W 315 051 1007 1011 0324 13 074 -999 -999 -999 -999 -999 -999
NHC  96E INVEST    080701 1800 154N 1064W 335 041 1007 1011 0324 13 074 -999 -999 -999 -999 -999 -999
NHC  96E INVEST    080808 1200 086N 0871W 270 093 1007 1009 0324 13 111 -999 -999 -999 -999 -999 -999
NHC  96E INVEST    080808 1800 098N 0897W 280 103 1007 1010 0324 13 111 -999 -999 -999 -999 -999 -999
NHC  96E INVEST    080809 0000 100N 0912W 280 088 1007 1011 0324 13 111 -999 -999 -999 -999 -999 -999
NHC  96E INVEST    080809 0600 100N 0929W 275 088 1007 1011 0324 13 111 -999 -999 -999 -999 -999 -999
NHC  96E INVEST    080809 1200 110N 0942W 285 082 1007 1009 0334 13 111 -999 -999 -999 -999 -999 -999
NHC  96E INVEST    080809 1800 120N 0945W 300 062 1008 1011 0324 10 111 -999 -999 -999 -999 -999 -999
NHC  96E INVEST    080810 0000 130N 0955W 315 062 1008 1011 0324 10 111 -999 -999 -999 -999 -999 -999
NHC  96E INVEST    080811 0000 129N 0977W 290 036 1008 1011 0324 10 111 -999 -999 -999 -999 -999 -999
NHC  96E INVEST    080811 0600 127N 0980W 285 036 1008 1011 0324 10 111 -999 -999 -999 -999 -999 -999
NHC  96E INVEST    080812 1800 161N 1026W 305 051 1007 1012 0278 13 111 -999 -999 -999 -999 -999 -999
NHC  96E INVEST    080813 0000 166N 1029W 310 041 1007 1010 0278 13 111 -999 -999 -999 -999 -999 -999
NHC  96E INVEST    080813 1200 162N 1053W 275 046 1005 1008 0278 15 056 -999 -999 -999 -999 -999 -999
