NHC  97E INVEST    080702 1800 100N 0935W 300 015 1007 1011 0324 13 000 -999 -999 -999 -999 -999 -999
NHC  97E INVEST    080703 0000 105N 0940W 310 026 1007 1011 0324 13 074 -999 -999 -999 -999 -999 -999
NHC  97E INVEST    080703 0600 107N 0946W 305 026 1007 1010 0324 13 074 -999 -999 -999 -999 -999 -999
NHC  97E INVEST    080703 1200 110N 0944W 320 021 1007 1010 0324 13 074 -999 -999 -999 -999 -999 -999
NHC  97E INVEST    080704 0000 113N 0949W 310 015 1007 1010 0324 13 074 -999 -999 -999 -999 -999 -999
NHC  97E INVEST    080704 0600 113N 0955W 285 021 1007 1010 0371 13 093 -999 -999 -999 -999 -999 -999
NHC  97E INVEST    080705 0000 127N 0971W 305 026 1007 1010 0371 10 093 -999 -999 -999 -999 -999 -999
NHC  97E INVEST    080705 0600 128N 0978W 290 031 1007 1010 0371 10 093 -999 -999 -999 -999 -999 -999
NHC  97E INVEST    080705 1800 140N 0990W 305 041 1006 1010 0371 13 093 -999 -999 -999 -999 -999 -999
NHC  97E INVEST    080822 1200 155N 1040W 305 067 1008 1010 0278 13 000 -999 -999 -999 -999 -999 -999
NHC  97E INVEST    080822 1800 162N 1050W 305 067 1008 1010 0222 13 056 -999 -999 -999 -999 -999 -999
NHC  97E INVEST    080823 0000 171N 1058W 310 062 1008 1010 0222 13 056 -999 -999 -999 -999 -999 -999
NHC  97E INVEST    080823 0600 178N 1071W 305 067 1008 1010 0222 13 056 -999 -999 -999 -999 -999 -999
NHC  97E INVEST    080823 1200 180N 1073W 310 051 1007 1009 0278 15 056 -999 -999 -999 -999 -999 -999
