NHC  97L INVEST    080722 1200 164N 0202W 280 062 1011 1014 0334 10 046 -999 -999 -999 -999 -999 -999
NHC  97L INVEST    080722 1800 167N 0214W 280 062 1009 1012 0334 10 046 -999 -999 -999 -999 -999 -999
NHC  97L INVEST    080723 1800 154N 0302W 270 103 1010 1012 0222 10 046 -999 -999 -999 -999 -999 -999
NHC  97L INVEST    080725 1200 185N 0410W 295 072 1010 1012 0222 13 046 -999 -999 -999 -999 -999 -999
NHC  97L INVEST    080725 1800 183N 0422W 290 067 1010 1012 0222 13 046 -999 -999 -999 -999 -999 -999
NHC  97L INVEST    080726 0000 191N 0438W 295 072 1010 1012 0222 13 046 -999 -999 -999 -999 -999 -999
NHC  97L INVEST    080726 0600 197N 0451W 295 072 1010 1012 0222 13 046 -999 -999 -999 -999 -999 -999
NHC  97L INVEST    080726 1200 190N 0465W 285 088 1010 1012 0222 13 046 -999 -999 -999 -999 -999 -999
NHC  97L INVEST    080726 1800 192N 0473W 285 072 1010 1012 0222 13 046 -999 -999 -999 -999 -999 -999
NHC  97L INVEST    080727 0000 190N 0483W 280 057 1010 1012 0222 13 046 -999 -999 -999 -999 -999 -999
NHC  97L INVEST    080829 1200 142N 0205W 280 093 1007 1010 0334 13 074 -999 -999 -999 -999 -999 -999
NHC  97L INVEST    080829 1800 136N 0213W 275 072 1006 1009 0334 13 074 -999 -999 -999 -999 -999 -999
NHC  97L INVEST    080830 0000 135N 0225W 270 062 1006 1009 0334 13 074 -999 -999 -999 -999 -999 -999
NHC  97L INVEST    080830 0600 135N 0235W 270 057 1004 1009 0334 15 074 -999 -999 -999 -999 -999 -999
NHC  97L INVEST    080830 1200 142N 0255W 280 077 1004 1012 0556 15 167 -999 -999 -999 -999 -999 -999
NHC  97L INVEST    080830 1800 145N 0266W 285 072 1005 1010 0612 15 167 -999 -999 -999 -999 -999 -999
NHC  97L INVEST    080831 0000 153N 0276W 295 067 1005 1010 0612 15 167 -999 -999 -999 -999 -999 -999
NHC  97L INVEST    080831 0600 159N 0305W 275 077 1007 1012 0510 15 111 -999 -999 -999 -999 -999 -999
NHC  97L INVEST    080831 1200 158N 0312W 270 062 1007 1011 0649 15 167 -999 -999 -999 -999 -999 -999
NHC  97L INVEST    080831 1800 160N 0340W 275 082 1006 1011 0695 15 167 -999 -999 -999 -999 -999 -999
NHC  97L INVEST    080901 0000 169N 0347W 285 072 1006 1011 0695 15 167 -999 -999 -999 -999 -999 -999
NHC  97L INVEST    080901 0600 170N 0373W 280 088 1006 1011 0463 15 167 -999 -999 -999 -999 -999 -999
NHC  97L INVEST    081010 0600 100N 0340W 300 051 1008 1011 0334 13 093 -999 -999 -999 -999 -999 -999
NHC  97L INVEST    081010 1200 103N 0347W 295 046 1008 1011 0334 13 093 -999 -999 -999 -999 -999 -999
NHC  97L INVEST    081010 1800 099N 0358W 275 046 1008 1012 0445 13 093 -999 -999 -999 -999 -999 -999
NHC  97L INVEST    081011 0000 110N 0363W 310 046 1007 1011 0445 13 093 -999 -999 -999 -999 -999 -999
NHC  97L INVEST    081011 0600 116N 0368W 310 041 1007 1011 0445 13 093 -999 -999 -999 -999 -999 -999
NHC  97L INVEST    081011 1200 120N 0373W 325 036 1007 1011 0445 13 093 -999 -999 -999 -999 -999 -999
NHC  97L INVEST    081011 1800 130N 0360W 360 036 1006 1011 0445 15 093 -999 -999 -999 -999 -999 -999
NHC  97L INVEST    081012 0000 145N 0360W 360 057 1006 1011 0445 15 093 -999 -999 -999 -999 -999 -999
NHC  97L INVEST    081012 0600 156N 0360W 360 062 1006 1010 0445 15 093 -999 -999 -999 -999 -999 -999
NHC  97L INVEST    081012 1200 162N 0371W 340 051 1006 1010 0445 15 093 -999 -999 -999 -999 -999 -999
NHC  97L INVEST    081012 1800 164N 0377W 300 031 1005 1009 0371 15 111 -999 -999 -999 -999 -999 -999
NHC  97L INVEST    081128 1200 324N 0389W 040 082 1000 1008 0463 15 037 -999 -999 -999 -999 -999 -999
NHC  97L INVEST    081128 1800 337N 0390W 020 077 0998 1006 0417 15 037 -999 -999 -999 -999 -999 -999
