JTWC 97S INVEST    080124 0000 123S 0452E 240 072 1007 1008 0333 10 074 -999 -999 -999 -999
JTWC 97S INVEST    080124 1200 139S 0450E 215 046 1004 1008 0259 13 056 -999 -999 -999 -999
JTWC 97S INVEST    080124 1800 138S 0449E 210 031 1004 1007 0259 13 056 -999 -999 -999 -999
JTWC 97S INVEST    080125 0000 138S 0447E 245 015 1004 1007 0259 13 065 -999 -999 -999 -999
JTWC 97S INVEST    080125 0600 139S 0447E 230 010 1004 1007 0259 13 056 -999 -999 -999 -999
JTWC 97S INVEST    080125 1200 141S 0447E 215 005 1000 1007 0259 15 056 -999 -999 -999 -999
JTWC 97S INVEST    080303 1800 107S 0604E 260 026 1006 1008 0278 10 065 -999 -999 -999 -999
JTWC 97S INVEST    080304 0000 111S 0598E 250 026 1004 1007 0333 10 065 -999 -999 -999 -999
JTWC 97S INVEST    080304 0600 113S 0574E 255 057 1004 1009 0361 13 065 -999 -999 -999 -999
JTWC 97S INVEST    080304 1200 114S 0554E 260 072 1000 1009 0398 15 056 -999 -999 -999 -999
JTWC 97S INVEST    080305 0000 119S 0535E 260 057 0996 1007 0306 18 046 0065 0083 0083 0074
JTWC 97S INVEST    080324 0000 121S 1016E 280 021 1003 1007 0333 13 065 -999 -999 -999 -999
JTWC 97S INVEST    080324 0600 124S 1022E 260 010 1000 1007 0407 15 074 -999 -999 -999 -999
JTWC 97S INVEST    081218 0600 142S 1285E 150 026 1000 1008 0278 15 028 -999 -999 -999 -999
JTWC 97S INVEST    081218 1200 145S 1289E 140 026 1000 1008 0278 15 028 -999 -999 -999 -999
