NHC  98E INVEST    080710 1200 080N 0905W 270 046 1009 1010 0278 13 074 -999 -999 -999 -999 -999 -999
NHC  98E INVEST    080710 1800 078N 0907W 270 031 1009 1010 0278 13 046 -999 -999 -999 -999 -999 -999
NHC  98E INVEST    080711 0000 082N 0912W 285 031 1008 1010 0278 13 046 -999 -999 -999 -999 -999 -999
NHC  98E INVEST    080711 0600 092N 0914W 310 031 1008 1011 0278 13 046 -999 -999 -999 -999 -999 -999
NHC  98E INVEST    080711 1200 103N 0926W 320 067 1008 1011 0278 13 046 -999 -999 -999 -999 -999 -999
NHC  98E INVEST    080711 1800 111N 0939W 315 072 1008 1012 0278 13 046 -999 -999 -999 -999 -999 -999
NHC  98E INVEST    080712 0000 117N 0952W 305 077 1008 1012 0278 13 046 -999 -999 -999 -999 -999 -999
NHC  98E INVEST    080901 1800 178N 1095W 275 072 1004 1008 0278 13 000 -999 -999 -999 -999 -999 -999
NHC  98E INVEST    080902 0000 178N 1094W 290 031 1004 1008 0278 13 000 -999 -999 -999 -999 -999 -999
NHC  98E INVEST    080902 0600 184N 1100W 290 041 1002 1007 0278 13 037 -999 -999 -999 -999 -999 -999
NHC  98E INVEST    080902 1200 194N 1110W 305 051 1002 1007 0278 13 056 -999 -999 -999 -999 -999 -999
