NHC  98L INVEST    080730 0600 146N 0189W 300 046 1007 1009 0278 10 000 -999 -999 -999 -999 -999 -999
NHC  98L INVEST    080730 1200 154N 0199W 305 051 1008 1011 0278 13 037 -999 -999 -999 -999 -999 -999
NHC  98L INVEST    080730 1800 165N 0215W 290 077 1008 1011 0278 13 037 -999 -999 -999 -999 -999 -999
NHC  98L INVEST    080731 0000 169N 0232W 300 082 1007 1011 0278 13 037 -999 -999 -999 -999 -999 -999
NHC  98L INVEST    080731 0600 176N 0250W 295 093 1007 1011 0278 13 037 -999 -999 -999 -999 -999 -999
NHC  98L INVEST    080831 0600 207N 0483W 270 031 1008 1011 0278 13 056 -999 -999 -999 -999 -999 -999
NHC  98L INVEST    081011 1800 125N 0649W 305 046 1006 1008 0324 10 139 -999 -999 -999 -999 -999 -999
NHC  98L INVEST    081012 0000 133N 0650W 315 041 1007 1009 0324 10 139 -999 -999 -999 -999 -999 -999
NHC  98L INVEST    081012 0600 140N 0640W 010 036 1007 1009 0324 10 139 -999 -999 -999 -999 -999 -999
NHC  98L INVEST    081012 1200 140N 0670W 305 041 1007 1009 0278 10 139 -999 -999 -999 -999 -999 -999
NHC  98L INVEST    081012 1800 151N 0677W 315 051 1006 1010 0278 13 139 -999 -999 -999 -999 -999 -999
NHC  98L INVEST    081013 0600 154N 0694W 295 041 1005 1008 0278 15 139 -999 -999 -999 -999 -999 -999
NHC  98L INVEST    081013 1200 149N 0696W 275 031 1005 1008 0278 15 139 -999 -999 -999 -999 -999 -999
