JTWC 98W INVEST    080811 1800 271N 1257E  40 077 1009 1011 0278 08 028 -999 -999 -999 -999
JTWC 98W INVEST    080813 0600 293N 1279E  10 015 1004 1011 0278 13 028 -999 -999 -999 -999
JTWC 98W INVEST    080825 1200 135N 1286E 295 046 1007 1009 0157 10 028 -999 -999 -999 -999
JTWC 98W INVEST    080826 0000 143N 1264E 295 051 1007 1009 0157 10 028 -999 -999 -999 -999
JTWC 98W INVEST    080826 0600 159N 1264E 325 051 1007 1009 0278 10 046 -999 -999 -999 -999
JTWC 98W INVEST    080926 0000 152N 1168E 270 015 1010 1011 0278 08 083 -999 -999 -999 -999
JTWC 98W INVEST    080926 0600 154N 1164E 280 021 1010 1011 0278 08 083 -999 -999 -999 -999
JTWC 98W INVEST    080926 1200 154N 1157E 280 026 1005 1008 0296 08 083 -999 -999 -999 -999
JTWC 98W INVEST    080926 1800 155N 1146E 280 036 1004 1009 0278 08 083 -999 -999 -999 -999
JTWC 98W INVEST    080927 0000 155N 1148E 280 026 1004 1009 0278 08 083 -999 -999 -999 -999
JTWC 98W INVEST    080927 0600 156N 1145E 280 021 1010 1011 0278 08 083 -999 -999 -999 -999
JTWC 98W INVEST    080927 1200 153N 1144E 265 015 1010 1011 0278 08 083 -999 -999 -999 -999
JTWC 98W INVEST    080927 1800 157N 1131E 275 026 1003 1008 0278 10 083 -999 -999 -999 -999
JTWC 98W INVEST    080928 0000 150N 1126E 255 031 1000 1008 0278 10 083 -999 -999 -999 -999
JTWC 98W INVEST    080928 0600 147N 1124E 245 026 1007 1008 0278 10 083 -999 -999 -999 -999
JTWC 98W INVEST    080928 1200 160N 1130E 350 015 1001 1008 0278 10 083 -999 -999 -999 -999
JTWC 98W INVEST    081228 1800 041N 1341E 275 031 1010 1011 0278 08 065 -999 -999 -999 -999
