JTWC 99A INVEST    080604 1800 151N 0657E 310 046 1004 1005 0296 13 074 -999 -999 -999 -999
JTWC 99A INVEST    080605 0000 164N 0659E 330 046 1000 1004 0296 15 074 -999 -999 -999 -999
JTWC 99A INVEST    080605 0600 176N 0656E 345 051 1000 1004 0296 15 074 -999 -999 -999 -999
JTWC 99A INVEST    080605 1200 186N 0646E 335 057 1000 1004 0296 15 074 -999 -999 -999 -999
JTWC 99A INVEST    080605 1800 189N 0636E 315 057 1000 1001 0278 15 074 -999 -999 -999 -999
JTWC 99A INVEST    080606 0000 195N 0627E 305 051 1000 1001 0278 15 074 -999 -999 -999 -999
JTWC 99A INVEST    080606 0600 196N 0613E 290 057 0999 1001 0296 15 074 -999 -999 -999 -999
JTWC 99A INVEST    080606 1200 196N 0609E 280 046 0999 1001 0296 15 074 -999 -999 -999 -999
JTWC 99A INVEST    081022 1800 110N 0738E 275 026 1004 1009 0389 10 074 -999 -999 -999 -999
JTWC 99A INVEST    081023 0000 109N 0738E 270 015 1007 1008 0389 10 074 -999 -999 -999 -999
JTWC 99A INVEST    081023 0600 104N 0735E 295 036 1007 1008 0370 10 065 -999 -999 -999 -999
JTWC 99A INVEST    081023 1200 106N 0730E 290 036 1007 1008 0370 10 065 -999 -999 -999 -999
JTWC 99A INVEST    081023 1800 112N 0734E 320 021 1006 1008 0370 10 065 -999 -999 -999 -999
JTWC 99A INVEST    081024 0000 118N 0738E 345 021 1007 1008 0370 10 065 -999 -999 -999 -999
JTWC 99A INVEST    081024 0600 122N 0734E 335 021 1007 1008 0370 10 065 -999 -999 -999 -999
JTWC 99A INVEST    081024 1200 129N 0733E 340 026 1007 1008 0370 10 065 -999 -999 -999 -999
JTWC 99A INVEST    081024 1800 129N 0731E 335 021 1004 1008 0370 10 074 -999 -999 -999 -999
JTWC 99A INVEST    081025 0000 132N 0731E 340 015 1006 1007 0278 10 074 -999 -999 -999 -999
JTWC 99A INVEST    081025 0600 131N 0728E 315 010 1007 1008 0278 10 074 -999 -999 -999 -999
