JTWC 99W INVEST    080413 0600 083N 1258E 310 072 1007 1010 0222 08 028 -999 -999 -999 -999
JTWC 99W INVEST    080413 1200 092N 1253E 315 062 1010 1011 0222 08 028 -999 -999 -999 -999
JTWC 99W INVEST    080413 1800 097N 1228E 290 082 1005 1010 0333 10 074 -999 -999 -999 -999
JTWC 99W INVEST    080927 1200 069N 1413E 230 057 1010 1011 0278 08 037 -999 -999 -999 -999
JTWC 99W INVEST    080927 1800 073N 1403E 240 051 1008 1011 0278 08 065 -999 -999 -999 -999
JTWC 99W INVEST    080928 0000 081N 1384E 290 057 1009 1012 0278 08 065 -999 -999 -999 -999
JTWC 99W INVEST    080928 0600 083N 1376E 290 051 1010 1012 0278 08 065 -999 -999 -999 -999
JTWC 99W INVEST    080928 1200 084N 1368E 290 046 1010 1012 0278 08 065 -999 -999 -999 -999
JTWC 99W INVEST    080928 1800 085N 1359E 290 046 1006 1009 0278 10 065 -999 -999 -999 -999
JTWC 99W INVEST    080929 0000 088N 1344E 285 057 1006 1009 0278 10 065 -999 -999 -999 -999
JTWC 99W INVEST    080929 0600 087N 1316E 275 088 1007 1009 0278 10 065 -999 -999 -999 -999
JTWC 99W INVEST    081018 0600 215N 1507E 330 021 1010 1011 0315 08 065 -999 -999 -999 -999
JTWC 99W INVEST    081018 1200 233N 1499E 335 046 1007 1009 0306 10 056 -999 -999 -999 -999
JTWC 99W INVEST    081018 1800 243N 1488E 330 062 0996 1010 0306 18 083 -999 -999 -999 -999
