JTWC 02W CHAN-HOM  090503 1800 102N 1119E  55 010 0996 1005 0259 18 093 -999 -999 -999 -999
JTWC 02W CHAN-HOM  090504 0000 106N 1123E  40 021 0993 1005 0259 21 083 -999 0083 -999 -999
JTWC 02W CHAN-HOM  090504 0600 109N 1124E  90 010 0989 1004 0333 23 046 0074 0093 0083 0065
JTWC 02W CHAN-HOM  090504 1200 113N 1120E   5 021 0993 1004 0352 21 046 0065 0083 0074 0056
JTWC 02W CHAN-HOM  090504 1800 118N 1121E   5 021 0989 1008 0352 23 046 0074 0065 0056 0056
JTWC 02W CHAN-HOM  090505 0000 116N 1120E   0 010 0982 1008 0352 28 046 0111 0111 0093 0102
JTWC 02W CHAN-HOM  090505 0600 121N 1117E 340 015 0982 1008 0352 28 046 0111 0111 0093 0102
JTWC 02W CHAN-HOM  090505 1200 130N 1124E  15 026 0982 1008 0352 28 046 0111 0111 0093 0102
JTWC 02W CHAN-HOM  090505 1800 133N 1123E  10 031 0982 1008 0352 28 046 0093 0111 0093 0093
JTWC 02W CHAN-HOM  090506 0000 139N 1135E  45 041 0978 1008 0352 31 046 0139 0139 0093 0093
JTWC 02W CHAN-HOM  090506 0600 142N 1140E  55 041 0982 1008 0352 28 046 0139 0139 0093 0093
JTWC 02W CHAN-HOM  090506 1200 146N 1150E  60 046 0978 1008 0352 31 046 0139 0139 0093 0093
JTWC 02W CHAN-HOM  090506 1800 149N 1160E  65 046 0970 1008 0352 36 019 0139 0139 0093 0093
JTWC 02W CHAN-HOM  090507 0000 153N 1175E  70 062 0970 1008 0352 36 019 0139 0139 0093 0093
JTWC 02W CHAN-HOM  090507 0600 158N 1187E  70 062 0959 1005 0361 44 028 0130 0139 0139 0083
JTWC 02W CHAN-HOM  090507 1200 165N 1202E  65 072 0967 1006 0361 39 037 0130 0176 0167 0139
JTWC 02W CHAN-HOM  090507 1800 173N 1208E  55 062 1004 1006 0250 13 037 -999 -999 -999 -999
JTWC 02W CHAN-HOM  090508 1200 168N 1268E  90 082 0993 1007 0232 21 065 0102 0065 0093 0074
JTWC 02W CHAN-HOM  090508 1800 169N 1274E  90 062 1000 1008 0278 15 083 -999 -999 -999 -999
JTWC 02W CHAN-HOM  090509 0000 173N 1275E  75 041 1004 1008 0278 13 083 -999 -999 -999 -999
JTWC 02W CHAN-HOM  090510 0600 196N 1280E 340 036 1004 1008 0278 13 083 -999 -999 -999 -999
JTWC 02W CHAN-HOM  090510 1200 207N 1278E 345 041 1004 1008 0278 13 083 -999 -999 -999 -999
JTWC 02W CHAN-HOM  090510 1800 206N 1273E 340 031 1004 1008 0278 13 083 -999 -999 -999 -999
JTWC 02W CHAN-HOM  090511 0000 216N 1271E 335 036 1004 1008 0278 13 083 -999 -999 -999 -999
