NHC  03C THREE     091018 1800 083N 1541W 255 057 1008 1009 0334 13 120 -999 -999 -999 -999 -999 -999
NHC  03C THREE     091019 0000 085N 1567W 270 077 1007 1008 0334 15 139 -999 -999 -999 -999 -999 -999
NHC  03C THREE     091019 0600 087N 1582W 270 088 1007 1010 0417 15 139 -999 -999 -999 -999 -999 -999
NHC  03C NEKI      091019 1200 092N 1589W 280 072 1006 1009 0371 18 083 0093 0093 -999 00839 -999 -999 -999
NHC  03C NEKI      091019 1800 103N 1591W 305 062 1006 1009 0371 18 083 0093 0093 -999 00839 -999 -999 -999
NHC  03C NEKI      091020 0000 111N 1604W 305 072 1006 1010 0408 18 093 0111 -999 -999 01119 -999 -999 -999
NHC  03C NEKI      091020 0600 119N 1617W 305 077 1005 1008 0185 23 093 0111 -999 -999 01309 -999 -999 -999
NHC  03C NEKI      091020 1200 128N 1628W 310 072 1003 1008 0185 28 065 0139 0083 0065 01305 -999 -999 0065
NHC  03C NEKI      091020 1800 139N 1636W 310 072 1000 1006 0185 31 074 0148 0093 0074 01393 -999 -999 0074
NHC  03C NEKI      091021 0000 150N 1648W 315 072 0992 1000 0139 33 046 0158 0102 0083 01482 0074 0046 0083
NHC  03C NEKI      091021 0600 159N 1657W 320 072 0985 1008 0371 39 046 0167 0111 0093 01583 0074 0046 0083
NHC  03C NEKI      091021 1200 166N 1664W 315 067 0975 1010 0445 44 046 0408 0297 0130 01671 0074 0056 0065
NHC  03C NEKI      091021 1800 176N 1667W 340 051 0960 1010 0445 51 046 0408 0297 0130 01671 0074 0056 0065
NHC  03C NEKI      091022 0000 183N 1667W 340 046 0956 1010 0463 54 046 0408 0297 0130 01679 0102 0083 0093
NHC  03C NEKI      091022 0600 192N 1666W 010 046 0956 1010 0463 54 046 0408 0306 0158 01858 0111 0093 0111
NHC  03C NEKI      091022 1200 200N 1662W 020 046 0965 1010 0463 51 046 0334 0306 0158 01850 0111 0093 0111
NHC  03C NEKI      091022 1800 204N 1664W 010 036 0970 1010 0463 46 046 0334 0306 0158 01850 0111 0093 0111
NHC  03C NEKI      091023 0000 215N 1661W 015 046 0970 1010 0463 46 046 0334 0306 0158 01850 0111 0093 0111
NHC  03C NEKI      091023 0600 219N 1660W 015 041 0980 1008 0417 41 046 0297 0278 0176 02040 0111 0093 0111
NHC  03C NEKI      091023 1200 225N 1657W 015 036 0995 1008 0417 33 009 0259 0204 0139 01763 0074 0056 0065
NHC  03C NEKI      091023 1800 229N 1654W 020 031 0998 1008 0417 28 009 0334 0148 0093 01856 0065 0037 0046
NHC  03C NEKI      091024 0000 232N 1653W 025 026 0998 1008 0417 28 009 0334 0148 0093 01856 0065 0037 0046
NHC  03C NEKI      091024 0600 237N 1650W 025 021 0999 1008 0250 28 046 0278 0167 0074 01485 0065 0046 0056
NHC  03C NEKI      091024 1200 240N 1644W 040 026 1001 1008 0278 26 046 0241 0167 0074 01485 0056 -999 0056
NHC  03C NEKI      091024 1800 245N 1640W 040 031 1001 1008 0334 26 111 0185 0185 0111 01119 0111 -999 -999
NHC  03C NEKI      091025 0000 251N 1638W 035 031 1001 1008 0334 26 111 0185 0185 0111 01119 0111 -999 -999
NHC  03C NEKI      091025 0600 248N 1639W 360 000 1002 1008 0241 26 111 0185 0185 0111 01399 0111 -999 -999
NHC  03C NEKI      091025 1200 247N 1644W 270 015 1003 1008 0232 23 093 0259 0204 0120 01489 -999 -999 -999
NHC  03C NEKI      091025 1800 247N 1644W 270 010 1003 1008 0232 23 093 0334 0204 0120 01489 -999 -999 -999
NHC  03C NEKI      091026 0000 249N 1648W 300 015 1004 1008 0232 21 093 0306 0204 0120 01489 -999 -999 -999
NHC  03C NEKI      091026 0600 253N 1655W 300 021 1008 1012 0232 18 093 0306 0204 0093 01119 -999 -999 -999
NHC  03C NEKI      091026 1200 260N 1650W 335 026 1009 1012 0232 18 093 0259 0204 -999 00939 -999 -999 -999
NHC  03C NEKI      091026 1800 270N 1655W 345 036 1010 1012 0232 15 093 -999 -999 -999 -999 -999 -999
NHC  03C NEKI      091027 0000 288N 1653W 360 057 1010 1012 0167 15 093 -999 -999 -999 -999 -999 -999
