NHC  03E BLANCA    090706 0600 167N 1112W 280 041 1006 1010 0278 15 111 -999 -999 -999 -999 -999 -999
NHC  03E BLANCA    090706 1200 171N 1117W 295 036 1004 1010 0278 18 074 0111 0093 -999 00939 -999 -999 -999
NHC  03E BLANCA    090706 1800 177N 1125W 305 041 1000 1008 0232 21 074 0111 0093 -999 00939 -999 -999 -999
NHC  03E BLANCA    090707 0000 180N 1134W 300 046 0998 1007 0232 23 074 0111 0093 -999 01119 -999 -999 -999
NHC  03E BLANCA    090707 0600 183N 1141W 295 041 0998 1008 0473 23 074 0111 0083 0083 01119 -999 -999 -999
NHC  03E BLANCA    090707 1200 187N 1154W 290 046 0999 1008 0389 21 074 0111 0083 0083 01119 -999 -999 -999
NHC  03E BLANCA    090707 1800 195N 1162W 305 051 1002 1008 0334 18 074 -999 -999 -999 -999 -999 -999
NHC  03E BLANCA    090708 0000 201N 1173W 300 057 1002 1008 0334 18 074 0111 0083 0083 01119 -999 -999 -999
NHC  03E BLANCA    090708 0600 206N 1185W 290 062 1004 1009 0334 15 056 -999 -999 -999 -999 -999 -999
NHC  03E BLANCA    090708 1200 208N 1196W 285 051 1005 1009 0334 15 056 -999 -999 -999 -999 -999 -999
NHC  03E BLANCA    090708 1800 211N 1205W 290 051 1006 1010 0334 13 056 -999 -999 -999 -999 -999 -999
NHC  03E BLANCA    090709 0000 214N 1214W 290 046 1006 1010 0334 13 056 -999 -999 -999 -999 -999 -999
