NHC  03L INVEST    090815 1200 115N 0333W 265 088 1006 1011 0371 15 083 -999 -999 -999 -999 -999 -999
NHC  03L BILL      090815 1800 113N 0345W 265 077 1004 1011 0371 18 046 0046 0046 -999 00469 -999 -999 -999
NHC  03L BILL      090816 0000 112N 0359W 265 072 1004 1011 0371 18 046 0046 0046 -999 00469 -999 -999 -999
NHC  03L BILL      090816 0600 114N 0374W 270 077 1002 1011 0371 21 046 0111 0046 -999 00469 -999 -999 -999
NHC  03L BILL      090816 1200 119N 0377W 285 057 0997 1011 0371 26 111 0222 0222 0111 01671 -999 -999 -999
NHC  03L BILL      090816 1800 125N 0392W 290 072 0994 1011 0371 28 083 0222 0222 0111 01671 0083 -999 0083
NHC  03L BILL      090817 0000 132N 0408W 290 088 0994 1008 0324 28 083 0222 0222 0111 01671 0083 -999 0083
NHC  03L BILL      090817 0600 136N 0434W 285 098 0987 1008 0324 33 056 0222 0222 0111 01671 0083 -999 0083
NHC  03L BILL      090817 1200 139N 0446W 285 072 0977 1008 0278 44 037 0232 0195 0139 02320 0093 0056 0111
NHC  03L BILL      090817 1800 144N 0460W 285 077 0969 1012 0732 41 037 0232 0195 0139 02320 0093 0056 0111
NHC  03L BILL      090818 0000 148N 0476W 285 077 0967 1010 0445 44 037 0241 0167 0139 02410 0093 0056 0111
NHC  03L BILL      090818 0600 153N 0490W 285 077 0967 1010 0445 44 028 0241 0167 0139 02410 0093 0056 0111
NHC  03L BILL      090818 1200 156N 0503W 285 072 0963 1009 0463 46 037 0278 0278 0185 02780 0111 0083 0111
NHC  03L BILL      090818 1800 162N 0517W 290 072 0962 1009 0445 49 046 0278 0278 0185 02780 0111 0083 0111
NHC  03L BILL      090819 0000 169N 0528W 295 067 0960 1008 0445 51 037 0278 0278 0148 02789 0139 0111 0139
NHC  03L BILL      090819 0600 176N 0542W 295 072 0948 1008 0463 59 037 0278 0278 0148 02789 0139 0111 0139
NHC  03L BILL      090819 1200 183N 0556W 295 072 0952 1008 0463 59 037 0278 0278 0148 02785 0139 0111 0139
NHC  03L BILL      090819 1800 193N 0569W 305 088 0947 1009 0463 59 037 0371 0324 0167 03245 0167 0111 0167
NHC  03L BILL      090820 0000 202N 0582W 310 077 0945 1008 0445 59 028 0371 0324 0185 03245 0167 0111 0167
NHC  03L BILL      090820 0600 211N 0596W 305 082 0949 1008 0445 59 028 0371 0324 0185 03245 0167 0111 0167
NHC  03L BILL      090820 1200 221N 0610W 305 082 0952 1008 0445 54 028 0417 0371 0185 03712 0167 0111 0185
NHC  03L BILL      090820 1800 232N 0626W 305 088 0948 1008 0445 57 028 0417 0371 0222 03711 0195 0111 0195
NHC  03L BILL      090821 0000 243N 0638W 310 082 0944 1010 0445 57 028 0417 0371 0222 03711 0195 0111 0195
NHC  03L BILL      090821 0600 255N 0649W 315 077 0951 1010 0445 54 028 0463 0371 0222 03711 0204 0111 0241
NHC  03L BILL      090821 1200 269N 0658W 320 082 0958 1010 0445 51 028 0463 0371 0222 03711 0204 0111 0241
NHC  03L BILL      090821 1800 286N 0666W 330 088 0957 1010 0445 49 028 0445 0371 0185 03245 0185 0093 0222
NHC  03L BILL      090822 0000 302N 0671W 345 093 0957 1012 0445 46 037 0445 0371 0185 03245 0185 0093 0222
NHC  03L BILL      090822 0600 322N 0682W 340 098 0960 1012 0445 46 056 0445 0371 0250 03245 0185 0111 0139
NHC  03L BILL      090822 1200 341N 0685W 350 098 0964 1012 0445 44 056 0445 0371 0250 03245 0185 0148 0139
NHC  03L BILL      090822 1800 360N 0689W 347 103 0964 1012 0445 41 056 0445 0278 0241 03245 0139 0111 0093
NHC  03L BILL      090823 0000 381N 0684W 010 108 0961 1008 0389 39 056 0445 0278 0241 03245 0139 0111 0093
NHC  03L BILL      090823 0600 401N 0673W 020 113 0962 1006 0389 36 074 0463 0463 0324 02785 0139 0111 0074
NHC  03L BILL      090823 1200 424N 0654W 035 139 0965 1008 0389 39 074 0463 0463 0324 02785 0167 0111 0074
NHC  03L BILL      090823 1800 444N 0625W 050 154 0970 1008 0389 36 074 0463 0463 0324 02787 0167 0111 0074
NHC  03L BILL      090824 0000 463N 0579W 060 180 0970 1008 0454 33 074 0463 0463 0324 02787 0167 0111 0074
NHC  03L BILL      090824 0600 480N 0530W 075 190 0980 1008 0454 31 111 0417 0510 0445 02785 0324 0139 0139
