JTWC 04P FOUR      091212 1200 135S 1757E 130 062 0996 1008 0343 18 083 -999 -999 -999 -999
JTWC 04P FOUR      091212 1800 136S 1753E 140 041 0996 1008 0343 18 083 -999 -999 -999 -999
JTWC 04P MICK      091213 0600 148S 1760E 150 036 0982 1008 0343 28 028 0102 0093 0093 0102
JTWC 04P MICK      091213 1200 156S 1765E 150 041 0982 1008 0343 28 028 0102 0093 0093 0102
JTWC 04P MICK      091213 1800 163S 1770E 145 041 0982 1008 0343 28 028 0102 0093 0093 0102
JTWC 04P MICK      091214 0000 175S 1777E 145 051 0974 1008 0343 33 028 0102 0093 0093 0102
JTWC 04P MICK      091214 1200 185S 1787E 145 046 0982 1004 0343 28 028 0102 0093 0093 0102
JTWC 04P MICK      091214 1800 194S 1794E 140 041 0989 1004 0194 23 046 0130 0111 0102 0120
JTWC 04P MICK      091215 0000 191S 1798E 125 031 0993 1004 0185 21 056 0102 0093 0093 0074
JTWC 04P MICK      091215 0600 196S 1787W 115 046 0993 1006 0324 21 065 0093 0111 0102 0074
JTWC 04P MICK      091215 1200 199S 1779W 105 046 0996 1006 0324 18 065 0083 0074 0065 0065
