JTWC 04W FOUR      090622 1200 110N 1292E 285 088 1004 1011 0278 13 046 -999 -999 -999 -999
JTWC 04W FOUR      090622 1800 111N 1280E 285 082 1000 1011 0278 15 046 -999 -999 -999 -999
JTWC 04W FOUR      090623 0600 113N 1258E 280 062 1003 1008 0324 18 065 -999 -999 -999 -999
JTWC 04W NANGKA    090623 1200 118N 1241E 285 067 1001 1006 0306 18 065 -999 -999 -999 -999
JTWC 04W NANGKA    090624 0000 126N 1222E 290 057 0988 1006 0296 23 056 0083 0065 0065 0083
JTWC 04W NANGKA    090624 0600 130N 1215E 295 046 0998 1006 0269 21 046 0083 0065 0056 0083
JTWC 04W NANGKA    090624 1200 136N 1203E 295 046 0998 1006 0269 21 056 0083 0065 0056 0083
JTWC 04W NANGKA    090624 1800 144N 1193E 305 057 0999 1003 0278 21 056 0074 0065 0056 0093
JTWC 04W NANGKA    090625 0000 151N 1188E 310 051 0998 1008 0278 23 028 0074 0083 0074 0065
JTWC 04W NANGKA    090625 0600 161N 1184E 325 051 0998 1008 0315 23 056 0120 0102 0065 0056
JTWC 04W NANGKA    090625 1200 175N 1177E 335 062 1001 1008 0315 21 074 0130 0102 0093 -999
JTWC 04W NANGKA    090625 1800 186N 1168E 330 067 1002 1005 0139 21 074 0074 0093 0093 0074
JTWC 04W NANGKA    090626 0600 208N 1156E 330 062 1001 1004 0185 21 074 0111 0093 0111 0074
JTWC 04W NANGKA    090626 1200 222N 1149E 335 067 1002 1004 0185 15 074 -999 -999 -999 -999
JTWC 04W NANGKA    090626 1800 229N 1144E 335 072 0997 1007 0185 13 074 -999 -999 -999 -999
