JTWC 06S DONGO     090109 1800 180S 0678E 215 041 0996 1005 0250 18 065 -999 -999 -999 -999
JTWC 06S DONGO     090110 0000 177S 0673E 230 031 0996 1005 0278 18 065 -999 -999 -999 -999
JTWC 06S DONGO     090110 0600 181S 0669E 230 026 0996 1008 0278 18 074 -999 -999 -999 -999
JTWC 06S DONGO     090110 1200 192S 0674E 190 031 0996 1008 0324 21 083 -999 -999 -999 -999
JTWC 06S DONGO     090110 1800 197S 0678E 165 031 0985 1005 0519 26 065 -999 0083 0083 -999
JTWC 06S DONGO     090111 0000 203S 0684E 155 041 0982 1004 0417 28 028 0130 0102 0093 0065
JTWC 06S DONGO     090111 0600 213S 0690E 150 051 0982 1004 0389 28 056 0185 0222 0176 0102
JTWC 06S DONGO     090111 1200 232S 0695E 160 067 0985 1004 0389 26 074 0185 0222 0176 0102
JTWC 06S DONGO     090112 0000 269S 0700E 170 088 0996 1005 0463 18 065 0185 0204 0065 0083
JTWC 06S DONGO     090112 0600 282S 0700E 175 077 0996 1005 0278 18 083 -999 -999 -999 -999
JTWC 06S LAURENCE  091213 1200 123S 1275E 300 036 1000 1006 0306 15 083 -999 -999 -999 -999
JTWC 06S LAURENCE  091213 1800 121S 1269E 305 036 0996 1006 0306 18 083 -999 -999 -999 -999
JTWC 06S LAURENCE  091214 0000 131S 1286E 295 010 0996 1006 0306 18 083 -999 -999 -999 -999
JTWC 06S LAURENCE  091214 1200 134S 1272E 240 021 0985 1006 0333 26 083 0102 0111 0111 0102
JTWC 06S LAURENCE  091214 1800 133S 1266E 260 026 0982 1006 0343 28 046 0120 0139 0130 0120
JTWC 06S LAURENCE  091215 0000 138S 1263E 245 026 0974 1006 0370 33 046 0120 0139 0130 0120
JTWC 06S LAURENCE  091215 0600 144S 1255E 235 036 0967 1007 0370 39 037 0102 0093 0102 0111
JTWC 06S LAURENCE  091215 1200 148S 1250E 225 036 0956 1008 0370 46 028 0130 0111 0139 0148
JTWC 06S LAURENCE  091215 1800 150S 1246E 235 036 0937 1008 0278 59 019 0157 0148 0185 0167
JTWC 06S LAURENCE  091216 0000 155S 1243E 225 026 0937 1005 0296 59 019 0148 0139 0176 0157
JTWC 06S LAURENCE  091216 0600 163S 1242E 205 031 0956 1005 0287 46 019 0148 0139 0130 0157
JTWC 06S LAURENCE  091216 1200 167S 1239E 205 031 0956 1003 0269 44 028 0148 0139 0176 0157
JTWC 06S LAURENCE  091216 1800 168S 1242E 185 021 0974 1003 0269 33 019 0148 0139 0176 0157
JTWC 06S LAURENCE  091217 0000 171S 1245E 160 015 0974 1003 0269 33 019 0102 0130 0130 0093
JTWC 06S LAURENCE  091217 0600 176S 1248E 150 021 0982 1003 0269 28 037 0102 0130 0130 0093
JTWC 06S LAURENCE  091217 1200 179S 1248E 155 021 0989 1003 0167 23 037 0102 0111 0111 0093
JTWC 06S LAURENCE  091217 1800 172S 1249E  90 005 0989 1003 0167 23 037 0102 0111 0111 0093
JTWC 06S LAURENCE  091218 0000 173S 1244E 290 005 0996 1003 0167 18 037 -999 -999 -999 -999
JTWC 06S LAURENCE  091218 0600 174S 1240E 270 010 1000 1004 0278 15 037 -999 -999 -999 -999
JTWC 06S LAURENCE  091218 1200 172S 1234E 280 015 0996 1004 0278 18 037 -999 -999 -999 -999
JTWC 06S LAURENCE  091218 1800 168S 1228E 295 026 0996 1004 0278 18 093 -999 -999 -999 -999
JTWC 06S LAURENCE  091219 0000 167S 1224E 295 026 0996 1004 0278 18 093 -999 -999 -999 -999
JTWC 06S LAURENCE  091219 0600 170S 1223E 280 021 0996 1008 0324 18 056 -999 -999 -999 -999
JTWC 06S LAURENCE  091219 1200 173S 1218E 240 021 0996 1008 0324 18 056 -999 -999 -999 -999
JTWC 06S LAURENCE  091219 1800 175S 1214E 230 021 0989 1008 0324 23 056 -999 -999 0056 -999
JTWC 06S LAURENCE  091220 0000 178S 1207E 240 031 0982 1008 0324 28 028 0056 0056 0074 0065
JTWC 06S LAURENCE  091220 0600 185S 1208E 220 026 0982 1008 0324 28 028 0102 0194 0232 0120
JTWC 06S LAURENCE  091220 1200 186S 1205E 220 026 0963 1008 0324 41 028 0130 0102 0139 0139
JTWC 06S LAURENCE  091220 1800 187S 1203E 220 015 0956 1008 0370 46 028 0148 0120 0157 0157
JTWC 06S LAURENCE  091221 0000 190S 1204E 215 010 0948 1008 0370 51 028 0167 0139 0176 0176
JTWC 06S LAURENCE  091221 0600 195S 1207E 170 015 0926 1008 0370 67 028 0194 0185 0232 0241
JTWC 06S LAURENCE  091221 1200 200S 1208E 160 026 0970 1008 0370 36 019 0185 0185 0194 0194
JTWC 06S LAURENCE  091221 1800 205S 1210E 160 026 0956 1008 0370 46 028 0194 0185 0232 0241
