JTWC 07W SEVEN     090715 0600 146N 1277E 320 103 1003 1008 0306 13 056 -999 -999 -999 -999
JTWC 07W SEVEN     090715 1200 152N 1275E 320 088 1002 1009 0306 13 056 -999 -999 -999 -999
JTWC 07W SEVEN     090715 1800 157N 1266E 310 067 0996 1005 0287 18 056 -999 -999 -999 -999
JTWC 07W SEVEN     090716 0000 165N 1259E 315 051 0997 1005 0269 18 046 -999 -999 -999 -999
JTWC 07W SEVEN     090716 0600 170N 1251E 310 051 0997 1005 0269 18 046 -999 -999 -999 -999
JTWC 07W SEVEN     090716 1200 175N 1245E 310 046 0999 1005 0269 18 046 -999 -999 -999 -999
JTWC 07W MOLAVE    090716 1800 185N 1242E 310 051 0998 1002 0250 18 056 -999 -999 -999 -999
JTWC 07W MOLAVE    090717 0000 185N 1233E 295 051 0989 1001 0278 23 065 0074 -999 -999 -999
JTWC 07W MOLAVE    090717 0600 195N 1225E 300 051 0989 1001 0278 23 028 0074 0056 -999 0056
JTWC 07W MOLAVE    090717 1200 206N 1212E 310 062 0977 1001 0278 31 028 0148 0120 0074 0120
JTWC 07W MOLAVE    090717 1800 210N 1192E 300 077 0978 1000 0370 31 037 0176 0148 0102 0185
JTWC 07W MOLAVE    090718 0000 213N 1183E 295 072 0989 1000 0370 31 046 0194 0148 0102 0185
JTWC 07W MOLAVE    090718 0600 217N 1172E 285 062 0987 1000 0482 28 046 0185 0139 0093 0167
JTWC 07W MOLAVE    090718 1200 223N 1159E 295 057 0985 1000 0482 33 046 0194 0148 0102 0139
JTWC 07W MOLAVE    090718 1800 225N 1140E 290 072 0987 1000 0370 31 046 0157 0130 0102 0111
JTWC 07W MOLAVE    090719 0000 230N 1124E 285 077 1002 1003 0370 21 046 0157 0130 0102 0111
JTWC 07W MOLAVE    090719 0600 228N 1116E 280 067 1000 1012 0213 15 046 -999 -999 -999 -999
