NHC  08E EIGHT     090804 0000 117N 1222W 295 062 1007 1010 0222 15 056 -999 -999 -999 -999 -999 -999
NHC  08E EIGHT     090804 0600 120N 1234W 290 062 1006 1010 0222 15 056 -999 -999 -999 -999 -999 -999
NHC  08E FELICIA   090804 1200 125N 1245W 295 062 1001 1010 0222 21 056 0083 0111 0083 00839 -999 -999 -999
NHC  08E FELICIA   090804 1800 122N 1261W 280 067 0987 1007 0334 33 037 0139 0111 0083 01115 0056 0046 0056
NHC  08E FELICIA   090805 0000 126N 1268W 285 051 0985 1008 0259 36 037 0139 0111 0083 01115 0056 0046 0056
NHC  08E FELICIA   090805 0600 131N 1278W 295 051 0975 1008 0371 44 046 0139 0111 0083 01113 0083 0056 0056
NHC  08E FELICIA   090805 1200 138N 1283W 305 046 0955 1008 0371 51 046 0222 0222 0167 01673 0083 0056 0056
NHC  08E FELICIA   090805 1800 142N 1293W 305 051 0940 1008 0371 57 046 0195 0167 0139 01673 0083 0056 0056
NHC  08E FELICIA   090806 0000 147N 1301W 300 051 0937 1008 0371 62 019 0195 0222 0167 01671 0139 0083 0083
NHC  08E FELICIA   090806 0600 151N 1308W 300 046 0935 1008 0371 64 019 0195 0250 0139 01671 0111 0083 0083
NHC  08E FELICIA   090806 1200 157N 1315W 305 046 0937 1008 0371 62 019 0195 0250 0139 01671 0111 0083 0083
NHC  08E FELICIA   090806 1800 162N 1323W 305 046 0948 1008 0371 59 019 0195 0222 0139 01671 0111 0083 0083
NHC  08E FELICIA   090807 0000 167N 1332W 300 051 0948 1008 0371 59 019 0195 0222 0139 01671 0111 0083 0083
NHC  08E FELICIA   090807 0600 172N 1340W 300 046 0960 1008 0371 51 019 0195 0222 0139 01671 0111 0083 0083
NHC  08E FELICIA   090807 1200 177N 1351W 295 057 0970 1008 0334 46 019 0195 0222 0139 01671 0111 0083 0083
NHC  08E FELICIA   090807 1800 181N 1363W 290 062 0973 1008 0334 44 028 0148 0111 0111 01483 0065 0065 0083
NHC  08E FELICIA   090808 0000 186N 1374W 295 062 0970 1008 0334 46 028 0167 0139 0139 01673 0065 0065 0083
NHC  08E FELICIA   090808 0600 189N 1387W 290 062 0974 1008 0334 41 028 0167 0139 0139 01673 0065 0065 0083
NHC  08E FELICIA   090808 1200 193N 1401W 290 067 0975 1008 0334 41 028 0167 0139 0139 01673 0065 0065 0083
NHC  08E FELICIA   090808 1800 195N 1414W 280 067 0981 1008 0334 39 028 0185 0139 0111 01853 0065 0037 0093
NHC  08E FELICIA   090809 0000 199N 1427W 285 067 0982 1008 0334 39 028 0185 0139 0111 01853 0065 0037 0093
NHC  08E FELICIA   090809 0600 202N 1440W 285 067 0984 1012 0222 36 037 0185 0130 0102 01853 0056 0037 0093
NHC  08E FELICIA   090809 1200 205N 1453W 285 067 0994 1012 0222 31 037 0167 0120 0093 01673 0056 -999 0083
NHC  08E FELICIA   090809 1800 209N 1465W 285 062 1001 1014 0278 23 056 0167 0130 0093 01679 -999 -999 -999
NHC  08E FELICIA   090810 0000 211N 1478W 280 062 1002 1014 0278 23 093 0185 0130 -999 01859 -999 -999 -999
NHC  08E FELICIA   090810 0600 210N 1487W 275 057 1003 1013 0222 23 093 0185 0130 -999 01859 -999 -999 -999
NHC  08E FELICIA   090810 1200 206N 1497W 265 051 1005 1013 0222 23 093 0204 -999 -999 02049 -999 -999 -999
NHC  08E FELICIA   090810 1800 209N 1508W 270 057 1007 1012 0222 21 139 0222 -999 -999 01679 -999 -999 -999
NHC  08E FELICIA   090811 0000 209N 1516W 270 046 1007 1012 0222 21 139 0222 -999 -999 01679 -999 -999 -999
NHC  08E FELICIA   090811 0600 209N 1525W 270 046 1007 1012 0222 18 139 0222 -999 -999 01679 -999 -999 -999
NHC  08E FELICIA   090811 1200 209N 1536W 270 046 1009 1012 0222 15 139 -999 -999 -999 -999 -999 -999
NHC  08E FELICIA   090811 1800 207N 1542W 265 041 1010 1014 0185 15 139 -999 -999 -999 -999 -999 -999
NHC  08E FELICIA   090812 1200 208N 1556W 275 021 1011 1014 0167 13 139 -999 -999 -999 -999 -999 -999
