JTWC 08S EIGHT     090118 1800 169S 0504E 245 046 0996 1009 0269 18 074 -999 -999 -999 -999
JTWC 08S EIGHT     090119 0000 175S 0498E 235 046 0996 1009 0269 18 074 -999 -999 -999 -999
JTWC 08S ERIC      090119 0600 180S 0495E 230 036 0993 1009 0269 21 065 0102 0102 0102 0102
JTWC 08S ERIC      090119 1200 190S 0493E 205 041 0996 1009 0259 18 065 -999 -999 -999 -999
JTWC 08S ERIC      090119 1800 201S 0490E 195 046 0996 1007 0204 18 065 0102 0120 0074 0074
JTWC 08S ERIC      090120 0000 211S 0491E 185 051 0996 1007 0241 18 083 0102 0120 -999 -999
JTWC 08S ERIC      090120 0600 227S 0492E 180 062 0996 1007 0241 15 083 -999 -999 -999 -999
JTWC 08S ERIC      090120 1200 243S 0493E 175 072 0996 1007 0241 18 083 -999 -999 -999 -999
JTWC 08S ERIC      090120 1800 250S 0494E 175 067 0996 1004 0185 18 083 -999 -999 -999 -999
JTWC 08S ERIC      090121 0000 256S 0495E 175 051 0996 1005 0232 18 083 -999 -999 -999 -999
