NHC  09E NINE      090809 1800 140N 1200W 270 036 1007 1010 0185 15 028 -999 -999 -999 -999 -999 -999
NHC  09E NINE      090810 0000 147N 1211W 285 046 1007 1010 0185 15 028 -999 -999 -999 -999 -999 -999
NHC  09E NINE      090810 0600 148N 1217W 285 036 1007 1010 0185 15 028 -999 -999 -999 -999 -999 -999
NHC  09E NINE      090810 1200 148N 1227W 270 041 1007 1010 0185 15 028 -999 -999 -999 -999 -999 -999
NHC  09E NINE      090810 1800 150N 1237W 275 051 1007 1010 0185 15 028 -999 -999 -999 -999 -999 -999
NHC  09E NINE      090811 0000 151N 1249W 275 057 1007 1010 0185 15 056 -999 -999 -999 -999 -999 -999
NHC  09E NINE      090811 0600 151N 1259W 270 051 1006 1010 0185 15 056 -999 -999 -999 -999 -999 -999
NHC  09E NINE      090811 1200 151N 1269W 270 051 1006 1010 0185 15 056 -999 -999 -999 -999 -999 -999
NHC  09E NINE      090811 1800 151N 1283W 270 062 1006 1010 0167 15 056 -999 -999 -999 -999 -999 -999
NHC  09E NINE      090812 0000 150N 1294W 270 057 1007 1010 0167 13 056 -999 -999 -999 -999 -999 -999
NHC  09E NINE      090812 0600 148N 1307W 260 062 1007 1010 0167 13 056 -999 -999 -999 -999 -999 -999
NHC  09E NINE      090812 1200 147N 1320W 265 062 1007 1010 0167 13 056 -999 -999 -999 -999 -999 -999
NHC  09E NINE      090812 1800 142N 1327W 255 057 1007 1010 0167 15 056 -999 -999 -999 -999 -999 -999
NHC  09E NINE      090813 0000 140N 1337W 255 057 1007 1010 0167 13 056 -999 -999 -999 -999 -999 -999
NHC  09E NINE      090813 1200 124N 1351W 235 051 1006 1010 0167 13 056 -999 -999 -999 -999 -999 -999
NHC  09E NINE      090813 1800 121N 1359W 230 051 1006 1010 0167 13 056 -999 -999 -999 -999 -999 -999
NHC  09E NINE      090814 0000 118N 1365W 230 041 1009 1011 0222 13 056 -999 -999 -999 -999 -999 -999
NHC  09E NINE      090814 0600 117N 1374W 255 041 1009 1011 0222 13 056 -999 -999 -999 -999 -999 -999
NHC  09E NINE      090814 1200 115N 1380W 255 036 1009 1011 0222 13 056 -999 -999 -999 -999 -999 -999
NHC  09E NINE      090815 0600 109N 1396W 260 026 1009 1011 0222 13 056 -999 -999 -999 -999 -999 -999
