NHC  11E ELEVEN    090822 1200 136N 1364W 275 041 1007 1010 0324 15 083 -999 -999 -999 -999 -999 -999
NHC  11E ELEVEN    090822 1800 136N 1373W 270 046 1006 1009 0278 15 065 -999 -999 -999 -999 -999 -999
NHC  11E HILDA     090823 0000 135N 1381W 270 041 1005 1009 0222 18 037 0056 0037 0037 00569 -999 -999 -999
NHC  11E HILDA     090823 0600 136N 1389W 275 041 1003 1009 0222 21 037 0056 0037 0056 00749 -999 -999 -999
NHC  11E HILDA     090823 1200 137N 1397W 275 041 1003 1009 0222 21 037 0056 0037 0056 00749 -999 -999 -999
NHC  11E HILDA     090823 1800 139N 1415W 275 057 1003 1009 0222 23 056 0093 0074 0074 00749 -999 -999 -999
NHC  11E HILDA     090824 0000 141N 1427W 280 062 1001 1009 0232 26 028 0093 0074 0074 00938 -999 -999 0028
NHC  11E HILDA     090824 0600 142N 1436W 275 057 0999 1009 0259 28 037 0111 0074 0074 01307 -999 -999 0037
NHC  11E HILDA     090824 1200 143N 1449W 275 057 0999 1009 0278 28 037 0130 0083 0083 01306 0046 0046 0046
NHC  11E HILDA     090824 1800 148N 1454W 285 051 0999 1009 0278 28 037 0130 0083 0083 01306 0046 0046 0046
NHC  11E HILDA     090825 0000 149N 1466W 285 051 1001 1009 0241 26 037 0120 0074 0074 01206 0046 0046 0046
NHC  11E HILDA     090825 0600 148N 1475W 270 051 1001 1009 0241 26 037 0120 0074 0074 01207 0037 0037 0037
NHC  11E HILDA     090825 1200 147N 1485W 270 051 1001 1009 0241 26 037 0120 0074 0074 01207 0037 0037 0037
NHC  11E HILDA     090825 1800 142N 1487W 250 036 1004 1009 0241 23 056 0074 -999 -999 01859 -999 -999 -999
NHC  11E HILDA     090826 0000 139N 1494W 250 041 1007 1009 0241 21 046 0074 0056 0056 01119 -999 -999 -999
NHC  11E HILDA     090826 0600 137N 1502W 255 041 1007 1009 0241 21 046 0074 0056 0056 01119 -999 -999 -999
NHC  11E HILDA     090826 1200 135N 1509W 250 036 1007 1009 0241 21 046 0074 -999 -999 01119 -999 -999 -999
NHC  11E HILDA     090826 1800 132N 1510W 255 036 1007 1009 0324 21 046 0074 0046 0046 01119 -999 -999 -999
NHC  11E HILDA     090827 0000 129N 1513W 250 031 1008 1009 0232 15 037 -999 -999 -999 -999 -999 -999
NHC  11E HILDA     090827 0600 135N 1520W 300 041 1008 1009 0232 15 056 -999 -999 -999 -999 -999 -999
NHC  11E HILDA     090827 1200 144N 1530W 300 041 1008 1009 0232 15 056 -999 -999 -999 -999 -999 -999
NHC  11E HILDA     090827 1800 140N 1545W 285 057 1008 1009 0232 15 083 -999 -999 -999 -999 -999 -999
NHC  11E HILDA     090828 0000 135N 1555W 260 057 1010 1011 0222 13 083 -999 -999 -999 -999 -999 -999
NHC  11E HILDA     090828 0600 139N 1562W 270 051 1011 1012 0222 13 083 -999 -999 -999 -999 -999 -999
NHC  11E HILDA     090828 1200 140N 1576W 275 051 1008 1010 0222 13 083 -999 -999 -999 -999 -999 -999
NHC  11E HILDA     090829 0600 140N 1626W 270 082 1009 1011 0241 13 083 -999 -999 -999 -999 -999 -999
NHC  11E HILDA     090829 1200 151N 1639W 285 082 1009 1011 0241 13 083 -999 -999 -999 -999 -999 -999
