NHC  11L IDA       091104 1800 118N 0823W 300 026 0998 1010 0222 23 037 0083 0056 0037 00569 -999 -999 -999
NHC  11L IDA       091105 0000 123N 0828W 315 031 0995 1010 0222 28 028 0083 0056 0037 00568 -999 -999 -999
NHC  11L IDA       091105 0600 126N 0833W 310 031 0994 1008 0204 28 028 0083 0056 0037 00568 -999 -999 -999
NHC  11L IDA       091105 1200 129N 0836W 310 026 0987 1009 0204 33 019 0111 0093 0056 00936 0046 0028 0046
NHC  11L IDA       091105 1800 131N 0837W 320 015 0990 1010 0213 28 028 0111 0093 0046 00746 0046 -999 0028
NHC  11L IDA       091106 0000 135N 0840W 325 021 1003 1010 0222 18 028 0111 0093 0046 00749 -999 -999 -999
NHC  11L IDA       091106 0600 141N 0840W 345 021 1005 1010 0222 15 028 -999 -999 -999 -999 -999 -999
NHC  11L IDA       091106 1200 146N 0842W 345 026 1006 1010 0278 15 139 -999 -999 -999 -999 -999 -999
NHC  11L IDA       091106 1800 154N 0839W 360 031 1007 1010 0278 15 111 -999 -999 -999 -999 -999 -999
NHC  11L IDA       091107 0000 159N 0839W 360 031 1006 1010 0278 15 111 -999 -999 -999 -999 -999 -999
NHC  11L IDA       091107 0600 168N 0840W 355 036 1004 1008 0232 18 056 0056 -999 -999 -999 -999 -999
NHC  11L IDA       091107 1200 174N 0841W 355 036 1000 1008 0232 23 056 0111 -999 -999 01119 -999 -999 -999
NHC  11L IDA       091107 1800 185N 0841W 360 046 0990 1008 0232 31 046 0222 0139 0074 01674 0056 -999 0056
NHC  11L IDA       091108 0000 196N 0844W 345 051 0990 1008 0278 31 046 0222 0139 0074 01674 0056 -999 0056
NHC  11L IDA       091108 0600 201N 0853W 325 046 0983 1008 0315 41 028 0222 0139 0074 01674 0056 0037 0056
NHC  11L IDA       091108 1200 208N 0858W 320 046 0983 1008 0315 41 028 0222 0130 0074 01674 0056 0037 0056
NHC  11L IDA       091108 1800 217N 0861W 330 046 0978 1009 0315 44 019 0222 0167 0083 01671 0056 0056 0056
NHC  11L IDA       091109 0000 230N 0865W 345 057 0979 1007 0259 46 028 0278 0185 0083 01671 0056 0056 0056
NHC  11L IDA       091109 0600 244N 0875W 335 072 0988 1008 0287 44 028 0324 0185 0083 01671 0056 0056 0056
NHC  11L IDA       091109 1200 258N 0882W 330 082 0993 1008 0287 33 028 0324 0232 0083 02321 0111 0056 0111
NHC  11L IDA       091109 1800 275N 0884W 345 082 0990 1010 0287 31 028 0324 0232 0139 02323 -999 0093 0093
NHC  11L IDA       091110 0000 289N 0885W 360 077 0993 1009 0232 31 046 0324 0232 0139 01851 -999 0093 0093
NHC  11L IDA       091110 0600 295N 0888W 355 041 0998 1009 0232 26 037 0232 0278 0139 01397 -999 -999 0037
NHC  11L IDA       091110 1200 303N 0880W 040 046 0999 1009 0232 18 037 0056 0111 0111 00569 -999 -999 -999
