JTWC 12W TWELVE    090828 0600 226N 1484E 350 036 0993 1008 0352 21 046 0093 0102 0083 0083
JTWC 12W TWELVE    090828 1200 237N 1482E 350 057 0989 1006 0333 23 046 0102 0093 0074 0074
JTWC 12W KROVANH   090828 1800 248N 1480E 350 051 0986 1006 0352 26 046 0102 0093 0074 0074
JTWC 12W KROVANH   090829 0000 260N 1476E 350 062 0985 1006 0352 26 046 0102 0093 0074 0074
JTWC 12W KROVANH   090829 0600 274N 1468E 340 067 0982 1006 0370 28 046 0130 0130 0102 0102
JTWC 12W KROVANH   090829 1200 289N 1463E 340 077 0982 1006 0370 28 046 0130 0130 0102 0102
JTWC 12W KROVANH   090829 1800 299N 1445E 325 082 0978 1006 0370 31 046 0130 0130 0102 0102
JTWC 12W KROVANH   090830 0000 309N 1425E 315 088 0978 1006 0370 31 046 0130 0130 0102 0102
JTWC 12W KROVANH   090830 0600 310N 1410E 300 082 0981 1006 0398 28 056 0185 0167 0120 0185
JTWC 12W KROVANH   090830 1200 317N 1405E 305 067 0982 1006 0407 28 074 0222 0204 0120 0185
JTWC 12W KROVANH   090830 1800 326N 1400E 320 051 0982 1006 0407 28 074 0222 0204 0139 0185
JTWC 12W KROVANH   090831 0000 335N 1399E 340 046 0982 1006 0407 28 074 0222 0204 0139 0185
JTWC 12W KROVANH   090831 0600 347N 1406E   0 051 0982 1006 0407 28 093 0194 0185 0093 0102
JTWC 12W KROVANH   090831 1200 363N 1415E  20 067 0985 1006 0352 26 074 0185 0185 0111 0167
JTWC 12W KROVANH   090831 1800 384N 1429E  25 093 0985 1008 0296 26 037 0204 0213 0093 0111
