JTWC 13W THIRTEEN  090903 1800 172N 1287E 220 015 0994 1002 0463 15 046 -999 -999 -999 -999
JTWC 13W DUJUAN    090904 0000 175N 1291E  90 015 0992 1002 0463 18 046 -999 -999 -999 -999
JTWC 13W DUJUAN    090904 0600 185N 1299E  45 036 0990  998 0463 18 056 -999 -999 -999 -999
JTWC 13W DUJUAN    090904 1200 190N 1311E  50 051 0990  998 0463 18 046 -999 -999 -999 -999
JTWC 13W DUJUAN    090904 1800 194N 1323E  55 057 0992  996 0463 18 046 -999 -999 -999 -999
JTWC 13W DUJUAN    090905 0000 201N 1326E  55 046 0993  996 0472 21 046 0102 0148 0130 0102
JTWC 13W DUJUAN    090905 0600 212N 1336E  45 051 0989  996 0472 23 046 0102 0148 0130 0102
JTWC 13W DUJUAN    090905 1200 226N 1344E  35 067 0989 1008 0278 23 046 0102 0148 0130 0102
JTWC 13W DUJUAN    090905 1800 234N 1355E  35 062 0989  994 0152 23 046 0102 0102 0083 0083
JTWC 13W DUJUAN    090906 0000 244N 1358E  25 057 0989  994 0333 23 046 0102 0102 0083 0083
JTWC 13W DUJUAN    090906 0600 256N 1361E  20 057 0989  994 0333 23 046 0102 0102 0083 0083
JTWC 13W DUJUAN    090906 1200 265N 1362E  10 057 0989  994 0333 23 046 0157 0157 0139 0148
JTWC 13W DUJUAN    090906 1800 269N 1359E   0 041 0993 1000 0463 21 102 0176 0148 0157 0176
JTWC 13W DUJUAN    090907 0000 271N 1362E  10 031 0993 1000 0463 21 111 0176 0157 0139 0167
JTWC 13W DUJUAN    090907 0600 278N 1363E  10 031 1000 1001 0463 15 111 -999 -999 -999 -999
JTWC 13W DUJUAN    090907 1200 286N 1366E  20 036 0999 1001 0463 15 111 -999 -999 -999 -999
JTWC 13W DUJUAN    090907 1800 294N 1375E  30 046 0999 1002 0463 15 111 -999 -999 -999 -999
JTWC 13W DUJUAN    090908 0000 304N 1386E  40 057 0999 1002 0417 15 111 -999 -999 -999 -999
JTWC 13W DUJUAN    090908 0600 312N 1404E  50 072 0993 1002 0417 21 111 0157 0176 0139 0167
JTWC 13W DUJUAN    090908 1200 316N 1425E  60 082 0996 1002 0417 18 111 0157 0176 0139 0148
JTWC 13W DUJUAN    090908 1800 323N 1456E  70 108 0985 1002 0417 26 130 0222 0222 0130 0130
JTWC 13W DUJUAN    090909 0000 337N 1490E  70 134 0982  998 0417 28 093 0241 0222 0167 0130
JTWC 13W DUJUAN    090909 0600 353N 1526E  65 154 0982  998 0417 28 083 0296 0287 0241 0232
JTWC 13W DUJUAN    090909 1200 372N 1561E  55 170 0982  998 0417 28 083 0278 0259 0259 0185
