NHC  14E INVEST    090829 1200 130N 1212W 305 046 1007 1011 0371 15 083 -999 -999 -999 -999 -999 -999
NHC  14E FOURTEEN  090829 1800 127N 1220W 285 041 1005 1010 0278 18 056 -999 0056 0056 -999 -999 -999
NHC  14E KEVIN     090830 0000 132N 1221W 295 036 1000 1010 0241 23 037 -999 0056 0093 00939 -999 -999 -999
NHC  14E KEVIN     090830 0600 138N 1220W 360 031 1000 1008 0334 23 056 -999 0074 0093 00939 -999 -999 -999
NHC  14E KEVIN     090830 1200 145N 1219W 005 031 1000 1008 0334 23 056 -999 0074 0093 00939 -999 -999 -999
NHC  14E KEVIN     090830 1800 150N 1219W 005 031 1003 1008 0334 21 056 -999 0056 0056 00939 -999 -999 -999
NHC  14E KEVIN     090831 0000 162N 1218W 005 036 1005 1008 0334 18 056 -999 -999 0065 00939 -999 -999 -999
NHC  14E KEVIN     090831 0600 161N 1218W 005 026 1005 1007 0334 18 056 -999 -999 -999 01119 -999 -999 -999
NHC  14E KEVIN     090831 1200 165N 1217W 010 026 1007 1010 0222 15 056 -999 -999 -999 -999 -999 -999
NHC  14E KEVIN     090831 1800 170N 1215W 015 026 1008 1010 0222 15 056 -999 -999 -999 -999 -999 -999
NHC  14E KEVIN     090901 0000 174N 1217W 010 021 1008 1010 0222 15 056 -999 -999 -999 -999 -999 -999
NHC  14E KEVIN     090901 0600 178N 1216W 010 026 1008 1010 0222 15 056 -999 -999 -999 -999 -999 -999
NHC  14E KEVIN     090901 1200 179N 1217W 360 015 1008 1010 0222 15 056 -999 -999 -999 -999 -999 -999
NHC  14E KEVIN     090901 1800 183N 1220W 345 015 1008 1010 0195 13 056 -999 -999 -999 -999 -999 -999
