NHC  18E EIGHTEEN  091001 1200 189N 1179W 275 046 1004 1007 0602 15 111 -999 -999 -999 -999 -999 -999
NHC  18E EIGHTEEN  091001 1800 192N 1179W 290 026 1004 1007 0602 15 111 -999 -999 -999 -999 -999 -999
NHC  18E OLAF      091002 0000 203N 1174W 350 026 1002 1007 0602 18 111 -999 0139 -999 -999 -999 -999
NHC  18E OLAF      091002 0600 216N 1174W 360 046 1000 1007 0602 21 111 0148 0185 -999 -999 -999 -999
NHC  18E OLAF      091002 1200 227N 1175W 360 051 1000 1007 0602 21 083 0148 0185 -999 -999 -999 -999
NHC  18E OLAF      091002 1800 234N 1173W 010 046 1004 1008 0547 18 083 0139 0139 -999 01399 -999 -999 -999
NHC  18E OLAF      091003 0000 242N 1168W 015 046 1004 1008 0547 18 083 0139 0139 -999 01399 -999 -999 -999
NHC  18E OLAF      091003 0600 240N 1169W 015 046 1004 1008 0547 18 083 0139 0139 -999 01399 -999 -999 -999
NHC  18E OLAF      091003 1200 242N 1163W 070 031 1004 1008 0445 15 111 -999 -999 -999 -999 -999 -999
NHC  18E OLAF      091003 1800 237N 1142W 095 067 1002 1007 0389 15 111 -999 -999 -999 -999 -999 -999
NHC  18E OLAF      091004 0000 239N 1129W 090 062 1002 1007 0389 13 111 -999 -999 -999 -999 -999 -999
