JTWC 18P HAMISH    090305 1800 141S 1470E 215 026 0996 1008 0278 18 093 -999 -999 -999 -999
JTWC 18P HAMISH    090306 0000 143S 1470E 195 021 0978 1008 0222 31 056 0102 0102 0074 0074
JTWC 18P HAMISH    090306 0600 149S 1468E 190 021 0974 1007 0333 33 028 0102 0102 0074 0074
JTWC 18P HAMISH    090306 1200 155S 1472E 170 026 0967 1007 0333 39 028 0130 0130 0111 0111
JTWC 18P HAMISH    090306 1800 163S 1477E 160 036 0959 1007 0333 44 028 0130 0130 0111 0111
JTWC 18P HAMISH    090307 0000 171S 1482E 150 041 0956 1008 0278 46 037 0130 0130 0111 0111
JTWC 18P HAMISH    090307 0600 179S 1488E 150 046 0937 1008 0278 59 028 0213 0213 0194 0167
JTWC 18P HAMISH    090307 1200 185S 1493E 145 046 0926 1004 0241 67 019 0241 0204 0213 0232
JTWC 18P HAMISH    090307 1800 193S 1499E 145 046 0926 1004 0241 67 028 0241 0204 0213 0232
JTWC 18P HAMISH    090308 0000 200S 1505E 145 046 0926 1004 0241 67 028 0241 0204 0213 0232
JTWC 18P HAMISH    090308 0600 207S 1510E 145 046 0929 1006 0278 64 019 0222 0222 0213 0185
JTWC 18P HAMISH    090308 1200 211S 1515E 140 041 0933 1006 0278 62 019 0259 0250 0222 0213
JTWC 18P HAMISH    090308 1800 216S 1521E 135 036 0937 1006 0278 59 019 0259 0250 0222 0213
JTWC 18P HAMISH    090309 0000 221S 1528E 130 036 0941 1006 0278 57 019 0259 0259 0241 0250
JTWC 18P HAMISH    090309 0600 228S 1533E 135 041 0941 1006 0278 57 028 0296 0278 0241 0194
JTWC 18P HAMISH    090309 1200 233S 1538E 140 041 0941 1006 0278 57 028 0287 0278 0241 0176
JTWC 18P HAMISH    090309 1800 238S 1541E 145 036 0952 1006 0278 49 037 0287 0278 0241 0176
JTWC 18P HAMISH    090310 0000 244S 1548E 140 036 0956 1006 0278 46 037 0222 0241 0241 0222
JTWC 18P HAMISH    090310 0600 246S 1556E 130 036 0959 1008 0278 44 037 0157 0176 0185 0157
JTWC 18P HAMISH    090310 1200 244S 1560E 105 031 0967 1008 0278 39 037 0157 0176 0194 0157
JTWC 18P HAMISH    090310 1800 240S 1560E  70 021 0974 1008 0278 33 037 0157 0176 0194 0157
JTWC 18P HAMISH    090311 0000 242S 1552E 320 005 0985 1008 0278 26 037 0157 0176 0194 0157
JTWC 18P HAMISH    090311 0600 235S 1549E 310 021 0989 1008 0278 23 056 0093 0093 0102 0083
JTWC 18P HAMISH    090311 1200 225S 1547E 335 036 0989 1009 0241 23 056 0093 0093 0102 0083
JTWC 18P HAMISH    090311 1800 219S 1537E 330 046 1000 1009 0241 15 037 -999 -999 -999 -999
JTWC 18P HAMISH    090312 0000 218S 1527E 310 046 1004 1009 0241 13 037 -999 -999 -999 -999
