JTWC 19W NINETEEN  090928 1200 093N 1428E 265 046 0996 1008 0333 18 083 -999 -999 -999 -999
JTWC 19W NINETEEN  090928 1800 092N 1414E 265 057 0996 1005 0426 18 083 -999 -999 -999 -999
JTWC 19W NINETEEN  090929 0000 082N 1396E 255 072 0996 1004 0426 18 074 -999 -999 -999 -999
JTWC 19W PARMA     090929 0600 078N 1389E 245 062 0994 1003 0426 21 065 0065 -999 -999 -999
JTWC 19W PARMA     090929 1200 080N 1382E 255 051 0989 1003 0426 23 065 0065 -999 -999 -999
JTWC 19W PARMA     090929 1800 082N 1377E 270 036 0985 1003 0463 26 065 0074 -999 -999 0065
JTWC 19W PARMA     090930 0600 099N 1353E 305 057 0967 1003 0361 39 019 0093 0102 0139 0120
JTWC 19W PARMA     090930 1200 106N 1339E 305 072 0967 1003 0361 39 019 0093 0102 0139 0120
JTWC 19W PARMA     090930 1800 113N 1325E 300 082 0948 1009 0852 51 019 0130 0111 0111 0120
JTWC 19W PARMA     091001 0000 118N 1311E 295 077 0926 1009 0917 67 019 0185 0167 0167 0176
JTWC 19W PARMA     091001 0600 124N 1296E 295 077 0926 1009 0917 67 028 0269 0222 0167 0269
JTWC 19W PARMA     091001 1200 131N 1286E 295 072 0933 1009 0917 62 028 0306 0222 0222 0306
JTWC 19W PARMA     091001 1800 141N 1273E 300 077 0933 1009 0917 62 028 0370 0352 0343 0389
JTWC 19W PARMA     091002 0000 145N 1263E 305 067 0933 1009 0917 62 028 0370 0352 0324 0389
JTWC 19W PARMA     091002 0600 153N 1250E 305 072 0933 1009 0917 62 028 0370 0352 0324 0389
JTWC 19W PARMA     091002 1200 159N 1247E 310 057 0937 1009 0917 59 028 0370 0352 0324 0389
JTWC 19W PARMA     091002 1800 166N 1238E 310 057 0948 1004 0537 51 028 0370 0352 0324 0389
JTWC 19W PARMA     091003 0000 174N 1229E 315 051 0956 1004 0482 46 028 0278 0306 0194 0315
JTWC 19W PARMA     091003 0600 178N 1221E 310 051 0956 1006 0482 46 028 0204 0185 0194 0222
JTWC 19W PARMA     091003 1800 186N 1209E 305 036 0974 1006 0482 33 037 0176 0167 0250 0259
JTWC 19W PARMA     091004 0000 187N 1202E 295 036 0974 1005 0454 33 046 0222 0167 0250 0259
JTWC 19W PARMA     091004 0600 193N 1198E 305 031 0974 1006 0407 33 065 0241 0204 0222 0232
JTWC 19W PARMA     091004 1200 199N 1198E 320 031 0978 1006 0407 31 056 0241 0157 0241 0232
JTWC 19W PARMA     091004 1800 201N 1194E 330 026 0982 1005 0389 28 046 0241 0157 0222 0204
JTWC 19W PARMA     091005 0000 200N 1193E 320 015 0982 1005 0389 28 046 0241 0157 0204 0232
JTWC 19W PARMA     091005 0600 201N 1195E 305 005 0982 1006 0361 28 056 0157 0157 0148 0250
JTWC 19W PARMA     091005 1200 203N 1196E  45 005 0982 1006 0361 28 065 0157 0157 0176 0213
JTWC 19W PARMA     091005 1800 199N 1199E 100 010 0982 1006 0361 28 065 0157 0157 0176 0213
JTWC 19W PARMA     091006 0000 193N 1202E 140 015 0982 1006 0361 28 065 0157 0157 0176 0213
JTWC 19W PARMA     091006 0600 190N 1207E 140 031 0982 1006 0361 28 065 0157 0157 0157 0139
JTWC 19W PARMA     091006 1200 186N 1208E 145 026 0982 1006 0361 28 065 0157 0130 0130 0148
JTWC 19W PARMA     091006 1800 182N 1210E 150 026 0996 1006 0361 18 065 0093 0093 0093 0093
JTWC 19W PARMA     091007 0000 179N 1211E 155 021 0996 1006 0361 18 056 0056 0056 0056 0056
JTWC 19W PARMA     091007 0600 178N 1225E 115 031 0996 1004 0407 18 056 -999 -999 -999 -999
JTWC 19W PARMA     091007 1200 181N 1225E  90 021 0996 1004 0407 18 056 0056 0056 0056 0056
JTWC 19W PARMA     091007 1800 179N 1224E  60 015 0996 1004 0370 18 056 0056 0056 0056 0056
JTWC 19W PARMA     091008 0000 173N 1220E 215 010 1000 1004 0370 15 093 -999 -999 -999 -999
JTWC 19W PARMA     091008 0600 172N 1217E 220 021 1000 1004 0370 15 093 -999 -999 -999 -999
JTWC 19W PARMA     091008 1200 171N 1210E 245 026 1000 1004 0370 15 093 -999 -999 -999 -999
JTWC 19W PARMA     091008 1800 171N 1201E 265 031 0997 1004 0370 15 093 -999 -999 -999 -999
JTWC 19W PARMA     091009 0000 166N 1200E 250 031 1000 1005 0380 15 111 -999 -999 -999 -999
JTWC 19W PARMA     091009 0600 170N 1195E 275 026 0993 1005 0361 21 120 -999 -999 0130 -999
JTWC 19W PARMA     091009 1200 173N 1190E 295 031 0996 1007 0361 18 102 -999 -999 -999 -999
JTWC 19W PARMA     091009 1800 173N 1184E 295 031 1000 1007 0361 15 102 -999 -999 -999 -999
JTWC 19W PARMA     091010 0000 171N 1186E 290 015 1000 1007 0361 15 102 -999 -999 -999 -999
JTWC 19W PARMA     091010 0600 180N 1181E 315 026 1000 1007 0361 15 102 -999 -999 -999 -999
JTWC 19W PARMA     091010 1200 183N 1167E 300 041 1002 1009 0398 15 093 -999 -999 -999 -999
JTWC 19W PARMA     091010 1800 179N 1152E 285 057 1000 1009 0398 15 093 -999 -999 -999 -999
JTWC 19W PARMA     091011 0000 175N 1140E 265 067 1000 1009 0398 15 074 -999 -999 -999 -999
JTWC 19W PARMA     091011 0600 178N 1132E 260 057 0993 1009 0417 21 065 0074 0074 0074 0074
JTWC 19W PARMA     091011 1200 180N 1126E 275 041 0993 1010 0417 21 065 0093 0102 0083 0083
JTWC 19W PARMA     091011 1800 184N 1116E 290 041 0996 1010 0417 18 065 0093 0102 0083 0083
JTWC 19W PARMA     091012 0000 191N 1108E 300 041 0996 1010 0417 18 065 -999 -999 -999 -999
JTWC 19W PARMA     091012 0600 194N 1101E 305 041 1000 1008 0111 18 065 0074 -999 -999 0074
JTWC 19W PARMA     091012 1200 197N 1094E 300 041 1001 1008 0324 18 065 -999 -999 -999 -999
JTWC 19W PARMA     091012 1800 198N 1090E 295 031 0996 1008 0324 18 065 0093 0102 0083 0083
JTWC 19W PARMA     091013 0000 200N 1085E 290 026 1000 1007 0296 15 083 -999 -999 -999 -999
JTWC 19W PARMA     091013 0600 201N 1080E 285 026 0996 1007 0296 18 083 -999 -999 -999 -999
JTWC 19W PARMA     091013 1200 203N 1077E 290 021 0996 1007 0296 18 083 -999 -999 -999 -999
JTWC 19W PARMA     091013 1800 204N 1074E 290 021 0982 1007 0296 28 019 0093 0074 0093 0074
JTWC 19W PARMA     091014 0000 205N 1072E 290 015 0985 1007 0296 26 046 0111 0093 0093 0065
JTWC 19W PARMA     091014 0600 205N 1068E 285 015 0989 1007 0296 23 046 0111 0093 0093 0065
