JTWC 20W TWENTY    090929 1200 105N 1589E 295 077 1000 1007 0278 15 056 -999 -999 -999 -999
JTWC 20W MELOR     090929 1800 110N 1571E 300 067 0996 1007 0278 18 056 -999 -999 -999 -999
JTWC 20W MELOR     090930 0000 117N 1558E 310 062 0993 1007 0278 21 056 0093 0093 0074 0093
JTWC 20W MELOR     090930 0600 126N 1547E 310 067 0989 1007 0296 23 056 0093 0093 0074 0093
JTWC 20W MELOR     090930 1200 129N 1539E 300 062 0982 1007 0296 28 019 0093 0093 0074 0093
JTWC 20W MELOR     090930 1800 131N 1534E 300 046 0978 1009 0259 31 019 0148 0120 0120 0148
JTWC 20W MELOR     091001 0000 134N 1532E 300 031 0974 1009 0278 33 019 0157 0130 0130 0157
JTWC 20W MELOR     091001 0600 139N 1523E 305 031 0944 1009 0370 54 028 0185 0167 0167 0176
JTWC 20W MELOR     091001 1200 142N 1519E 305 036 0937 1009 0407 59 028 0324 0269 0287 0287
JTWC 20W MELOR     091001 1800 141N 1514E 285 031 0937 1009 0407 59 028 0398 0361 0343 0417
JTWC 20W MELOR     091002 0000 142N 1510E 285 021 0933 1009 0917 62 028 0398 0361 0343 0417
JTWC 20W MELOR     091002 0600 145N 1505E 285 026 0933 1009 0917 62 046 0398 0361 0343 0417
JTWC 20W MELOR     091002 1200 150N 1499E 300 031 0937 1009 0917 59 028 0398 0361 0343 0417
JTWC 20W MELOR     091002 1800 155N 1488E 300 041 0941 1009 0917 57 028 0398 0361 0343 0417
JTWC 20W MELOR     091003 0000 155N 1478E 290 046 0937 1009 0917 59 028 0389 0333 0324 0407
JTWC 20W MELOR     091003 0600 163N 1467E 295 057 0937 1009 0463 59 056 0296 0194 0167 0278
JTWC 20W MELOR     091003 1800 165N 1438E 285 067 0929 1009 0463 64 037 0287 0213 0204 0278
JTWC 20W MELOR     091004 0000 166N 1423E 275 072 0914 1009 0513 75 037 0343 0241 0222 0343
JTWC 20W MELOR     091004 0600 170N 1409E 280 072 0914 1008 0472 75 028 0343 0241 0241 0343
JTWC 20W MELOR     091004 1200 175N 1393E 285 077 0918 1008 0472 72 028 0222 0232 0222 0250
JTWC 20W MELOR     091004 1800 179N 1376E 285 082 0918 1008 0500 72 028 0259 0232 0222 0259
JTWC 20W MELOR     091005 0000 185N 1363E 290 077 0918 1008 0500 72 028 0296 0250 0241 0278
JTWC 20W MELOR     091005 0600 192N 1348E 290 077 0918 1006 0472 72 037 0269 0250 0241 0269
JTWC 20W MELOR     091005 1200 200N 1336E 300 072 0922 1006 0472 69 037 0269 0250 0232 0269
JTWC 20W MELOR     091005 1800 212N 1325E 310 077 0926 1006 0472 67 037 0269 0250 0232 0269
JTWC 20W MELOR     091006 0000 225N 1316E 320 077 0933 1006 0472 62 037 0269 0250 0232 0269
JTWC 20W MELOR     091006 0600 238N 1310E 330 077 0936 1006 0485 59 046 0324 0269 0259 0287
JTWC 20W MELOR     091006 1200 252N 1306E 335 077 0941 1006 0485 57 046 0324 0306 0269 0306
JTWC 20W MELOR     091006 1800 266N 1308E 350 072 0956 1006 0485 46 046 0352 0343 0306 0343
JTWC 20W MELOR     091007 0000 282N 1315E   5 077 0959 1006 0485 44 046 0352 0343 0306 0343
JTWC 20W MELOR     091007 0600 299N 1325E  20 088 0959 1004 0426 44 056 0370 0352 0306 0324
JTWC 20W MELOR     091007 1200 317N 1345E  30 103 0967 1004 0444 39 056 0352 0352 0278 0241
JTWC 20W MELOR     091007 1800 337N 1365E  35 118 0974 1003 0444 33 056 0352 0352 0278 0241
JTWC 20W MELOR     091008 0000 360N 1381E  35 134 0982 1003 0444 28 093 0352 0407 0278 0176
