JTWC 23W TWENTYTHR 091026 0600 127N 1499E 290 062 1000 1008 0278 15 065 -999 -999 -999 -999
JTWC 23W TWENTYTHR 091026 1200 132N 1484E 290 077 0996 1008 0278 18 065 -999 -999 -999 -999
JTWC 23W TWENTYTHR 091026 1800 136N 1469E 290 077 0996 1006 0306 18 065 -999 -999 -999 -999
JTWC 23W TWENTYTHR 091027 0000 141N 1454E 290 077 0996 1006 0306 18 065 -999 -999 -999 -999
JTWC 23W TWENTYTHR 091027 0600 148N 1437E 290 082 0993 1005 0287 21 046 0065 0074 0083 0083
JTWC 23W MIRINAE   091027 1200 156N 1422E 295 088 0989 1005 0287 23 037 0093 0083 0074 0093
JTWC 23W MIRINAE   091028 0000 162N 1385E 285 088 0967 1006 0315 39 028 0111 0093 0120 0120
JTWC 23W MIRINAE   091028 0600 162N 1369E 275 088 0959 1007 0315 44 028 0167 0120 0111 0185
JTWC 23W MIRINAE   091028 1200 163N 1354E 275 077 0959 1007 0343 44 028 0222 0120 0139 0222
JTWC 23W MIRINAE   091028 1800 163N 1337E 270 077 0959 1008 0380 44 028 0241 0120 0139 0241
JTWC 23W MIRINAE   091029 0000 161N 1322E 270 077 0956 1008 0380 46 028 0259 0139 0139 0241
JTWC 23W MIRINAE   091029 0600 158N 1306E 265 077 0956 1008 0380 46 028 0259 0139 0139 0241
JTWC 23W MIRINAE   091029 1200 157N 1294E 260 072 0956 1008 0380 46 028 0222 0185 0185 0241
JTWC 23W MIRINAE   091029 1800 152N 1279E 260 072 0956 1007 0380 46 028 0259 0185 0185 0259
JTWC 23W MIRINAE   091030 0000 153N 1256E 265 082 0956 1005 0352 46 028 0259 0185 0185 0259
JTWC 23W MIRINAE   091030 0600 149N 1246E 260 077 0959 1007 0574 44 028 0259 0185 0185 0259
JTWC 23W MIRINAE   091030 1200 147N 1233E 260 072 0959 1007 0574 44 028 0259 0204 0204 0259
JTWC 23W MIRINAE   091030 1800 143N 1217E 260 072 0982 1007 0407 28 028 0204 0157 0139 0222
JTWC 23W MIRINAE   091031 0000 141N 1202E 260 072 0985 1007 0361 26 028 0111 0120 0093 0167
JTWC 23W MIRINAE   091031 0600 143N 1190E 265 072 0982 1008 0398 28 056 0130 0102 0093 0139
JTWC 23W MIRINAE   091031 1200 143N 1178E 270 067 0985 1008 0398 26 065 0148 0111 0102 0148
JTWC 23W MIRINAE   091031 1800 141N 1162E 270 067 0989 1008 0398 23 065 0148 0111 0102 0148
JTWC 23W MIRINAE   091101 0000 139N 1154E 265 057 0993 1008 0398 21 065 0102 0102 0102 0102
JTWC 23W MIRINAE   091101 0600 137N 1142E 260 062 0993 1008 0152 21 046 0102 0093 0093 0102
JTWC 23W MIRINAE   091101 1200 138N 1136E 265 051 0985 1008 0361 26 065 0111 0102 0102 0111
JTWC 23W MIRINAE   091101 1800 138N 1122E 265 057 0985 1008 0361 26 065 0111 0102 0102 0111
JTWC 23W MIRINAE   091102 0000 134N 1108E 265 062 0989 1008 0361 23 065 0111 0102 0102 0111
JTWC 23W MIRINAE   091102 0600 129N 1097E 255 062 0978 1007 0269 31 046 0120 0111 0111 0120
JTWC 23W MIRINAE   091102 1200 127N 1085E 255 067 0989 1007 0269 23 046 -999 -999 -999 -999
