JTWC 24S TWENTY-FO 090324 0600 211S 0418E 155 036 1000 1008 0278 15 028 -999 -999 -999 -999
JTWC 24S IZILDA    090324 1800 223S 0418E 170 031 0996 1008 0407 18 065 0065 0065 0065 0065
JTWC 24S IZILDA    090325 0000 229S 0419E 175 031 0996 1010 0417 18 065 -999 -999 -999 -999
JTWC 24S IZILDA    090325 1200 236S 0423E 165 026 0993 1008 0278 21 028 0037 0037 0037 0037
JTWC 24S IZILDA    090325 1800 238S 0425E 160 021 0978 1009 0426 31 019 0083 0074 0074 0083
JTWC 24S IZILDA    090326 0000 237S 0428E 140 015 0974 1009 0398 33 037 0102 0083 0093 0102
JTWC 24S IZILDA    090326 0600 237S 0433E  95 015 0974 1009 0398 33 056 0130 0157 0167 0157
JTWC 24S IZILDA    090326 1200 240S 0428E 140 005 0982 1009 0398 28 065 0157 0148 0176 0148
JTWC 24S IZILDA    090326 1800 238S 0421E 255 005 0996 1008 0235 18 065 0139 0148 0157 0148
JTWC 24S IZILDA    090327 0000 237S 0418E 280 010 0996 1008 0306 18 102 -999 -999 -999 -999
