NHC  83C BTEST     090619 1200 193N 1478W 275 031 1010 1011 0278 10 000 -999 -999 -999 -999 -999 -999
NHC  83C BTEST     090619 1800 195N 1484W 280 031 1009 1011 0278 13 000 -999 -999 -999 -999 -999 -999
NHC  83C BTEST     090620 0000 196N 1491W 280 031 1005 1011 0334 18 046 0093 0065 0065 00939 -999 -999 -999
NHC  83C BTEST     090717 1200 102N 1388W 285 077 0979 1012 0241 41 019 0222 0167 0167 02222 0056 0056 0102
NHC  83C BTEST     090719 1800 118N 1496W 285 057 0926 1012 0241 72 028 0241 0241 0241 02413 0093 0093 0093
NHC  83C BTEST     090830 0600 173N 1398W 280 072 0973 1008 0222 44 000 0148 0111 0111 01484 0056 0056 0074
NHC  83C BTEST     090830 1200 173N 1413W 275 072 0973 1008 0222 46 000 0148 0111 0111 01484 0056 0056 0074
NHC  83C BTEST     090830 1800 173N 1429W 270 077 0970 1008 0222 46 000 0148 0111 0111 01484 0056 0056 0074
NHC  83C BTEST     090831 0000 176N 1444W 275 077 0976 1008 0222 46 000 0148 0111 0111 01484 0056 0056 0074
NHC  83C NEKI      091021 1200 166N 1664W 315 067 0975 1010 0445 46 046 0408 0297 0130 01671 0074 0056 0065
