NHC  90L INVEST    090518 1800 219N 0758W 360 057 1010 1012 0185 13 065 -999 -999 -999 -999 -999 -999
NHC  90L INVEST    090519 0000 224N 0760W 350 041 1010 1011 0167 13 065 -999 -999 -999 -999 -999 -999
NHC  90L INVEST    090522 1200 266N 0873W 360 021 1006 1011 0556 13 232 -999 -999 -999 -999 -999 -999
NHC  90L INVEST    090522 1800 271N 0873W 360 021 1006 1011 0463 13 278 -999 -999 -999 -999 -999 -999
NHC  90L INVEST    090523 0000 277N 0878W 345 031 1006 1010 0463 13 185 -999 -999 -999 -999 -999 -999
NHC  90L INVEST    090523 0600 286N 0884W 340 036 1004 1012 0463 15 111 -999 -999 -999 -999 -999 -999
NHC  90L INVEST    090523 1200 298N 0884W 360 057 1003 1010 0445 15 111 -999 -999 -999 -999 -999 -999
NHC  90L INVEST    090813 0600 115N 0220W 280 046 1009 1010 0222 13 037 -999 -999 -999 -999 -999 -999
NHC  90L INVEST    090813 1200 116N 0225W 280 036 1009 1012 0222 13 111 -999 -999 -999 -999 -999 -999
NHC  90L INVEST    090813 1800 117N 0233W 280 036 1009 1012 0334 13 111 -999 -999 -999 -999 -999 -999
NHC  90L INVEST    090814 0000 115N 0240W 270 036 1009 1012 0334 13 111 -999 -999 -999 -999 -999 -999
NHC  90L INVEST    090814 0600 117N 0250W 275 041 1008 1012 0371 13 111 -999 -999 -999 -999 -999 -999
NHC  90L INVEST    090814 1200 121N 0265W 280 067 1008 1012 0371 13 111 -999 -999 -999 -999 -999 -999
NHC  90L INVEST    090814 1800 125N 0288W 280 072 1007 1011 0371 13 139 -999 -999 -999 -999 -999 -999
NHC  90L INVEST    090815 0000 125N 0305W 270 082 1007 1011 0371 13 139 -999 -999 -999 -999 -999 -999
NHC  90L INVEST    090815 0600 124N 0320W 270 088 1007 1011 0371 15 139 -999 -999 -999 -999 -999 -999
NHC  90L INVEST    090815 1200 115N 0333W 265 088 1006 1011 0371 15 083 -999 -999 -999 -999 -999 -999
NHC  90L INVEST    091001 1200 377N 0290W 035 057 0995 1008 0649 21 000 0056 0074 0074 00569 -999 -999 -999
NHC  90L INVEST    091001 1800 386N 0285W 025 051 0984 1008 0649 23 000 0056 0074 0074 00569 -999 -999 -999
NHC  90L INVEST    091002 0000 393N 0288W 020 041 0984 1008 0649 23 000 0056 0074 0074 00569 -999 -999 -999
NHC  90L INVEST    091005 0000 402N 0213W 075 113 0992 1000 0324 21 028 0056 0083 0083 00569 -999 -999 -999
