JTWC 90W INVEST    090618 0000 205N 1249E   5 057 1004 1008 0278 08 083 -999 -999 -999 -999
JTWC 90W INVEST    090618 0600 184N 1240E 345 031 1010 1011 0278 08 083 -999 -999 -999 -999
JTWC 90W INVEST    090618 1200 194N 1242E 355 036 1010 1011 0278 08 083 -999 -999 -999 -999
JTWC 90W INVEST    090709 0600 074N 1505E 290 057 1010 1011 0278 08 093 -999 -999 -999 -999
JTWC 90W INVEST    090709 1200 077N 1499E 300 051 1005 1006 0157 08 148 -999 -999 -999 -999
JTWC 90W INVEST    090709 1800 075N 1495E 295 036 1006 1008 0222 08 102 -999 -999 -999 -999
JTWC 90W INVEST    090710 0000 077N 1491E 290 026 1007 1009 0232 10 093 -999 -999 -999 -999
JTWC 90W INVEST    090710 0600 080N 1485E 290 026 1007 1009 0370 10 093 -999 -999 -999 -999
JTWC 90W INVEST    090726 1200 187N 1490E 290 021 1011 1012 0324 08 120 -999 -999 -999 -999
JTWC 90W INVEST    090727 0600 201N 1435E 300 062 1004 1006 0324 08 120 -999 -999 -999 -999
JTWC 90W INVEST    090727 1200 204N 1422E 295 067 1005 1008 0324 08 111 -999 -999 -999 -999
JTWC 90W INVEST    090806 1800 192N 1396E 285 041 1008 1013 0278 08 074 -999 -999 -999 -999
JTWC 90W INVEST    090807 0000 194N 1405E 315 015 1000 1004 0296 10 074 -999 -999 -999 -999
JTWC 90W INVEST    090807 1200 216N 1415E  15 046 1007 1017 0296 10 074 -999 -999 -999 -999
JTWC 90W INVEST    090807 1800 217N 1413E  20 041 1002 1005 0296 10 074 -999 -999 -999 -999
JTWC 90W INVEST    090808 0000 237N 1399E 340 062 1000 1004 0352 15 046 -999 -999 -999 -999
JTWC 90W INVEST    090827 0600 207N 1489E 300 031 1004 1007 0296 08 028 -999 -999 -999 -999
JTWC 90W INVEST    090827 1200 205N 1487E 310 031 1004 1007 0296 08 028 -999 -999 -999 -999
JTWC 90W INVEST    090827 1800 211N 1482E 325 036 1005 1007 0296 10 028 -999 -999 -999 -999
JTWC 90W INVEST    090828 0000 220N 1484E 345 041 1000 1007 0333 15 046 -999 -999 -999 -999
JTWC 90W INVEST    090909 0000 170N 1191E 315 005 1000 1006 0278 10 046 -999 -999 -999 -999
JTWC 90W INVEST    090909 0600 179N 1185E 345 036 0999 1005 0296 13 046 -999 -999 -999 -999
JTWC 90W INVEST    090928 1800 069N 1638E 310 067 1004 1008 0278 10 037 -999 -999 -999 -999
JTWC 90W INVEST    090929 0000 093N 1616E 315 077 1005 1008 0278 10 037 -999 -999 -999 -999
JTWC 90W INVEST    090929 0600 103N 1595E 305 088 1004 1007 0278 13 074 -999 -999 -999 -999
JTWC 90W INVEST    091208 0000 111N 1282E 250 057 1005 1008 0278 10 028 -999 -999 -999 -999
JTWC 90W INVEST    091208 0600 103N 1285E 235 041 1006 1008 0278 10 083 -999 -999 -999 -999
JTWC 90W INVEST    091208 1200 095N 1281E 225 041 1006 1008 0278 10 083 -999 -999 -999 -999
JTWC 90W INVEST    091208 1800 089N 1259E 240 067 1007 1008 0278 10 083 -999 -999 -999 -999
