JTWC 91W INVEST    090711 0600 084N 1400E 285 072 1006 1007 0278 10 046 -999 -999 -999 -999
JTWC 91W INVEST    090711 1200 084N 1386E 280 072 1006 1007 0278 10 046 -999 -999 -999 -999
JTWC 91W INVEST    090713 1800 080N 1322E 280 057 1005 1007 0370 10 046 -999 -999 -999 -999
JTWC 91W INVEST    090714 0000 080N 1316E 280 046 1004 1006 0361 10 046 -999 -999 -999 -999
JTWC 91W INVEST    090714 0600 090N 1300E 290 062 1009 1010 0278 10 028 -999 -999 -999 -999
JTWC 91W INVEST    090714 1200 099N 1303E 320 046 1010 1011 0278 10 028 -999 -999 -999 -999
JTWC 91W INVEST    090714 1800 106N 1308E 335 046 1004 1006 0324 10 056 -999 -999 -999 -999
JTWC 91W INVEST    090715 0000 124N 1298E 325 072 1004 1006 0306 10 056 -999 -999 -999 -999
JTWC 91W INVEST    090726 1200 145N 1580E 285 031 1010 1011 0259 08 028 -999 -999 -999 -999
JTWC 91W INVEST    090811 0000 107N 1335E 290 046 1007 1014 0278 08 056 -999 -999 -999 -999
JTWC 91W INVEST    090811 0600 115N 1318E 295 062 1007 1010 0296 08 056 -999 -999 -999 -999
JTWC 91W INVEST    090811 1200 120N 1301E 290 082 1007 1010 0296 08 056 -999 -999 -999 -999
JTWC 91W INVEST    090811 1800 128N 1295E 295 072 1009 1014 0296 08 056 -999 -999 -999 -999
JTWC 91W INVEST    090812 0000 143N 1288E 315 067 1007 1012 0278 08 037 -999 -999 -999 -999
JTWC 91W INVEST    090812 0600 150N 1288E 335 051 1007 1009 0278 08 037 -999 -999 -999 -999
JTWC 91W INVEST    090812 1200 157N 1283E 340 051 1007 1010 0278 08 037 -999 -999 -999 -999
JTWC 91W INVEST    090812 1800 163N 1272E 325 046 1008 1010 0278 08 037 -999 -999 -999 -999
JTWC 91W INVEST    090813 0000 171N 1261E 310 057 1008 1010 0278 08 037 -999 -999 -999 -999
JTWC 91W INVEST    090813 0600 181N 1255E 310 062 1008 1010 0333 08 111 -999 -999 -999 -999
JTWC 91W INVEST    090813 1800 191N 1236E 310 051 1008 1010 0333 08 111 -999 -999 -999 -999
JTWC 91W INVEST    090910 0000 106N 1410E 285 041 1006 1007 0241 08 083 -999 -999 -999 -999
JTWC 91W INVEST    090910 0600 113N 1358E 275 051 1006 1007 0241 08 083 -999 -999 -999 -999
JTWC 91W INVEST    090910 1200 113N 1350E 270 046 1006 1007 0278 08 083 -999 -999 -999 -999
JTWC 91W INVEST    090911 0600 131N 1287E 285 088 1006 1008 0278 10 083 -999 -999 -999 -999
JTWC 91W INVEST    090911 1200 134N 1274E 280 077 1006 1008 0287 10 083 -999 -999 -999 -999
JTWC 91W INVEST    090911 1800 143N 1263E 290 072 1004 1008 0287 10 083 -999 -999 -999 -999
JTWC 91W INVEST    090912 0000 161N 1259E 300 077 1004 1008 0315 10 083 -999 -999 -999 -999
JTWC 91W INVEST    090912 0600 168N 1235E 295 093 1007 1008 0315 10 083 -999 -999 -999 -999
JTWC 91W INVEST    090912 1200 179N 1228E 300 088 1007 1008 0315 10 083 -999 -999 -999 -999
JTWC 91W INVEST    090912 1800 196N 1227E 320 077 1005 1008 0343 10 083 -999 -999 -999 -999
JTWC 91W INVEST    090913 0000 201N 1212E 310 077 1000 1007 0352 15 065 -999 -999 -999 -999
JTWC 91W INVEST    091118 1800 044N 1538E 270 015 1010 1011 0278 08 093 -999 -999 -999 -999
JTWC 91W INVEST    091119 0000 045N 1535E 275 015 1010 1011 0278 08 093 -999 -999 -999 -999
JTWC 91W INVEST    091216 0600 066N 1792E 285 021 1010 1011 0241 08 083 -999 -999 -999 -999
JTWC 91W INVEST    091216 1200 072N 1783E 295 031 1010 1011 0241 08 093 -999 -999 -999 -999
