JTWC 92P INVEST    090131 1800 168S 1476E 170 015 0995 1002 0278 13 093 -999 -999 -999 -999
JTWC 92P INVEST    090317 0000 130S 1200E 250 077 1004 1007 0324 13 056 -999 -999 -999 -999
JTWC 92P INVEST    090317 1800 135S 1150E 265 082 1000 1007 0278 15 102 -999 -999 -999 -999
JTWC 92P INVEST    090318 0000 137S 1133E 260 088 0996 1007 0296 18 074 -999 -999 -999 -999
JTWC 92P INVEST    091210 1200 108S 1327E 255 026 1010 1011 0278 08 074 -999 -999 -999 -999
JTWC 92P INVEST    091210 1800 109S 1322E 260 021 1007 1011 0278 10 074 -999 -999 -999 -999
JTWC 92P INVEST    091211 0000 112S 1325E 235 010 1007 1008 0241 10 074 -999 -999 -999 -999
JTWC 92P INVEST    091211 0600 118S 1322E 215 021 1007 1008 0278 10 028 -999 -999 -999 -999
JTWC 92P INVEST    091211 1200 123S 1311E 230 036 1007 1008 0278 08 083 -999 -999 -999 -999
JTWC 92P INVEST    091211 1800 125S 1310E 230 036 1004 1008 0278 13 083 -999 -999 -999 -999
JTWC 92P INVEST    091212 0000 125S 1309E 240 026 1002 1008 0278 13 083 -999 -999 -999 -999
JTWC 92P INVEST    091212 0600 131S 1304E 230 026 1002 1006 0278 13 083 -999 -999 -999 -999
JTWC 92P INVEST    091212 1200 133S 1299E 235 026 1004 1006 0278 13 083 -999 -999 -999 -999
JTWC 92P INVEST    091212 1800 133S 1293E 250 026 1004 1006 0306 13 083 -999 -999 -999 -999
JTWC 92P INVEST    091213 0000 134S 1285E 260 031 1004 1006 0306 13 083 -999 -999 -999 -999
JTWC 92P INVEST    091213 0600 128S 1281E 285 031 1000 1006 0306 15 083 -999 -999 -999 -999
