JTWC 93S INVEST    090118 1200 166S 0512E 250 046 1000 1009 0269 15 074 -999 -999 -999 -999
JTWC 93S INVEST    090201 0000 152S 0698E 240 021 1004 1008 0278 13 083 -999 -999 -999 -999
JTWC 93S INVEST    090201 1200 150S 0705E  70 005 1004 1008 0278 13 083 -999 -999 -999 -999
JTWC 93S INVEST    090201 1800 153S 0696E 245 010 1004 1007 0306 13 083 -999 -999 -999 -999
JTWC 93S INVEST    090202 0000 156S 0691E 240 021 1004 1007 0306 13 083 -999 -999 -999 -999
JTWC 93S INVEST    090202 0600 151S 0677E 270 036 1004 1007 0306 13 083 -999 -999 -999 -999
JTWC 93S INVEST    090202 1200 158S 0669E 260 046 1004 1007 0306 13 083 -999 -999 -999 -999
JTWC 93S INVEST    090202 1800 160S 0664E 250 041 0996 1008 0463 18 083 -999 -999 -999 -999
JTWC 93S INVEST    091212 1200 075S 0848E 225 031 1004 1008 0278 13 083 -999 -999 -999 -999
JTWC 93S INVEST    091212 1800 082S 0845E 210 031 1004 1008 0278 13 083 -999 -999 -999 -999
JTWC 93S INVEST    091213 0600 104S 0838E 200 051 0996 1008 0278 18 083 -999 -999 -999 -999
