JTWC 93W INVEST    090422 1800 036N 1436E 295 026 1008 1009 0278 10 046 -999 -999 -999 -999
JTWC 93W INVEST    090423 0000 038N 1422E 285 041 1007 1009 0278 10 046 -999 -999 -999 -999
JTWC 93W INVEST    090730 0600 136N 1369E 295 051 1008 1011 0278 08 074 -999 -999 -999 -999
JTWC 93W INVEST    090730 1800 156N 1347E 315 067 1002 1004 0370 08 102 -999 -999 -999 -999
JTWC 93W INVEST    090731 0600 151N 1319E 275 067 1007 1008 0370 08 083 -999 -999 -999 -999
JTWC 93W INVEST    090731 1200 153N 1304E 280 067 1007 1010 0370 10 083 -999 -999 -999 -999
JTWC 93W INVEST    090731 1800 159N 1280E 280 082 0998 1001 0370 10 083 -999 -999 -999 -999
JTWC 93W INVEST    090801 0000 160N 1259E 280 093 0996 1000 0370 10 083 -999 -999 -999 -999
JTWC 93W INVEST    090801 0600 163N 1238E 280 098 0996 1003 0370 10 083 -999 -999 -999 -999
JTWC 93W INVEST    090801 1200 164N 1226E 275 088 0996 1005 0370 10 083 -999 -999 -999 -999
JTWC 93W INVEST    090801 1800 177N 1208E 285 093 0995 1000 0370 10 083 -999 -999 -999 -999
JTWC 93W INVEST    090802 0000 180N 1192E 285 082 0994  999 0352 10 074 -999 -999 -999 -999
JTWC 93W INVEST    090802 0600 175N 1171E 275 088 0996 1001 0352 10 074 -999 -999 -999 -999
JTWC 93W INVEST    090802 1200 179N 1162E 275 072 0996 1003 0352 10 074 -999 -999 -999 -999
JTWC 93W INVEST    090802 1800 180N 1164E 285 041 0992  998 0352 10 074 -999 -999 -999 -999
JTWC 93W INVEST    090813 0000 096N 1436E 270 046 1007 1010 0296 08 046 -999 -999 -999 -999
JTWC 93W INVEST    090813 0600 094N 1420E 265 062 1010 1012 0315 08 111 -999 -999 -999 -999
JTWC 93W INVEST    090813 1200 093N 1402E 265 077 1009 1011 0315 08 111 -999 -999 -999 -999
JTWC 93W INVEST    090813 1800 091N 1388E 265 082 1009 1011 0315 08 111 -999 -999 -999 -999
JTWC 93W INVEST    090814 0000 090N 1378E 265 072 1009 1011 0315 08 111 -999 -999 -999 -999
JTWC 93W INVEST    090830 0600 170N 1357E 305 010 1006 1007 0463 10 037 -999 -999 -999 -999
JTWC 93W INVEST    090830 1200 175N 1352E 315 021 1005 1007 0278 10 037 -999 -999 -999 -999
JTWC 93W INVEST    090831 0000 176N 1365E  50 015 1007 1008 0278 10 028 -999 -999 -999 -999
JTWC 93W INVEST    090831 0600 170N 1363E 120 015 1004 1005 0370 10 037 -999 -999 -999 -999
JTWC 93W INVEST    090902 0600 175N 1326E 265 041 1003 1006 0370 10 037 -999 -999 -999 -999
JTWC 93W INVEST    090902 1200 176N 1325E 265 031 1000 1006 0370 10 037 -999 -999 -999 -999
JTWC 93W INVEST    090902 1800 175N 1318E 265 036 0999 1000 0370 10 046 -999 -999 -999 -999
JTWC 93W INVEST    090903 0000 177N 1297E 270 057 0998 1000 0370 10 046 -999 -999 -999 -999
JTWC 93W INVEST    090903 0600 177N 1293E 275 051 0998 1002 0463 10 046 -999 -999 -999 -999
JTWC 93W INVEST    090903 1200 170N 1284E 255 046 0996 1002 0463 13 046 -999 -999 -999 -999
JTWC 93W INVEST    090911 1200 133N 1552E 265 015 1008 1009 0278 08 083 -999 -999 -999 -999
JTWC 93W INVEST    090911 1800 134N 1544E 270 026 1008 1009 0278 08 083 -999 -999 -999 -999
JTWC 93W INVEST    090912 0000 143N 1533E 295 041 1007 1009 0296 10 083 -999 -999 -999 -999
JTWC 93W INVEST    091015 1800 144N 1133E 275 072 1008 1011 0278 08 028 -999 -999 -999 -999
JTWC 93W INVEST    091016 0000 149N 1116E 280 072 1010 1011 0278 08 028 -999 -999 -999 -999
JTWC 93W INVEST    091016 0600 145N 1131E 275 036 1006 1010 0417 08 028 -999 -999 -999 -999
JTWC 93W INVEST    091016 1200 146N 1116E 275 051 1006 1010 0417 10 056 -999 -999 -999 -999
JTWC 93W INVEST    091016 1800 144N 1115E 270 041 1007 1010 0389 10 083 -999 -999 -999 -999
JTWC 93W INVEST    091017 0000 130N 1119E 270 031 1005 1010 0407 10 083 -999 -999 -999 -999
JTWC 93W INVEST    091017 0600 142N 1119E  20 015 1005 1010 0407 10 065 -999 -999 -999 -999
JTWC 93W INVEST    091017 1200 147N 1116E  20 031 1005 1010 0407 10 065 -999 -999 -999 -999
JTWC 93W INVEST    091017 1800 153N 1117E 355 041 1007 1010 0370 10 102 -999 -999 -999 -999
JTWC 93W INVEST    091018 0000 156N 1112E 330 031 1007 1010 0370 10 102 -999 -999 -999 -999
JTWC 93W INVEST    091018 0600 157N 1106E 305 031 1007 1010 0370 10 102 -999 -999 -999 -999
JTWC 93W INVEST    091018 1200 157N 1105E 290 021 1005 1010 0370 10 083 -999 -999 -999 -999
JTWC 93W INVEST    091018 1800 157N 1104E 280 015 1007 1010 0370 10 083 -999 -999 -999 -999
JTWC 93W INVEST    091019 0000 166N 1103E 320 021 1007 1010 0370 10 083 -999 -999 -999 -999
