JTWC 94S INVEST    090103 1200 213S 0359E 315 010 1004 1008 0278 13 074 -999 -999 -999 -999
JTWC 94S INVEST    090103 1800 220S 0363E 165 010 1004 1008 0278 13 065 -999 -999 -999 -999
JTWC 94S INVEST    090104 0000 220S 0366E 125 010 1004 1009 0269 13 065 -999 -999 -999 -999
JTWC 94S INVEST    090104 0600 213S 0355E 285 005 1006 1009 0269 13 065 -999 -999 -999 -999
JTWC 94S INVEST    090104 1200 208S 0357E 350 010 1004 1009 0269 13 065 -999 -999 -999 -999
JTWC 94S INVEST    090104 1800 202S 0357E   5 021 1007 1009 0269 10 074 -999 -999 -999 -999
JTWC 94S INVEST    090221 1800 145S 0777E 150 036 0996 1008 0398 18 065 -999 -999 -999 -999
JTWC 94S INVEST    090417 1800 135S 0821E 135 041 1007 1008 0324 10 093 -999 -999 -999 -999
JTWC 94S INVEST    090418 0000 141S 0825E 140 041 1007 1008 0324 10 093 -999 -999 -999 -999
JTWC 94S INVEST    090418 0600 127S 0817E 115 021 1010 1011 0296 08 093 -999 -999 -999 -999
JTWC 94S INVEST    090418 1200 131S 0825E 105 031 1010 1011 0296 08 093 -999 -999 -999 -999
