JTWC 95W INVEST    090428 1800 079N 1384E 310 010 1010 1011 0213 08 083 -999 -999 -999 -999
JTWC 95W INVEST    090429 0000 087N 1377E 320 026 1010 1011 0213 08 083 -999 -999 -999 -999
JTWC 95W INVEST    090429 0600 110N 1368E 335 062 1007 1010 0509 10 102 -999 -999 -999 -999
JTWC 95W INVEST    090429 1200 116N 1376E 350 067 1007 1010 0380 10 065 -999 -999 -999 -999
JTWC 95W INVEST    090429 1800 134N 1385E  10 077 1007 1010 0380 10 065 -999 -999 -999 -999
JTWC 95W INVEST    090430 0000 139N 1377E   5 057 1007 1010 0380 10 065 -999 -999 -999 -999
JTWC 95W INVEST    090430 0600 136N 1365E 330 041 1007 1010 0380 10 065 -999 -999 -999 -999
JTWC 95W INVEST    090430 1200 134N 1361E 295 031 1007 1010 0380 10 065 -999 -999 -999 -999
JTWC 95W INVEST    090430 1800 138N 1358E 290 026 1005 1008 0333 10 074 -999 -999 -999 -999
JTWC 95W INVEST    090501 0000 140N 1377E  65 021 1005 1008 0333 10 074 -999 -999 -999 -999
JTWC 95W INVEST    090501 0600 154N 1383E  40 036 1007 1008 0333 08 074 -999 -999 -999 -999
JTWC 95W INVEST    090501 1200 158N 1387E  40 036 1006 1011 0333 10 083 -999 -999 -999 -999
JTWC 95W INVEST    090501 1800 166N 1390E  30 041 1007 1011 0333 10 083 -999 -999 -999 -999
JTWC 95W INVEST    090502 0000 166N 1388E  25 036 1004 1011 0333 10 083 -999 -999 -999 -999
JTWC 95W INVEST    090502 0600 174N 1394E  30 041 1005 1008 0444 10 102 -999 -999 -999 -999
JTWC 95W INVEST    090502 1200 171N 1394E  35 026 1007 1008 0444 10 102 -999 -999 -999 -999
JTWC 95W INVEST    090502 1800 174N 1397E  35 026 1007 1008 0444 10 102 -999 -999 -999 -999
JTWC 95W INVEST    090902 0600 162N 1123E 280 046 1005 1008 0278 10 065 -999 -999 -999 -999
JTWC 95W INVEST    090902 1200 162N 1110E 275 057 1004 1008 0296 10 065 -999 -999 -999 -999
JTWC 95W INVEST    090902 1800 162N 1113E 270 041 1002 1003 0333 10 065 -999 -999 -999 -999
JTWC 95W INVEST    090903 0000 165N 1100E 275 041 1002 1003 0333 10 065 -999 -999 -999 -999
JTWC 95W INVEST    090903 0600 154N 1105E 240 026 1002 1003 0296 10 065 -999 -999 -999 -999
JTWC 95W INVEST    090903 1200 153N 1101E 230 026 1000 1003 0324 10 065 -999 -999 -999 -999
JTWC 95W INVEST    090903 1800 154N 1099E 235 010 1000 1003 0324 10 065 -999 -999 -999 -999
JTWC 95W INVEST    090904 0000 157N 1094E 280 015 1001 1003 0324 10 065 -999 -999 -999 -999
JTWC 95W INVEST    091024 1200 103N 1588E 295 057 1005 1011 0278 08 028 -999 -999 -999 -999
JTWC 95W INVEST    091024 1800 113N 1575E 300 062 1005 1008 0278 08 056 -999 -999 -999 -999
JTWC 95W INVEST    091025 0000 113N 1551E 290 082 1006 1008 0278 08 056 -999 -999 -999 -999
JTWC 95W INVEST    091025 0600 114N 1538E 285 088 1010 1011 0278 08 056 -999 -999 -999 -999
JTWC 95W INVEST    091025 1200 114N 1531E 275 072 1010 1011 0278 08 056 -999 -999 -999 -999
JTWC 95W INVEST    091025 1800 123N 1529E 295 041 1004 1008 0278 10 056 -999 -999 -999 -999
JTWC 95W INVEST    091026 0000 122N 1513E 290 046 1002 1008 0278 13 065 -999 -999 -999 -999
