NHC  96E INVEST    090713 1200 105N 1075W 270 072 1008 1009 0278 13 093 -999 -999 -999 -999 -999 -999
NHC  96E INVEST    090713 1800 120N 1090W 280 067 1008 1009 0371 13 185 -999 -999 -999 -999 -999 -999
NHC  96E INVEST    090714 0000 126N 1101W 295 077 1008 1009 0371 13 185 -999 -999 -999 -999 -999 -999
NHC  96E INVEST    090714 0600 126N 1106W 290 057 1008 1010 0334 13 139 -999 -999 -999 -999 -999 -999
NHC  96E INVEST    090714 1200 123N 1124W 285 057 1008 1010 0334 13 139 -999 -999 -999 -999 -999 -999
NHC  96E INVEST    090714 1800 130N 1128W 295 046 1008 1010 0371 13 139 -999 -999 -999 -999 -999 -999
NHC  96E INVEST    090715 0000 135N 1135W 300 046 1006 1010 0371 15 167 -999 -999 -999 -999 -999 -999
NHC  96E INVEST    090904 0600 119N 1134W 275 041 1010 1012 0278 10 139 -999 -999 -999 -999 -999 -999
NHC  96E INVEST    090904 1200 121N 1141W 275 041 1010 1011 0278 10 139 -999 -999 -999 -999 -999 -999
NHC  96E INVEST    090905 1200 146N 1184W 305 072 1010 1011 0324 10 139 -999 -999 -999 -999 -999 -999
NHC  96E INVEST    090905 1800 143N 1193W 295 072 1009 1011 0324 13 139 -999 -999 -999 -999 -999 -999
NHC  96E INVEST    090906 0000 146N 1215W 290 082 1009 1011 0324 13 139 -999 -999 -999 -999 -999 -999
NHC  96E INVEST    090906 1200 146N 1232W 275 046 1008 1011 0334 13 093 -999 -999 -999 -999 -999 -999
NHC  96E INVEST    090906 1800 148N 1239W 280 041 1008 1011 0334 13 111 -999 -999 -999 -999 -999 -999
NHC  96E INVEST    090907 0000 152N 1246W 285 036 1008 1011 0278 13 083 -999 -999 -999 -999 -999 -999
NHC  96E INVEST    090907 0600 154N 1253W 290 036 1006 1011 0278 15 074 -999 -999 -999 -999 -999 -999
NHC  96E INVEST    091104 1200 111N 0912W 305 010 1007 1011 0278 13 083 -999 -999 -999 -999 -999 -999
NHC  96E INVEST    091104 1800 104N 0918W 275 021 1008 1011 0278 10 083 -999 -999 -999 -999 -999 -999
NHC  96E INVEST    091105 0000 120N 0924W 325 036 1008 1011 0278 13 083 -999 -999 -999 -999 -999 -999
NHC  96E INVEST    091105 0600 108N 0927W 290 021 1008 1011 0278 13 083 -999 -999 -999 -999 -999 -999
NHC  96E INVEST    091105 1200 108N 0925W 360 000 1008 1011 0278 13 083 -999 -999 -999 -999 -999 -999
NHC  96E INVEST    091105 1800 108N 0926W 360 000 1008 1012 0278 13 083 -999 -999 -999 -999 -999 -999
NHC  96E INVEST    091106 0000 110N 0923W 065 005 1008 1012 0278 13 083 -999 -999 -999 -999 -999 -999
NHC  96E INVEST    091106 0600 111N 0921W 060 010 1008 1010 0232 13 083 -999 -999 -999 -999 -999 -999
NHC  96E INVEST    091106 1200 114N 0919W 050 015 1007 1010 0278 15 185 -999 -999 -999 -999 -999 -999
NHC  96E INVEST    091106 1800 116N 0917W 045 015 1007 1010 0278 15 185 -999 -999 -999 -999 -999 -999
NHC  96E INVEST    091107 0000 120N 0914W 035 021 1006 1008 0232 15 074 -999 -999 -999 -999 -999 -999
NHC  96E INVEST    091107 0600 123N 0911W 040 021 1005 1008 0213 15 074 -999 -999 -999 -999 -999 -999
NHC  96E INVEST    091107 1200 127N 0908W 040 026 1006 1008 0213 15 074 -999 -999 -999 -999 -999 -999
