NHC  96L INVEST    090906 1800 125N 0180W 270 093 1007 1009 0334 13 111 -999 -999 -999 -999 -999 -999
NHC  96L INVEST    090907 0000 126N 0196W 270 093 1007 1011 0417 13 111 -999 -999 -999 -999 -999 -999
NHC  96L INVEST    090907 0600 129N 0214W 275 093 1007 1010 0334 13 111 -999 -999 -999 -999 -999 -999
NHC  96L INVEST    090907 1200 120N 0219W 275 062 1007 1010 0352 13 111 -999 -999 -999 -999 -999 -999
NHC  96L INVEST    090907 1800 124N 0239W 280 077 1005 1009 0315 15 111 -999 -999 -999 -999 -999 -999
NHC  96L INVEST    091101 1200 316N 0531W 300 082 0998 1010 0445 23 185 0556 0371 0185 05569 -999 -999 -999
NHC  96L INVEST    091101 1800 327N 0554W 300 098 0998 1011 0445 26 093 0445 0334 0185 05563 -999 -999 -999
NHC  96L INVEST    091102 0000 331N 0567W 295 062 0998 1011 0371 26 093 0445 0334 0185 05563 -999 -999 -999
NHC  96L INVEST    091102 0600 340N 0580W 305 067 0999 1012 0371 23 093 0445 0306 0222 03899 -999 -999 -999
NHC  96L INVEST    091102 1200 341N 0587W 300 051 1001 1012 0371 23 093 0371 0371 0222 02789 -999 -999 -999
NHC  96L INVEST    091102 1800 347N 0591W 320 046 1001 1016 0556 21 093 0324 0324 0139 -999 -999 -999
NHC  96L INVEST    091103 1200 369N 0584W 015 041 1002 1016 0556 21 093 0167 0250 -999 -999 -999 -999
