JTWC 97W INVEST    090502 0600 109N 1124E  90 010 1007 1008 0361 10 130 -999 -999 -999 -999
JTWC 97W INVEST    090502 1200 106N 1120E  90 005 1007 1009 0296 10 130 -999 -999 -999 -999
JTWC 97W INVEST    090502 1800 104N 1107E 255 015 1007 1009 0296 10 130 -999 -999 -999 -999
JTWC 97W INVEST    090503 0000 096N 1106E 220 021 1005 1009 0296 10 130 -999 -999 -999 -999
JTWC 97W INVEST    090503 0600 097N 1115E 140 015 1007 1009 0324 10 111 -999 -999 -999 -999
JTWC 97W INVEST    090503 1200 098N 1117E 110 010 1000 1005 0259 15 093 -999 -999 -999 -999
JTWC 97W INVEST    090924 0000 271N 1406E 345 026 1006 1010 0296 10 037 -999 -999 -999 -999
JTWC 97W INVEST    090924 0600 277N 1408E 355 031 1007 1010 0343 10 065 -999 -999 -999 -999
JTWC 97W INVEST    090924 1200 285N 1402E 340 031 1006 1010 0343 10 065 -999 -999 -999 -999
JTWC 97W INVEST    090924 1800 282N 1398E 325 021 1007 1010 0343 10 065 -999 -999 -999 -999
JTWC 97W INVEST    091101 0000 160N 1312E 305 021 1007 1008 0278 10 046 -999 -999 -999 -999
JTWC 97W INVEST    091101 0600 160N 1298E 285 041 1007 1010 0333 10 065 -999 -999 -999 -999
JTWC 97W INVEST    091101 1200 162N 1282E 285 062 1007 1010 0333 10 065 -999 -999 -999 -999
JTWC 97W INVEST    091101 1800 178N 1263E 290 088 1007 1010 0333 10 065 -999 -999 -999 -999
JTWC 97W INVEST    091102 0000 180N 1253E 295 072 1007 1010 0333 10 065 -999 -999 -999 -999
JTWC 97W INVEST    091102 0600 176N 1248E 280 051 1007 1011 0287 10 111 -999 -999 -999 -999
JTWC 97W INVEST    091102 1200 167N 1242E 255 046 1007 1011 0287 10 111 -999 -999 -999 -999
JTWC 97W INVEST    091102 1800 166N 1240E 240 036 1005 1011 0278 13 074 -999 -999 -999 -999
JTWC 97W INVEST    091204 1800 226N 1424E  20 051 1004 1007 0426 10 074 -999 -999 -999 -999
JTWC 97W INVEST    091205 0000 234N 1446E  50 067 0996 1007 0463 18 056 -999 -999 -999 -999
