NHC  98E INVEST    090803 1200 129N 1115W 280 062 1009 1010 0278 13 056 -999 -999 -999 -999 -999 -999
NHC  98E INVEST    090803 1800 129N 1120W 275 062 1006 1010 0278 15 056 -999 -999 -999 -999 -999 -999
NHC  98E INVEST    090917 1200 167N 1017W 360 000 1008 1010 0278 10 074 -999 -999 -999 -999 -999 -999
NHC  98E INVEST    090917 1800 162N 1022W 270 015 1008 1010 0278 10 074 -999 -999 -999 -999 -999 -999
NHC  98E INVEST    090918 0000 165N 1033W 280 031 1007 1009 0278 10 074 -999 -999 -999 -999 -999 -999
NHC  98E INVEST    090918 0600 166N 1040W 275 031 1007 1009 0278 10 074 -999 -999 -999 -999 -999 -999
NHC  98E INVEST    090918 1200 171N 1057W 285 062 1007 1009 0278 13 074 -999 -999 -999 -999 -999 -999
NHC  98E INVEST    090918 1800 176N 1064W 290 057 1007 1009 0278 13 056 -999 -999 -999 -999 -999 -999
NHC  98E INVEST    090919 0000 184N 1074W 305 057 1006 1009 0278 13 056 -999 -999 -999 -999 -999 -999
NHC  98E INVEST    090919 0600 194N 1078W 315 051 1006 1009 0278 13 056 -999 -999 -999 -999 -999 -999
NHC  98E INVEST    090919 1200 199N 1085W 320 051 1006 1009 0278 13 056 -999 -999 -999 -999 -999 -999
NHC  98E INVEST    090919 1800 205N 1101W 310 057 1006 1009 0278 13 056 -999 -999 -999 -999 -999 -999
NHC  98E INVEST    090920 0000 213N 1111W 310 062 1006 1009 0232 13 056 -999 -999 -999 -999 -999 -999
NHC  98E INVEST    090920 1200 217N 1126W 285 046 1006 1009 0232 13 056 -999 -999 -999 -999 -999 -999
NHC  98E INVEST    090920 1800 215N 1130W 250 036 1008 1010 0232 13 056 -999 -999 -999 -999 -999 -999
