NHC  98L INVEST    090723 1200 355N 0743W 005 077 1009 1014 0222 13 111 -999 -999 -999 -999 -999 -999
NHC  98L INVEST    090918 0600 133N 0385W 260 036 1009 1012 0278 13 056 -999 -999 -999 -999 -999 -999
NHC  98L INVEST    090918 1200 126N 0392W 255 036 1008 1012 0389 13 083 -999 -999 -999 -999 -999 -999
NHC  98L INVEST    090918 1800 128N 0399W 260 036 1008 1012 0389 13 083 -999 -999 -999 -999 -999 -999
NHC  98L INVEST    090919 0000 131N 0404W 280 031 1008 1012 0389 13 083 -999 -999 -999 -999 -999 -999
NHC  98L INVEST    090919 0600 132N 0419W 275 057 1008 1012 0389 13 083 -999 -999 -999 -999 -999 -999
NHC  98L INVEST    090919 1200 133N 0418W 280 031 1008 1012 0556 13 083 -999 -999 -999 -999 -999 -999
NHC  98L INVEST    090919 1800 135N 0425W 285 036 1008 1012 0556 13 083 -999 -999 -999 -999 -999 -999
NHC  98L INVEST    090920 0000 145N 0438W 300 062 1008 1013 0556 13 083 -999 -999 -999 -999 -999 -999
NHC  98L INVEST    090920 1200 156N 0455W 305 057 1010 1013 0324 10 083 -999 -999 -999 -999 -999 -999
NHC  98L INVEST    090920 1800 155N 0464W 290 046 1010 1013 0334 10 111 -999 -999 -999 -999 -999 -999
NHC  98L INVEST    091110 0600 241N 0603W 300 051 1009 1012 0278 15 111 -999 -999 -999 -999 -999 -999
NHC  98L INVEST    091110 1200 247N 0613W 305 046 1009 1012 0278 15 111 -999 -999 -999 -999 -999 -999
NHC  98L INVEST    091111 0000 251N 0647W 285 067 1008 1012 0334 15 111 -999 -999 -999 -999 -999 -999
NHC  98L INVEST    091111 0600 260N 0656W 300 067 1007 1010 0278 15 074 -999 -999 -999 -999 -999 -999
