JTWC 99S INVEST    090323 1200 187S 0409E 110 026 1002 1008 0278 15 028 -999 -999 -999 -999
JTWC 99S INVEST    090323 1800 197S 0411E 135 031 1000 1007 0435 15 074 -999 -999 -999 -999
JTWC 99S INVEST    090324 0000 204S 0415E 145 031 1000 1009 0444 15 074 -999 -999 -999 -999
JTWC 99S INVEST    090324 0600 211S 0418E 155 036 1000 1008 0278 15 028 -999 -999 -999 -999
JTWC 99S INVEST    091031 1800 091S 0585E  20 005 1007 1009 0232 10 046 -999 -999 -999 -999
JTWC 99S INVEST    091101 0000 096S 0583E 115 005 1007 1009 0232 10 046 -999 -999 -999 -999
JTWC 99S INVEST    091101 0600 086S 0570E 315 015 1007 1009 0232 10 074 -999 -999 -999 -999
JTWC 99S INVEST    091101 1200 087S 0561E 280 041 1007 1009 0232 10 083 -999 -999 -999 -999
JTWC 99S INVEST    091104 1800 065S 0535E 135 010 1007 1009 0232 10 083 -999 -999 -999 -999
JTWC 99S INVEST    091105 0000 071S 0538E 150 026 1007 1009 0232 10 083 -999 -999 -999 -999
