IBTr 02E BUD       940627 0600 156N 1124W -99 -99 1009 1010 0080 12 008 -999 -999 -999 -999 -999 -999
IBTr 02E BUD       940627 1200 158N 1131W -99 -99 1008 1010 0080 15 008 -999 -999 -999 -999 -999 -999
IBTr 02E BUD       940627 1800 159N 1138W -99 -99 1006 1010 0090 18 009 -999 -999 -999 -999 -999 -999
IBTr 02E BUD       940628 0000 160N 1145W -99 -99 1004 1010 0090 20 009 -999 -999 -999 -999 -999 -999
IBTr 02E BUD       940628 0600 161N 1153W -99 -99 1003 1010 0090 20 009 -999 -999 -999 -999 -999 -999
IBTr 02E BUD       940628 1200 164N 1165W -99 -99 1004 1010 0090 18 009 -999 -999 -999 -999 -999 -999
IBTr 02E BUD       940628 1800 173N 1184W -99 -99 1007 1010 0090 15 009 -999 -999 -999 -999 -999 -999
IBTr 02E BUD       940629 0000 179N 1192W -99 -99 1008 1010 0090 15 009 -999 -999 -999 -999 -999 -999
IBTr 02E BUD       940629 0600 182N 1207W -99 -99 1009 1010 0080 12 008 -999 -999 -999 -999 -999 -999
IBTr 02E BUD       940629 1200 183N 1220W -99 -99 1009 1010 0080 12 008 -999 -999 -999 -999 -999 -999
IBTr 02E BUD       940629 1800 184N 1233W -99 -99 1010 1010 0080 10 008 -999 -999 -999 -999 -999 -999
