IBTr 09S QUENTON   940122 0600 117S 1126E -99 -99 -999 1010 0000 -9 000 -999 -999 -999 -999 -999 -999
IBTr 09S QUENTON   940122 1200 116S 1119E -99 -99 -999 1010 0000 -9 000 -999 -999 -999 -999 -999 -999
IBTr 09S QUENTON   940122 1800 117S 1112E -99 -99 -999 1010 0000 -9 000 -999 -999 -999 -999 -999 -999
IBTr 09S QUENTON   940123 0000 116S 1104E -99 -99 1005 1010 0090 09 009 -999 -999 -999 -999 -999 -999
IBTr 09S QUENTON   940123 0600 117S 1099E -99 -99 -999 1010 0000 -9 000 -999 -999 -999 -999 -999 -999
IBTr 09S QUENTON   940123 1200 119S 1095E -99 -99 -999 1010 0000 -9 000 -999 -999 -999 -999 -999 -999
IBTr 09S QUENTON   940123 1800 122S 1091E -99 -99 -999 1010 0000 -9 000 -999 -999 -999 -999 -999 -999
IBTr 09S QUENTON   940124 0000 125S 1086E -99 -99 1002 1010 0090 11 009 -999 -999 -999 -999 -999 -999
IBTr 09S QUENTON   940124 0600 127S 1080E -99 -99 -999 1010 0000 -9 000 -999 -999 -999 -999 -999 -999
IBTr 09S QUENTON   940124 1200 128S 1074E -99 -99 1000 1010 0100 13 010 -999 -999 -999 -999 -999 -999
IBTr 09S QUENTON   940124 1800 128S 1068E -99 -99 -999 1010 0000 -9 000 -999 -999 -999 -999 -999 -999
IBTr 09S QUENTON   940125 0000 128S 1065E -99 -99 0995 1010 0100 18 010 -999 -999 -999 -999 -999 -999
IBTr 09S QUENTON   940125 0600 129S 1063E -99 -99 0990 1010 0110 21 011 -999 -999 -999 -999 -999 -999
IBTr 09S QUENTON   940125 1200 131S 1062E -99 -99 0985 1010 0120 24 012 -999 -999 -999 -999 -999 -999
IBTr 09S QUENTON   940125 1500 133S 1065E -99 -99 0980 1010 0120 27 012 -999 -999 -999 -999 -999 -999
IBTr 09S QUENTON   940125 1800 135S 1063E -99 -99 0975 1010 0130 30 013 -999 -999 -999 -999 -999 -999
IBTr 09S QUENTON   940125 2100 140S 1065E -99 -99 0970 1010 0130 33 013 -999 -999 -999 -999 -999 -999
IBTr 09S QUENTON   940126 0000 142S 1062E -99 -99 0965 1010 0130 36 013 -999 -999 -999 -999 -999 -999
IBTr 09S QUENTON   940126 0300 147S 1062E -99 -99 0965 1010 0130 36 013 -999 -999 -999 -999 -999 -999
IBTr 09S QUENTON   940126 0600 151S 1058E -99 -99 0960 1010 0130 39 013 -999 -999 -999 -999 -999 -999
IBTr 09S QUENTON   940126 0900 156S 1056E -99 -99 0955 1010 0130 41 013 -999 -999 -999 -999 -999 -999
IBTr 09S QUENTON   940126 1200 161S 1052E -99 -99 0955 1010 0130 41 013 -999 -999 -999 -999 -999 -999
IBTr 09S QUENTON   940126 1500 166S 1046E -99 -99 0960 1010 0130 39 013 -999 -999 -999 -999 -999 -999
IBTr 09S QUENTON   940126 1800 170S 1044E -99 -99 0965 1010 0130 36 013 -999 -999 -999 -999 -999 -999
IBTr 09S QUENTON   940126 2100 174S 1038E -99 -99 0970 1010 0130 33 013 -999 -999 -999 -999 -999 -999
IBTr 09S QUENTON   940127 0000 178S 1035E -99 -99 0975 1010 0130 30 013 -999 -999 -999 -999 -999 -999
IBTr 09S QUENTON   940127 0300 181S 1029E -99 -99 0980 1010 0120 27 012 -999 -999 -999 -999 -999 -999
IBTr 09S QUENTON   940127 0600 184S 1025E -99 -99 0985 1010 0120 24 012 -999 -999 -999 -999 -999 -999
IBTr 09S QUENTON   940127 0900 186S 1020E -99 -99 0990 1010 0110 21 011 -999 -999 -999 -999 -999 -999
IBTr 09S QUENTON   940127 1200 189S 1015E -99 -99 0990 1010 0110 21 011 -999 -999 -999 -999 -999 -999
IBTr 09S QUENTON   940127 1500 192S 1010E -99 -99 0995 1010 0110 18 011 -999 -999 -999 -999 -999 -999
IBTr 09S QUENTON   940127 1800 196S 1004E -99 -99 1000 1010 0100 13 010 -999 -999 -999 -999 -999 -999
IBTr 09S QUENTON   940127 2100 200S 0997E -99 -99 1000 1010 0100 13 010 -999 -999 -999 -999 -999 -999
IBTr 09S QUENTON   940128 0000 203S 0993E -99 -99 1005 1010 0090 09 009 -999 -999 -999 -999 -999 -999
IBTr 09S QUENTON   940128 0600 209S 0984E -99 -99 -999 1010 0000 -9 000 -999 -999 -999 -999 -999 -999
IBTr 09S QUENTON   940128 1200 215S 0972E -99 -99 1010 1010 0080 -9 008 -999 -999 -999 -999 -999 -999
IBTr 09S QUENTON   940128 1800 221S 0962E -99 -99 -999 1010 0000 -9 000 -999 -999 -999 -999 -999 -999
IBTr 09S QUENTON   940129 0000 227S 0952E -99 -99 -999 1010 0000 -9 000 -999 -999 -999 -999 -999 -999
