IBTr 05E EMILIA    940716 0000 85N  1313W -99 -99 1010 1010 0080 15 008 -999 -999 -999 -999 -999 -999
IBTr 05E EMILIA    940716 0600 85N  1323W -99 -99 1009 1010 0080 15 008 -999 -999 -999 -999 -999 -999
IBTr 05E EMILIA    940716 1200 88N  1333W -99 -99 1006 1010 0090 18 009 -999 -999 -999 -999 -999 -999
IBTr 05E EMILIA    940716 1800 92N  1345W -99 -99 1000 1010 0090 20 009 -999 -999 -999 -999 -999 -999
IBTr 05E EMILIA    940717 0000 96N  1359W -99 -99 0995 1010 0100 28 010 -999 -999 -999 -999 -999 -999
IBTr 05E EMILIA    940717 0600 99N  1374W -99 -99 0988 1010 0110 36 011 -999 -999 -999 -999 -999 -999
IBTr 05E EMILIA    940717 1200 101N 1388W -99 -99 0979 1010 0120 41 012 -999 -999 -999 -999 -999 -999
IBTr 05E EMILIA    940717 1800 103N 1401W -99 -99 0968 1010 0130 46 013 -999 -999 -999 -999 -999 -999
IBTr 05E EMILIA    940718 0000 104N 1414W -99 -99 0962 1010 0130 51 013 -999 -999 -999 -999 -999 -999
IBTr 05E EMILIA    940718 0600 106N 1427W -99 -99 0958 1010 0130 59 013 -999 -999 -999 -999 -999 -999
IBTr 05E EMILIA    940718 1200 107N 1439W -99 -99 0953 1010 0130 61 013 -999 -999 -999 -999 -999 -999
IBTr 05E EMILIA    940718 1800 108N 1446W -99 -99 0940 1010 0120 64 012 -999 -999 -999 -999 -999 -999
IBTr 05E EMILIA    940719 0000 109N 1457W -99 -99 0930 1010 0110 66 011 -999 -999 -999 -999 -999 -999
IBTr 05E EMILIA    940719 0600 112N 1471W -99 -99 0928 1010 0110 69 011 -999 -999 -999 -999 -999 -999
IBTr 05E EMILIA    940719 1200 115N 1484W -99 -99 0926 1010 0110 69 011 -999 -999 -999 -999 -999 -999
IBTr 05E EMILIA    940719 1800 117N 1496W -99 -99 0926 1010 0110 72 011 -999 -999 -999 -999 -999 -999
IBTr 05E EMILIA    940720 0000 119N 1506W -99 -99 0926 1010 0110 69 011 -999 -999 -999 -999 -999 -999
IBTr 05E EMILIA    940720 0600 123N 1516W -99 -99 0929 1010 0110 69 011 -999 -999 -999 -999 -999 -999
IBTr 05E EMILIA    940720 1200 126N 1526W -99 -99 0936 1010 0120 69 012 -999 -999 -999 -999 -999 -999
IBTr 05E EMILIA    940720 1800 130N 1534W -99 -99 0935 1010 0120 69 012 -999 -999 -999 -999 -999 -999
IBTr 05E EMILIA    940721 0000 135N 1542W -99 -99 0932 1010 0110 66 011 -999 -999 -999 -999 -999 -999
IBTr 05E EMILIA    940721 0600 140N 1549W -99 -99 0936 1010 0120 66 012 -999 -999 -999 -999 -999 -999
IBTr 05E EMILIA    940721 1200 147N 1555W -99 -99 0945 1010 0130 64 013 -999 -999 -999 -999 -999 -999
IBTr 05E EMILIA    940721 1800 154N 1560W -99 -99 0955 1010 0130 61 013 -999 -999 -999 -999 -999 -999
IBTr 05E EMILIA    940722 0000 162N 1566W -99 -99 0965 1010 0130 56 013 -999 -999 -999 -999 -999 -999
IBTr 05E EMILIA    940722 0600 169N 1572W -99 -99 0980 1010 0120 51 012 -999 -999 -999 -999 -999 -999
IBTr 05E EMILIA    940722 1200 174N 1580W -99 -99 0990 1010 0110 43 011 -999 -999 -999 -999 -999 -999
IBTr 05E EMILIA    940722 1800 179N 1588W -99 -99 0995 1010 0110 38 011 -999 -999 -999 -999 -999 -999
IBTr 05E EMILIA    940723 0000 183N 1595W -99 -99 0999 1010 0100 30 010 -999 -999 -999 -999 -999 -999
IBTr 05E EMILIA    940723 0600 188N 1601W -99 -99 1002 1010 0100 28 010 -999 -999 -999 -999 -999 -999
IBTr 05E EMILIA    940723 1200 191N 1610W -99 -99 1003 1010 0090 23 009 -999 -999 -999 -999 -999 -999
IBTr 05E EMILIA    940723 1800 197N 1620W -99 -99 1004 1010 0090 18 009 -999 -999 -999 -999 -999 -999
IBTr 05E EMILIA    940724 0000 202N 1629W -99 -99 1005 1010 0090 15 009 -999 -999 -999 -999 -999 -999
IBTr 05E EMILIA    940724 0600 205N 1636W -99 -99 1006 1010 0090 15 009 -999 -999 -999 -999 -999 -999
IBTr 05E EMILIA    940724 1200 207N 1645W -99 -99 1007 1010 0090 12 009 -999 -999 -999 -999 -999 -999
IBTr 05E EMILIA    940724 1800 210N 1654W -99 -99 1009 1010 0080 12 008 -999 -999 -999 -999 -999 -999
IBTr 05E EMILIA    940725 0000 213N 1663W -99 -99 1010 1010 0080 12 008 -999 -999 -999 -999 -999 -999
