IBTr 01L ALBERTO   940630 0600 217N 0836W -99 -99 1011 1011 0080 12 008 -999 -999 -999 -999 -999 -999
IBTr 01L ALBERTO   940630 1200 216N 0843W -99 -99 1010 1010 0080 12 008 -999 -999 -999 -999 -999 -999
IBTr 01L ALBERTO   940630 1800 216N 0852W -99 -99 1008 1010 0090 15 009 -999 -999 -999 -999 -999 -999
IBTr 01L ALBERTO   940701 0000 215N 0856W -99 -99 1008 1010 0090 15 009 -999 -999 -999 -999 -999 -999
IBTr 01L ALBERTO   940701 0600 220N 0861W -99 -99 1008 1010 0090 15 009 -999 -999 -999 -999 -999 -999
IBTr 01L ALBERTO   940701 1200 225N 0864W -99 -99 1008 1010 0090 15 009 -999 -999 -999 -999 -999 -999
IBTr 01L ALBERTO   940701 1800 230N 0867W -99 -99 1007 1010 0090 15 009 -999 -999 -999 -999 -999 -999
IBTr 01L ALBERTO   940702 0000 237N 0871W -99 -99 1006 1010 0090 18 009 -999 -999 -999 -999 -999 -999
IBTr 01L ALBERTO   940702 0600 244N 0875W -99 -99 1005 1010 0090 18 009 -999 -999 -999 -999 -999 -999
IBTr 01L ALBERTO   940702 1200 255N 0875W -99 -99 1003 1010 0100 20 010 -999 -999 -999 -999 -999 -999
IBTr 01L ALBERTO   940702 1800 265N 0869W -99 -99 1000 1010 0100 23 010 -999 -999 -999 -999 -999 -999
IBTr 01L ALBERTO   940703 0000 277N 0868W -99 -99 0998 1010 0110 23 011 -999 -999 -999 -999 -999 -999
IBTr 01L ALBERTO   940703 0600 288N 0868W -99 -99 0997 1010 0110 25 011 -999 -999 -999 -999 -999 -999
IBTr 01L ALBERTO   940703 1200 299N 0867W -99 -99 0993 1010 0110 28 011 -999 -999 -999 -999 -999 -999
IBTr 01L ALBERTO   940703 1500 304N 0865W -99 -99 0993 1010 0110 28 011 -999 -999 -999 -999 -999 -999
IBTr 01L ALBERTO   940703 1800 307N 0863W -99 -99 1000 1010 0100 23 010 -999 -999 -999 -999 -999 -999
IBTr 01L ALBERTO   940704 0000 312N 0861W -99 -99 1004 1010 0100 12 010 -999 -999 -999 -999 -999 -999
IBTr 01L ALBERTO   940704 0600 317N 0859W -99 -99 1009 1010 0090 10 009 -999 -999 -999 -999 -999 -999
IBTr 01L ALBERTO   940704 1200 323N 0855W -99 -99 1011 1011 0090 10 009 -999 -999 -999 -999 -999 -999
IBTr 01L ALBERTO   940704 1800 327N 0852W -99 -99 1014 1014 0090 10 009 -999 -999 -999 -999 -999 -999
IBTr 01L ALBERTO   940705 0000 330N 0850W -99 -99 1014 1014 0090 10 009 -999 -999 -999 -999 -999 -999
IBTr 01L ALBERTO   940705 0600 332N 0849W -99 -99 1013 1013 0090 10 009 -999 -999 -999 -999 -999 -999
IBTr 01L ALBERTO   940705 1200 333N 0848W -99 -99 1013 1013 0090 10 009 -999 -999 -999 -999 -999 -999
IBTr 01L ALBERTO   940705 1800 335N 0846W -99 -99 1012 1012 0090 10 009 -999 -999 -999 -999 -999 -999
IBTr 01L ALBERTO   940706 0000 334N 0844W -99 -99 1013 1013 0090 07 009 -999 -999 -999 -999 -999 -999
IBTr 01L ALBERTO   940706 0600 333N 0845W -99 -99 1013 1013 0090 07 009 -999 -999 -999 -999 -999 -999
IBTr 01L ALBERTO   940706 1200 331N 0848W -99 -99 1013 1013 0090 07 009 -999 -999 -999 -999 -999 -999
IBTr 01L ALBERTO   940706 1800 328N 0854W -99 -99 1013 1013 0090 07 009 -999 -999 -999 -999 -999 -999
IBTr 01L ALBERTO   940707 0000 327N 0863W -99 -99 1012 1012 0090 05 009 -999 -999 -999 -999 -999 -999
IBTr 01L ALBERTO   940707 0600 327N 0866W -99 -99 1012 1012 0090 05 009 -999 -999 -999 -999 -999 -999
IBTr 01L ALBERTO   940707 1200 328N 0868W -99 -99 1012 1012 0090 05 009 -999 -999 -999 -999 -999 -999
IBTr 01L ALBERTO   940707 1800 330N 0870W -99 -99 1013 1013 0090 05 009 -999 -999 -999 -999 -999 -999
