IBTr 01E ALETTA    940618 0600 126N 1201W -99 -99 1009 1010 0080 12 008 -999 -999 -999 -999 -999 -999
IBTr 01E ALETTA    940618 1200 130N 1205W -99 -99 1008 1010 0080 15 008 -999 -999 -999 -999 -999 -999
IBTr 01E ALETTA    940618 1800 132N 1210W -99 -99 1008 1010 0080 15 008 -999 -999 -999 -999 -999 -999
IBTr 01E ALETTA    940619 0000 134N 1216W -99 -99 1006 1010 0090 15 009 -999 -999 -999 -999 -999 -999
IBTr 01E ALETTA    940619 0600 135N 1224W -99 -99 1005 1010 0090 18 009 -999 -999 -999 -999 -999 -999
IBTr 01E ALETTA    940619 1200 136N 1231W -99 -99 1004 1010 0090 18 009 -999 -999 -999 -999 -999 -999
IBTr 01E ALETTA    940619 1800 137N 1237W -99 -99 1001 1010 0100 20 010 -999 -999 -999 -999 -999 -999
IBTr 01E ALETTA    940620 0000 138N 1242W -99 -99 1000 1010 0100 23 010 -999 -999 -999 -999 -999 -999
IBTr 01E ALETTA    940620 0600 140N 1247W -99 -99 1000 1010 0100 23 010 -999 -999 -999 -999 -999 -999
IBTr 01E ALETTA    940620 1200 144N 1254W -99 -99 0999 1010 0100 23 010 -999 -999 -999 -999 -999 -999
IBTr 01E ALETTA    940620 1800 150N 1260W -99 -99 1001 1010 0100 20 010 -999 -999 -999 -999 -999 -999
IBTr 01E ALETTA    940621 0000 154N 1268W -99 -99 1003 1010 0090 18 009 -999 -999 -999 -999 -999 -999
IBTr 01E ALETTA    940621 0600 158N 1277W -99 -99 1005 1010 0090 18 009 -999 -999 -999 -999 -999 -999
IBTr 01E ALETTA    940621 1200 161N 1286W -99 -99 1007 1010 0090 15 009 -999 -999 -999 -999 -999 -999
IBTr 01E ALETTA    940621 1800 166N 1302W -99 -99 1008 1010 0080 12 008 -999 -999 -999 -999 -999 -999
IBTr 01E ALETTA    940622 0000 170N 1314W -99 -99 1009 1010 0080 12 008 -999 -999 -999 -999 -999 -999
IBTr 01E ALETTA    940622 0600 175N 1326W -99 -99 1009 1010 0080 12 008 -999 -999 -999 -999 -999 -999
IBTr 01E ALETTA    940622 1200 180N 1339W -99 -99 1009 1010 0080 12 008 -999 -999 -999 -999 -999 -999
IBTr 01E ALETTA    940622 1800 182N 1354W -99 -99 1009 1010 0080 12 008 -999 -999 -999 -999 -999 -999
IBTr 01E ALETTA    940623 0000 184N 1371W -99 -99 1009 1010 0080 12 008 -999 -999 -999 -999 -999 -999
IBTr 01E ALETTA    940623 0600 183N 1383W -99 -99 1010 1010 0080 12 008 -999 -999 -999 -999 -999 -999
