IBTr 08P USHA      940322 0000 113S 1543E -99 -99 -999 1010 0000 -9 000 -999 -999 -999 -999 -999 -999
IBTr 08P USHA      940322 0600 112S 1546E -99 -99 -999 1010 0000 -9 000 -999 -999 -999 -999 -999 -999
IBTr 08P USHA      940322 1200 112S 1549E -99 -99 -999 1010 0000 -9 000 -999 -999 -999 -999 -999 -999
IBTr 08P USHA      940322 1800 112S 1553E -99 -99 -999 1010 0000 -9 000 -999 -999 -999 -999 -999 -999
IBTr 08P USHA      940323 0000 111S 1558E -99 -99 -999 1010 0000 -9 000 -999 -999 -999 -999 -999 -999
IBTr 08P USHA      940323 0600 110S 1563E -99 -99 -999 1010 0000 -9 000 -999 -999 -999 -999 -999 -999
IBTr 08P USHA      940323 1200 110S 1569E -99 -99 -999 1010 0000 -9 000 -999 -999 -999 -999 -999 -999
IBTr 08P USHA      940323 1800 111S 1576E -99 -99 -999 1010 0000 -9 000 -999 -999 -999 -999 -999 -999
IBTr 08P USHA      940324 0000 112S 1584E -99 -99 -999 1010 0000 -9 000 -999 -999 -999 -999 -999 -999
IBTr 08P USHA      940324 0600 114S 1592E -99 -99 -999 1010 0000 -9 000 -999 -999 -999 -999 -999 -999
IBTr 08P USHA      940324 1200 117S 1602E -99 -99 -999 1010 0000 -9 000 -999 -999 -999 -999 -999 -999
IBTr 08P USHA      940324 1800 120S 1613E -99 -99 -999 1010 0000 -9 000 -999 -999 -999 -999 -999 -999
IBTr 08P USHA      940325 0000 122S 1630E -99 -99 -999 1010 0000 -9 000 -999 -999 -999 -999 -999 -999
IBTr 08P USHA      940325 0600 128S 1645E -99 -99 -999 1010 0000 -9 000 -999 -999 -999 -999 -999 -999
IBTr 08P USHA      940325 1200 134S 1656E -99 -99 -999 1010 0000 -9 000 -999 -999 -999 -999 -999 -999
IBTr 08P USHA      940325 1800 142S 1666E -99 -99 -999 1010 0000 -9 000 -999 -999 -999 -999 -999 -999
IBTr 08P USHA      940326 0000 151S 1675E -99 -99 -999 1010 0000 -9 000 -999 -999 -999 -999 -999 -999
IBTr 08P USHA      940326 0600 161S 1682E -99 -99 -999 1010 0000 -9 000 -999 -999 -999 -999 -999 -999
IBTr 08P USHA      940326 1200 172S 1689E -99 -99 -999 1010 0000 -9 000 -999 -999 -999 -999 -999 -999
IBTr 08P USHA      940326 1800 180S 1693E -99 -99 -999 1010 0000 -9 000 -999 -999 -999 -999 -999 -999
IBTr 08P USHA      940327 0000 190S 1693E -99 -99 -999 1010 0000 -9 000 -999 -999 -999 -999 -999 -999
IBTr 08P USHA      940327 0600 199S 1689E -99 -99 -999 1010 0000 -9 000 -999 -999 -999 -999 -999 -999
IBTr 08P USHA      940327 1200 207S 1687E -99 -99 -999 1010 0000 -9 000 -999 -999 -999 -999 -999 -999
IBTr 08P USHA      940327 1800 214S 1686E -99 -99 -999 1010 0000 -9 000 -999 -999 -999 -999 -999 -999
IBTr 08P USHA      940328 0000 221S 1684E -99 -99 -999 1010 0000 -9 000 -999 -999 -999 -999 -999 -999
IBTr 08P USHA      940328 0600 229S 1682E -99 -99 -999 1010 0000 -9 000 -999 -999 -999 -999 -999 -999
IBTr 08P USHA      940328 1200 236S 1680E -99 -99 -999 1010 0000 -9 000 -999 -999 -999 -999 -999 -999
IBTr 08P USHA      940328 1800 243S 1678E -99 -99 -999 1010 0000 -9 000 -999 -999 -999 -999 -999 -999
IBTr 08P USHA      940329 0000 252S 1673E -99 -99 0997 1010 0110 15 011 -999 -999 -999 -999 -999 -999
IBTr 08P USHA      940329 0600 260S 1678E -99 -99 1002 1010 0100 12 010 -999 -999 -999 -999 -999 -999
IBTr 08P USHA      940329 1200 265S 1685E -99 -99 1002 1010 0100 12 010 -999 -999 -999 -999 -999 -999
IBTr 08P USHA      940329 1800 257S 1683E -99 -99 1002 1010 0100 12 010 -999 -999 -999 -999 -999 -999
IBTr 08P USHA      940330 0000 252S 1680E -99 -99 1003 1010 0100 12 010 -999 -999 -999 -999 -999 -999
IBTr 08P USHA      940330 0600 248S 1678E -99 -99 -999 1010 0000 -9 000 -999 -999 -999 -999 -999 -999
IBTr 08P USHA      940330 1200 246S 1677E -99 -99 -999 1010 0000 -9 000 -999 -999 -999 -999 -999 -999
IBTr 08P USHA      940330 1800 246S 1678E -99 -99 -999 1010 0000 -9 000 -999 -999 -999 -999 -999 -999
IBTr 08P USHA      940331 0000 250S 1680E -99 -99 1003 1010 0100 12 010 -999 -999 -999 -999 -999 -999
IBTr 08P USHA      940331 0600 256S 1682E -99 -99 -999 1010 0000 -9 000 -999 -999 -999 -999 -999 -999
IBTr 08P USHA      940331 1200 265S 1685E -99 -99 1004 1010 0100 12 010 -999 -999 -999 -999 -999 -999
IBTr 08P USHA      940331 1800 272S 1685E -99 -99 -999 1010 0000 -9 000 -999 -999 -999 -999 -999 -999
IBTr 08P USHA      940401 0000 280S 1686E -99 -99 1005 1010 0090 12 009 -999 -999 -999 -999 -999 -999
IBTr 08P USHA      940401 0600 290S 1690E -99 -99 1007 1010 0090 12 009 -999 -999 -999 -999 -999 -999
IBTr 08P USHA      940401 1200 295S 1700E -99 -99 1005 1010 0090 12 009 -999 -999 -999 -999 -999 -999
IBTr 08P USHA      940401 1800 300S 1715E -99 -99 1003 1010 0100 12 010 -999 -999 -999 -999 -999 -999
IBTr 08P USHA      940402 0000 300S 1730E -99 -99 1002 1010 0100 12 010 -999 -999 -999 -999 -999 -999
IBTr 08P USHA      940402 0600 304S 1745E -99 -99 -999 1010 0000 -9 000 -999 -999 -999 -999 -999 -999
IBTr 08P USHA      940402 1200 315S 1760E -99 -99 1002 1010 0100 12 010 -999 -999 -999 -999 -999 -999
IBTr 08P USHA      940402 1800 330S 1773E -99 -99 -999 1010 0000 -9 000 -999 -999 -999 -999 -999 -999
IBTr 08P USHA      940403 0000 353S 1790E -99 -99 1000 1010 0110 12 011 -999 -999 -999 -999 -999 -999
IBTr 08P USHA      940403 0600 380S 1785W -99 -99 0997 1010 0110 15 011 -999 -999 -999 -999 -999 -999
IBTr 08P USHA      940403 1200 410S 1770W -99 -99 0994 1010 0120 15 012 -999 -999 -999 -999 -999 -999
IBTr 08P USHA      940403 1800 440S 1750W -99 -99 0991 1010 0120 15 012 -999 -999 -999 -999 -999 -999
IBTr 08P USHA      940404 0000 470S 1720W -99 -99 0990 1010 0130 15 013 -999 -999 -999 -999 -999 -999
