IBTr 07L ERNESTO   940921 1800 101N 0299W -99 -99 1010 1010 0080 12 008 -999 -999 -999 -999 -999 -999
IBTr 07L ERNESTO   940922 0000 105N 0302W -99 -99 1010 1010 0080 12 008 -999 -999 -999 -999 -999 -999
IBTr 07L ERNESTO   940922 0600 111N 0303W -99 -99 1009 1010 0080 15 008 -999 -999 -999 -999 -999 -999
IBTr 07L ERNESTO   940922 1200 118N 0303W -99 -99 1005 1010 0090 18 009 -999 -999 -999 -999 -999 -999
IBTr 07L ERNESTO   940922 1800 125N 0303W -99 -99 1000 1010 0100 23 010 -999 -999 -999 -999 -999 -999
IBTr 07L ERNESTO   940923 0000 131N 0304W -99 -99 0997 1010 0100 25 010 -999 -999 -999 -999 -999 -999
IBTr 07L ERNESTO   940923 0600 138N 0305W -99 -99 0998 1010 0100 25 010 -999 -999 -999 -999 -999 -999
IBTr 07L ERNESTO   940923 1200 144N 0306W -99 -99 1000 1010 0100 23 010 -999 -999 -999 -999 -999 -999
IBTr 07L ERNESTO   940923 1800 149N 0306W -99 -99 1001 1010 0100 23 010 -999 -999 -999 -999 -999 -999
IBTr 07L ERNESTO   940924 0000 154N 0306W -99 -99 1003 1010 0090 20 009 -999 -999 -999 -999 -999 -999
IBTr 07L ERNESTO   940924 0600 159N 0307W -99 -99 1005 1010 0090 18 009 -999 -999 -999 -999 -999 -999
IBTr 07L ERNESTO   940924 1200 165N 0310W -99 -99 1007 1010 0090 15 009 -999 -999 -999 -999 -999 -999
IBTr 07L ERNESTO   940924 1800 168N 0313W -99 -99 1009 1010 0080 15 008 -999 -999 -999 -999 -999 -999
IBTr 07L ERNESTO   940925 0000 170N 0316W -99 -99 1010 1010 0080 12 008 -999 -999 -999 -999 -999 -999
IBTr 07L ERNESTO   940925 0600 170N 0319W -99 -99 1010 1010 0080 12 008 -999 -999 -999 -999 -999 -999
IBTr 07L ERNESTO   940925 1200 170N 0321W -99 -99 1010 1010 0080 12 008 -999 -999 -999 -999 -999 -999
IBTr 07L ERNESTO   940925 1800 170N 0323W -99 -99 1010 1010 0080 12 008 -999 -999 -999 -999 -999 -999
IBTr 07L ERNESTO   940926 0000 168N 0332W -99 -99 1011 1011 0080 10 008 -999 -999 -999 -999 -999 -999
