IBTr 03L BERYL     940814 1200 287N 0872W -99 -99 1013 1013 0090 10 009 -999 -999 -999 -999 -999 -999
IBTr 03L BERYL     940814 1800 294N 0873W -99 -99 1012 1012 0090 12 009 -999 -999 -999 -999 -999 -999
IBTr 03L BERYL     940815 0000 295N 0863W -99 -99 1009 1010 0090 12 009 -999 -999 -999 -999 -999 -999
IBTr 03L BERYL     940815 0600 296N 0859W -99 -99 1008 1010 0090 15 009 -999 -999 -999 -999 -999 -999
IBTr 03L BERYL     940815 1200 297N 0856W -99 -99 1007 1010 0090 18 009 -999 -999 -999 -999 -999 -999
IBTr 03L BERYL     940815 1800 299N 0857W -99 -99 1004 1010 0100 23 010 -999 -999 -999 -999 -999 -999
IBTr 03L BERYL     940816 0000 300N 0856W -99 -99 1000 1010 0100 25 010 -999 -999 -999 -999 -999 -999
IBTr 03L BERYL     940816 0300 302N 0854W -99 -99 0999 1010 0100 25 010 -999 -999 -999 -999 -999 -999
IBTr 03L BERYL     940816 0600 304N 0853W -99 -99 1003 1010 0100 25 010 -999 -999 -999 -999 -999 -999
IBTr 03L BERYL     940816 1200 313N 0850W -99 -99 1004 1010 0100 15 010 -999 -999 -999 -999 -999 -999
IBTr 03L BERYL     940816 1800 323N 0845W -99 -99 1005 1010 0100 12 010 -999 -999 -999 -999 -999 -999
IBTr 03L BERYL     940817 0000 333N 0839W -99 -99 1005 1010 0100 10 010 -999 -999 -999 -999 -999 -999
IBTr 03L BERYL     940817 0600 343N 0835W -99 -99 1006 1010 0090 07 009 -999 -999 -999 -999 -999 -999
IBTr 03L BERYL     940817 1200 355N 0826W -99 -99 1009 1010 0090 07 009 -999 -999 -999 -999 -999 -999
IBTr 03L BERYL     940817 1800 375N 0815W -99 -99 1011 1011 0090 07 009 -999 -999 -999 -999 -999 -999
IBTr 03L BERYL     940818 0000 385N 0796W -99 -99 1011 1011 0090 07 009 -999 -999 -999 -999 -999 -999
IBTr 03L BERYL     940818 0600 395N 0775W -99 -99 1011 1011 0090 07 009 -999 -999 -999 -999 -999 -999
IBTr 03L BERYL     940818 1200 412N 0760W -99 -99 1010 1010 0090 07 009 -999 -999 -999 -999 -999 -999
IBTr 03L BERYL     940818 1800 416N 0739W -99 -99 1010 1010 0090 07 009 -999 -999 -999 -999 -999 -999
IBTr 03L BERYL     940819 0000 420N 0720W -99 -99 1012 1012 0090 07 009 -999 -999 -999 -999 -999 -999
