IBTr 08W TIM       940705 0000 90N  1390E -99 -99 -999 1010 0000 07 000 -999 -999 -999 -999 -999 -999
IBTr 08W TIM       940705 0600 95N  1379E -99 -99 -999 1010 0000 07 000 -999 -999 -999 -999 -999 -999
IBTr 08W TIM       940705 1200 100N 1368E -99 -99 -999 1010 0000 10 000 -999 -999 -999 -999 -999 -999
IBTr 08W TIM       940705 1800 105N 1357E -99 -99 -999 1010 0000 10 000 -999 -999 -999 -999 -999 -999
IBTr 08W TIM       940706 0000 110N 1346E -99 -99 -999 1010 0000 10 000 -999 -999 -999 -999 -999 -999
IBTr 08W TIM       940706 0600 115N 1336E -99 -99 -999 1010 0000 10 000 -999 -999 -999 -999 -999 -999
IBTr 08W TIM       940706 1200 120N 1327E -99 -99 -999 1010 0000 12 000 -999 -999 -999 -999 -999 -999
IBTr 08W TIM       940706 1800 126N 1320E -99 -99 -999 1010 0000 12 000 -999 -999 -999 -999 -999 -999
IBTr 08W TIM       940707 0000 130N 1314E -99 -99 1002 1010 0090 12 009 -999 -999 -999 -999 -999 -999
IBTr 08W TIM       940707 0600 136N 1309E -99 -99 1002 1010 0090 15 009 -999 -999 -999 -999 -999 -999
IBTr 08W TIM       940707 1200 141N 1305E -99 -99 1000 1010 0100 18 010 -999 -999 -999 -999 -999 -999
IBTr 08W TIM       940707 1800 148N 1301E -99 -99 0998 1010 0100 20 010 -999 -999 -999 -999 -999 -999
IBTr 08W TIM       940708 0000 156N 1297E -99 -99 0996 1010 0100 18 010 -999 -999 -999 -999 -999 -999
IBTr 08W TIM       940708 0600 161N 1292E -99 -99 0994 1010 0110 20 011 -999 -999 -999 -999 -999 -999
IBTr 08W TIM       940708 0900 164N 1289E -99 -99 0990 1010 0110 23 011 -999 -999 -999 -999 -999 -999
IBTr 08W TIM       940708 1200 166N 1286E -99 -99 0985 1010 0120 25 012 -999 -999 -999 -999 -999 -999
IBTr 08W TIM       940708 1500 169N 1283E -99 -99 0980 1010 0120 28 012 -999 -999 -999 -999 -999 -999
IBTr 08W TIM       940708 1800 172N 1279E -99 -99 0975 1010 0130 30 013 -999 -999 -999 -999 -999 -999
IBTr 08W TIM       940708 2100 177N 1275E -99 -99 0970 1010 0130 33 013 -999 -999 -999 -999 -999 -999
IBTr 08W TIM       940709 0000 179N 1269E -99 -99 0960 1010 0130 38 013 -999 -999 -999 -999 -999 -999
IBTr 08W TIM       940709 0300 183N 1265E -99 -99 0960 1010 0130 38 013 -999 -999 -999 -999 -999 -999
IBTr 08W TIM       940709 0600 185N 1260E -99 -99 0950 1010 0130 41 013 -999 -999 -999 -999 -999 -999
IBTr 08W TIM       940709 0900 187N 1257E -99 -99 0945 1010 0130 43 013 -999 -999 -999 -999 -999 -999
IBTr 08W TIM       940709 1200 191N 1253E -99 -99 0940 1010 0130 43 013 -999 -999 -999 -999 -999 -999
IBTr 08W TIM       940709 1500 196N 1249E -99 -99 0940 1010 0130 43 013 -999 -999 -999 -999 -999 -999
IBTr 08W TIM       940709 1800 199N 1243E -99 -99 0935 1010 0120 46 012 -999 -999 -999 -999 -999 -999
IBTr 08W TIM       940709 2100 204N 1239E -99 -99 0935 1010 0120 46 012 -999 -999 -999 -999 -999 -999
IBTr 08W TIM       940710 0000 208N 1234E -99 -99 0930 1010 0110 48 011 -999 -999 -999 -999 -999 -999
IBTr 08W TIM       940710 0300 215N 1230E -99 -99 0930 1010 0120 48 012 -999 -999 -999 -999 -999 -999
IBTr 08W TIM       940710 0600 219N 1225E -99 -99 0930 1010 0120 48 012 -999 -999 -999 -999 -999 -999
IBTr 08W TIM       940710 0900 226N 1223E -99 -99 0930 1010 0120 48 012 -999 -999 -999 -999 -999 -999
IBTr 08W TIM       940710 1200 233N 1214E -99 -99 0940 1010 0130 46 013 -999 -999 -999 -999 -999 -999
IBTr 08W TIM       940710 1500 238N 1200E -99 -99 0950 1010 0140 41 014 -999 -999 -999 -999 -999 -999
IBTr 08W TIM       940710 1800 244N 1197E -99 -99 0955 1010 0140 38 014 -999 -999 -999 -999 -999 -999
IBTr 08W TIM       940711 0000 252N 1180E -99 -99 0965 1010 0140 36 014 -999 -999 -999 -999 -999 -999
IBTr 08W TIM       940711 0600 260N 1164E -99 -99 0975 1010 0130 30 013 -999 -999 -999 -999 -999 -999
IBTr 08W TIM       940711 1200 268N 1153E -99 -99 0990 1010 0120 20 012 -999 -999 -999 -999 -999 -999
IBTr 08W TIM       940711 1800 273N 1148E -99 -99 0992 1010 0110 10 011 -999 -999 -999 -999 -999 -999
IBTr 08W TIM       940712 0000 280N 1146E -99 -99 0992 1010 0110 07 011 -999 -999 -999 -999 -999 -999
IBTr 08W TIM       940712 0600 295N 1151E -99 -99 -999 1010 0000 -9 000 -999 -999 -999 -999 -999 -999
IBTr 08W TIM       940712 1200 328N 1157E -99 -99 -999 1010 0000 -9 000 -999 -999 -999 -999 -999 -999
IBTr 08W TIM       940712 1800 366N 1170E -99 -99 -999 1010 0000 -9 000 -999 -999 -999 -999 -999 -999
IBTr 08W TIM       940713 0000 387N 1180E -99 -99 -999 1010 0000 -9 000 -999 -999 -999 -999 -999 -999
IBTr 08W TIM       940713 0600 401N 1200E -99 -99 -999 1010 0000 -9 000 -999 -999 -999 -999 -999 -999
IBTr 08W TIM       940713 1200 419N 1230E -99 -99 -999 1010 0000 -9 000 -999 -999 -999 -999 -999 -999
IBTr 08W LI        940813 0000 129N 1789E -99 -99 0994 1010 0110 20 011 -999 -999 -999 -999 -999 -999
IBTr 08W LI        940813 0600 133N 1780E -99 -99 0996 1010 0100 20 010 -999 -999 -999 -999 -999 -999
IBTr 08W LI        940813 1200 137N 1772E -99 -99 0996 1010 0100 20 010 -999 -999 -999 -999 -999 -999
IBTr 08W LI        940813 1800 141N 1763E -99 -99 0996 1010 0100 20 010 -999 -999 -999 -999 -999 -999
IBTr 08W LI        940814 0000 145N 1752E -99 -99 0996 1010 0100 20 010 -999 -999 -999 -999 -999 -999
IBTr 08W LI        940814 0600 149N 1742E -99 -99 0998 1010 0100 18 010 -999 -999 -999 -999 -999 -999
IBTr 08W LI        940814 1200 153N 1733E -99 -99 1000 1010 0100 -9 010 -999 -999 -999 -999 -999 -999
IBTr 08W LI        940814 1800 157N 1725E -99 -99 1002 1010 0090 -9 009 -999 -999 -999 -999 -999 -999
IBTr 08W LI        940815 0000 162N 1718E -99 -99 1004 1010 0090 -9 009 -999 -999 -999 -999 -999 -999
IBTr 08W LI        940815 0600 168N 1710E -99 -99 1004 1010 0090 -9 009 -999 -999 -999 -999 -999 -999
IBTr 08W LI        940815 1200 174N 1705E -99 -99 1004 1010 0090 -9 009 -999 -999 -999 -999 -999 -999
IBTr 08W LI        940815 1800 179N 1701E -99 -99 1004 1010 0090 -9 009 -999 -999 -999 -999 -999 -999
IBTr 08W LI        940816 0000 182N 1699E -99 -99 1004 1010 0090 -9 009 -999 -999 -999 -999 -999 -999
IBTr 08W LI        940816 0600 184N 1697E -99 -99 1004 1010 0090 -9 009 -999 -999 -999 -999 -999 -999
IBTr 08W LI        940816 1200 185N 1694E -99 -99 1004 1010 0090 -9 009 -999 -999 -999 -999 -999 -999
IBTr 08W LI        940816 1800 185N 1691E -99 -99 1004 1010 0090 -9 009 -999 -999 -999 -999 -999 -999
IBTr 08W LI        940817 0000 186N 1688E -99 -99 1004 1010 0090 -9 009 -999 -999 -999 -999 -999 -999
IBTr 08W LI        940817 0600 187N 1688E -99 -99 1004 1010 0090 -9 009 -999 -999 -999 -999 -999 -999
IBTr 08W LI        940817 1200 187N 1691E -99 -99 1004 1010 0090 -9 009 -999 -999 -999 -999 -999 -999
IBTr 08W LI        940817 1800 188N 1696E -99 -99 1004 1010 0090 -9 009 -999 -999 -999 -999 -999 -999
IBTr 08W LI        940818 0000 191N 1701E -99 -99 -999 1010 0000 -9 000 -999 -999 -999 -999 -999 -999
