IBTr 09W VANESSA   940708 0000 157N 1170E -99 -99 -999 1010 0000 10 000 -999 -999 -999 -999 -999 -999
IBTr 09W VANESSA   940708 0600 159N 1166E -99 -99 -999 1010 0000 10 000 -999 -999 -999 -999 -999 -999
IBTr 09W VANESSA   940708 1200 161N 1162E -99 -99 -999 1010 0000 12 000 -999 -999 -999 -999 -999 -999
IBTr 09W VANESSA   940708 1800 161N 1158E -99 -99 -999 1010 0000 15 000 -999 -999 -999 -999 -999 -999
IBTr 09W VANESSA   940709 0000 160N 1155E -99 -99 1000 1010 0100 18 010 -999 -999 -999 -999 -999 -999
IBTr 09W VANESSA   940709 0600 159N 1152E -99 -99 0996 1010 0100 18 010 -999 -999 -999 -999 -999 -999
IBTr 09W VANESSA   940709 1200 155N 1152E -99 -99 0996 1010 0100 18 010 -999 -999 -999 -999 -999 -999
IBTr 09W VANESSA   940709 1800 153N 1155E -99 -99 0996 1010 0100 18 010 -999 -999 -999 -999 -999 -999
IBTr 09W VANESSA   940710 0000 152N 1163E -99 -99 0994 1010 0110 18 011 -999 -999 -999 -999 -999 -999
IBTr 09W VANESSA   940710 0600 156N 1177E -99 -99 0992 1010 0110 20 011 -999 -999 -999 -999 -999 -999
IBTr 09W VANESSA   940710 1200 165N 1188E -99 -99 0990 1010 0110 20 011 -999 -999 -999 -999 -999 -999
IBTr 09W VANESSA   940710 1500 173N 1190E -99 -99 0990 1010 0110 20 011 -999 -999 -999 -999 -999 -999
IBTr 09W VANESSA   940710 1800 179N 1195E -99 -99 0990 1010 0110 20 011 -999 -999 -999 -999 -999 -999
IBTr 09W VANESSA   940710 2100 184N 1190E -99 -99 0990 1010 0110 20 011 -999 -999 -999 -999 -999 -999
IBTr 09W VANESSA   940711 0000 194N 1197E -99 -99 0990 1010 0110 20 011 -999 -999 -999 -999 -999 -999
IBTr 09W VANESSA   940711 0300 200N 1191E -99 -99 0990 1010 0110 20 011 -999 -999 -999 -999 -999 -999
IBTr 09W VANESSA   940711 0600 212N 1196E -99 -99 0992 1010 0110 20 011 -999 -999 -999 -999 -999 -999
IBTr 09W VANESSA   940711 0900 219N 1191E -99 -99 0994 1010 0110 18 011 -999 -999 -999 -999 -999 -999
IBTr 09W VANESSA   940711 1200 230N 1190E -99 -99 0996 1010 0110 -9 011 -999 -999 -999 -999 -999 -999
