IBTr 06S DAISY     940107 0000 156S 0564E -99 -99 1000 1010 0100 12 010 -999 -999 -999 -999 -999 -999
IBTr 06S DAISY     940107 0600 156S 0568E -99 -99 1000 1010 0100 12 010 -999 -999 -999 -999 -999 -999
IBTr 06S DAISY     940107 1200 157S 0571E -99 -99 1000 1010 0100 12 010 -999 -999 -999 -999 -999 -999
IBTr 06S DAISY     940107 1800 158S 0573E -99 -99 1000 1010 0100 12 010 -999 -999 -999 -999 -999 -999
IBTr 06S DAISY     940108 0000 159S 0575E -99 -99 1000 1010 0100 12 010 -999 -999 -999 -999 -999 -999
IBTr 06S DAISY     940108 0600 161S 0576E -99 -99 1000 1010 0100 12 010 -999 -999 -999 -999 -999 -999
IBTr 06S DAISY     940108 1200 163S 0576E -99 -99 0998 1010 0100 15 010 -999 -999 -999 -999 -999 -999
IBTr 06S DAISY     940108 1800 160S 0581E -99 -99 0998 1010 0100 15 010 -999 -999 -999 -999 -999 -999
IBTr 06S DAISY     940109 0000 156S 0587E -99 -99 0998 1010 0100 15 010 -999 -999 -999 -999 -999 -999
IBTr 06S DAISY     940109 0600 155S 0595E -99 -99 0995 1010 0100 15 010 -999 -999 -999 -999 -999 -999
IBTr 06S DAISY     940109 1200 155S 0604E -99 -99 0995 1010 0100 15 010 -999 -999 -999 -999 -999 -999
IBTr 06S DAISY     940109 1800 157S 0606E -99 -99 0995 1010 0100 15 010 -999 -999 -999 -999 -999 -999
IBTr 06S DAISY     940110 0000 159S 0605E -99 -99 0995 1010 0100 15 010 -999 -999 -999 -999 -999 -999
IBTr 06S DAISY     940110 0600 161S 0604E -99 -99 0992 1010 0110 18 011 -999 -999 -999 -999 -999 -999
IBTr 06S DAISY     940110 1200 162S 0602E -99 -99 0990 1010 0110 20 011 -999 -999 -999 -999 -999 -999
IBTr 06S DAISY     940110 1800 163S 0597E -99 -99 0990 1010 0110 20 011 -999 -999 -999 -999 -999 -999
IBTr 06S DAISY     940111 0000 164S 0592E -99 -99 0985 1010 0120 23 012 -999 -999 -999 -999 -999 -999
IBTr 06S DAISY     940111 0600 166S 0585E -99 -99 0980 1010 0120 23 012 -999 -999 -999 -999 -999 -999
IBTr 06S DAISY     940111 1200 168S 0576E -99 -99 0975 1010 0130 25 013 -999 -999 -999 -999 -999 -999
IBTr 06S DAISY     940111 1800 169S 0567E -99 -99 0970 1010 0130 28 013 -999 -999 -999 -999 -999 -999
IBTr 06S DAISY     940112 0000 170S 0558E -99 -99 0965 1010 0130 30 013 -999 -999 -999 -999 -999 -999
IBTr 06S DAISY     940112 0600 172S 0551E -99 -99 0960 1010 0130 33 013 -999 -999 -999 -999 -999 -999
IBTr 06S DAISY     940112 1200 174S 0540E -99 -99 0955 1010 0130 36 013 -999 -999 -999 -999 -999 -999
IBTr 06S DAISY     940112 1800 178S 0528E -99 -99 0955 1010 0130 36 013 -999 -999 -999 -999 -999 -999
IBTr 06S DAISY     940113 0000 181S 0516E -99 -99 0950 1010 0130 38 013 -999 -999 -999 -999 -999 -999
IBTr 06S DAISY     940113 0600 187S 0504E -99 -99 0940 1010 0130 41 013 -999 -999 -999 -999 -999 -999
IBTr 06S DAISY     940113 1200 192S 0493E -99 -99 0935 1010 0120 43 012 -999 -999 -999 -999 -999 -999
IBTr 06S DAISY     940113 1800 196S 0484E -99 -99 0000 1010 0000 -9 000 -999 -999 -999 -999 -999 -999
IBTr 06S DAISY     940114 0000 201S 0474E -99 -99 0000 1010 0000 -9 000 -999 -999 -999 -999 -999 -999
IBTr 06S DAISY     940114 0600 205S 0465E -99 -99 0000 1010 0000 -9 000 -999 -999 -999 -999 -999 -999
IBTr 06S DAISY     940114 1200 210S 0458E -99 -99 0000 1010 0000 -9 000 -999 -999 -999 -999 -999 -999
IBTr 06S DAISY     940114 1800 215S 0450E -99 -99 0000 1010 0000 -9 000 -999 -999 -999 -999 -999 -999
IBTr 06S DAISY     940115 0000 219S 0442E -99 -99 0000 1010 0000 -9 000 -999 -999 -999 -999 -999 -999
IBTr 06S DAISY     940115 0600 225S 0434E -99 -99 0997 1010 0100 15 010 -999 -999 -999 -999 -999 -999
IBTr 06S DAISY     940115 1200 226S 0431E -99 -99 0992 1010 0110 18 011 -999 -999 -999 -999 -999 -999
IBTr 06S DAISY     940115 1800 231S 0431E -99 -99 0992 1010 0110 18 011 -999 -999 -999 -999 -999 -999
IBTr 06S DAISY     940116 0000 237S 0434E -99 -99 0992 1010 0110 18 011 -999 -999 -999 -999 -999 -999
IBTr 06S DAISY     940116 0600 241S 0436E -99 -99 0995 1010 0110 15 011 -999 -999 -999 -999 -999 -999
IBTr 06S DAISY     940116 1200 245S 0440E -99 -99 0000 1010 0000 -9 000 -999 -999 -999 -999 -999 -999
IBTr 06S DAISY     940116 1800 243S 0440E -99 -99 0000 1010 0000 -9 000 -999 -999 -999 -999 -999 -999
IBTr 06S DAISY     940117 0000 235S 0439E -99 -99 0000 1010 0000 -9 000 -999 -999 -999 -999 -999 -999
