IBTr 06W SHARON    940618 0000 60N  1520E -99 -99 -999 1010 0000 07 000 -999 -999 -999 -999 -999 -999
IBTr 06W SHARON    940618 0600 62N  1506E -99 -99 -999 1010 0000 07 000 -999 -999 -999 -999 -999 -999
IBTr 06W SHARON    940618 1200 64N  1492E -99 -99 -999 1010 0000 10 000 -999 -999 -999 -999 -999 -999
IBTr 06W SHARON    940618 1800 66N  1478E -99 -99 -999 1010 0000 10 000 -999 -999 -999 -999 -999 -999
IBTr 06W SHARON    940619 0000 68N  1463E -99 -99 -999 1010 0000 10 000 -999 -999 -999 -999 -999 -999
IBTr 06W SHARON    940619 0600 70N  1448E -99 -99 -999 1010 0000 10 000 -999 -999 -999 -999 -999 -999
IBTr 06W SHARON    940619 1200 73N  1433E -99 -99 -999 1010 0000 10 000 -999 -999 -999 -999 -999 -999
IBTr 06W SHARON    940619 1800 77N  1418E -99 -99 -999 1010 0000 10 000 -999 -999 -999 -999 -999 -999
IBTr 06W SHARON    940620 0000 82N  1403E -99 -99 -999 1010 0000 10 000 -999 -999 -999 -999 -999 -999
IBTr 06W SHARON    940620 0600 88N  1389E -99 -99 -999 1010 0000 10 000 -999 -999 -999 -999 -999 -999
IBTr 06W SHARON    940620 1200 95N  1375E -99 -99 -999 1010 0000 10 000 -999 -999 -999 -999 -999 -999
IBTr 06W SHARON    940620 1800 102N 1361E -99 -99 -999 1010 0000 10 000 -999 -999 -999 -999 -999 -999
IBTr 06W SHARON    940621 0000 108N 1348E -99 -99 1006 1010 0090 10 009 -999 -999 -999 -999 -999 -999
IBTr 06W SHARON    940621 0600 112N 1335E -99 -99 1004 1010 0090 12 009 -999 -999 -999 -999 -999 -999
IBTr 06W SHARON    940621 1200 115N 1319E -99 -99 1004 1010 0090 12 009 -999 -999 -999 -999 -999 -999
IBTr 06W SHARON    940621 1800 118N 1302E -99 -99 1004 1010 0090 12 009 -999 -999 -999 -999 -999 -999
IBTr 06W SHARON    940622 0000 121N 1284E -99 -99 1004 1010 0090 10 009 -999 -999 -999 -999 -999 -999
IBTr 06W SHARON    940622 0600 129N 1265E -99 -99 1004 1010 0090 10 009 -999 -999 -999 -999 -999 -999
IBTr 06W SHARON    940622 1200 137N 1245E -99 -99 1004 1010 0090 10 009 -999 -999 -999 -999 -999 -999
IBTr 06W SHARON    940622 1800 142N 1226E -99 -99 1004 1010 0090 10 009 -999 -999 -999 -999 -999 -999
IBTr 06W SHARON    940623 0000 148N 1208E -99 -99 1004 1010 0090 12 009 -999 -999 -999 -999 -999 -999
IBTr 06W SHARON    940623 0600 156N 1194E -99 -99 1002 1010 0090 15 009 -999 -999 -999 -999 -999 -999
IBTr 06W SHARON    940623 1200 164N 1179E -99 -99 1002 1010 0090 18 009 -999 -999 -999 -999 -999 -999
IBTr 06W SHARON    940623 1800 172N 1163E -99 -99 1000 1010 0100 18 010 -999 -999 -999 -999 -999 -999
IBTr 06W SHARON    940624 0000 181N 1146E -99 -99 0998 1010 0100 18 010 -999 -999 -999 -999 -999 -999
IBTr 06W SHARON    940624 0600 190N 1134E -99 -99 0996 1010 0100 20 010 -999 -999 -999 -999 -999 -999
IBTr 06W SHARON    940624 1200 199N 1125E -99 -99 0996 1010 0110 20 011 -999 -999 -999 -999 -999 -999
IBTr 06W SHARON    940624 1800 206N 1119E -99 -99 0996 1010 0110 18 011 -999 -999 -999 -999 -999 -999
IBTr 06W SHARON    940625 0000 216N 1117E -99 -99 0998 1010 0100 18 010 -999 -999 -999 -999 -999 -999
IBTr 06W SHARON    940625 0600 228N 1114E -99 -99 1000 1010 0100 12 010 -999 -999 -999 -999 -999 -999
IBTr 06W SHARON    940625 1200 243N 1111E -99 -99 1000 1010 0100 10 010 -999 -999 -999 -999 -999 -999
IBTr 06W SHARON    940625 1800 248N 1106E -99 -99 -999 1010 0000 07 000 -999 -999 -999 -999 -999 -999
