IBTr 06E FABIO     940719 0000 131N 1251W -99 -99 1011 1011 0080 12 008 -999 -999 -999 -999 -999 -999
IBTr 06E FABIO     940719 0600 133N 1260W -99 -99 1008 1010 0080 15 008 -999 -999 -999 -999 -999 -999
IBTr 06E FABIO     940719 1200 137N 1270W -99 -99 1005 1010 0090 18 009 -999 -999 -999 -999 -999 -999
IBTr 06E FABIO     940719 1800 141N 1279W -99 -99 1002 1010 0090 20 009 -999 -999 -999 -999 -999 -999
IBTr 06E FABIO     940720 0000 146N 1289W -99 -99 1003 1010 0090 18 009 -999 -999 -999 -999 -999 -999
IBTr 06E FABIO     940720 0600 149N 1300W -99 -99 1004 1010 0090 18 009 -999 -999 -999 -999 -999 -999
IBTr 06E FABIO     940720 1200 153N 1311W -99 -99 1005 1010 0090 18 009 -999 -999 -999 -999 -999 -999
IBTr 06E FABIO     940720 1800 155N 1323W -99 -99 1007 1010 0090 15 009 -999 -999 -999 -999 -999 -999
IBTr 06E FABIO     940721 0000 157N 1334W -99 -99 1008 1010 0080 15 008 -999 -999 -999 -999 -999 -999
IBTr 06E FABIO     940721 0600 158N 1347W -99 -99 1008 1010 0080 15 008 -999 -999 -999 -999 -999 -999
IBTr 06E FABIO     940721 1200 158N 1360W -99 -99 1008 1010 0080 12 008 -999 -999 -999 -999 -999 -999
IBTr 06E FABIO     940721 1800 160N 1375W -99 -99 1008 1010 0080 12 008 -999 -999 -999 -999 -999 -999
IBTr 06E FABIO     940722 0000 162N 1391W -99 -99 1008 1010 0080 12 008 -999 -999 -999 -999 -999 -999
IBTr 06E FABIO     940722 0600 165N 1408W -99 -99 1008 1010 0080 12 008 -999 -999 -999 -999 -999 -999
IBTr 06E FABIO     940722 1200 166N 1425W -99 -99 1008 1010 0090 12 009 -999 -999 -999 -999 -999 -999
IBTr 06E FABIO     940722 1800 166N 1443W -99 -99 1008 1010 0090 12 009 -999 -999 -999 -999 -999 -999
IBTr 06E FABIO     940723 0000 166N 1463W -99 -99 1008 1010 0080 12 008 -999 -999 -999 -999 -999 -999
IBTr 06E FABIO     940723 0600 166N 1481W -99 -99 1008 1010 0080 12 008 -999 -999 -999 -999 -999 -999
IBTr 06E FABIO     940723 1200 167N 1499W -99 -99 1009 1010 0080 12 008 -999 -999 -999 -999 -999 -999
IBTr 06E FABIO     940723 1800 165N 1518W -99 -99 1010 1010 0080 12 008 -999 -999 -999 -999 -999 -999
IBTr 06E FABIO     940724 0000 168N 1534W -99 -99 1010 1010 0080 12 008 -999 -999 -999 -999 -999 -999
