IBTr 09E HECTOR    940807 0000 187N 1078W -99 -99 1009 1010 0080 12 008 -999 -999 -999 -999 -999 -999
IBTr 09E HECTOR    940807 0600 191N 1083W -99 -99 1008 1010 0090 15 009 -999 -999 -999 -999 -999 -999
IBTr 09E HECTOR    940807 1200 196N 1090W -99 -99 1005 1010 0090 18 009 -999 -999 -999 -999 -999 -999
IBTr 09E HECTOR    940807 1800 200N 1096W -99 -99 1002 1010 0100 20 010 -999 -999 -999 -999 -999 -999
IBTr 09E HECTOR    940808 0000 207N 1102W -99 -99 1000 1010 0100 23 010 -999 -999 -999 -999 -999 -999
IBTr 09E HECTOR    940808 0600 213N 1110W -99 -99 0998 1010 0100 25 010 -999 -999 -999 -999 -999 -999
IBTr 09E HECTOR    940808 1200 219N 1117W -99 -99 0993 1010 0110 28 011 -999 -999 -999 -999 -999 -999
IBTr 09E HECTOR    940808 1800 226N 1126W -99 -99 0998 1010 0100 25 010 -999 -999 -999 -999 -999 -999
IBTr 09E HECTOR    940809 0000 234N 1137W -99 -99 1002 1010 0100 23 010 -999 -999 -999 -999 -999 -999
IBTr 09E HECTOR    940809 0600 241N 1147W -99 -99 1006 1010 0090 20 009 -999 -999 -999 -999 -999 -999
IBTr 09E HECTOR    940809 1200 244N 1158W -99 -99 1009 1010 0090 15 009 -999 -999 -999 -999 -999 -999
IBTr 09E HECTOR    940809 1800 248N 1169W -99 -99 1009 1010 0090 12 009 -999 -999 -999 -999 -999 -999
