IBTr 19S NADIA     940316 1800 143S 0780E -99 -99 1000 1010 0100 12 010 -999 -999 -999 -999 -999 -999
IBTr 19S NADIA     940317 0000 138S 0782E -99 -99 1000 1010 0100 12 010 -999 -999 -999 -999 -999 -999
IBTr 19S NADIA     940317 0600 135S 0773E -99 -99 1000 1010 0100 12 010 -999 -999 -999 -999 -999 -999
IBTr 19S NADIA     940317 1200 133S 0754E -99 -99 1000 1010 0100 12 010 -999 -999 -999 -999 -999 -999
IBTr 19S NADIA     940317 1800 131S 0738E -99 -99 1000 1010 0100 12 010 -999 -999 -999 -999 -999 -999
IBTr 19S NADIA     940318 0000 129S 0724E -99 -99 1000 1010 0100 12 010 -999 -999 -999 -999 -999 -999
IBTr 19S NADIA     940318 0600 127S 0712E -99 -99 1000 1010 0100 12 010 -999 -999 -999 -999 -999 -999
IBTr 19S NADIA     940318 1200 125S 0700E -99 -99 1000 1010 0100 12 010 -999 -999 -999 -999 -999 -999
IBTr 19S NADIA     940318 1800 123S 0689E -99 -99 1000 1010 0100 12 010 -999 -999 -999 -999 -999 -999
IBTr 19S NADIA     940319 0000 121S 0679E -99 -99 1000 1010 0100 12 010 -999 -999 -999 -999 -999 -999
IBTr 19S NADIA     940319 0600 119S 0670E -99 -99 0997 1010 0100 14 010 -999 -999 -999 -999 -999 -999
IBTr 19S NADIA     940319 1200 118S 0661E -99 -99 0995 1010 0100 15 010 -999 -999 -999 -999 -999 -999
IBTr 19S NADIA     940319 1800 117S 0650E -99 -99 0992 1010 0110 18 011 -999 -999 -999 -999 -999 -999
IBTr 19S NADIA     940320 0000 117S 0639E -99 -99 0988 1010 0110 20 011 -999 -999 -999 -999 -999 -999
IBTr 19S NADIA     940320 0600 118S 0629E -99 -99 0984 1010 0120 23 012 -999 -999 -999 -999 -999 -999
IBTr 19S NADIA     940320 1200 119S 0620E -99 -99 0978 1010 0120 25 012 -999 -999 -999 -999 -999 -999
IBTr 19S NADIA     940320 1800 121S 0609E -99 -99 0970 1010 0130 30 013 -999 -999 -999 -999 -999 -999
IBTr 19S NADIA     940321 0000 123S 0598E -99 -99 0962 1010 0130 33 013 -999 -999 -999 -999 -999 -999
IBTr 19S NADIA     940321 0600 125S 0587E -99 -99 0955 1010 0130 36 013 -999 -999 -999 -999 -999 -999
IBTr 19S NADIA     940321 1200 127S 0576E -99 -99 0945 1010 0130 41 013 -999 -999 -999 -999 -999 -999
IBTr 19S NADIA     940321 1800 128S 0565E -99 -99 0935 1010 0120 43 012 -999 -999 -999 -999 -999 -999
IBTr 19S NADIA     940322 0000 128S 0554E -99 -99 0925 1010 0100 48 010 -999 -999 -999 -999 -999 -999
IBTr 19S NADIA     940322 0600 130S 0542E -99 -99 0925 1010 0100 48 010 -999 -999 -999 -999 -999 -999
IBTr 19S NADIA     940322 1200 130S 0529E -99 -99 0925 1010 0100 48 010 -999 -999 -999 -999 -999 -999
IBTr 19S NADIA     940322 1800 130S 0515E -99 -99 0930 1010 0110 46 011 -999 -999 -999 -999 -999 -999
IBTr 19S NADIA     940323 0000 131S 0501E -99 -99 0940 1010 0120 42 012 -999 -999 -999 -999 -999 -999
IBTr 19S NADIA     940323 0600 133S 0485E -99 -99 0000 1010 0000 -9 000 -999 -999 -999 -999 -999 -999
IBTr 19S NADIA     940323 1200 135S 0469E -99 -99 0992 1010 0110 18 011 -999 -999 -999 -999 -999 -999
IBTr 19S NADIA     940323 1800 139S 0455E -99 -99 0986 1010 0120 21 012 -999 -999 -999 -999 -999 -999
IBTr 19S NADIA     940324 0000 142S 0443E -99 -99 0980 1010 0120 24 012 -999 -999 -999 -999 -999 -999
IBTr 19S NADIA     940324 0600 143S 0431E -99 -99 0976 1010 0130 26 013 -999 -999 -999 -999 -999 -999
IBTr 19S NADIA     940324 1200 144S 0419E -99 -99 0972 1010 0130 28 013 -999 -999 -999 -999 -999 -999
IBTr 19S NADIA     940324 1800 146S 0407E -99 -99 0000 1010 0000 -9 000 -999 -999 -999 -999 -999 -999
IBTr 19S NADIA     940325 0000 148S 0396E -99 -99 0000 1010 0000 -9 000 -999 -999 -999 -999 -999 -999
IBTr 19S NADIA     940325 0600 152S 0385E -99 -99 0000 1010 0000 -9 000 -999 -999 -999 -999 -999 -999
IBTr 19S NADIA     940325 1200 156S 0374E -99 -99 0000 1010 0000 -9 000 -999 -999 -999 -999 -999 -999
IBTr 19S NADIA     940325 1800 162S 0367E -99 -99 0000 1010 0000 -9 000 -999 -999 -999 -999 -999 -999
IBTr 19S NADIA     940326 0000 168S 0363E -99 -99 0000 1010 0000 -9 000 -999 -999 -999 -999 -999 -999
IBTr 19S NADIA     940326 0600 174S 0360E -99 -99 0000 1010 0000 -9 000 -999 -999 -999 -999 -999 -999
IBTr 19S NADIA     940326 1200 179S 0360E -99 -99 0000 1010 0000 -9 000 -999 -999 -999 -999 -999 -999
IBTr 19S NADIA     940326 1800 184S 0360E -99 -99 0000 1010 0000 -9 000 -999 -999 -999 -999 -999 -999
IBTr 19S NADIA     940327 0000 190S 0360E -99 -99 1002 1010 0100 12 010 -999 -999 -999 -999 -999 -999
IBTr 19S NADIA     940327 0600 195S 0361E -99 -99 1000 1010 0100 12 010 -999 -999 -999 -999 -999 -999
IBTr 19S NADIA     940327 1200 200S 0363E -99 -99 1000 1010 0100 12 010 -999 -999 -999 -999 -999 -999
IBTr 19S NADIA     940327 1800 204S 0365E -99 -99 0995 1010 0110 15 011 -999 -999 -999 -999 -999 -999
IBTr 19S NADIA     940328 0000 206S 0367E -99 -99 0992 1010 0110 18 011 -999 -999 -999 -999 -999 -999
IBTr 19S NADIA     940328 0600 206S 0369E -99 -99 0988 1010 0120 20 012 -999 -999 -999 -999 -999 -999
IBTr 19S NADIA     940328 1200 203S 0370E -99 -99 0984 1010 0120 23 012 -999 -999 -999 -999 -999 -999
IBTr 19S NADIA     940328 1800 201S 0372E -99 -99 0984 1010 0120 23 012 -999 -999 -999 -999 -999 -999
IBTr 19S NADIA     940329 0000 199S 0374E -99 -99 0984 1010 0120 23 012 -999 -999 -999 -999 -999 -999
IBTr 19S NADIA     940329 0600 196S 0376E -99 -99 0984 1010 0120 23 012 -999 -999 -999 -999 -999 -999
IBTr 19S NADIA     940329 1200 194S 0380E -99 -99 0988 1010 0120 20 012 -999 -999 -999 -999 -999 -999
IBTr 19S NADIA     940329 1800 192S 0383E -99 -99 0988 1010 0120 20 012 -999 -999 -999 -999 -999 -999
IBTr 19S NADIA     940330 0000 189S 0386E -99 -99 0988 1010 0120 20 012 -999 -999 -999 -999 -999 -999
IBTr 19S NADIA     940330 0600 188S 0390E -99 -99 0988 1010 0120 20 012 -999 -999 -999 -999 -999 -999
IBTr 19S NADIA     940330 1200 187S 0393E -99 -99 0992 1010 0110 18 011 -999 -999 -999 -999 -999 -999
IBTr 19S NADIA     940330 1800 187S 0398E -99 -99 0992 1010 0110 18 011 -999 -999 -999 -999 -999 -999
IBTr 19S NADIA     940331 0000 188S 0401E -99 -99 0992 1010 0110 18 011 -999 -999 -999 -999 -999 -999
IBTr 19S NADIA     940331 0600 189S 0405E -99 -99 0992 1010 0110 18 011 -999 -999 -999 -999 -999 -999
IBTr 19S NADIA     940331 1200 190S 0408E -99 -99 0992 1010 0110 18 011 -999 -999 -999 -999 -999 -999
IBTr 19S NADIA     940331 1800 191S 0409E -99 -99 0992 1010 0110 18 011 -999 -999 -999 -999 -999 -999
IBTr 19S NADIA     940401 0000 193S 0409E -99 -99 0995 1010 0110 15 011 -999 -999 -999 -999 -999 -999
IBTr 19S NADIA     940401 0600 196S 0409E -99 -99 0995 1010 0110 15 011 -999 -999 -999 -999 -999 -999
IBTr 19S NADIA     940401 1200 199S 0407E -99 -99 1000 1010 0100 12 010 -999 -999 -999 -999 -999 -999
IBTr 19S NADIA     940401 1800 202S 0404E -99 -99 -999 1010 0000 -9 000 -999 -999 -999 -999 -999 -999
IBTr 19S NADIA     940402 0000 205S 0400E -99 -99 -999 1010 0000 -9 000 -999 -999 -999 -999 -999 -999
