IBTr 19E NORMAN    940919 0600 158N 1110W -99 -99 1009 1010 0080 12 008 -999 -999 -999 -999 -999 -999
IBTr 19E NORMAN    940919 1200 164N 1123W -99 -99 1008 1010 0080 12 008 -999 -999 -999 -999 -999 -999
IBTr 19E NORMAN    940919 1800 173N 1135W -99 -99 1007 1010 0090 15 009 -999 -999 -999 -999 -999 -999
IBTr 19E NORMAN    940920 0000 181N 1147W -99 -99 1006 1010 0090 18 009 -999 -999 -999 -999 -999 -999
IBTr 19E NORMAN    940920 0600 187N 1157W -99 -99 1005 1010 0090 18 009 -999 -999 -999 -999 -999 -999
IBTr 19E NORMAN    940920 1200 193N 1166W -99 -99 1004 1010 0090 18 009 -999 -999 -999 -999 -999 -999
IBTr 19E NORMAN    940920 1800 197N 1172W -99 -99 1005 1010 0090 18 009 -999 -999 -999 -999 -999 -999
IBTr 19E NORMAN    940921 0000 202N 1176W -99 -99 1006 1010 0090 18 009 -999 -999 -999 -999 -999 -999
IBTr 19E NORMAN    940921 0600 207N 1179W -99 -99 1007 1010 0090 15 009 -999 -999 -999 -999 -999 -999
IBTr 19E NORMAN    940921 1200 212N 1182W -99 -99 1009 1010 0080 15 008 -999 -999 -999 -999 -999 -999
IBTr 19E NORMAN    940921 1800 219N 1182W -99 -99 1010 1010 0080 15 008 -999 -999 -999 -999 -999 -999
IBTr 19E NORMAN    940922 0000 226N 1182W -99 -99 1011 1011 0080 12 008 -999 -999 -999 -999 -999 -999
