IBTr 11W WALT      940711 0000 54N  1386E -99 -99 -999 1010 0000 07 000 -999 -999 -999 -999 -999 -999
IBTr 11W WALT      940711 0600 57N  1376E -99 -99 -999 1010 0000 07 000 -999 -999 -999 -999 -999 -999
IBTr 11W WALT      940711 1200 60N  1366E -99 -99 -999 1010 0000 07 000 -999 -999 -999 -999 -999 -999
IBTr 11W WALT      940711 1800 63N  1356E -99 -99 -999 1010 0000 10 000 -999 -999 -999 -999 -999 -999
IBTr 11W WALT      940712 0000 66N  1346E -99 -99 -999 1010 0000 10 000 -999 -999 -999 -999 -999 -999
IBTr 11W WALT      940712 0600 70N  1336E -99 -99 -999 1010 0000 10 000 -999 -999 -999 -999 -999 -999
IBTr 11W WALT      940712 1200 74N  1327E -99 -99 -999 1010 0000 10 000 -999 -999 -999 -999 -999 -999
IBTr 11W WALT      940712 1800 79N  1318E -99 -99 -999 1010 0000 10 000 -999 -999 -999 -999 -999 -999
IBTr 11W WALT      940713 0000 84N  1309E -99 -99 -999 1010 0000 10 000 -999 -999 -999 -999 -999 -999
IBTr 11W WALT      940713 0600 89N  1302E -99 -99 -999 1010 0000 10 000 -999 -999 -999 -999 -999 -999
IBTr 11W WALT      940713 1200 94N  1295E -99 -99 -999 1010 0000 10 000 -999 -999 -999 -999 -999 -999
IBTr 11W WALT      940713 1800 99N  1289E -99 -99 -999 1010 0000 10 000 -999 -999 -999 -999 -999 -999
IBTr 11W WALT      940714 0000 107N 1287E -99 -99 1004 1010 0090 10 009 -999 -999 -999 -999 -999 -999
IBTr 11W WALT      940714 0600 112N 1280E -99 -99 1004 1010 0090 10 009 -999 -999 -999 -999 -999 -999
IBTr 11W WALT      940714 1200 121N 1271E -99 -99 1004 1010 0090 12 009 -999 -999 -999 -999 -999 -999
IBTr 11W WALT      940714 1800 129N 1265E -99 -99 1004 1010 0090 12 009 -999 -999 -999 -999 -999 -999
IBTr 11W WALT      940715 0000 135N 1259E -99 -99 1004 1010 0090 12 009 -999 -999 -999 -999 -999 -999
IBTr 11W WALT      940715 0600 141N 1253E -99 -99 1004 1010 0090 12 009 -999 -999 -999 -999 -999 -999
IBTr 11W WALT      940715 1200 144N 1247E -99 -99 1004 1010 0090 15 009 -999 -999 -999 -999 -999 -999
IBTr 11W WALT      940715 1800 148N 1243E -99 -99 1002 1010 0090 15 009 -999 -999 -999 -999 -999 -999
IBTr 11W WALT      940716 0000 150N 1245E -99 -99 1004 1010 0090 18 009 -999 -999 -999 -999 -999 -999
IBTr 11W WALT      940716 0600 152N 1250E -99 -99 1002 1010 0090 20 009 -999 -999 -999 -999 -999 -999
IBTr 11W WALT      940716 1200 152N 1254E -99 -99 1000 1010 0100 18 010 -999 -999 -999 -999 -999 -999
IBTr 11W WALT      940716 1800 153N 1259E -99 -99 0996 1010 0100 18 010 -999 -999 -999 -999 -999 -999
IBTr 11W WALT      940717 0000 156N 1270E -99 -99 0990 1010 0110 23 011 -999 -999 -999 -999 -999 -999
IBTr 11W WALT      940717 0600 161N 1279E -99 -99 0985 1010 0120 25 012 -999 -999 -999 -999 -999 -999
IBTr 11W WALT      940717 1200 165N 1287E -99 -99 0980 1010 0120 28 012 -999 -999 -999 -999 -999 -999
IBTr 11W WALT      940717 1800 170N 1296E -99 -99 0975 1010 0130 30 013 -999 -999 -999 -999 -999 -999
IBTr 11W WALT      940718 0000 178N 1302E -99 -99 0970 1010 0130 33 013 -999 -999 -999 -999 -999 -999
IBTr 11W WALT      940718 0600 187N 1310E -99 -99 0960 1010 0140 36 014 -999 -999 -999 -999 -999 -999
IBTr 11W WALT      940718 1200 195N 1314E -99 -99 0955 1010 0140 38 014 -999 -999 -999 -999 -999 -999
IBTr 11W WALT      940718 1800 201N 1318E -99 -99 0950 1010 0130 41 013 -999 -999 -999 -999 -999 -999
IBTr 11W WALT      940719 0000 209N 1324E -99 -99 0940 1010 0130 43 013 -999 -999 -999 -999 -999 -999
IBTr 11W WALT      940719 0600 216N 1331E -99 -99 0930 1010 0120 46 012 -999 -999 -999 -999 -999 -999
IBTr 11W WALT      940719 1200 224N 1338E -99 -99 0925 1010 0110 48 011 -999 -999 -999 -999 -999 -999
IBTr 11W WALT      940719 1800 231N 1345E -99 -99 0915 1010 0090 51 009 -999 -999 -999 -999 -999 -999
IBTr 11W WALT      940720 0000 238N 1355E -99 -99 0915 1010 0090 51 009 -999 -999 -999 -999 -999 -999
IBTr 11W WALT      940720 0600 247N 1364E -99 -99 0915 1010 0090 51 009 -999 -999 -999 -999 -999 -999
IBTr 11W WALT      940720 1200 254N 1373E -99 -99 0920 1010 0100 51 010 -999 -999 -999 -999 -999 -999
IBTr 11W WALT      940720 1800 262N 1378E -99 -99 0930 1010 0120 48 012 -999 -999 -999 -999 -999 -999
IBTr 11W WALT      940721 0000 270N 1380E -99 -99 0945 1010 0130 43 013 -999 -999 -999 -999 -999 -999
IBTr 11W WALT      940721 0600 277N 1380E -99 -99 0955 1010 0140 38 014 -999 -999 -999 -999 -999 -999
IBTr 11W WALT      940721 1200 284N 1379E -99 -99 0960 1010 0140 36 014 -999 -999 -999 -999 -999 -999
IBTr 11W WALT      940721 1800 291N 1375E -99 -99 0965 1010 0140 36 014 -999 -999 -999 -999 -999 -999
IBTr 11W WALT      940722 0000 294N 1365E -99 -99 0970 1010 0140 33 014 -999 -999 -999 -999 -999 -999
IBTr 11W WALT      940722 0300 296N 1360E -99 -99 0970 1010 0140 33 014 -999 -999 -999 -999 -999 -999
IBTr 11W WALT      940722 0600 295N 1355E -99 -99 0970 1010 0140 33 014 -999 -999 -999 -999 -999 -999
IBTr 11W WALT      940722 0900 297N 1350E -99 -99 0970 1010 0140 33 014 -999 -999 -999 -999 -999 -999
IBTr 11W WALT      940722 1200 296N 1345E -99 -99 0970 1010 0140 33 014 -999 -999 -999 -999 -999 -999
IBTr 11W WALT      940722 1500 297N 1340E -99 -99 0970 1010 0140 33 014 -999 -999 -999 -999 -999 -999
IBTr 11W WALT      940722 1800 296N 1335E -99 -99 0975 1010 0130 30 013 -999 -999 -999 -999 -999 -999
IBTr 11W WALT      940722 2100 297N 1337E -99 -99 0975 1010 0130 30 013 -999 -999 -999 -999 -999 -999
IBTr 11W WALT      940723 0000 297N 1328E -99 -99 0975 1010 0130 30 013 -999 -999 -999 -999 -999 -999
IBTr 11W WALT      940723 0300 297N 1327E -99 -99 0975 1010 0130 30 013 -999 -999 -999 -999 -999 -999
IBTr 11W WALT      940723 0600 298N 1324E -99 -99 0975 1010 0140 30 014 -999 -999 -999 -999 -999 -999
IBTr 11W WALT      940723 0900 299N 1324E -99 -99 0975 1010 0140 30 014 -999 -999 -999 -999 -999 -999
IBTr 11W WALT      940723 1200 300N 1323E -99 -99 0980 1010 0130 28 013 -999 -999 -999 -999 -999 -999
IBTr 11W WALT      940723 1500 301N 1323E -99 -99 0980 1010 0130 28 013 -999 -999 -999 -999 -999 -999
IBTr 11W WALT      940723 1800 303N 1324E -99 -99 0980 1010 0130 28 013 -999 -999 -999 -999 -999 -999
IBTr 11W WALT      940723 2100 305N 1325E -99 -99 0980 1010 0130 28 013 -999 -999 -999 -999 -999 -999
IBTr 11W WALT      940724 0000 306N 1325E -99 -99 0980 1010 0130 28 013 -999 -999 -999 -999 -999 -999
IBTr 11W WALT      940724 0300 307N 1326E -99 -99 0980 1010 0130 28 013 -999 -999 -999 -999 -999 -999
IBTr 11W WALT      940724 0600 309N 1327E -99 -99 0980 1010 0130 28 013 -999 -999 -999 -999 -999 -999
IBTr 11W WALT      940724 0900 310N 1328E -99 -99 0980 1010 0130 28 013 -999 -999 -999 -999 -999 -999
IBTr 11W WALT      940724 1200 311N 1328E -99 -99 0980 1010 0130 28 013 -999 -999 -999 -999 -999 -999
IBTr 11W WALT      940724 1500 313N 1329E -99 -99 0980 1010 0130 28 013 -999 -999 -999 -999 -999 -999
IBTr 11W WALT      940724 1800 315N 1331E -99 -99 0980 1010 0130 28 013 -999 -999 -999 -999 -999 -999
IBTr 11W WALT      940724 2100 318N 1331E -99 -99 0980 1010 0130 28 013 -999 -999 -999 -999 -999 -999
IBTr 11W WALT      940725 0000 321N 1331E -99 -99 0980 1010 0130 28 013 -999 -999 -999 -999 -999 -999
IBTr 11W WALT      940725 0300 324N 1330E -99 -99 0985 1010 0130 25 013 -999 -999 -999 -999 -999 -999
IBTr 11W WALT      940725 0400 326N 1328E -99 -99 0985 1010 0130 25 013 -999 -999 -999 -999 -999 -999
IBTr 11W WALT      940725 0600 329N 1327E -99 -99 0985 1010 0130 23 013 -999 -999 -999 -999 -999 -999
IBTr 11W WALT      940725 0900 334N 1322E -99 -99 0990 1010 0120 23 012 -999 -999 -999 -999 -999 -999
IBTr 11W WALT      940725 1200 336N 1318E -99 -99 0992 1010 0120 20 012 -999 -999 -999 -999 -999 -999
IBTr 11W WALT      940725 1500 339N 1309E -99 -99 0994 1010 0110 18 011 -999 -999 -999 -999 -999 -999
IBTr 11W WALT      940725 1800 339N 1305E -99 -99 0994 1010 0110 18 011 -999 -999 -999 -999 -999 -999
IBTr 11W WALT      940725 2100 340N 1302E -99 -99 0996 1010 0110 -9 011 -999 -999 -999 -999 -999 -999
IBTr 11W WALT      940726 0000 339N 1300E -99 -99 0998 1010 0110 18 011 -999 -999 -999 -999 -999 -999
IBTr 11W WALT      940726 0600 340N 1298E -99 -99 0998 1010 0110 15 011 -999 -999 -999 -999 -999 -999
IBTr 11W WALT      940726 1200 340N 1296E -99 -99 0998 1010 0110 12 011 -999 -999 -999 -999 -999 -999
IBTr 11W WALT      940726 1800 340N 1294E -99 -99 0998 1010 0110 12 011 -999 -999 -999 -999 -999 -999
IBTr 11W WALT      940727 0000 339N 1286E -99 -99 1000 1010 0100 12 010 -999 -999 -999 -999 -999 -999
IBTr 11W WALT      940727 0600 338N 1277E -99 -99 1000 1010 0100 10 010 -999 -999 -999 -999 -999 -999
IBTr 11W WALT      940727 1200 337N 1273E -99 -99 1000 1010 0100 10 010 -999 -999 -999 -999 -999 -999
IBTr 11W WALT      940727 1800 336N 1270E -99 -99 1000 1010 0100 10 010 -999 -999 -999 -999 -999 -999
IBTr 11W WALT      940728 0000 335N 1270E -99 -99 1000 1010 0100 07 010 -999 -999 -999 -999 -999 -999
IBTr 11W WALT      940728 0600 335N 1272E -99 -99 1000 1010 0100 07 010 -999 -999 -999 -999 -999 -999
IBTr 11W WALT      940728 1200 335N 1270E -99 -99 1000 1010 0100 -9 010 -999 -999 -999 -999 -999 -999
IBTr 11W JOHN      940828 1200 222N 1792E -99 -99 0945 1010 0130 43 013 -999 -999 -999 -999 -999 -999
IBTr 11W JOHN      940828 1800 227N 1781E -99 -99 0945 1010 0130 43 013 -999 -999 -999 -999 -999 -999
IBTr 11W JOHN      940829 0000 233N 1771E -99 -99 0945 1010 0130 43 013 -999 -999 -999 -999 -999 -999
IBTr 11W JOHN      940829 0600 237N 1762E -99 -99 0945 1010 0130 43 013 -999 -999 -999 -999 -999 -999
IBTr 11W JOHN      940829 1200 242N 1754E -99 -99 0945 1010 0130 43 013 -999 -999 -999 -999 -999 -999
IBTr 11W JOHN      940829 1800 246N 1748E -99 -99 0950 1010 0140 41 014 -999 -999 -999 -999 -999 -999
IBTr 11W JOHN      940830 0000 250N 1743E -99 -99 0955 1010 0140 38 014 -999 -999 -999 -999 -999 -999
IBTr 11W JOHN      940830 0600 254N 1739E -99 -99 0960 1010 0140 36 014 -999 -999 -999 -999 -999 -999
IBTr 11W JOHN      940830 1200 259N 1736E -99 -99 0965 1010 0140 33 014 -999 -999 -999 -999 -999 -999
IBTr 11W JOHN      940830 1800 263N 1733E -99 -99 0970 1010 0140 33 014 -999 -999 -999 -999 -999 -999
IBTr 11W JOHN      940831 0000 267N 1730E -99 -99 0975 1010 0130 30 013 -999 -999 -999 -999 -999 -999
IBTr 11W JOHN      940831 0600 272N 1728E -99 -99 0975 1010 0130 30 013 -999 -999 -999 -999 -999 -999
IBTr 11W JOHN      940831 1200 275N 1730E -99 -99 0975 1010 0130 30 013 -999 -999 -999 -999 -999 -999
IBTr 11W JOHN      940831 1800 277N 1733E -99 -99 0980 1010 0130 28 013 -999 -999 -999 -999 -999 -999
IBTr 11W JOHN      940901 0000 277N 1735E -99 -99 0980 1010 0130 28 013 -999 -999 -999 -999 -999 -999
IBTr 11W JOHN      940901 0600 277N 1737E -99 -99 0985 1010 0120 25 012 -999 -999 -999 -999 -999 -999
IBTr 11W JOHN      940901 1200 275N 1741E -99 -99 0990 1010 0120 23 012 -999 -999 -999 -999 -999 -999
IBTr 11W JOHN      940901 1800 275N 1744E -99 -99 0996 1010 0110 20 011 -999 -999 -999 -999 -999 -999
IBTr 11W JOHN      940902 0000 275N 1748E -99 -99 0996 1010 0110 20 011 -999 -999 -999 -999 -999 -999
IBTr 11W JOHN      940902 0600 274N 1752E -99 -99 0996 1010 0110 20 011 -999 -999 -999 -999 -999 -999
IBTr 11W JOHN      940902 1200 273N 1757E -99 -99 0996 1010 0110 20 011 -999 -999 -999 -999 -999 -999
IBTr 11W JOHN      940902 1800 273N 1762E -99 -99 0996 1010 0110 20 011 -999 -999 -999 -999 -999 -999
IBTr 11W JOHN      940903 0000 271N 1766E -99 -99 0996 1010 0110 20 011 -999 -999 -999 -999 -999 -999
IBTr 11W JOHN      940903 0600 269N 1770E -99 -99 0996 1010 0110 20 011 -999 -999 -999 -999 -999 -999
IBTr 11W JOHN      940903 1200 268N 1773E -99 -99 0996 1010 0110 20 011 -999 -999 -999 -999 -999 -999
IBTr 11W JOHN      940903 1800 266N 1776E -99 -99 0996 1010 0110 20 011 -999 -999 -999 -999 -999 -999
IBTr 11W JOHN      940904 0000 264N 1780E -99 -99 0992 1010 0110 23 011 -999 -999 -999 -999 -999 -999
IBTr 11W JOHN      940904 0600 263N 1783E -99 -99 0992 1010 0110 23 011 -999 -999 -999 -999 -999 -999
IBTr 11W JOHN      940904 1200 261N 1785E -99 -99 0990 1010 0120 25 012 -999 -999 -999 -999 -999 -999
IBTr 11W JOHN      940904 1800 260N 1784E -99 -99 0990 1010 0120 25 012 -999 -999 -999 -999 -999 -999
IBTr 11W JOHN      940905 0000 260N 1781E -99 -99 0990 1010 0120 25 012 -999 -999 -999 -999 -999 -999
IBTr 11W JOHN      940905 0600 262N 1778E -99 -99 0990 1010 0120 25 012 -999 -999 -999 -999 -999 -999
IBTr 11W JOHN      940905 1200 263N 1775E -99 -99 0992 1010 0110 23 011 -999 -999 -999 -999 -999 -999
IBTr 11W JOHN      940905 1800 267N 1772E -99 -99 0992 1010 0110 23 011 -999 -999 -999 -999 -999 -999
IBTr 11W JOHN      940906 0000 271N 1768E -99 -99 0994 1010 0110 20 011 -999 -999 -999 -999 -999 -999
IBTr 11W JOHN      940906 0600 276N 1762E -99 -99 0994 1010 0110 20 011 -999 -999 -999 -999 -999 -999
IBTr 11W JOHN      940906 1200 280N 1756E -99 -99 0994 1010 0110 20 011 -999 -999 -999 -999 -999 -999
IBTr 11W JOHN      940906 1800 284N 1752E -99 -99 0994 1010 0110 20 011 -999 -999 -999 -999 -999 -999
IBTr 11W JOHN      940907 0000 289N 1751E -99 -99 0992 1010 0110 23 011 -999 -999 -999 -999 -999 -999
IBTr 11W JOHN      940907 0600 292N 1752E -99 -99 0992 1010 0120 23 012 -999 -999 -999 -999 -999 -999
IBTr 11W JOHN      940907 1200 294N 1757E -99 -99 0992 1010 0120 23 012 -999 -999 -999 -999 -999 -999
IBTr 11W JOHN      940907 1800 297N 1765E -99 -99 0990 1010 0120 23 012 -999 -999 -999 -999 -999 -999
IBTr 11W JOHN      940908 0000 300N 1774E -99 -99 0990 1010 0120 23 012 -999 -999 -999 -999 -999 -999
IBTr 11W JOHN      940908 0600 304N 1787E -99 -99 0990 1010 0120 23 012 -999 -999 -999 -999 -999 -999
IBTr 11W JOHN      940908 1200 310N 1798E -99 -99 0985 1010 0130 25 013 -999 -999 -999 -999 -999 -999
