IBTr 11L FLORENCE  941102 0000 227N 0470W -99 -99 1011 1011 0080 15 008 -999 -999 -999 -999 -999 -999
IBTr 11L FLORENCE  941102 0600 232N 0477W -99 -99 1010 1010 0080 18 008 -999 -999 -999 -999 -999 -999
IBTr 11L FLORENCE  941102 1200 238N 0482W -99 -99 1009 1010 0090 18 009 -999 -999 -999 -999 -999 -999
IBTr 11L FLORENCE  941102 1800 242N 0489W -99 -99 1008 1010 0090 18 009 -999 -999 -999 -999 -999 -999
IBTr 11L FLORENCE  941103 0000 245N 0499W -99 -99 1008 1010 0090 18 009 -999 -999 -999 -999 -999 -999
IBTr 11L FLORENCE  941103 0600 247N 0507W -99 -99 1008 1010 0090 15 009 -999 -999 -999 -999 -999 -999
IBTr 11L FLORENCE  941103 1200 250N 0514W -99 -99 1006 1010 0090 15 009 -999 -999 -999 -999 -999 -999
IBTr 11L FLORENCE  941103 1800 253N 0522W -99 -99 1005 1010 0090 15 009 -999 -999 -999 -999 -999 -999
IBTr 11L FLORENCE  941104 0000 260N 0526W -99 -99 1004 1010 0090 18 009 -999 -999 -999 -999 -999 -999
IBTr 11L FLORENCE  941104 0600 267N 0529W -99 -99 1003 1010 0100 20 010 -999 -999 -999 -999 -999 -999
IBTr 11L FLORENCE  941104 1200 273N 0534W -99 -99 0999 1010 0100 25 010 -999 -999 -999 -999 -999 -999
IBTr 11L FLORENCE  941104 1800 281N 0540W -99 -99 0990 1010 0120 33 012 -999 -999 -999 -999 -999 -999
IBTr 11L FLORENCE  941105 0000 288N 0546W -99 -99 0987 1010 0120 33 012 -999 -999 -999 -999 -999 -999
IBTr 11L FLORENCE  941105 0600 294N 0551W -99 -99 0986 1010 0120 33 012 -999 -999 -999 -999 -999 -999
IBTr 11L FLORENCE  941105 1200 300N 0557W -99 -99 0984 1010 0130 36 013 -999 -999 -999 -999 -999 -999
IBTr 11L FLORENCE  941105 1800 306N 0562W -99 -99 0981 1010 0130 38 013 -999 -999 -999 -999 -999 -999
IBTr 11L FLORENCE  941106 0000 313N 0567W -99 -99 0980 1010 0130 38 013 -999 -999 -999 -999 -999 -999
IBTr 11L FLORENCE  941106 0600 320N 0569W -99 -99 0980 1010 0130 38 013 -999 -999 -999 -999 -999 -999
IBTr 11L FLORENCE  941106 1200 326N 0570W -99 -99 0980 1010 0130 38 013 -999 -999 -999 -999 -999 -999
IBTr 11L FLORENCE  941106 1800 330N 0569W -99 -99 0982 1010 0130 33 013 -999 -999 -999 -999 -999 -999
IBTr 11L FLORENCE  941107 0000 333N 0565W -99 -99 0982 1010 0130 33 013 -999 -999 -999 -999 -999 -999
IBTr 11L FLORENCE  941107 0600 337N 0560W -99 -99 0981 1010 0130 36 013 -999 -999 -999 -999 -999 -999
IBTr 11L FLORENCE  941107 1200 344N 0548W -99 -99 0975 1010 0140 41 014 -999 -999 -999 -999 -999 -999
IBTr 11L FLORENCE  941107 1800 354N 0531W -99 -99 0972 1010 0140 46 014 -999 -999 -999 -999 -999 -999
IBTr 11L FLORENCE  941108 0000 370N 0499W -99 -99 0972 1010 0140 48 014 -999 -999 -999 -999 -999 -999
IBTr 11L FLORENCE  941108 0600 392N 0455W -99 -99 0974 1010 0140 48 014 -999 -999 -999 -999 -999 -999
IBTr 11L FLORENCE  941108 1200 418N 0407W -99 -99 0977 1010 0140 43 014 -999 -999 -999 -999 -999 -999
IBTr 11L FLORENCE  941108 1800 442N 0362W -99 -99 0982 1010 0140 38 014 -999 -999 -999 -999 -999 -999
