IBTr 13E UNNAMED   940812 0000 163N 1196W -99 -99 0000 1010 0000 15 000 -999 -999 -999 -999 -999 -999
IBTr 13E UNNAMED   940812 0600 164N 1199W -99 -99 0000 1010 0000 15 000 -999 -999 -999 -999 -999 -999
IBTr 13E UNNAMED   940812 1200 166N 1198W -99 -99 0000 1010 0000 15 000 -999 -999 -999 -999 -999 -999
IBTr 13E UNNAMED   940812 1800 170N 1195W -99 -99 0000 1010 0000 15 000 -999 -999 -999 -999 -999 -999
IBTr 13E UNNAMED   940813 0000 176N 1192W -99 -99 0000 1010 0000 15 000 -999 -999 -999 -999 -999 -999
IBTr 13E UNNAMED   940813 0600 181N 1191W -99 -99 0000 1010 0000 15 000 -999 -999 -999 -999 -999 -999
IBTr 13E UNNAMED   940813 1200 186N 1188W -99 -99 0000 1010 0000 15 000 -999 -999 -999 -999 -999 -999
IBTr 13E UNNAMED   940813 1800 193N 1181W -99 -99 0000 1010 0000 15 000 -999 -999 -999 -999 -999 -999
IBTr 13E UNNAMED   940814 0000 201N 1172W -99 -99 0000 1010 0000 15 000 -999 -999 -999 -999 -999 -999
IBTr 13E UNNAMED   940814 0600 216N 1168W -99 -99 0000 1010 0000 15 000 -999 -999 -999 -999 -999 -999
IBTr 13E UNNAMED   940814 1200 230N 1170W -99 -99 0000 1010 0000 15 000 -999 -999 -999 -999 -999 -999
IBTr 13E UNNAMED   940814 1800 242N 1179W -99 -99 0000 1010 0000 15 000 -999 -999 -999 -999 -999 -999
IBTr 13E UNNAMED   940815 0000 251N 1192W -99 -99 0000 1010 0000 12 000 -999 -999 -999 -999 -999 -999
IBTr 13E UNNAMED   940815 0600 253N 1211W -99 -99 0000 1010 0000 12 000 -999 -999 -999 -999 -999 -999
IBTr 13E UNNAMED   940815 1200 255N 1231W -99 -99 0000 1010 0000 12 000 -999 -999 -999 -999 -999 -999
