IBTr 10S GERALDA   940125 1200 110S 0780E -99 -99 -999 1010 0000 -9 000 -999 -999 -999 -999 -999 -999
IBTr 10S GERALDA   940125 1800 111S 0768E -99 -99 -999 1010 0000 -9 000 -999 -999 -999 -999 -999 -999
IBTr 10S GERALDA   940126 0000 112S 0756E -99 -99 -999 1010 0000 -9 000 -999 -999 -999 -999 -999 -999
IBTr 10S GERALDA   940126 0600 113S 0744E -99 -99 -999 1010 0000 -9 000 -999 -999 -999 -999 -999 -999
IBTr 10S GERALDA   940126 1200 115S 0732E -99 -99 -999 1010 0000 -9 000 -999 -999 -999 -999 -999 -999
IBTr 10S GERALDA   940126 1800 118S 0721E -99 -99 1000 1010 0100 12 010 -999 -999 -999 -999 -999 -999
IBTr 10S GERALDA   940127 0000 122S 0712E -99 -99 0995 1010 0100 15 010 -999 -999 -999 -999 -999 -999
IBTr 10S GERALDA   940127 0600 125S 0702E -99 -99 0992 1010 0110 18 011 -999 -999 -999 -999 -999 -999
IBTr 10S GERALDA   940127 1200 128S 0692E -99 -99 0990 1010 0110 19 011 -999 -999 -999 -999 -999 -999
IBTr 10S GERALDA   940127 1800 129S 0682E -99 -99 0988 1010 0110 20 011 -999 -999 -999 -999 -999 -999
IBTr 10S GERALDA   940128 0000 129S 0673E -99 -99 0985 1010 0120 22 012 -999 -999 -999 -999 -999 -999
IBTr 10S GERALDA   940128 0600 130S 0665E -99 -99 0985 1010 0120 22 012 -999 -999 -999 -999 -999 -999
IBTr 10S GERALDA   940128 1200 130S 0657E -99 -99 0980 1010 0120 24 012 -999 -999 -999 -999 -999 -999
IBTr 10S GERALDA   940128 1800 130S 0650E -99 -99 0976 1010 0130 26 013 -999 -999 -999 -999 -999 -999
IBTr 10S GERALDA   940129 0000 130S 0643E -99 -99 0972 1010 0130 28 013 -999 -999 -999 -999 -999 -999
IBTr 10S GERALDA   940129 0600 130S 0635E -99 -99 0968 1010 0130 30 013 -999 -999 -999 -999 -999 -999
IBTr 10S GERALDA   940129 1200 131S 0626E -99 -99 0964 1010 0130 31 013 -999 -999 -999 -999 -999 -999
IBTr 10S GERALDA   940129 1800 132S 0619E -99 -99 0956 1010 0130 36 013 -999 -999 -999 -999 -999 -999
IBTr 10S GERALDA   940130 0000 134S 0612E -99 -99 0950 1010 0130 38 013 -999 -999 -999 -999 -999 -999
IBTr 10S GERALDA   940130 0600 136S 0606E -99 -99 0942 1010 0120 41 012 -999 -999 -999 -999 -999 -999
IBTr 10S GERALDA   940130 1200 138S 0598E -99 -99 0935 1010 0120 43 012 -999 -999 -999 -999 -999 -999
IBTr 10S GERALDA   940130 1800 140S 0590E -99 -99 0930 1010 0110 46 011 -999 -999 -999 -999 -999 -999
IBTr 10S GERALDA   940131 0000 143S 0582E -99 -99 0925 1010 0110 48 011 -999 -999 -999 -999 -999 -999
IBTr 10S GERALDA   940131 0600 145S 0573E -99 -99 0915 1010 0090 51 009 -999 -999 -999 -999 -999 -999
IBTr 10S GERALDA   940131 1200 146S 0563E -99 -99 0910 1010 0080 54 008 -999 -999 -999 -999 -999 -999
IBTr 10S GERALDA   940131 1800 149S 0555E -99 -99 0905 1010 0070 56 007 -999 -999 -999 -999 -999 -999
IBTr 10S GERALDA   940201 0000 153S 0547E -99 -99 0905 1010 0070 56 007 -999 -999 -999 -999 -999 -999
IBTr 10S GERALDA   940201 0600 157S 0538E -99 -99 0905 1010 0070 56 007 -999 -999 -999 -999 -999 -999
IBTr 10S GERALDA   940201 1200 162S 0529E -99 -99 0910 1010 0080 54 008 -999 -999 -999 -999 -999 -999
IBTr 10S GERALDA   940201 1800 167S 0520E -99 -99 0915 1010 0090 51 009 -999 -999 -999 -999 -999 -999
IBTr 10S GERALDA   940202 0000 173S 0512E -99 -99 0915 1010 0090 51 009 -999 -999 -999 -999 -999 -999
IBTr 10S GERALDA   940202 0600 178S 0503E -99 -99 0925 1010 0110 48 011 -999 -999 -999 -999 -999 -999
IBTr 10S GERALDA   940202 1200 181S 0493E -99 -99 0000 1010 0000 -9 000 -999 -999 -999 -999 -999 -999
IBTr 10S GERALDA   940202 1800 184S 0485E -99 -99 0000 1010 0000 -9 000 -999 -999 -999 -999 -999 -999
IBTr 10S GERALDA   940203 0000 186S 0476E -99 -99 0000 1010 0000 -9 000 -999 -999 -999 -999 -999 -999
IBTr 10S GERALDA   940203 0600 189S 0467E -99 -99 0000 1010 0000 -9 000 -999 -999 -999 -999 -999 -999
IBTr 10S GERALDA   940203 1200 192S 0457E -99 -99 0000 1010 0000 -9 000 -999 -999 -999 -999 -999 -999
IBTr 10S GERALDA   940203 1800 196S 0450E -99 -99 0990 1010 0110 12 011 -999 -999 -999 -999 -999 -999
IBTr 10S GERALDA   940204 0000 202S 0448E -99 -99 0000 1010 0000 -9 000 -999 -999 -999 -999 -999 -999
IBTr 10S GERALDA   940204 0600 207S 0445E -99 -99 0000 1010 0000 -9 000 -999 -999 -999 -999 -999 -999
IBTr 10S GERALDA   940204 1200 213S 0442E -99 -99 0000 1010 0000 -9 000 -999 -999 -999 -999 -999 -999
IBTr 10S GERALDA   940204 1800 220S 0439E -99 -99 0000 1010 0000 -9 000 -999 -999 -999 -999 -999 -999
IBTr 10S GERALDA   940205 0000 228S 0437E -99 -99 0992 1010 0110 12 011 -999 -999 -999 -999 -999 -999
IBTr 10S GERALDA   940205 0600 239S 0434E -99 -99 0992 1010 0110 12 011 -999 -999 -999 -999 -999 -999
IBTr 10S GERALDA   940205 1200 247S 0434E -99 -99 0992 1010 0110 12 011 -999 -999 -999 -999 -999 -999
IBTr 10S GERALDA   940205 1800 250S 0435E -99 -99 0990 1010 0120 12 012 -999 -999 -999 -999 -999 -999
IBTr 10S GERALDA   940206 0000 255S 0438E -99 -99 0990 1010 0120 -9 012 -999 -999 -999 -999 -999 -999
IBTr 10S GERALDA   940206 0600 260S 0442E -99 -99 0992 1010 0110 -9 011 -999 -999 -999 -999 -999 -999
IBTr 10S GERALDA   940206 1200 265S 0447E -99 -99 0992 1010 0110 -9 011 -999 -999 -999 -999 -999 -999
IBTr 10S GERALDA   940206 1800 270S 0454E -99 -99 0993 1010 0110 -9 011 -999 -999 -999 -999 -999 -999
IBTr 10S GERALDA   940207 0000 276S 0461E -99 -99 0994 1010 0110 -9 011 -999 -999 -999 -999 -999 -999
IBTr 10S GERALDA   940207 0600 281S 0469E -99 -99 0996 1010 0110 -9 011 -999 -999 -999 -999 -999 -999
IBTr 10S GERALDA   940207 1200 285S 0477E -99 -99 0998 1010 0110 -9 011 -999 -999 -999 -999 -999 -999
IBTr 10S GERALDA   940207 1800 290S 0486E -99 -99 1000 1010 0100 -9 010 -999 -999 -999 -999 -999 -999
IBTr 10S GERALDA   940208 0000 294S 0496E -99 -99 1002 1010 0100 -9 010 -999 -999 -999 -999 -999 -999
IBTr 10S GERALDA   940208 0600 298S 0506E -99 -99 1002 1010 0100 -9 010 -999 -999 -999 -999 -999 -999
IBTr 10S GERALDA   940208 1200 302S 0518E -99 -99 0000 1010 0000 -9 000 -999 -999 -999 -999 -999 -999
IBTr 10S GERALDA   940208 1800 305S 0529E -99 -99 0000 1010 0000 -9 000 -999 -999 -999 -999 -999 -999
IBTr 10S GERALDA   940209 0000 309S 0541E -99 -99 0000 1010 0000 -9 000 -999 -999 -999 -999 -999 -999
IBTr 10S GERALDA   940209 0600 313S 0553E -99 -99 0000 1010 0000 -9 000 -999 -999 -999 -999 -999 -999
IBTr 10S GERALDA   940209 1200 317S 0564E -99 -99 0000 1010 0000 -9 000 -999 -999 -999 -999 -999 -999
