IBTr 18S SHARON    940312 0600 99S  1190E -99 -99 1005 1010 0090 09 009 -999 -999 -999 -999 -999 -999
IBTr 18S SHARON    940312 1200 99S  1181E -99 -99 1005 1010 0090 09 009 -999 -999 -999 -999 -999 -999
IBTr 18S SHARON    940312 1800 100S 1173E -99 -99 1000 1010 0100 13 010 -999 -999 -999 -999 -999 -999
IBTr 18S SHARON    940313 0000 100S 1166E -99 -99 1000 1010 0100 13 010 -999 -999 -999 -999 -999 -999
IBTr 18S SHARON    940313 0300 101S 1162E -99 -99 1000 1010 0100 13 010 -999 -999 -999 -999 -999 -999
IBTr 18S SHARON    940313 0600 103S 1159E -99 -99 1000 1010 0100 13 010 -999 -999 -999 -999 -999 -999
IBTr 18S SHARON    940313 0900 105S 1154E -99 -99 1000 1010 0100 13 010 -999 -999 -999 -999 -999 -999
IBTr 18S SHARON    940313 1200 107S 1152E -99 -99 0995 1010 0100 18 010 -999 -999 -999 -999 -999 -999
IBTr 18S SHARON    940313 1500 108S 1147E -99 -99 0995 1010 0100 18 010 -999 -999 -999 -999 -999 -999
IBTr 18S SHARON    940313 1800 111S 1147E -99 -99 0995 1010 0100 18 010 -999 -999 -999 -999 -999 -999
IBTr 18S SHARON    940313 2100 111S 1145E -99 -99 0990 1010 0110 21 011 -999 -999 -999 -999 -999 -999
IBTr 18S SHARON    940314 0000 116S 1145E -99 -99 0990 1010 0110 21 011 -999 -999 -999 -999 -999 -999
IBTr 18S SHARON    940314 0300 117S 1145E -99 -99 0990 1010 0110 21 011 -999 -999 -999 -999 -999 -999
IBTr 18S SHARON    940314 0600 122S 1142E -99 -99 0985 1010 0120 24 012 -999 -999 -999 -999 -999 -999
IBTr 18S SHARON    940314 0900 127S 1142E -99 -99 0980 1010 0120 27 012 -999 -999 -999 -999 -999 -999
IBTr 18S SHARON    940314 1200 130S 1139E -99 -99 0975 1010 0130 30 013 -999 -999 -999 -999 -999 -999
IBTr 18S SHARON    940314 1500 134S 1138E -99 -99 0970 1010 0130 33 013 -999 -999 -999 -999 -999 -999
IBTr 18S SHARON    940314 1800 136S 1136E -99 -99 0965 1010 0130 36 013 -999 -999 -999 -999 -999 -999
IBTr 18S SHARON    940314 2100 139S 1135E -99 -99 0960 1010 0130 39 013 -999 -999 -999 -999 -999 -999
IBTr 18S SHARON    940315 0000 142S 1135E -99 -99 0955 1010 0130 41 013 -999 -999 -999 -999 -999 -999
IBTr 18S SHARON    940315 0300 145S 1132E -99 -99 0950 1010 0130 43 013 -999 -999 -999 -999 -999 -999
IBTr 18S SHARON    940315 0600 150S 1131E -99 -99 0945 1010 0130 45 013 -999 -999 -999 -999 -999 -999
IBTr 18S SHARON    940315 0900 154S 1128E -99 -99 0935 1010 0120 49 012 -999 -999 -999 -999 -999 -999
IBTr 18S SHARON    940315 1200 159S 1129E -99 -99 0930 1010 0110 51 011 -999 -999 -999 -999 -999 -999
IBTr 18S SHARON    940315 1500 163S 1124E -99 -99 0935 1010 0120 49 012 -999 -999 -999 -999 -999 -999
IBTr 18S SHARON    940315 1800 166S 1126E -99 -99 0945 1010 0130 45 013 -999 -999 -999 -999 -999 -999
IBTr 18S SHARON    940315 2100 169S 1122E -99 -99 0950 1010 0130 43 013 -999 -999 -999 -999 -999 -999
IBTr 18S SHARON    940316 0000 172S 1124E -99 -99 0955 1010 0130 41 013 -999 -999 -999 -999 -999 -999
IBTr 18S SHARON    940316 0300 174S 1121E -99 -99 0960 1010 0130 39 013 -999 -999 -999 -999 -999 -999
IBTr 18S SHARON    940316 0600 178S 1121E -99 -99 0965 1010 0130 36 013 -999 -999 -999 -999 -999 -999
IBTr 18S SHARON    940316 0900 176S 1113E -99 -99 0970 1010 0130 33 013 -999 -999 -999 -999 -999 -999
IBTr 18S SHARON    940316 1200 181S 1112E -99 -99 0975 1010 0130 30 013 -999 -999 -999 -999 -999 -999
IBTr 18S SHARON    940316 1500 178S 1104E -99 -99 0980 1010 0120 27 012 -999 -999 -999 -999 -999 -999
IBTr 18S SHARON    940316 1800 184S 1102E -99 -99 0980 1010 0120 27 012 -999 -999 -999 -999 -999 -999
IBTr 18S SHARON    940316 2100 179S 1095E -99 -99 0985 1010 0120 24 012 -999 -999 -999 -999 -999 -999
IBTr 18S SHARON    940317 0000 186S 1095E -99 -99 0985 1010 0120 24 012 -999 -999 -999 -999 -999 -999
IBTr 18S SHARON    940317 0300 182S 1087E -99 -99 0985 1010 0120 24 012 -999 -999 -999 -999 -999 -999
IBTr 18S SHARON    940317 0600 188S 1089E -99 -99 0985 1010 0120 24 012 -999 -999 -999 -999 -999 -999
IBTr 18S SHARON    940317 0900 187S 1079E -99 -99 0985 1010 0120 24 012 -999 -999 -999 -999 -999 -999
IBTr 18S SHARON    940317 1200 192S 1082E -99 -99 0990 1010 0110 21 011 -999 -999 -999 -999 -999 -999
IBTr 18S SHARON    940317 1500 192S 1071E -99 -99 0990 1010 0110 21 011 -999 -999 -999 -999 -999 -999
IBTr 18S SHARON    940317 1800 197S 1073E -99 -99 0990 1010 0110 21 011 -999 -999 -999 -999 -999 -999
IBTr 18S SHARON    940317 2100 199S 1063E -99 -99 0995 1010 0110 18 011 -999 -999 -999 -999 -999 -999
IBTr 18S SHARON    940318 0000 205S 1061E -99 -99 0995 1010 0110 18 011 -999 -999 -999 -999 -999 -999
IBTr 18S SHARON    940318 0600 211S 1054E -99 -99 0995 1010 0110 18 011 -999 -999 -999 -999 -999 -999
IBTr 18S SHARON    940318 1200 215S 1049E -99 -99 0995 1010 0110 18 011 -999 -999 -999 -999 -999 -999
IBTr 18S SHARON    940318 1800 221S 1044E -99 -99 0995 1010 0110 18 011 -999 -999 -999 -999 -999 -999
IBTr 18S SHARON    940319 0000 227S 1041E -99 -99 1000 1010 0100 13 010 -999 -999 -999 -999 -999 -999
IBTr 18S SHARON    940319 0600 234S 1042E -99 -99 1000 1010 0100 13 010 -999 -999 -999 -999 -999 -999
IBTr 18S SHARON    940319 0900 235S 1043E -99 -99 1000 1010 0100 13 010 -999 -999 -999 -999 -999 -999
IBTr 18S SHARON    940319 1200 236S 1043E -99 -99 1000 1010 0100 13 010 -999 -999 -999 -999 -999 -999
IBTr 18S SHARON    940319 1500 238S 1042E -99 -99 1000 1010 0100 13 010 -999 -999 -999 -999 -999 -999
IBTr 18S SHARON    940319 1800 240S 1039E -99 -99 1000 1010 0100 13 010 -999 -999 -999 -999 -999 -999
IBTr 18S SHARON    940319 2100 242S 1039E -99 -99 1000 1010 0100 13 010 -999 -999 -999 -999 -999 -999
IBTr 18S SHARON    940320 0000 245S 1039E -99 -99 1000 1010 0100 13 010 -999 -999 -999 -999 -999 -999
IBTr 18S SHARON    940320 0600 255S 1039E -99 -99 1000 1010 0100 13 010 -999 -999 -999 -999 -999 -999
IBTr 18S SHARON    940320 1200 265S 1040E -99 -99 1005 1010 0090 09 009 -999 -999 -999 -999 -999 -999
IBTr 18S SHARON    940320 1800 273S 1044E -99 -99 1005 1010 0090 09 009 -999 -999 -999 -999 -999 -999
IBTr 18S SHARON    940321 0000 280S 1047E -99 -99 1005 1010 0090 09 009 -999 -999 -999 -999 -999 -999
IBTr 18S SHARON    940321 0600 296S 1056E -99 -99 1005 1010 0090 09 009 -999 -999 -999 -999 -999 -999
IBTr 18S SHARON    940321 1200 308S 1068E -99 -99 1005 1010 0100 09 010 -999 -999 -999 -999 -999 -999
IBTr 18S SHARON    940321 1800 316S 1085E -99 -99 1010 1010 0090 -9 009 -999 -999 -999 -999 -999 -999
IBTr 18S SHARON    940322 0000 322S 1106E -99 -99 1010 1010 0090 -9 009 -999 -999 -999 -999 -999 -999
