IBTr 10W ZEKE      940710 0000 79N  1405E -99 -99 -999 1010 0000 05 000 -999 -999 -999 -999 -999 -999
IBTr 10W ZEKE      940710 0600 80N  1400E -99 -99 -999 1010 0000 05 000 -999 -999 -999 -999 -999 -999
IBTr 10W ZEKE      940710 1200 81N  1395E -99 -99 -999 1010 0000 05 000 -999 -999 -999 -999 -999 -999
IBTr 10W ZEKE      940710 1800 82N  1390E -99 -99 -999 1010 0000 05 000 -999 -999 -999 -999 -999 -999
IBTr 10W ZEKE      940711 0000 83N  1385E -99 -99 -999 1010 0000 05 000 -999 -999 -999 -999 -999 -999
IBTr 10W ZEKE      940711 0600 84N  1380E -99 -99 -999 1010 0000 07 000 -999 -999 -999 -999 -999 -999
IBTr 10W ZEKE      940711 1200 85N  1375E -99 -99 -999 1010 0000 07 000 -999 -999 -999 -999 -999 -999
IBTr 10W ZEKE      940711 1800 86N  1370E -99 -99 -999 1010 0000 07 000 -999 -999 -999 -999 -999 -999
IBTr 10W ZEKE      940712 0000 87N  1365E -99 -99 -999 1010 0000 07 000 -999 -999 -999 -999 -999 -999
IBTr 10W ZEKE      940712 0600 88N  1360E -99 -99 -999 1010 0000 07 000 -999 -999 -999 -999 -999 -999
IBTr 10W ZEKE      940712 1200 89N  1355E -99 -99 -999 1010 0000 07 000 -999 -999 -999 -999 -999 -999
IBTr 10W ZEKE      940712 1800 91N  1350E -99 -99 -999 1010 0000 07 000 -999 -999 -999 -999 -999 -999
IBTr 10W ZEKE      940713 0000 93N  1345E -99 -99 -999 1010 0000 07 000 -999 -999 -999 -999 -999 -999
IBTr 10W ZEKE      940713 0600 96N  1341E -99 -99 -999 1010 0000 07 000 -999 -999 -999 -999 -999 -999
IBTr 10W ZEKE      940713 1200 99N  1337E -99 -99 -999 1010 0000 07 000 -999 -999 -999 -999 -999 -999
IBTr 10W ZEKE      940713 1800 102N 1333E -99 -99 -999 1010 0000 07 000 -999 -999 -999 -999 -999 -999
IBTr 10W ZEKE      940714 0000 106N 1330E -99 -99 -999 1010 0000 07 000 -999 -999 -999 -999 -999 -999
IBTr 10W ZEKE      940714 0600 111N 1328E -99 -99 -999 1010 0000 07 000 -999 -999 -999 -999 -999 -999
IBTr 10W ZEKE      940714 1200 118N 1329E -99 -99 -999 1010 0000 07 000 -999 -999 -999 -999 -999 -999
IBTr 10W ZEKE      940714 1800 126N 1331E -99 -99 -999 1010 0000 07 000 -999 -999 -999 -999 -999 -999
IBTr 10W ZEKE      940715 0000 135N 1332E -99 -99 -999 1010 0000 07 000 -999 -999 -999 -999 -999 -999
IBTr 10W ZEKE      940715 0600 143N 1334E -99 -99 -999 1010 0000 07 000 -999 -999 -999 -999 -999 -999
IBTr 10W ZEKE      940715 1200 151N 1336E -99 -99 -999 1010 0000 07 000 -999 -999 -999 -999 -999 -999
IBTr 10W ZEKE      940715 1800 159N 1338E -99 -99 -999 1010 0000 07 000 -999 -999 -999 -999 -999 -999
IBTr 10W ZEKE      940716 0000 167N 1340E -99 -99 -999 1010 0000 07 000 -999 -999 -999 -999 -999 -999
IBTr 10W ZEKE      940716 0600 175N 1343E -99 -99 -999 1010 0000 10 000 -999 -999 -999 -999 -999 -999
IBTr 10W ZEKE      940716 1200 184N 1346E -99 -99 -999 1010 0000 10 000 -999 -999 -999 -999 -999 -999
IBTr 10W ZEKE      940716 1800 194N 1351E -99 -99 -999 1010 0000 10 000 -999 -999 -999 -999 -999 -999
IBTr 10W ZEKE      940717 0000 205N 1356E -99 -99 -999 1010 0000 10 000 -999 -999 -999 -999 -999 -999
IBTr 10W ZEKE      940717 0600 214N 1360E -99 -99 1002 1010 0100 10 010 -999 -999 -999 -999 -999 -999
IBTr 10W ZEKE      940717 1200 220N 1366E -99 -99 1002 1010 0100 10 010 -999 -999 -999 -999 -999 -999
IBTr 10W ZEKE      940717 1800 225N 1373E -99 -99 1002 1010 0100 10 010 -999 -999 -999 -999 -999 -999
IBTr 10W ZEKE      940718 0000 234N 1384E -99 -99 1000 1010 0100 18 010 -999 -999 -999 -999 -999 -999
IBTr 10W ZEKE      940718 0600 244N 1400E -99 -99 0998 1010 0100 18 010 -999 -999 -999 -999 -999 -999
IBTr 10W ZEKE      940718 1200 251N 1419E -99 -99 0994 1010 0110 18 011 -999 -999 -999 -999 -999 -999
IBTr 10W ZEKE      940718 1800 256N 1437E -99 -99 0994 1010 0110 18 011 -999 -999 -999 -999 -999 -999
IBTr 10W ZEKE      940719 0000 263N 1454E -99 -99 0994 1010 0110 18 011 -999 -999 -999 -999 -999 -999
IBTr 10W ZEKE      940719 0600 268N 1466E -99 -99 0994 1010 0110 18 011 -999 -999 -999 -999 -999 -999
IBTr 10W ZEKE      940719 1200 272N 1475E -99 -99 0994 1010 0110 18 011 -999 -999 -999 -999 -999 -999
IBTr 10W ZEKE      940719 1800 273N 1482E -99 -99 0996 1010 0110 18 011 -999 -999 -999 -999 -999 -999
IBTr 10W ZEKE      940720 0000 273N 1487E -99 -99 0996 1010 0110 18 011 -999 -999 -999 -999 -999 -999
IBTr 10W ZEKE      940720 0600 271N 1493E -99 -99 0996 1010 0110 18 011 -999 -999 -999 -999 -999 -999
IBTr 10W ZEKE      940720 1200 268N 1500E -99 -99 0996 1010 0110 18 011 -999 -999 -999 -999 -999 -999
IBTr 10W ZEKE      940720 1800 268N 1507E -99 -99 0996 1010 0110 18 011 -999 -999 -999 -999 -999 -999
IBTr 10W ZEKE      940721 0000 269N 1515E -99 -99 0996 1010 0110 18 011 -999 -999 -999 -999 -999 -999
IBTr 10W ZEKE      940721 0600 271N 1521E -99 -99 0996 1010 0110 18 011 -999 -999 -999 -999 -999 -999
IBTr 10W ZEKE      940721 1200 273N 1526E -99 -99 0996 1010 0110 20 011 -999 -999 -999 -999 -999 -999
IBTr 10W ZEKE      940721 1800 276N 1533E -99 -99 0996 1010 0110 20 011 -999 -999 -999 -999 -999 -999
IBTr 10W ZEKE      940722 0000 280N 1542E -99 -99 0992 1010 0110 23 011 -999 -999 -999 -999 -999 -999
IBTr 10W ZEKE      940722 0600 287N 1547E -99 -99 0990 1010 0120 23 012 -999 -999 -999 -999 -999 -999
IBTr 10W ZEKE      940722 1200 294N 1547E -99 -99 0985 1010 0120 25 012 -999 -999 -999 -999 -999 -999
IBTr 10W ZEKE      940722 1800 302N 1547E -99 -99 0985 1010 0130 25 013 -999 -999 -999 -999 -999 -999
IBTr 10W ZEKE      940723 0000 312N 1547E -99 -99 0985 1010 0130 25 013 -999 -999 -999 -999 -999 -999
IBTr 10W ZEKE      940723 0600 323N 1546E -99 -99 0990 1010 0120 23 012 -999 -999 -999 -999 -999 -999
IBTr 10W ZEKE      940723 1200 336N 1544E -99 -99 0990 1010 0120 23 012 -999 -999 -999 -999 -999 -999
IBTr 10W ZEKE      940723 1800 351N 1542E -99 -99 0990 1010 0120 23 012 -999 -999 -999 -999 -999 -999
IBTr 10W ZEKE      940724 0000 363N 1542E -99 -99 0990 1010 0120 23 012 -999 -999 -999 -999 -999 -999
IBTr 10W ZEKE      940724 0600 377N 1544E -99 -99 0992 1010 0120 20 012 -999 -999 -999 -999 -999 -999
IBTr 10W ZEKE      940724 1200 391N 1554E -99 -99 0994 1010 0120 18 012 -999 -999 -999 -999 -999 -999
IBTr 10W ZEKE      940724 1800 403N 1576E -99 -99 0996 1010 0110 25 011 -999 -999 -999 -999 -999 -999
IBTr 10W ZEKE      940725 0000 425N 1607E -99 -99 0998 1010 0110 23 011 -999 -999 -999 -999 -999 -999
IBTr 10W ZEKE      940725 0600 446N 1638E -99 -99 0994 1010 0120 23 012 -999 -999 -999 -999 -999 -999
IBTr 10W ZEKE      940725 1200 476N 1685E -99 -99 0994 1010 0120 20 012 -999 -999 -999 -999 -999 -999
IBTr 10W ZEKE      940725 1800 500N 1690E -99 -99 0992 1010 0130 -9 013 -999 -999 -999 -999 -999 -999
