IBTr 12L GORDON    941108 1200 119N 0823W -99 -99 1009 1010 0080 12 008 -999 -999 -999 -999 -999 -999
IBTr 12L GORDON    941108 1800 120N 0825W -99 -99 1008 1010 0080 12 008 -999 -999 -999 -999 -999 -999
IBTr 12L GORDON    941109 0000 123N 0828W -99 -99 1007 1010 0090 15 009 -999 -999 -999 -999 -999 -999
IBTr 12L GORDON    941109 0600 125N 0830W -99 -99 1007 1010 0090 15 009 -999 -999 -999 -999 -999 -999
IBTr 12L GORDON    941109 1200 128N 0832W -99 -99 1007 1010 0090 15 009 -999 -999 -999 -999 -999 -999
IBTr 12L GORDON    941109 1800 132N 0834W -99 -99 1007 1010 0090 15 009 -999 -999 -999 -999 -999 -999
IBTr 12L GORDON    941110 0000 136N 0834W -99 -99 1007 1010 0090 15 009 -999 -999 -999 -999 -999 -999
IBTr 12L GORDON    941110 0600 140N 0834W -99 -99 1008 1010 0080 15 008 -999 -999 -999 -999 -999 -999
IBTr 12L GORDON    941110 1200 143N 0832W -99 -99 1008 1010 0080 15 008 -999 -999 -999 -999 -999 -999
IBTr 12L GORDON    941110 1800 146N 0827W -99 -99 1006 1010 0090 18 009 -999 -999 -999 -999 -999 -999
IBTr 12L GORDON    941111 0000 151N 0824W -99 -99 1006 1010 0090 18 009 -999 -999 -999 -999 -999 -999
IBTr 12L GORDON    941111 0600 157N 0823W -99 -99 1003 1010 0090 18 009 -999 -999 -999 -999 -999 -999
IBTr 12L GORDON    941111 1200 163N 0822W -99 -99 1005 1010 0090 18 009 -999 -999 -999 -999 -999 -999
IBTr 12L GORDON    941111 1800 169N 0815W -99 -99 1004 1010 0090 18 009 -999 -999 -999 -999 -999 -999
IBTr 12L GORDON    941112 0000 172N 0808W -99 -99 1000 1010 0100 20 010 -999 -999 -999 -999 -999 -999
IBTr 12L GORDON    941112 0600 174N 0802W -99 -99 0999 1010 0100 20 010 -999 -999 -999 -999 -999 -999
IBTr 12L GORDON    941112 1200 175N 0798W -99 -99 0999 1010 0100 20 010 -999 -999 -999 -999 -999 -999
IBTr 12L GORDON    941112 1800 174N 0792W -99 -99 0999 1010 0100 18 010 -999 -999 -999 -999 -999 -999
IBTr 12L GORDON    941113 0000 176N 0779W -99 -99 0999 1010 0100 18 010 -999 -999 -999 -999 -999 -999
IBTr 12L GORDON    941113 0300 179N 0768W -99 -99 1000 1010 0100 18 010 -999 -999 -999 -999 -999 -999
IBTr 12L GORDON    941113 0600 183N 0760W -99 -99 1001 1010 0100 20 010 -999 -999 -999 -999 -999 -999
IBTr 12L GORDON    941113 1200 199N 0750W -99 -99 1000 1010 0100 20 010 -999 -999 -999 -999 -999 -999
IBTr 12L GORDON    941113 1300 200N 0749W -99 -99 1000 1010 0100 20 010 -999 -999 -999 -999 -999 -999
IBTr 12L GORDON    941113 1800 215N 0754W -99 -99 1001 1010 0100 20 010 -999 -999 -999 -999 -999 -999
IBTr 12L GORDON    941114 0000 221N 0763W -99 -99 0999 1010 0100 20 010 -999 -999 -999 -999 -999 -999
IBTr 12L GORDON    941114 0600 227N 0775W -99 -99 0998 1010 0100 23 010 -999 -999 -999 -999 -999 -999
IBTr 12L GORDON    941114 1200 232N 0783W -99 -99 0997 1010 0110 23 011 -999 -999 -999 -999 -999 -999
IBTr 12L GORDON    941114 1800 234N 0791W -99 -99 0998 1010 0100 23 010 -999 -999 -999 -999 -999 -999
IBTr 12L GORDON    941115 0000 236N 0799W -99 -99 0998 1010 0100 23 010 -999 -999 -999 -999 -999 -999
IBTr 12L GORDON    941115 0600 239N 0808W -99 -99 0999 1010 0100 23 010 -999 -999 -999 -999 -999 -999
IBTr 12L GORDON    941115 1200 245N 0816W -99 -99 0999 1010 0100 23 010 -999 -999 -999 -999 -999 -999
IBTr 12L GORDON    941115 1300 246N 0817W -99 -99 0999 1010 0100 23 010 -999 -999 -999 -999 -999 -999
IBTr 12L GORDON    941115 1800 249N 0821W -99 -99 0998 1010 0100 23 010 -999 -999 -999 -999 -999 -999
IBTr 12L GORDON    941116 0000 254N 0825W -99 -99 0998 1010 0100 23 010 -999 -999 -999 -999 -999 -999
IBTr 12L GORDON    941116 0600 257N 0824W -99 -99 0997 1010 0110 23 011 -999 -999 -999 -999 -999 -999
IBTr 12L GORDON    941116 1200 264N 0820W -99 -99 0995 1010 0110 23 011 -999 -999 -999 -999 -999 -999
IBTr 12L GORDON    941116 1300 265N 0819W -99 -99 0996 1010 0110 23 011 -999 -999 -999 -999 -999 -999
IBTr 12L GORDON    941116 1800 271N 0814W -99 -99 0995 1010 0110 23 011 -999 -999 -999 -999 -999 -999
IBTr 12L GORDON    941117 0000 280N 0800W -99 -99 0993 1010 0110 28 011 -999 -999 -999 -999 -999 -999
IBTr 12L GORDON    941117 0600 290N 0785W -99 -99 0989 1010 0120 28 012 -999 -999 -999 -999 -999 -999
IBTr 12L GORDON    941117 1200 300N 0767W -99 -99 0987 1010 0120 30 012 -999 -999 -999 -999 -999 -999
IBTr 12L GORDON    941117 1800 315N 0748W -99 -99 0981 1010 0130 33 013 -999 -999 -999 -999 -999 -999
IBTr 12L GORDON    941118 0000 331N 0742W -99 -99 0980 1010 0130 38 013 -999 -999 -999 -999 -999 -999
IBTr 12L GORDON    941118 0600 335N 0747W -99 -99 0981 1010 0130 36 013 -999 -999 -999 -999 -999 -999
IBTr 12L GORDON    941118 1200 337N 0757W -99 -99 0984 1010 0130 36 013 -999 -999 -999 -999 -999 -999
IBTr 12L GORDON    941118 1800 332N 0759W -99 -99 0986 1010 0130 30 013 -999 -999 -999 -999 -999 -999
IBTr 12L GORDON    941119 0000 325N 0755W -99 -99 0992 1010 0120 25 012 -999 -999 -999 -999 -999 -999
IBTr 12L GORDON    941119 0600 316N 0750W -99 -99 0996 1010 0110 23 011 -999 -999 -999 -999 -999 -999
IBTr 12L GORDON    941119 1200 311N 0748W -99 -99 1000 1010 0100 20 010 -999 -999 -999 -999 -999 -999
IBTr 12L GORDON    941119 1800 304N 0750W -99 -99 1005 1010 0090 18 009 -999 -999 -999 -999 -999 -999
IBTr 12L GORDON    941120 0000 298N 0753W -99 -99 1007 1010 0090 18 009 -999 -999 -999 -999 -999 -999
IBTr 12L GORDON    941120 0600 289N 0762W -99 -99 1008 1010 0090 15 009 -999 -999 -999 -999 -999 -999
IBTr 12L GORDON    941120 1200 284N 0772W -99 -99 1009 1010 0090 15 009 -999 -999 -999 -999 -999 -999
IBTr 12L GORDON    941120 1800 282N 0786W -99 -99 1009 1010 0090 12 009 -999 -999 -999 -999 -999 -999
IBTr 12L GORDON    941121 0000 282N 0798W -99 -99 1010 1010 0090 12 009 -999 -999 -999 -999 -999 -999
IBTr 12L GORDON    941121 0300 285N 0806W -99 -99 1011 1011 0090 12 009 -999 -999 -999 -999 -999 -999
IBTr 12L GORDON    941121 0600 292N 0815W -99 -99 1012 1012 0090 10 009 -999 -999 -999 -999 -999 -999
IBTr 12L GORDON    941121 1200 313N 0818W -99 -99 1013 1013 0090 10 009 -999 -999 -999 -999 -999 -999
IBTr 12L GORDON    941121 1800 341N 0798W -99 -99 1013 1013 0090 10 009 -999 -999 -999 -999 -999 -999
