IBTr 16E MELE      940906 0000 107N 1596W -99 -99 0000 1010 0000 12 000 -999 -999 -999 -999 -999 -999
IBTr 16E MELE      940906 0600 108N 1612W -99 -99 0000 1010 0000 12 000 -999 -999 -999 -999 -999 -999
IBTr 16E MELE      940906 1200 110N 1627W -99 -99 0000 1010 0000 15 000 -999 -999 -999 -999 -999 -999
IBTr 16E MELE      940906 1800 113N 1639W -99 -99 0000 1010 0000 15 000 -999 -999 -999 -999 -999 -999
IBTr 16E MELE      940907 0000 116N 1650W -99 -99 0000 1010 0000 18 000 -999 -999 -999 -999 -999 -999
IBTr 16E MELE      940907 0600 119N 1661W -99 -99 0000 1010 0000 18 000 -999 -999 -999 -999 -999 -999
IBTr 16E MELE      940907 1200 123N 1672W -99 -99 0000 1010 0000 18 000 -999 -999 -999 -999 -999 -999
IBTr 16E MELE      940907 1800 126N 1686W -99 -99 0000 1010 0000 18 000 -999 -999 -999 -999 -999 -999
IBTr 16E MELE      940908 0000 129N 1700W -99 -99 0000 1010 0000 18 000 -999 -999 -999 -999 -999 -999
IBTr 16E MELE      940908 0600 130N 1710W -99 -99 0000 1010 0000 18 000 -999 -999 -999 -999 -999 -999
IBTr 16E MELE      940908 1200 131N 1719W -99 -99 0000 1010 0000 18 000 -999 -999 -999 -999 -999 -999
IBTr 16E MELE      940908 1800 132N 1728W -99 -99 0000 1010 0000 18 000 -999 -999 -999 -999 -999 -999
IBTr 16E MELE      940909 0000 133N 1740W -99 -99 0000 1010 0000 15 000 -999 -999 -999 -999 -999 -999
IBTr 16E MELE      940909 0600 134N 1750W -99 -99 0000 1010 0000 15 000 -999 -999 -999 -999 -999 -999
IBTr 16E MELE      940909 1200 135N 1760W -99 -99 0000 1010 0000 12 000 -999 -999 -999 -999 -999 -999
