IBTr 16W AMY       940725 0000 220N 1070E -99 -99 0998 1010 0100 -9 010 -999 -999 -999 -999 -999 -999
IBTr 16W AMY       940725 0600 220N 1070E -99 -99 0996 1010 0110 -9 011 -999 -999 -999 -999 -999 -999
IBTr 16W AMY       940725 1200 220N 1070E -99 -99 0996 1010 0110 -9 011 -999 -999 -999 -999 -999 -999
IBTr 16W AMY       940725 1800 220N 1070E -99 -99 0998 1010 0100 -9 010 -999 -999 -999 -999 -999 -999
IBTr 16W AMY       940726 0000 218N 1069E -99 -99 0998 1010 0100 -9 010 -999 -999 -999 -999 -999 -999
IBTr 16W AMY       940726 0600 216N 1068E -99 -99 0996 1010 0110 -9 011 -999 -999 -999 -999 -999 -999
IBTr 16W AMY       940726 1200 210N 1072E -99 -99 0996 1010 0110 -9 011 -999 -999 -999 -999 -999 -999
IBTr 16W AMY       940726 1800 209N 1082E -99 -99 0998 1010 0100 -9 010 -999 -999 -999 -999 -999 -999
IBTr 16W AMY       940727 0000 209N 1090E -99 -99 0998 1010 0100 07 010 -999 -999 -999 -999 -999 -999
IBTr 16W AMY       940727 0600 207N 1092E -99 -99 0998 1010 0100 07 010 -999 -999 -999 -999 -999 -999
IBTr 16W AMY       940727 1200 205N 1095E -99 -99 0996 1010 0110 07 011 -999 -999 -999 -999 -999 -999
IBTr 16W AMY       940727 1800 207N 1096E -99 -99 0996 1010 0110 07 011 -999 -999 -999 -999 -999 -999
IBTr 16W AMY       940728 0000 206N 1093E -99 -99 0996 1010 0110 10 011 -999 -999 -999 -999 -999 -999
IBTr 16W AMY       940728 0600 205N 1091E -99 -99 0996 1010 0110 10 011 -999 -999 -999 -999 -999 -999
IBTr 16W AMY       940728 1200 204N 1090E -99 -99 0996 1010 0110 12 011 -999 -999 -999 -999 -999 -999
IBTr 16W AMY       940728 1800 202N 1087E -99 -99 0996 1010 0110 12 011 -999 -999 -999 -999 -999 -999
IBTr 16W AMY       940729 0000 197N 1084E -99 -99 0994 1010 0110 18 011 -999 -999 -999 -999 -999 -999
IBTr 16W AMY       940729 0600 189N 1082E -99 -99 0985 1010 0120 23 012 -999 -999 -999 -999 -999 -999
IBTr 16W AMY       940729 1200 188N 1084E -99 -99 0990 1010 0110 20 011 -999 -999 -999 -999 -999 -999
IBTr 16W AMY       940729 1800 188N 1084E -99 -99 0990 1010 0110 20 011 -999 -999 -999 -999 -999 -999
IBTr 16W AMY       940730 0000 190N 1078E -99 -99 0990 1010 0110 18 011 -999 -999 -999 -999 -999 -999
IBTr 16W AMY       940730 0600 192N 1072E -99 -99 0992 1010 0110 18 011 -999 -999 -999 -999 -999 -999
IBTr 16W AMY       940730 1200 195N 1066E -99 -99 0992 1010 0110 18 011 -999 -999 -999 -999 -999 -999
IBTr 16W AMY       940730 1800 195N 1054E -99 -99 0992 1010 0110 18 011 -999 -999 -999 -999 -999 -999
IBTr 16W AMY       940731 0000 193N 1042E -99 -99 0996 1010 0100 12 010 -999 -999 -999 -999 -999 -999
IBTr 16W AMY       940731 0600 192N 1032E -99 -99 0998 1010 0100 07 010 -999 -999 -999 -999 -999 -999
IBTr 16W AMY       940731 1200 191N 1015E -99 -99 0998 1010 0100 05 010 -999 -999 -999 -999 -999 -999
IBTr 16W AMY       940731 1800 190N 1000E -99 -99 0998 1010 0100 -9 010 -999 -999 -999 -999 -999 -999
