IBTr 14S JULITA    940215 1800 172S 0408E -99 -99 0998 1010 0100 12 010 -999 -999 -999 -999 -999 -999
IBTr 14S JULITA    940216 0000 172S 0413E -99 -99 0998 1010 0100 12 010 -999 -999 -999 -999 -999 -999
IBTr 14S JULITA    940216 0600 173S 0417E -99 -99 0998 1010 0100 12 010 -999 -999 -999 -999 -999 -999
IBTr 14S JULITA    940216 1200 173S 0421E -99 -99 0995 1010 0110 14 011 -999 -999 -999 -999 -999 -999
IBTr 14S JULITA    940216 1800 174S 0425E -99 -99 0995 1010 0110 14 011 -999 -999 -999 -999 -999 -999
IBTr 14S JULITA    940217 0000 175S 0428E -99 -99 0995 1010 0110 15 011 -999 -999 -999 -999 -999 -999
IBTr 14S JULITA    940217 0600 179S 0432E -99 -99 0995 1010 0110 15 011 -999 -999 -999 -999 -999 -999
IBTr 14S JULITA    940217 1200 187S 0434E -99 -99 0998 1010 0100 14 010 -999 -999 -999 -999 -999 -999
IBTr 14S JULITA    940217 1800 192S 0437E -99 -99 0998 1010 0100 14 010 -999 -999 -999 -999 -999 -999
IBTr 14S JULITA    940218 0000 194S 0440E -99 -99 0998 1010 0100 14 010 -999 -999 -999 -999 -999 -999
IBTr 14S JULITA    940218 0600 198S 0445E -99 -99 1000 1010 0100 12 010 -999 -999 -999 -999 -999 -999
IBTr 14S JULITA    940218 1200 205S 0451E -99 -99 0000 1010 0000 -9 000 -999 -999 -999 -999 -999 -999
