IBTr 10P HSK3094   940420 0600 80S  1600E -99 -99 -999 1010 0000 -9 000 -999 -999 -999 -999 -999 -999
IBTr 10P HSK3094   940420 1200 83S  1599E -99 -99 -999 1010 0000 -9 000 -999 -999 -999 -999 -999 -999
IBTr 10P HSK3094   940420 1800 86S  1598E -99 -99 -999 1010 0000 -9 000 -999 -999 -999 -999 -999 -999
IBTr 10P HSK3094   940421 0000 89S  1596E -99 -99 -999 1010 0000 -9 000 -999 -999 -999 -999 -999 -999
IBTr 10P HSK3094   940421 0600 92S  1595E -99 -99 -999 1010 0000 -9 000 -999 -999 -999 -999 -999 -999
IBTr 10P HSK3094   940421 1200 96S  1593E -99 -99 -999 1010 0000 -9 000 -999 -999 -999 -999 -999 -999
IBTr 10P HSK3094   940421 1800 99S  1591E -99 -99 -999 1010 0000 -9 000 -999 -999 -999 -999 -999 -999
IBTr 10P HSK3094   940422 0000 103S 1589E -99 -99 -999 1010 0000 -9 000 -999 -999 -999 -999 -999 -999
IBTr 10P HSK3094   940422 0600 107S 1586E -99 -99 -999 1010 0000 -9 000 -999 -999 -999 -999 -999 -999
IBTr 10P HSK3094   940422 1200 112S 1583E -99 -99 -999 1010 0000 -9 000 -999 -999 -999 -999 -999 -999
IBTr 10P HSK3094   940422 1800 118S 1580E -99 -99 -999 1010 0000 -9 000 -999 -999 -999 -999 -999 -999
IBTr 10P HSK3094   940423 0000 125S 1579E -99 -99 -999 1010 0000 -9 000 -999 -999 -999 -999 -999 -999
IBTr 10P HSK3094   940423 0600 132S 1582E -99 -99 -999 1010 0000 -9 000 -999 -999 -999 -999 -999 -999
IBTr 10P HSK3094   940423 1200 139S 1588E -99 -99 -999 1010 0000 -9 000 -999 -999 -999 -999 -999 -999
IBTr 10P HSK3094   940423 1800 143S 1595E -99 -99 -999 1010 0000 -9 000 -999 -999 -999 -999 -999 -999
IBTr 10P HSK3094   940424 0000 146S 1603E -99 -99 -999 1010 0000 -9 000 -999 -999 -999 -999 -999 -999
IBTr 10P HSK3094   940424 0600 148S 1607E -99 -99 -999 1010 0000 -9 000 -999 -999 -999 -999 -999 -999
IBTr 10P HSK3094   940424 1200 149S 1608E -99 -99 -999 1010 0000 -9 000 -999 -999 -999 -999 -999 -999
IBTr 10P HSK3094   940424 1800 148S 1601E -99 -99 -999 1010 0000 -9 000 -999 -999 -999 -999 -999 -999
IBTr 10P HSK3094   940425 0000 147S 1593E -99 -99 -999 1010 0000 -9 000 -999 -999 -999 -999 -999 -999
IBTr 10P HSK3094   940425 0600 146S 1585E -99 -99 -999 1010 0000 -9 000 -999 -999 -999 -999 -999 -999
