IBTr 17S MARIOLA   940307 1200 140S 1086E -99 -99 -999 1010 0000 -9 000 -999 -999 -999 -999 -999 -999
IBTr 17S MARIOLA   940307 1800 141S 1077E -99 -99 -999 1010 0000 -9 000 -999 -999 -999 -999 -999 -999
IBTr 17S MARIOLA   940308 0000 143S 1067E -99 -99 -999 1010 0000 -9 000 -999 -999 -999 -999 -999 -999
IBTr 17S MARIOLA   940308 0600 145S 1056E -99 -99 -999 1010 0000 -9 000 -999 -999 -999 -999 -999 -999
IBTr 17S MARIOLA   940308 1200 147S 1045E -99 -99 -999 1010 0000 -9 000 -999 -999 -999 -999 -999 -999
IBTr 17S MARIOLA   940308 1800 148S 1033E -99 -99 -999 1010 0000 -9 000 -999 -999 -999 -999 -999 -999
IBTr 17S MARIOLA   940309 0000 149S 1020E -99 -99 -999 1010 0000 -9 000 -999 -999 -999 -999 -999 -999
IBTr 17S MARIOLA   940309 0600 150S 1006E -99 -99 -999 1010 0000 -9 000 -999 -999 -999 -999 -999 -999
IBTr 17S MARIOLA   940309 1200 151S 0990E -99 -99 -999 1010 0000 -9 000 -999 -999 -999 -999 -999 -999
IBTr 17S MARIOLA   940309 1800 151S 0975E -99 -99 -999 1010 0000 -9 000 -999 -999 -999 -999 -999 -999
IBTr 17S MARIOLA   940310 0000 151S 0960E -99 -99 -999 1010 0000 -9 000 -999 -999 -999 -999 -999 -999
IBTr 17S MARIOLA   940310 0600 150S 0945E -99 -99 -999 1010 0000 -9 000 -999 -999 -999 -999 -999 -999
IBTr 17S MARIOLA   940310 1200 150S 0928E -99 -99 -999 1010 0000 -9 000 -999 -999 -999 -999 -999 -999
IBTr 17S MARIOLA   940310 1800 150S 0913E -99 -99 -999 1010 0000 -9 000 -999 -999 -999 -999 -999 -999
IBTr 17S MARIOLA   940311 0000 150S 0897E -99 -99 0988 1010 0110 20 011 -999 -999 -999 -999 -999 -999
IBTr 17S MARIOLA   940311 0600 151S 0884E -99 -99 0984 1010 0120 23 012 -999 -999 -999 -999 -999 -999
IBTr 17S MARIOLA   940311 1200 151S 0871E -99 -99 0977 1010 0130 25 013 -999 -999 -999 -999 -999 -999
IBTr 17S MARIOLA   940311 1800 151S 0858E -99 -99 0970 1010 0130 29 013 -999 -999 -999 -999 -999 -999
IBTr 17S MARIOLA   940312 0000 151S 0846E -99 -99 0966 1010 0130 31 013 -999 -999 -999 -999 -999 -999
IBTr 17S MARIOLA   940312 0600 151S 0836E -99 -99 0966 1010 0130 31 013 -999 -999 -999 -999 -999 -999
IBTr 17S MARIOLA   940312 1200 151S 0826E -99 -99 0970 1010 0130 29 013 -999 -999 -999 -999 -999 -999
IBTr 17S MARIOLA   940312 1800 153S 0818E -99 -99 0970 1010 0130 29 013 -999 -999 -999 -999 -999 -999
IBTr 17S MARIOLA   940313 0000 154S 0810E -99 -99 0976 1010 0130 26 013 -999 -999 -999 -999 -999 -999
IBTr 17S MARIOLA   940313 0600 155S 0802E -99 -99 0976 1010 0130 26 013 -999 -999 -999 -999 -999 -999
IBTr 17S MARIOLA   940313 1200 156S 0793E -99 -99 0976 1010 0130 26 013 -999 -999 -999 -999 -999 -999
IBTr 17S MARIOLA   940313 1800 158S 0784E -99 -99 0976 1010 0130 26 013 -999 -999 -999 -999 -999 -999
IBTr 17S MARIOLA   940314 0000 160S 0773E -99 -99 0974 1010 0130 28 013 -999 -999 -999 -999 -999 -999
IBTr 17S MARIOLA   940314 0600 162S 0763E -99 -99 0974 1010 0130 28 013 -999 -999 -999 -999 -999 -999
IBTr 17S MARIOLA   940314 1200 163S 0754E -99 -99 0974 1010 0130 28 013 -999 -999 -999 -999 -999 -999
IBTr 17S MARIOLA   940314 1800 163S 0745E -99 -99 0976 1010 0130 26 013 -999 -999 -999 -999 -999 -999
IBTr 17S MARIOLA   940315 0000 162S 0738E -99 -99 0976 1010 0130 26 013 -999 -999 -999 -999 -999 -999
IBTr 17S MARIOLA   940315 0600 158S 0730E -99 -99 0976 1010 0130 26 013 -999 -999 -999 -999 -999 -999
IBTr 17S MARIOLA   940315 1200 154S 0719E -99 -99 0984 1010 0120 23 012 -999 -999 -999 -999 -999 -999
IBTr 17S MARIOLA   940315 1800 152S 0708E -99 -99 0984 1010 0120 23 012 -999 -999 -999 -999 -999 -999
IBTr 17S MARIOLA   940316 0000 151S 0695E -99 -99 0980 1010 0120 24 012 -999 -999 -999 -999 -999 -999
IBTr 17S MARIOLA   940316 0600 151S 0682E -99 -99 0980 1010 0120 24 012 -999 -999 -999 -999 -999 -999
IBTr 17S MARIOLA   940316 1200 151S 0670E -99 -99 0984 1010 0120 23 012 -999 -999 -999 -999 -999 -999
IBTr 17S MARIOLA   940316 1800 150S 0659E -99 -99 0988 1010 0110 20 011 -999 -999 -999 -999 -999 -999
IBTr 17S MARIOLA   940317 0000 151S 0648E -99 -99 0988 1010 0110 20 011 -999 -999 -999 -999 -999 -999
IBTr 17S MARIOLA   940317 0600 151S 0639E -99 -99 0992 1010 0110 18 011 -999 -999 -999 -999 -999 -999
IBTr 17S MARIOLA   940317 1200 152S 0629E -99 -99 0992 1010 0110 18 011 -999 -999 -999 -999 -999 -999
IBTr 17S MARIOLA   940317 1800 154S 0619E -99 -99 0992 1010 0110 18 011 -999 -999 -999 -999 -999 -999
IBTr 17S MARIOLA   940318 0000 154S 0609E -99 -99 0995 1010 0100 15 010 -999 -999 -999 -999 -999 -999
IBTr 17S MARIOLA   940318 0600 153S 0601E -99 -99 0995 1010 0100 15 010 -999 -999 -999 -999 -999 -999
IBTr 17S MARIOLA   940318 1200 158S 0591E -99 -99 0995 1010 0100 15 010 -999 -999 -999 -999 -999 -999
IBTr 17S MARIOLA   940318 1800 165S 0581E -99 -99 0995 1010 0110 15 011 -999 -999 -999 -999 -999 -999
IBTr 17S MARIOLA   940319 0000 175S 0571E -99 -99 0997 1010 0100 14 010 -999 -999 -999 -999 -999 -999
IBTr 17S MARIOLA   940319 0600 182S 0563E -99 -99 1000 1010 0100 12 010 -999 -999 -999 -999 -999 -999
IBTr 17S MARIOLA   940319 1200 185S 0555E -99 -99 1002 1010 0100 12 010 -999 -999 -999 -999 -999 -999
