IBTr 21S TIM       940328 0000 102S 1150E -99 -99 1008 1010 0080 -9 008 -999 -999 -999 -999 -999 -999
IBTr 21S TIM       940328 0600 104S 1145E -99 -99 -999 1010 0000 -9 000 -999 -999 -999 -999 -999 -999
IBTr 21S TIM       940328 1200 106S 1140E -99 -99 -999 1010 0000 -9 000 -999 -999 -999 -999 -999 -999
IBTr 21S TIM       940328 1800 111S 1140E -99 -99 -999 1010 0000 -9 000 -999 -999 -999 -999 -999 -999
IBTr 21S TIM       940329 0000 114S 1137E -99 -99 1005 1010 0090 09 009 -999 -999 -999 -999 -999 -999
IBTr 21S TIM       940329 0600 115S 1133E -99 -99 -999 1010 0000 -9 000 -999 -999 -999 -999 -999 -999
IBTr 21S TIM       940329 1200 117S 1128E -99 -99 1000 1010 0100 13 010 -999 -999 -999 -999 -999 -999
IBTr 21S TIM       940329 1800 117S 1123E -99 -99 1000 1010 0100 13 010 -999 -999 -999 -999 -999 -999
IBTr 21S TIM       940330 0000 118S 1117E -99 -99 0995 1010 0100 18 010 -999 -999 -999 -999 -999 -999
IBTr 21S TIM       940330 0600 118S 1111E -99 -99 0995 1010 0100 18 010 -999 -999 -999 -999 -999 -999
IBTr 21S TIM       940330 1200 117S 1103E -99 -99 0995 1010 0100 18 010 -999 -999 -999 -999 -999 -999
IBTr 21S TIM       940330 1800 116S 1094E -99 -99 0995 1010 0100 18 010 -999 -999 -999 -999 -999 -999
IBTr 21S TIM       940331 0000 114S 1083E -99 -99 0995 1010 0100 18 010 -999 -999 -999 -999 -999 -999
IBTr 21S TIM       940331 0600 112S 1071E -99 -99 0995 1010 0100 18 010 -999 -999 -999 -999 -999 -999
IBTr 21S TIM       940331 1200 110S 1059E -99 -99 0995 1010 0100 18 010 -999 -999 -999 -999 -999 -999
IBTr 21S TIM       940331 1800 108S 1048E -99 -99 0995 1010 0100 18 010 -999 -999 -999 -999 -999 -999
IBTr 21S TIM       940401 0000 108S 1038E -99 -99 1000 1010 0100 13 010 -999 -999 -999 -999 -999 -999
IBTr 21S TIM       940401 0600 108S 1029E -99 -99 -999 1010 0000 -9 000 -999 -999 -999 -999 -999 -999
IBTr 21S TIM       940401 1200 108S 1019E -99 -99 -999 1010 0000 -9 000 -999 -999 -999 -999 -999 -999
IBTr 21S TIM       940401 1800 109S 1008E -99 -99 -999 1010 0000 -9 000 -999 -999 -999 -999 -999 -999
IBTr 21S TIM       940402 0000 110S 0997E -99 -99 1005 1010 0090 09 009 -999 -999 -999 -999 -999 -999
IBTr 21S TIM       940402 0600 111S 0982E -99 -99 -999 1010 0000 -9 000 -999 -999 -999 -999 -999 -999
IBTr 21S TIM       940402 1200 113S 0962E -99 -99 -999 1010 0000 -9 000 -999 -999 -999 -999 -999 -999
IBTr 21S TIM       940402 1800 115S 0952E -99 -99 -999 1010 0000 -9 000 -999 -999 -999 -999 -999 -999
IBTr 21S TIM       940403 0000 117S 0943E -99 -99 1008 1010 0080 -9 008 -999 -999 -999 -999 -999 -999
