IBTr 20S ODILLE    940326 1800 78S  0915E -99 -99 -999 1010 0000 -9 000 -999 -999 -999 -999 -999 -999
IBTr 20S ODILLE    940327 0000 80S  0917E -99 -99 -999 1010 0000 -9 000 -999 -999 -999 -999 -999 -999
IBTr 20S ODILLE    940327 0600 82S  0919E -99 -99 -999 1010 0000 -9 000 -999 -999 -999 -999 -999 -999
IBTr 20S ODILLE    940327 1200 84S  0921E -99 -99 -999 1010 0000 -9 000 -999 -999 -999 -999 -999 -999
IBTr 20S ODILLE    940327 1800 87S  0923E -99 -99 -999 1010 0000 -9 000 -999 -999 -999 -999 -999 -999
IBTr 20S ODILLE    940328 0000 90S  0925E -99 -99 -999 1010 0000 -9 000 -999 -999 -999 -999 -999 -999
IBTr 20S ODILLE    940328 0600 93S  0926E -99 -99 -999 1010 0000 -9 000 -999 -999 -999 -999 -999 -999
IBTr 20S ODILLE    940328 1200 96S  0926E -99 -99 -999 1010 0000 -9 000 -999 -999 -999 -999 -999 -999
IBTr 20S ODILLE    940328 1800 98S  0926E -99 -99 -999 1010 0000 -9 000 -999 -999 -999 -999 -999 -999
IBTr 20S ODILLE    940329 0000 101S 0925E -99 -99 -999 1010 0000 -9 000 -999 -999 -999 -999 -999 -999
IBTr 20S ODILLE    940329 0600 103S 0923E -99 -99 -999 1010 0000 -9 000 -999 -999 -999 -999 -999 -999
IBTr 20S ODILLE    940329 1200 105S 0921E -99 -99 -999 1010 0000 -9 000 -999 -999 -999 -999 -999 -999
IBTr 20S ODILLE    940329 1800 107S 0917E -99 -99 -999 1010 0000 -9 000 -999 -999 -999 -999 -999 -999
IBTr 20S ODILLE    940330 0000 108S 0913E -99 -99 -999 1010 0000 -9 000 -999 -999 -999 -999 -999 -999
IBTr 20S ODILLE    940330 0600 109S 0908E -99 -99 -999 1010 0000 -9 000 -999 -999 -999 -999 -999 -999
IBTr 20S ODILLE    940330 1200 108S 0903E -99 -99 0997 1010 0100 14 010 -999 -999 -999 -999 -999 -999
IBTr 20S ODILLE    940330 1800 108S 0899E -99 -99 0995 1010 0100 15 010 -999 -999 -999 -999 -999 -999
IBTr 20S ODILLE    940331 0000 107S 0894E -99 -99 0992 1010 0110 18 011 -999 -999 -999 -999 -999 -999
IBTr 20S ODILLE    940331 0600 105S 0887E -99 -99 0992 1010 0110 18 011 -999 -999 -999 -999 -999 -999
IBTr 20S ODILLE    940331 1200 104S 0883E -99 -99 0992 1010 0110 18 011 -999 -999 -999 -999 -999 -999
IBTr 20S ODILLE    940331 1800 103S 0878E -99 -99 0992 1010 0110 18 011 -999 -999 -999 -999 -999 -999
IBTr 20S ODILLE    940401 0000 103S 0872E -99 -99 0992 1010 0110 18 011 -999 -999 -999 -999 -999 -999
IBTr 20S ODILLE    940401 0600 103S 0868E -99 -99 0992 1010 0110 18 011 -999 -999 -999 -999 -999 -999
IBTr 20S ODILLE    940401 1200 104S 0863E -99 -99 0992 1010 0110 18 011 -999 -999 -999 -999 -999 -999
IBTr 20S ODILLE    940401 1800 105S 0858E -99 -99 0988 1010 0110 20 011 -999 -999 -999 -999 -999 -999
IBTr 20S ODILLE    940402 0000 107S 0852E -99 -99 0984 1010 0120 23 012 -999 -999 -999 -999 -999 -999
IBTr 20S ODILLE    940402 0600 109S 0846E -99 -99 0978 1010 0120 25 012 -999 -999 -999 -999 -999 -999
IBTr 20S ODILLE    940402 1200 112S 0839E -99 -99 0974 1010 0130 28 013 -999 -999 -999 -999 -999 -999
IBTr 20S ODILLE    940402 1800 114S 0831E -99 -99 0970 1010 0130 30 013 -999 -999 -999 -999 -999 -999
IBTr 20S ODILLE    940403 0000 117S 0824E -99 -99 0966 1010 0130 31 013 -999 -999 -999 -999 -999 -999
IBTr 20S ODILLE    940403 0600 119S 0818E -99 -99 0970 1010 0130 30 013 -999 -999 -999 -999 -999 -999
IBTr 20S ODILLE    940403 1200 121S 0812E -99 -99 0970 1010 0130 30 013 -999 -999 -999 -999 -999 -999
IBTr 20S ODILLE    940403 1800 124S 0805E -99 -99 0974 1010 0130 28 013 -999 -999 -999 -999 -999 -999
IBTr 20S ODILLE    940404 0000 127S 0797E -99 -99 0978 1010 0120 25 012 -999 -999 -999 -999 -999 -999
IBTr 20S ODILLE    940404 0600 129S 0788E -99 -99 0984 1010 0120 23 012 -999 -999 -999 -999 -999 -999
IBTr 20S ODILLE    940404 1200 128S 0778E -99 -99 0988 1010 0110 20 011 -999 -999 -999 -999 -999 -999
IBTr 20S ODILLE    940404 1800 126S 0768E -99 -99 0992 1010 0110 18 011 -999 -999 -999 -999 -999 -999
IBTr 20S ODILLE    940405 0000 121S 0759E -99 -99 0992 1010 0110 18 011 -999 -999 -999 -999 -999 -999
IBTr 20S ODILLE    940405 0600 117S 0751E -99 -99 0992 1010 0110 18 011 -999 -999 -999 -999 -999 -999
IBTr 20S ODILLE    940405 1200 113S 0744E -99 -99 0995 1010 0100 15 010 -999 -999 -999 -999 -999 -999
IBTr 20S ODILLE    940405 1800 109S 0738E -99 -99 0995 1010 0100 15 010 -999 -999 -999 -999 -999 -999
IBTr 20S ODILLE    940406 0000 106S 0732E -99 -99 0997 1010 0100 14 010 -999 -999 -999 -999 -999 -999
IBTr 20S ODILLE    940406 0600 102S 0725E -99 -99 1000 1010 0100 12 010 -999 -999 -999 -999 -999 -999
IBTr 20S ODILLE    940406 1200 101S 0718E -99 -99 1000 1010 0100 12 010 -999 -999 -999 -999 -999 -999
IBTr 20S ODILLE    940406 1800 101S 0711E -99 -99 1000 1010 0100 12 010 -999 -999 -999 -999 -999 -999
IBTr 20S ODILLE    940407 0000 102S 0703E -99 -99 1000 1010 0100 12 010 -999 -999 -999 -999 -999 -999
IBTr 20S ODILLE    940407 0600 104S 0696E -99 -99 0995 1010 0100 15 010 -999 -999 -999 -999 -999 -999
IBTr 20S ODILLE    940407 1200 108S 0689E -99 -99 0992 1010 0110 18 011 -999 -999 -999 -999 -999 -999
IBTr 20S ODILLE    940407 1800 112S 0681E -99 -99 0990 1010 0110 19 011 -999 -999 -999 -999 -999 -999
IBTr 20S ODILLE    940408 0000 117S 0673E -99 -99 0984 1010 0120 23 012 -999 -999 -999 -999 -999 -999
IBTr 20S ODILLE    940408 0600 123S 0665E -99 -99 0984 1010 0120 23 012 -999 -999 -999 -999 -999 -999
IBTr 20S ODILLE    940408 1200 127S 0657E -99 -99 0978 1010 0120 25 012 -999 -999 -999 -999 -999 -999
IBTr 20S ODILLE    940408 1800 132S 0648E -99 -99 0978 1010 0120 25 012 -999 -999 -999 -999 -999 -999
IBTr 20S ODILLE    940409 0000 137S 0640E -99 -99 0974 1010 0130 28 013 -999 -999 -999 -999 -999 -999
IBTr 20S ODILLE    940409 0600 140S 0632E -99 -99 0974 1010 0130 28 013 -999 -999 -999 -999 -999 -999
IBTr 20S ODILLE    940409 1200 142S 0624E -99 -99 0974 1010 0130 28 013 -999 -999 -999 -999 -999 -999
IBTr 20S ODILLE    940409 1800 144S 0619E -99 -99 0968 1010 0130 30 013 -999 -999 -999 -999 -999 -999
IBTr 20S ODILLE    940410 0000 145S 0615E -99 -99 0962 1010 0130 33 013 -999 -999 -999 -999 -999 -999
IBTr 20S ODILLE    940410 0600 147S 0610E -99 -99 0955 1010 0130 36 013 -999 -999 -999 -999 -999 -999
IBTr 20S ODILLE    940410 1200 149S 0607E -99 -99 0950 1010 0130 38 013 -999 -999 -999 -999 -999 -999
IBTr 20S ODILLE    940410 1800 151S 0604E -99 -99 0945 1010 0130 41 013 -999 -999 -999 -999 -999 -999
IBTr 20S ODILLE    940411 0000 153S 0601E -99 -99 0945 1010 0130 41 013 -999 -999 -999 -999 -999 -999
IBTr 20S ODILLE    940411 0600 158S 0600E -99 -99 0935 1010 0120 43 012 -999 -999 -999 -999 -999 -999
IBTr 20S ODILLE    940411 1200 165S 0600E -99 -99 0930 1010 0110 46 011 -999 -999 -999 -999 -999 -999
IBTr 20S ODILLE    940411 1800 172S 0603E -99 -99 0925 1010 0110 48 011 -999 -999 -999 -999 -999 -999
IBTr 20S ODILLE    940412 0000 181S 0608E -99 -99 0925 1010 0110 48 011 -999 -999 -999 -999 -999 -999
IBTr 20S ODILLE    940412 0600 191S 0614E -99 -99 0930 1010 0110 46 011 -999 -999 -999 -999 -999 -999
IBTr 20S ODILLE    940412 1200 203S 0621E -99 -99 0945 1010 0130 41 013 -999 -999 -999 -999 -999 -999
IBTr 20S ODILLE    940412 1800 216S 0627E -99 -99 0955 1010 0140 36 014 -999 -999 -999 -999 -999 -999
IBTr 20S ODILLE    940413 0000 230S 0633E -99 -99 0968 1010 0140 30 014 -999 -999 -999 -999 -999 -999
IBTr 20S ODILLE    940413 0600 244S 0641E -99 -99 0978 1010 0130 25 013 -999 -999 -999 -999 -999 -999
IBTr 20S ODILLE    940413 1200 259S 0653E -99 -99 0986 1010 0120 21 012 -999 -999 -999 -999 -999 -999
IBTr 20S ODILLE    940413 1800 271S 0667E -99 -99 0992 1010 0110 18 011 -999 -999 -999 -999 -999 -999
IBTr 20S ODILLE    940414 0000 281S 0681E -99 -99 0995 1010 0110 15 011 -999 -999 -999 -999 -999 -999
IBTr 20S ODILLE    940414 0600 288S 0698E -99 -99 1000 1010 0100 12 010 -999 -999 -999 -999 -999 -999
IBTr 20S ODILLE    940414 1200 288S 0718E -99 -99 0000 1010 0000 -9 000 -999 -999 -999 -999 -999 -999
IBTr 20S ODILLE    940414 1800 286S 0743E -99 -99 0000 1010 0000 -9 000 -999 -999 -999 -999 -999 -999
IBTr 20S ODILLE    940415 0000 283S 0767E -99 -99 0000 1010 0000 -9 000 -999 -999 -999 -999 -999 -999
IBTr 20S ODILLE    940415 0600 283S 0779E -99 -99 0000 1010 0000 -9 000 -999 -999 -999 -999 -999 -999
IBTr 20S ODILLE    940415 1200 286S 0788E -99 -99 0000 1010 0000 -9 000 -999 -999 -999 -999 -999 -999
IBTr 20S ODILLE    940415 1800 290S 0800E -99 -99 0000 1010 0000 -9 000 -999 -999 -999 -999 -999 -999
IBTr 20S ODILLE    940416 0000 299S 0816E -99 -99 0000 1010 0000 -9 000 -999 -999 -999 -999 -999 -999
IBTr 20S ODILLE    940416 0600 309S 0834E -99 -99 0000 1010 0000 -9 000 -999 -999 -999 -999 -999 -999
IBTr 20S ODILLE    940416 1200 318S 0851E -99 -99 0000 1010 0000 -9 000 -999 -999 -999 -999 -999 -999
IBTr 20S ODILLE    940416 1800 325S 0869E -99 -99 0000 1010 0000 -9 000 -999 -999 -999 -999 -999 -999
IBTr 20S ODILLE    940417 0000 328S 0883E -99 -99 0000 1010 0000 -9 000 -999 -999 -999 -999 -999 -999
