IBTr 27W LUKE      940906 1200 137N 1325E -99 -99 -999 1010 0000 -9 000 -999 -999 -999 -999 -999 -999
IBTr 27W LUKE      940906 1800 138N 1315E -99 -99 -999 1010 0000 -9 000 -999 -999 -999 -999 -999 -999
IBTr 27W LUKE      940907 0000 140N 1305E -99 -99 -999 1010 0000 -9 000 -999 -999 -999 -999 -999 -999
IBTr 27W LUKE      940907 0600 149N 1301E -99 -99 -999 1010 0000 -9 000 -999 -999 -999 -999 -999 -999
IBTr 27W LUKE      940907 1200 148N 1296E -99 -99 1002 1010 0090 -9 009 -999 -999 -999 -999 -999 -999
IBTr 27W LUKE      940907 1800 149N 1292E -99 -99 1002 1010 0090 -9 009 -999 -999 -999 -999 -999 -999
IBTr 27W LUKE      940908 0000 150N 1285E -99 -99 1002 1010 0090 -9 009 -999 -999 -999 -999 -999 -999
IBTr 27W LUKE      940908 0600 151N 1278E -99 -99 0996 1010 0100 18 010 -999 -999 -999 -999 -999 -999
IBTr 27W LUKE      940908 1200 153N 1271E -99 -99 0996 1010 0100 18 010 -999 -999 -999 -999 -999 -999
IBTr 27W LUKE      940908 1800 154N 1264E -99 -99 0996 1010 0100 18 010 -999 -999 -999 -999 -999 -999
IBTr 27W LUKE      940909 0000 157N 1260E -99 -99 0996 1010 0100 18 010 -999 -999 -999 -999 -999 -999
IBTr 27W LUKE      940909 0600 169N 1261E -99 -99 0996 1010 0100 18 010 -999 -999 -999 -999 -999 -999
IBTr 27W LUKE      940909 1200 176N 1251E -99 -99 0996 1010 0100 18 010 -999 -999 -999 -999 -999 -999
IBTr 27W LUKE      940909 1800 181N 1241E -99 -99 0996 1010 0100 18 010 -999 -999 -999 -999 -999 -999
IBTr 27W LUKE      940910 0000 184N 1228E -99 -99 0996 1010 0100 18 010 -999 -999 -999 -999 -999 -999
IBTr 27W LUKE      940910 0600 186N 1216E -99 -99 0996 1010 0100 18 010 -999 -999 -999 -999 -999 -999
IBTr 27W LUKE      940910 1200 188N 1207E -99 -99 0994 1010 0110 20 011 -999 -999 -999 -999 -999 -999
IBTr 27W LUKE      940910 1800 191N 1198E -99 -99 0994 1010 0110 20 011 -999 -999 -999 -999 -999 -999
IBTr 27W LUKE      940911 0000 196N 1187E -99 -99 0994 1010 0110 20 011 -999 -999 -999 -999 -999 -999
IBTr 27W LUKE      940911 0600 202N 1177E -99 -99 0994 1010 0110 20 011 -999 -999 -999 -999 -999 -999
IBTr 27W LUKE      940911 1200 203N 1164E -99 -99 0996 1010 0110 20 011 -999 -999 -999 -999 -999 -999
IBTr 27W LUKE      940911 1800 201N 1150E -99 -99 0996 1010 0110 20 011 -999 -999 -999 -999 -999 -999
IBTr 27W LUKE      940912 0000 198N 1134E -99 -99 0994 1010 0110 20 011 -999 -999 -999 -999 -999 -999
IBTr 27W LUKE      940912 0600 193N 1121E -99 -99 0990 1010 0110 23 011 -999 -999 -999 -999 -999 -999
IBTr 27W LUKE      940912 1200 190N 1110E -99 -99 0990 1010 0110 23 011 -999 -999 -999 -999 -999 -999
IBTr 27W LUKE      940912 1800 189N 1100E -99 -99 0990 1010 0110 23 011 -999 -999 -999 -999 -999 -999
IBTr 27W LUKE      940913 0000 189N 1089E -99 -99 0992 1010 0110 20 011 -999 -999 -999 -999 -999 -999
IBTr 27W LUKE      940913 0600 188N 1077E -99 -99 0994 1010 0110 18 011 -999 -999 -999 -999 -999 -999
IBTr 27W LUKE      940913 1200 189N 1068E -99 -99 0998 1010 0100 18 010 -999 -999 -999 -999 -999 -999
IBTr 27W LUKE      940913 1800 190N 1060E -99 -99 1000 1010 0100 15 010 -999 -999 -999 -999 -999 -999
IBTr 27W LUKE      940914 0000 190N 1047E -99 -99 1004 1010 0090 12 009 -999 -999 -999 -999 -999 -999
IBTr 27W LUKE      940914 0600 193N 1039E -99 -99 1004 1010 0090 10 009 -999 -999 -999 -999 -999 -999
IBTr 27W LUKE      940914 1200 195N 1031E -99 -99 1004 1010 0090 07 009 -999 -999 -999 -999 -999 -999
IBTr 27W LUKE      940914 1800 202N 1022E -99 -99 -999 1010 0000 05 000 -999 -999 -999 -999 -999 -999
