IBTr 23E NONA      941021 0000 128N 1570W -99 -99 0000 1010 0000 15 000 -999 -999 -999 -999 -999 -999
IBTr 23E NONA      941021 0600 128N 1571W -99 -99 0000 1010 0000 15 000 -999 -999 -999 -999 -999 -999
IBTr 23E NONA      941021 1200 128N 1571W -99 -99 0000 1010 0000 15 000 -999 -999 -999 -999 -999 -999
IBTr 23E NONA      941021 1800 128N 1572W -99 -99 0000 1010 0000 15 000 -999 -999 -999 -999 -999 -999
IBTr 23E NONA      941022 0000 128N 1572W -99 -99 0000 1010 0000 15 000 -999 -999 -999 -999 -999 -999
IBTr 23E NONA      941022 0600 128N 1573W -99 -99 0000 1010 0000 15 000 -999 -999 -999 -999 -999 -999
IBTr 23E NONA      941022 1200 128N 1573W -99 -99 0000 1010 0000 15 000 -999 -999 -999 -999 -999 -999
IBTr 23E NONA      941022 1800 128N 1574W -99 -99 0000 1010 0000 15 000 -999 -999 -999 -999 -999 -999
IBTr 23E NONA      941023 0000 128N 1578W -99 -99 0000 1010 0000 15 000 -999 -999 -999 -999 -999 -999
IBTr 23E NONA      941023 0600 127N 1585W -99 -99 0000 1010 0000 15 000 -999 -999 -999 -999 -999 -999
IBTr 23E NONA      941023 1200 125N 1586W -99 -99 0000 1010 0000 15 000 -999 -999 -999 -999 -999 -999
IBTr 23E NONA      941023 1800 124N 1595W -99 -99 0000 1010 0000 15 000 -999 -999 -999 -999 -999 -999
IBTr 23E NONA      941024 0000 120N 1603W -99 -99 0000 1010 0000 15 000 -999 -999 -999 -999 -999 -999
IBTr 23E NONA      941024 0600 118N 1615W -99 -99 0000 1010 0000 15 000 -999 -999 -999 -999 -999 -999
IBTr 23E NONA      941024 1200 120N 1626W -99 -99 0000 1010 0000 12 000 -999 -999 -999 -999 -999 -999
IBTr 23E NONA      941024 1800 116N 1645W -99 -99 0000 1010 0000 12 000 -999 -999 -999 -999 -999 -999
IBTr 23E NONA      941025 0000 117N 1656W -99 -99 0000 1010 0000 12 000 -999 -999 -999 -999 -999 -999
IBTr 23E NONA      941025 0600 118N 1670W -99 -99 0000 1010 0000 12 000 -999 -999 -999 -999 -999 -999
IBTr 23E NONA      941025 1200 120N 1684W -99 -99 0000 1010 0000 18 000 -999 -999 -999 -999 -999 -999
IBTr 23E NONA      941025 1800 120N 1699W -99 -99 0000 1010 0000 15 000 -999 -999 -999 -999 -999 -999
IBTr 23E NONA      941026 0000 122N 1714W -99 -99 0000 1010 0000 12 000 -999 -999 -999 -999 -999 -999
