IBTr 22S VIVIENNE  940405 0000 83S  1289E -99 -99 -999 1010 0000 -9 000 -999 -999 -999 -999 -999 -999
IBTr 22S VIVIENNE  940405 0600 93S  1285E -99 -99 -999 1010 0000 -9 000 -999 -999 -999 -999 -999 -999
IBTr 22S VIVIENNE  940405 1200 100S 1278E -99 -99 -999 1010 0000 -9 000 -999 -999 -999 -999 -999 -999
IBTr 22S VIVIENNE  940405 1800 106S 1272E -99 -99 -999 1010 0000 -9 000 -999 -999 -999 -999 -999 -999
IBTr 22S VIVIENNE  940406 0000 110S 1265E -99 -99 1006 1010 0090 -9 009 -999 -999 -999 -999 -999 -999
IBTr 22S VIVIENNE  940406 0600 110S 1253E -99 -99 1006 1010 0090 -9 009 -999 -999 -999 -999 -999 -999
IBTr 22S VIVIENNE  940406 1200 109S 1244E -99 -99 1004 1010 0090 10 009 -999 -999 -999 -999 -999 -999
IBTr 22S VIVIENNE  940406 1800 109S 1238E -99 -99 1000 1010 0100 13 010 -999 -999 -999 -999 -999 -999
IBTr 22S VIVIENNE  940407 0000 111S 1233E -99 -99 1000 1010 0100 13 010 -999 -999 -999 -999 -999 -999
IBTr 22S VIVIENNE  940407 0300 108S 1232E -99 -99 0995 1010 0100 18 010 -999 -999 -999 -999 -999 -999
IBTr 22S VIVIENNE  940407 0600 113S 1226E -99 -99 0995 1010 0100 18 010 -999 -999 -999 -999 -999 -999
IBTr 22S VIVIENNE  940407 0900 114S 1224E -99 -99 0990 1010 0110 21 011 -999 -999 -999 -999 -999 -999
IBTr 22S VIVIENNE  940407 1200 117S 1220E -99 -99 0985 1010 0120 24 012 -999 -999 -999 -999 -999 -999
IBTr 22S VIVIENNE  940407 1500 119S 1218E -99 -99 0980 1010 0120 27 012 -999 -999 -999 -999 -999 -999
IBTr 22S VIVIENNE  940407 1800 121S 1214E -99 -99 0975 1010 0130 30 013 -999 -999 -999 -999 -999 -999
IBTr 22S VIVIENNE  940407 2100 123S 1212E -99 -99 0965 1010 0130 36 013 -999 -999 -999 -999 -999 -999
IBTr 22S VIVIENNE  940408 0000 125S 1208E -99 -99 0955 1010 0130 41 013 -999 -999 -999 -999 -999 -999
IBTr 22S VIVIENNE  940408 0300 127S 1206E -99 -99 0955 1010 0130 41 013 -999 -999 -999 -999 -999 -999
IBTr 22S VIVIENNE  940408 0600 131S 1202E -99 -99 0960 1010 0130 39 013 -999 -999 -999 -999 -999 -999
IBTr 22S VIVIENNE  940408 0900 135S 1201E -99 -99 0960 1010 0130 39 013 -999 -999 -999 -999 -999 -999
IBTr 22S VIVIENNE  940408 1200 136S 1197E -99 -99 0960 1010 0130 39 013 -999 -999 -999 -999 -999 -999
IBTr 22S VIVIENNE  940408 1500 140S 1195E -99 -99 0960 1010 0130 39 013 -999 -999 -999 -999 -999 -999
IBTr 22S VIVIENNE  940408 1800 140S 1191E -99 -99 0960 1010 0130 39 013 -999 -999 -999 -999 -999 -999
IBTr 22S VIVIENNE  940408 2100 143S 1191E -99 -99 0960 1010 0130 39 013 -999 -999 -999 -999 -999 -999
IBTr 22S VIVIENNE  940409 0000 144S 1187E -99 -99 0960 1010 0130 39 013 -999 -999 -999 -999 -999 -999
IBTr 22S VIVIENNE  940409 0300 144S 1183E -99 -99 0960 1010 0130 39 013 -999 -999 -999 -999 -999 -999
IBTr 22S VIVIENNE  940409 0600 146S 1177E -99 -99 0965 1010 0130 36 013 -999 -999 -999 -999 -999 -999
IBTr 22S VIVIENNE  940409 0900 144S 1171E -99 -99 0970 1010 0130 33 013 -999 -999 -999 -999 -999 -999
IBTr 22S VIVIENNE  940409 1200 148S 1166E -99 -99 0975 1010 0130 30 013 -999 -999 -999 -999 -999 -999
IBTr 22S VIVIENNE  940409 1500 144S 1151E -99 -99 0980 1010 0120 27 012 -999 -999 -999 -999 -999 -999
IBTr 22S VIVIENNE  940409 1800 149S 1155E -99 -99 0985 1010 0120 24 012 -999 -999 -999 -999 -999 -999
IBTr 22S VIVIENNE  940409 2100 145S 1148E -99 -99 0990 1010 0110 21 011 -999 -999 -999 -999 -999 -999
IBTr 22S VIVIENNE  940410 0000 151S 1141E -99 -99 0990 1010 0110 21 011 -999 -999 -999 -999 -999 -999
IBTr 22S VIVIENNE  940410 0300 150S 1133E -99 -99 0990 1010 0110 21 011 -999 -999 -999 -999 -999 -999
IBTr 22S VIVIENNE  940410 0600 157S 1126E -99 -99 0990 1010 0110 21 011 -999 -999 -999 -999 -999 -999
IBTr 22S VIVIENNE  940410 0900 156S 1116E -99 -99 0990 1010 0110 21 011 -999 -999 -999 -999 -999 -999
IBTr 22S VIVIENNE  940410 1200 163S 1111E -99 -99 0990 1010 0110 21 011 -999 -999 -999 -999 -999 -999
IBTr 22S VIVIENNE  940410 1500 161S 1091E -99 -99 0990 1010 0110 21 011 -999 -999 -999 -999 -999 -999
IBTr 22S VIVIENNE  940410 1800 166S 1096E -99 -99 0995 1010 0110 18 011 -999 -999 -999 -999 -999 -999
IBTr 22S VIVIENNE  940410 2100 164S 1081E -99 -99 0995 1010 0110 18 011 -999 -999 -999 -999 -999 -999
IBTr 22S VIVIENNE  940411 0000 168S 1080E -99 -99 1000 1010 0100 13 010 -999 -999 -999 -999 -999 -999
IBTr 22S VIVIENNE  940411 0600 170S 1066E -99 -99 1005 1010 0090 09 009 -999 -999 -999 -999 -999 -999
IBTr 22S VIVIENNE  940411 1200 172S 1057E -99 -99 1005 1010 0090 09 009 -999 -999 -999 -999 -999 -999
IBTr 22S VIVIENNE  940411 1800 173S 1053E -99 -99 1005 1010 0090 09 009 -999 -999 -999 -999 -999 -999
IBTr 22S VIVIENNE  940412 0000 176S 1051E -99 -99 1005 1010 0090 09 009 -999 -999 -999 -999 -999 -999
IBTr 22S VIVIENNE  940412 0600 181S 1050E -99 -99 -999 1010 0000 -9 000 -999 -999 -999 -999 -999 -999
IBTr 22S VIVIENNE  940412 1200 189S 1050E -99 -99 -999 1010 0000 -9 000 -999 -999 -999 -999 -999 -999
IBTr 22S VIVIENNE  940412 1800 197S 1051E -99 -99 -999 1010 0000 -9 000 -999 -999 -999 -999 -999 -999
IBTr 22S VIVIENNE  940413 0000 206S 1052E -99 -99 -999 1010 0000 -9 000 -999 -999 -999 -999 -999 -999
IBTr 22S VIVIENNE  940413 0600 215S 1055E -99 -99 -999 1010 0000 -9 000 -999 -999 -999 -999 -999 -999
