IBTr 29W NAT       940914 0000 125N 1392E -99 -99 -999 1010 0000 12 000 -999 -999 -999 -999 -999 -999
IBTr 29W NAT       940914 0600 128N 1397E -99 -99 -999 1010 0000 12 000 -999 -999 -999 -999 -999 -999
IBTr 29W NAT       940914 1200 131N 1403E -99 -99 -999 1010 0000 15 000 -999 -999 -999 -999 -999 -999
IBTr 29W NAT       940914 1800 134N 1410E -99 -99 -999 1010 0000 15 000 -999 -999 -999 -999 -999 -999
IBTr 29W NAT       940915 0000 136N 1415E -99 -99 1002 1010 0090 18 009 -999 -999 -999 -999 -999 -999
IBTr 29W NAT       940915 0600 138N 1423E -99 -99 1002 1010 0090 18 009 -999 -999 -999 -999 -999 -999
IBTr 29W NAT       940915 1200 141N 1434E -99 -99 1002 1010 0090 18 009 -999 -999 -999 -999 -999 -999
IBTr 29W NAT       940915 1800 144N 1447E -99 -99 1000 1010 0100 18 010 -999 -999 -999 -999 -999 -999
IBTr 29W NAT       940916 0000 145N 1463E -99 -99 1000 1010 0100 20 010 -999 -999 -999 -999 -999 -999
IBTr 29W NAT       940916 0600 147N 1477E -99 -99 0998 1010 0100 20 010 -999 -999 -999 -999 -999 -999
IBTr 29W NAT       940916 1200 150N 1491E -99 -99 0998 1010 0100 20 010 -999 -999 -999 -999 -999 -999
IBTr 29W NAT       940916 1800 153N 1506E -99 -99 0998 1010 0100 20 010 -999 -999 -999 -999 -999 -999
IBTr 29W NAT       940917 0000 157N 1521E -99 -99 0998 1010 0100 23 010 -999 -999 -999 -999 -999 -999
IBTr 29W NAT       940917 0600 167N 1540E -99 -99 0998 1010 0100 23 010 -999 -999 -999 -999 -999 -999
IBTr 29W NAT       940917 1200 184N 1555E -99 -99 0998 1010 0100 23 010 -999 -999 -999 -999 -999 -999
IBTr 29W NAT       940917 1800 198N 1560E -99 -99 0996 1010 0110 18 011 -999 -999 -999 -999 -999 -999
IBTr 29W NAT       940918 0000 209N 1562E -99 -99 0996 1010 0110 18 011 -999 -999 -999 -999 -999 -999
IBTr 29W NAT       940918 0600 218N 1560E -99 -99 0996 1010 0110 18 011 -999 -999 -999 -999 -999 -999
IBTr 29W NAT       940918 1200 228N 1555E -99 -99 0996 1010 0110 18 011 -999 -999 -999 -999 -999 -999
IBTr 29W NAT       940918 1800 235N 1543E -99 -99 0994 1010 0110 20 011 -999 -999 -999 -999 -999 -999
IBTr 29W NAT       940919 0000 239N 1529E -99 -99 0994 1010 0110 20 011 -999 -999 -999 -999 -999 -999
IBTr 29W NAT       940919 0600 245N 1517E -99 -99 0992 1010 0110 20 011 -999 -999 -999 -999 -999 -999
IBTr 29W NAT       940919 1200 250N 1509E -99 -99 0992 1010 0110 20 011 -999 -999 -999 -999 -999 -999
IBTr 29W NAT       940919 1800 257N 1503E -99 -99 0992 1010 0110 20 011 -999 -999 -999 -999 -999 -999
IBTr 29W NAT       940920 0000 263N 1499E -99 -99 0994 1010 0110 20 011 -999 -999 -999 -999 -999 -999
IBTr 29W NAT       940920 0600 271N 1495E -99 -99 0994 1010 0110 20 011 -999 -999 -999 -999 -999 -999
IBTr 29W NAT       940920 1200 278N 1491E -99 -99 0994 1010 0110 20 011 -999 -999 -999 -999 -999 -999
IBTr 29W NAT       940920 1800 286N 1491E -99 -99 0994 1010 0110 20 011 -999 -999 -999 -999 -999 -999
IBTr 29W NAT       940921 0000 293N 1495E -99 -99 0994 1010 0110 20 011 -999 -999 -999 -999 -999 -999
IBTr 29W NAT       940921 0600 297N 1504E -99 -99 0996 1010 0110 18 011 -999 -999 -999 -999 -999 -999
IBTr 29W NAT       940921 1200 301N 1511E -99 -99 1004 1010 0100 18 010 -999 -999 -999 -999 -999 -999
IBTr 29W NAT       940921 1800 304N 1516E -99 -99 1004 1010 0100 15 010 -999 -999 -999 -999 -999 -999
IBTr 29W NAT       940922 0000 307N 1520E -99 -99 1004 1010 0100 15 010 -999 -999 -999 -999 -999 -999
IBTr 29W NAT       940922 0600 309N 1524E -99 -99 -999 1010 0000 12 000 -999 -999 -999 -999 -999 -999
IBTr 29W NAT       940922 1200 311N 1527E -99 -99 -999 1010 0000 12 000 -999 -999 -999 -999 -999 -999
IBTr 29W NAT       940922 1800 314N 1529E -99 -99 -999 1010 0000 10 000 -999 -999 -999 -999 -999 -999
IBTr 29W NAT       940923 0000 317N 1530E -99 -99 -999 1010 0000 07 000 -999 -999 -999 -999 -999 -999
