IBTr 22W HARRY     940820 0000 100N 1435E -99 -99 -999 1010 0000 05 000 -999 -999 -999 -999 -999 -999
IBTr 22W HARRY     940820 0600 105N 1425E -99 -99 -999 1010 0000 05 000 -999 -999 -999 -999 -999 -999
IBTr 22W HARRY     940820 1200 110N 1415E -99 -99 -999 1010 0000 05 000 -999 -999 -999 -999 -999 -999
IBTr 22W HARRY     940820 1800 115N 1405E -99 -99 -999 1010 0000 05 000 -999 -999 -999 -999 -999 -999
IBTr 22W HARRY     940821 0000 120N 1395E -99 -99 -999 1010 0000 05 000 -999 -999 -999 -999 -999 -999
IBTr 22W HARRY     940821 0600 125N 1385E -99 -99 -999 1010 0000 05 000 -999 -999 -999 -999 -999 -999
IBTr 22W HARRY     940821 1200 129N 1374E -99 -99 -999 1010 0000 05 000 -999 -999 -999 -999 -999 -999
IBTr 22W HARRY     940821 1800 133N 1363E -99 -99 -999 1010 0000 05 000 -999 -999 -999 -999 -999 -999
IBTr 22W HARRY     940822 0000 137N 1352E -99 -99 -999 1010 0000 05 000 -999 -999 -999 -999 -999 -999
IBTr 22W HARRY     940822 0600 140N 1340E -99 -99 -999 1010 0000 07 000 -999 -999 -999 -999 -999 -999
IBTr 22W HARRY     940822 1200 143N 1328E -99 -99 -999 1010 0000 07 000 -999 -999 -999 -999 -999 -999
IBTr 22W HARRY     940822 1800 146N 1316E -99 -99 -999 1010 0000 07 000 -999 -999 -999 -999 -999 -999
IBTr 22W HARRY     940823 0000 149N 1304E -99 -99 -999 1010 0000 07 000 -999 -999 -999 -999 -999 -999
IBTr 22W HARRY     940823 0600 152N 1292E -99 -99 -999 1010 0000 07 000 -999 -999 -999 -999 -999 -999
IBTr 22W HARRY     940823 1200 156N 1280E -99 -99 -999 1010 0000 07 000 -999 -999 -999 -999 -999 -999
IBTr 22W HARRY     940823 1800 160N 1268E -99 -99 -999 1010 0000 07 000 -999 -999 -999 -999 -999 -999
IBTr 22W HARRY     940824 0000 162N 1252E -99 -99 1006 1010 0090 10 009 -999 -999 -999 -999 -999 -999
IBTr 22W HARRY     940824 0600 165N 1238E -99 -99 1006 1010 0090 10 009 -999 -999 -999 -999 -999 -999
IBTr 22W HARRY     940824 1200 167N 1221E -99 -99 1006 1010 0090 10 009 -999 -999 -999 -999 -999 -999
IBTr 22W HARRY     940824 1800 169N 1207E -99 -99 1006 1010 0090 10 009 -999 -999 -999 -999 -999 -999
IBTr 22W HARRY     940825 0000 172N 1198E -99 -99 1004 1010 0090 12 009 -999 -999 -999 -999 -999 -999
IBTr 22W HARRY     940825 0600 176N 1189E -99 -99 1002 1010 0100 15 010 -999 -999 -999 -999 -999 -999
IBTr 22W HARRY     940825 1200 180N 1179E -99 -99 1000 1010 0100 15 010 -999 -999 -999 -999 -999 -999
IBTr 22W HARRY     940825 1800 183N 1169E -99 -99 1000 1010 0100 18 010 -999 -999 -999 -999 -999 -999
IBTr 22W HARRY     940826 0000 187N 1160E -99 -99 0998 1010 0100 18 010 -999 -999 -999 -999 -999 -999
IBTr 22W HARRY     940826 0600 191N 1150E -99 -99 0998 1010 0100 18 010 -999 -999 -999 -999 -999 -999
IBTr 22W HARRY     940826 1200 196N 1140E -99 -99 0996 1010 0110 18 011 -999 -999 -999 -999 -999 -999
IBTr 22W HARRY     940826 1800 199N 1131E -99 -99 0996 1010 0110 18 011 -999 -999 -999 -999 -999 -999
IBTr 22W HARRY     940827 0000 201N 1122E -99 -99 0994 1010 0110 20 011 -999 -999 -999 -999 -999 -999
IBTr 22W HARRY     940827 0600 203N 1114E -99 -99 0992 1010 0110 23 011 -999 -999 -999 -999 -999 -999
IBTr 22W HARRY     940827 1200 203N 1106E -99 -99 0990 1010 0110 23 011 -999 -999 -999 -999 -999 -999
IBTr 22W HARRY     940827 1800 203N 1100E -99 -99 0990 1010 0110 23 011 -999 -999 -999 -999 -999 -999
IBTr 22W HARRY     940828 0000 204N 1093E -99 -99 0990 1010 0110 23 011 -999 -999 -999 -999 -999 -999
IBTr 22W HARRY     940828 0600 206N 1086E -99 -99 0990 1010 0110 23 011 -999 -999 -999 -999 -999 -999
IBTr 22W HARRY     940828 1200 209N 1077E -99 -99 0990 1010 0110 23 011 -999 -999 -999 -999 -999 -999
IBTr 22W HARRY     940828 1800 210N 1065E -99 -99 0992 1010 0110 20 011 -999 -999 -999 -999 -999 -999
IBTr 22W HARRY     940829 0000 211N 1053E -99 -99 0996 1010 0110 18 011 -999 -999 -999 -999 -999 -999
IBTr 22W HARRY     940829 0600 212N 1039E -99 -99 1000 1010 0100 07 010 -999 -999 -999 -999 -999 -999
IBTr 22W HARRY     940829 1200 212N 1029E -99 -99 1002 1010 0100 05 010 -999 -999 -999 -999 -999 -999
