IBTr 26W NOTNAMED  940906 0600 124N 1358E -99 -99 -999 1010 0000 07 000 -999 -999 -999 -999 -999 -999
IBTr 26W NOTNAMED  940906 1200 124N 1353E -99 -99 -999 1010 0000 10 000 -999 -999 -999 -999 -999 -999
IBTr 26W NOTNAMED  940906 1800 124N 1347E -99 -99 -999 1010 0000 10 000 -999 -999 -999 -999 -999 -999
IBTr 26W NOTNAMED  940907 0000 124N 1340E -99 -99 -999 1010 0000 10 000 -999 -999 -999 -999 -999 -999
IBTr 26W NOTNAMED  940907 0600 125N 1332E -99 -99 -999 1010 0000 12 000 -999 -999 -999 -999 -999 -999
IBTr 26W NOTNAMED  940907 1200 127N 1323E -99 -99 -999 1010 0000 12 000 -999 -999 -999 -999 -999 -999
IBTr 26W NOTNAMED  940907 1800 130N 1313E -99 -99 -999 1010 0000 12 000 -999 -999 -999 -999 -999 -999
IBTr 26W NOTNAMED  940908 0000 134N 1303E -99 -99 -999 1010 0000 15 000 -999 -999 -999 -999 -999 -999
IBTr 26W NOTNAMED  940908 0600 140N 1292E -99 -99 -999 1010 0000 15 000 -999 -999 -999 -999 -999 -999
IBTr 26W NOTNAMED  940908 1200 147N 1282E -99 -99 -999 1010 0000 15 000 -999 -999 -999 -999 -999 -999
