IBTr 39W AXEL      941210 1800 59N  1646E -99 -99 -999 1010 0000 07 000 -999 -999 -999 -999 -999 -999
IBTr 39W AXEL      941211 0000 60N  1635E -99 -99 -999 1010 0000 07 000 -999 -999 -999 -999 -999 -999
IBTr 39W AXEL      941211 0600 61N  1624E -99 -99 -999 1010 0000 07 000 -999 -999 -999 -999 -999 -999
IBTr 39W AXEL      941211 1200 62N  1613E -99 -99 -999 1010 0000 10 000 -999 -999 -999 -999 -999 -999
IBTr 39W AXEL      941211 1800 63N  1602E -99 -99 -999 1010 0000 10 000 -999 -999 -999 -999 -999 -999
IBTr 39W AXEL      941212 0000 64N  1591E -99 -99 -999 1010 0000 10 000 -999 -999 -999 -999 -999 -999
IBTr 39W AXEL      941212 0600 65N  1581E -99 -99 -999 1010 0000 10 000 -999 -999 -999 -999 -999 -999
IBTr 39W AXEL      941212 1200 66N  1571E -99 -99 -999 1010 0000 10 000 -999 -999 -999 -999 -999 -999
IBTr 39W AXEL      941212 1800 67N  1561E -99 -99 -999 1010 0000 12 000 -999 -999 -999 -999 -999 -999
IBTr 39W AXEL      941213 0000 62N  1551E -99 -99 -999 1010 0000 12 000 -999 -999 -999 -999 -999 -999
IBTr 39W AXEL      941213 0600 61N  1542E -99 -99 -999 1010 0000 12 000 -999 -999 -999 -999 -999 -999
IBTr 39W AXEL      941213 1200 61N  1533E -99 -99 -999 1010 0000 12 000 -999 -999 -999 -999 -999 -999
IBTr 39W AXEL      941213 1800 60N  1524E -99 -99 -999 1010 0000 12 000 -999 -999 -999 -999 -999 -999
IBTr 39W AXEL      941214 0000 60N  1515E -99 -99 -999 1010 0000 12 000 -999 -999 -999 -999 -999 -999
IBTr 39W AXEL      941214 0600 61N  1506E -99 -99 -999 1010 0000 12 000 -999 -999 -999 -999 -999 -999
IBTr 39W AXEL      941214 1200 62N  1498E -99 -99 -999 1010 0000 12 000 -999 -999 -999 -999 -999 -999
IBTr 39W AXEL      941214 1800 64N  1490E -99 -99 -999 1010 0000 12 000 -999 -999 -999 -999 -999 -999
IBTr 39W AXEL      941215 0000 67N  1482E -99 -99 -999 1010 0000 12 000 -999 -999 -999 -999 -999 -999
IBTr 39W AXEL      941215 0600 69N  1474E -99 -99 -999 1010 0000 15 000 -999 -999 -999 -999 -999 -999
IBTr 39W AXEL      941215 1200 71N  1466E -99 -99 -999 1010 0000 15 000 -999 -999 -999 -999 -999 -999
IBTr 39W AXEL      941215 1800 72N  1463E -99 -99 1002 1010 0090 15 009 -999 -999 -999 -999 -999 -999
IBTr 39W AXEL      941216 0000 74N  1456E -99 -99 1002 1010 0090 15 009 -999 -999 -999 -999 -999 -999
IBTr 39W AXEL      941216 0600 76N  1448E -99 -99 1002 1010 0090 15 009 -999 -999 -999 -999 -999 -999
IBTr 39W AXEL      941216 1200 79N  1438E -99 -99 1002 1010 0090 18 009 -999 -999 -999 -999 -999 -999
IBTr 39W AXEL      941216 1800 82N  1427E -99 -99 1002 1010 0090 18 009 -999 -999 -999 -999 -999 -999
IBTr 39W AXEL      941217 0000 86N  1416E -99 -99 1000 1010 0090 18 009 -999 -999 -999 -999 -999 -999
IBTr 39W AXEL      941217 0600 90N  1406E -99 -99 0998 1010 0100 18 010 -999 -999 -999 -999 -999 -999
IBTr 39W AXEL      941217 1200 94N  1396E -99 -99 0998 1010 0100 18 010 -999 -999 -999 -999 -999 -999
IBTr 39W AXEL      941217 1800 96N  1387E -99 -99 0996 1010 0100 20 010 -999 -999 -999 -999 -999 -999
IBTr 39W AXEL      941218 0000 100N 1380E -99 -99 0994 1010 0100 20 010 -999 -999 -999 -999 -999 -999
IBTr 39W AXEL      941218 0600 103N 1372E -99 -99 0992 1010 0110 23 011 -999 -999 -999 -999 -999 -999
IBTr 39W AXEL      941218 1200 107N 1364E -99 -99 0990 1010 0110 25 011 -999 -999 -999 -999 -999 -999
IBTr 39W AXEL      941218 1800 110N 1356E -99 -99 0985 1010 0120 28 012 -999 -999 -999 -999 -999 -999
IBTr 39W AXEL      941219 0000 112N 1348E -99 -99 0985 1010 0120 28 012 -999 -999 -999 -999 -999 -999
IBTr 39W AXEL      941219 0600 113N 1338E -99 -99 0980 1010 0120 30 012 -999 -999 -999 -999 -999 -999
IBTr 39W AXEL      941219 1200 113N 1327E -99 -99 0980 1010 0120 30 012 -999 -999 -999 -999 -999 -999
IBTr 39W AXEL      941219 1800 112N 1316E -99 -99 0975 1010 0130 33 013 -999 -999 -999 -999 -999 -999
IBTr 39W AXEL      941220 0000 111N 1306E -99 -99 0975 1010 0130 33 013 -999 -999 -999 -999 -999 -999
IBTr 39W AXEL      941220 0600 111N 1295E -99 -99 0970 1010 0130 36 013 -999 -999 -999 -999 -999 -999
IBTr 39W AXEL      941220 1200 112N 1285E -99 -99 0960 1010 0130 41 013 -999 -999 -999 -999 -999 -999
IBTr 39W AXEL      941220 1800 111N 1275E -99 -99 0950 1010 0130 43 013 -999 -999 -999 -999 -999 -999
IBTr 39W AXEL      941221 0000 109N 1267E -99 -99 0955 1010 0130 43 013 -999 -999 -999 -999 -999 -999
IBTr 39W AXEL      941221 0600 107N 1259E -99 -99 0960 1010 0130 41 013 -999 -999 -999 -999 -999 -999
IBTr 39W AXEL      941221 1200 108N 1252E -99 -99 0965 1010 0130 38 013 -999 -999 -999 -999 -999 -999
IBTr 39W AXEL      941221 1800 111N 1244E -99 -99 0975 1010 0130 33 013 -999 -999 -999 -999 -999 -999
IBTr 39W AXEL      941222 0000 116N 1233E -99 -99 0980 1010 0120 30 012 -999 -999 -999 -999 -999 -999
IBTr 39W AXEL      941222 0600 119N 1221E -99 -99 0985 1010 0120 28 012 -999 -999 -999 -999 -999 -999
IBTr 39W AXEL      941222 1200 124N 1208E -99 -99 0990 1010 0110 25 011 -999 -999 -999 -999 -999 -999
IBTr 39W AXEL      941222 1800 127N 1197E -99 -99 0990 1010 0110 25 011 -999 -999 -999 -999 -999 -999
IBTr 39W AXEL      941223 0000 131N 1188E -99 -99 0992 1010 0110 23 011 -999 -999 -999 -999 -999 -999
IBTr 39W AXEL      941223 0600 138N 1181E -99 -99 0992 1010 0110 23 011 -999 -999 -999 -999 -999 -999
IBTr 39W AXEL      941223 1200 144N 1174E -99 -99 0992 1010 0110 23 011 -999 -999 -999 -999 -999 -999
IBTr 39W AXEL      941223 1800 149N 1168E -99 -99 0994 1010 0110 23 011 -999 -999 -999 -999 -999 -999
IBTr 39W AXEL      941224 0000 157N 1164E -99 -99 0996 1010 0100 20 010 -999 -999 -999 -999 -999 -999
IBTr 39W AXEL      941224 0600 163N 1160E -99 -99 0998 1010 0100 18 010 -999 -999 -999 -999 -999 -999
IBTr 39W AXEL      941224 1200 167N 1156E -99 -99 1000 1010 0100 18 010 -999 -999 -999 -999 -999 -999
IBTr 39W AXEL      941224 1800 172N 1151E -99 -99 1002 1010 0090 20 009 -999 -999 -999 -999 -999 -999
IBTr 39W AXEL      941225 0000 178N 1148E -99 -99 1004 1010 0090 18 009 -999 -999 -999 -999 -999 -999
IBTr 39W AXEL      941225 0600 183N 1149E -99 -99 1004 1010 0090 15 009 -999 -999 -999 -999 -999 -999
IBTr 39W AXEL      941225 1200 187N 1152E -99 -99 1006 1010 0090 12 009 -999 -999 -999 -999 -999 -999
IBTr 39W AXEL      941225 1800 190N 1155E -99 -99 1006 1010 0090 12 009 -999 -999 -999 -999 -999 -999
IBTr 39W AXEL      941226 0000 189N 1158E -99 -99 1008 1010 0090 12 009 -999 -999 -999 -999 -999 -999
IBTr 39W AXEL      941226 0600 189N 1160E -99 -99 1008 1010 0090 10 009 -999 -999 -999 -999 -999 -999
IBTr 39W AXEL      941226 1200 189N 1162E -99 -99 1010 1010 0080 10 008 -999 -999 -999 -999 -999 -999
IBTr 39W AXEL      941226 1800 185N 1163E -99 -99 1010 1010 0080 -9 008 -999 -999 -999 -999 -999 -999
IBTr 39W AXEL      941227 0000 180N 1168E -99 -99 1010 1010 0080 -9 008 -999 -999 -999 -999 -999 -999
IBTr 39W AXEL      941227 0600 174N 1165E -99 -99 1010 1010 0080 -9 008 -999 -999 -999 -999 -999 -999
