IBTr 35W VERNE     941013 1200 75N  1755E -99 -99 -999 1010 0000 07 000 -999 -999 -999 -999 -999 -999
IBTr 35W VERNE     941013 1800 79N  1747E -99 -99 -999 1010 0000 07 000 -999 -999 -999 -999 -999 -999
IBTr 35W VERNE     941014 0000 83N  1739E -99 -99 -999 1010 0000 07 000 -999 -999 -999 -999 -999 -999
IBTr 35W VERNE     941014 0600 87N  1730E -99 -99 -999 1010 0000 07 000 -999 -999 -999 -999 -999 -999
IBTr 35W VERNE     941014 1200 90N  1720E -99 -99 -999 1010 0000 07 000 -999 -999 -999 -999 -999 -999
IBTr 35W VERNE     941014 1800 92N  1709E -99 -99 -999 1010 0000 10 000 -999 -999 -999 -999 -999 -999
IBTr 35W VERNE     941015 0000 94N  1697E -99 -99 -999 1010 0000 10 000 -999 -999 -999 -999 -999 -999
IBTr 35W VERNE     941015 0600 96N  1684E -99 -99 -999 1010 0000 10 000 -999 -999 -999 -999 -999 -999
IBTr 35W VERNE     941015 1200 99N  1668E -99 -99 1006 1010 0090 12 009 -999 -999 -999 -999 -999 -999
IBTr 35W VERNE     941015 1800 102N 1653E -99 -99 1006 1010 0090 12 009 -999 -999 -999 -999 -999 -999
IBTr 35W VERNE     941016 0000 105N 1639E -99 -99 1006 1010 0090 12 009 -999 -999 -999 -999 -999 -999
IBTr 35W VERNE     941016 0600 109N 1623E -99 -99 1006 1010 0090 12 009 -999 -999 -999 -999 -999 -999
IBTr 35W VERNE     941016 1200 112N 1606E -99 -99 1004 1010 0090 12 009 -999 -999 -999 -999 -999 -999
IBTr 35W VERNE     941016 1800 116N 1588E -99 -99 1004 1010 0090 12 009 -999 -999 -999 -999 -999 -999
IBTr 35W VERNE     941017 0000 122N 1569E -99 -99 1004 1010 0090 12 009 -999 -999 -999 -999 -999 -999
IBTr 35W VERNE     941017 0600 130N 1548E -99 -99 1004 1010 0090 15 009 -999 -999 -999 -999 -999 -999
IBTr 35W VERNE     941017 1200 135N 1534E -99 -99 1004 1010 0090 15 009 -999 -999 -999 -999 -999 -999
IBTr 35W VERNE     941017 1800 138N 1519E -99 -99 1002 1010 0090 18 009 -999 -999 -999 -999 -999 -999
IBTr 35W VERNE     941018 0000 140N 1504E -99 -99 1000 1010 0100 18 010 -999 -999 -999 -999 -999 -999
IBTr 35W VERNE     941018 0600 142N 1488E -99 -99 0996 1010 0100 20 010 -999 -999 -999 -999 -999 -999
IBTr 35W VERNE     941018 1200 143N 1474E -99 -99 0992 1010 0110 23 011 -999 -999 -999 -999 -999 -999
IBTr 35W VERNE     941018 1800 143N 1460E -99 -99 0990 1010 0110 25 011 -999 -999 -999 -999 -999 -999
IBTr 35W VERNE     941019 0000 143N 1446E -99 -99 0990 1010 0110 25 011 -999 -999 -999 -999 -999 -999
IBTr 35W VERNE     941019 0600 145N 1434E -99 -99 0985 1010 0120 28 012 -999 -999 -999 -999 -999 -999
IBTr 35W VERNE     941019 1200 149N 1419E -99 -99 0980 1010 0120 28 012 -999 -999 -999 -999 -999 -999
IBTr 35W VERNE     941019 1800 151N 1403E -99 -99 0975 1010 0130 30 013 -999 -999 -999 -999 -999 -999
IBTr 35W VERNE     941020 0000 153N 1389E -99 -99 0970 1010 0130 33 013 -999 -999 -999 -999 -999 -999
IBTr 35W VERNE     941020 0600 157N 1373E -99 -99 0970 1010 0130 33 013 -999 -999 -999 -999 -999 -999
IBTr 35W VERNE     941020 1200 162N 1360E -99 -99 0970 1010 0130 33 013 -999 -999 -999 -999 -999 -999
IBTr 35W VERNE     941020 1800 165N 1346E -99 -99 0965 1010 0130 36 013 -999 -999 -999 -999 -999 -999
IBTr 35W VERNE     941021 0000 168N 1338E -99 -99 0960 1010 0130 38 013 -999 -999 -999 -999 -999 -999
IBTr 35W VERNE     941021 0600 172N 1329E -99 -99 0960 1010 0130 38 013 -999 -999 -999 -999 -999 -999
IBTr 35W VERNE     941021 1200 175N 1323E -99 -99 0960 1010 0130 38 013 -999 -999 -999 -999 -999 -999
IBTr 35W VERNE     941021 1800 178N 1320E -99 -99 0960 1010 0130 38 013 -999 -999 -999 -999 -999 -999
IBTr 35W VERNE     941022 0000 180N 1316E -99 -99 0960 1010 0130 38 013 -999 -999 -999 -999 -999 -999
IBTr 35W VERNE     941022 0600 182N 1313E -99 -99 0955 1010 0130 41 013 -999 -999 -999 -999 -999 -999
IBTr 35W VERNE     941022 1200 184N 1310E -99 -99 0955 1010 0130 41 013 -999 -999 -999 -999 -999 -999
IBTr 35W VERNE     941022 1800 185N 1307E -99 -99 0955 1010 0130 41 013 -999 -999 -999 -999 -999 -999
IBTr 35W VERNE     941023 0000 186N 1304E -99 -99 0955 1010 0130 41 013 -999 -999 -999 -999 -999 -999
IBTr 35W VERNE     941023 0600 185N 1302E -99 -99 0955 1010 0130 41 013 -999 -999 -999 -999 -999 -999
IBTr 35W VERNE     941023 1200 182N 1301E -99 -99 0955 1010 0130 41 013 -999 -999 -999 -999 -999 -999
IBTr 35W VERNE     941023 1800 182N 1300E -99 -99 0950 1010 0130 41 013 -999 -999 -999 -999 -999 -999
IBTr 35W VERNE     941024 0000 179N 1299E -99 -99 0950 1010 0130 41 013 -999 -999 -999 -999 -999 -999
IBTr 35W VERNE     941024 0600 176N 1297E -99 -99 0950 1010 0130 41 013 -999 -999 -999 -999 -999 -999
IBTr 35W VERNE     941024 1200 171N 1297E -99 -99 0950 1010 0130 41 013 -999 -999 -999 -999 -999 -999
IBTr 35W VERNE     941024 1800 167N 1296E -99 -99 0950 1010 0130 41 013 -999 -999 -999 -999 -999 -999
IBTr 35W VERNE     941025 0000 163N 1296E -99 -99 0950 1010 0130 41 013 -999 -999 -999 -999 -999 -999
IBTr 35W VERNE     941025 0600 160N 1296E -99 -99 0950 1010 0130 41 013 -999 -999 -999 -999 -999 -999
IBTr 35W VERNE     941025 1200 157N 1294E -99 -99 0950 1010 0130 41 013 -999 -999 -999 -999 -999 -999
IBTr 35W VERNE     941025 1800 156N 1293E -99 -99 0950 1010 0130 41 013 -999 -999 -999 -999 -999 -999
IBTr 35W VERNE     941026 0000 153N 1292E -99 -99 0955 1010 0130 38 013 -999 -999 -999 -999 -999 -999
IBTr 35W VERNE     941026 0600 151N 1290E -99 -99 0960 1010 0130 36 013 -999 -999 -999 -999 -999 -999
IBTr 35W VERNE     941026 1200 151N 1290E -99 -99 0960 1010 0130 36 013 -999 -999 -999 -999 -999 -999
IBTr 35W VERNE     941026 1800 152N 1291E -99 -99 0965 1010 0130 33 013 -999 -999 -999 -999 -999 -999
IBTr 35W VERNE     941027 0000 154N 1295E -99 -99 0970 1010 0130 33 013 -999 -999 -999 -999 -999 -999
IBTr 35W VERNE     941027 0600 158N 1297E -99 -99 0975 1010 0130 30 013 -999 -999 -999 -999 -999 -999
IBTr 35W VERNE     941027 1200 163N 1301E -99 -99 0980 1010 0120 28 012 -999 -999 -999 -999 -999 -999
IBTr 35W VERNE     941027 1800 167N 1304E -99 -99 0980 1010 0120 28 012 -999 -999 -999 -999 -999 -999
IBTr 35W VERNE     941028 0000 174N 1308E -99 -99 0980 1010 0120 28 012 -999 -999 -999 -999 -999 -999
IBTr 35W VERNE     941028 0600 180N 1310E -99 -99 0985 1010 0120 25 012 -999 -999 -999 -999 -999 -999
IBTr 35W VERNE     941028 1200 187N 1310E -99 -99 0985 1010 0120 25 012 -999 -999 -999 -999 -999 -999
IBTr 35W VERNE     941028 1800 192N 1312E -99 -99 0985 1010 0120 25 012 -999 -999 -999 -999 -999 -999
IBTr 35W VERNE     941029 0000 196N 1315E -99 -99 0985 1010 0120 25 012 -999 -999 -999 -999 -999 -999
IBTr 35W VERNE     941029 0600 202N 1320E -99 -99 0985 1010 0120 25 012 -999 -999 -999 -999 -999 -999
IBTr 35W VERNE     941029 1200 210N 1325E -99 -99 0985 1010 0120 25 012 -999 -999 -999 -999 -999 -999
IBTr 35W VERNE     941029 1800 219N 1333E -99 -99 0985 1010 0120 25 012 -999 -999 -999 -999 -999 -999
IBTr 35W VERNE     941030 0000 228N 1344E -99 -99 0985 1010 0120 25 012 -999 -999 -999 -999 -999 -999
IBTr 35W VERNE     941030 0600 237N 1352E -99 -99 0985 1010 0120 25 012 -999 -999 -999 -999 -999 -999
IBTr 35W VERNE     941030 1200 244N 1360E -99 -99 0985 1010 0120 25 012 -999 -999 -999 -999 -999 -999
IBTr 35W VERNE     941030 1800 250N 1369E -99 -99 0985 1010 0120 25 012 -999 -999 -999 -999 -999 -999
IBTr 35W VERNE     941031 0000 256N 1379E -99 -99 0990 1010 0120 23 012 -999 -999 -999 -999 -999 -999
IBTr 35W VERNE     941031 0600 260N 1392E -99 -99 0990 1010 0120 23 012 -999 -999 -999 -999 -999 -999
IBTr 35W VERNE     941031 0900 264N 1399E -99 -99 0990 1010 0120 23 012 -999 -999 -999 -999 -999 -999
IBTr 35W VERNE     941031 1200 266N 1404E -99 -99 0990 1010 0120 23 012 -999 -999 -999 -999 -999 -999
IBTr 35W VERNE     941031 1500 269N 1412E -99 -99 0990 1010 0120 23 012 -999 -999 -999 -999 -999 -999
IBTr 35W VERNE     941031 1800 270N 1418E -99 -99 0992 1010 0110 23 011 -999 -999 -999 -999 -999 -999
IBTr 35W VERNE     941031 2100 275N 1426E -99 -99 0994 1010 0110 23 011 -999 -999 -999 -999 -999 -999
IBTr 35W VERNE     941101 0000 276N 1430E -99 -99 0996 1010 0110 20 011 -999 -999 -999 -999 -999 -999
IBTr 35W VERNE     941101 0300 279N 1435E -99 -99 0998 1010 0110 20 011 -999 -999 -999 -999 -999 -999
IBTr 35W VERNE     941101 0600 281N 1441E -99 -99 1000 1010 0100 20 010 -999 -999 -999 -999 -999 -999
IBTr 35W VERNE     941101 1200 286N 1448E -99 -99 1004 1010 0100 23 010 -999 -999 -999 -999 -999 -999
IBTr 35W VERNE     941101 1800 294N 1458E -99 -99 1004 1010 0100 23 010 -999 -999 -999 -999 -999 -999
IBTr 35W VERNE     941102 0000 308N 1475E -99 -99 1004 1010 0100 23 010 -999 -999 -999 -999 -999 -999
IBTr 35W VERNE     941102 0600 326N 1495E -99 -99 1004 1010 0100 25 010 -999 -999 -999 -999 -999 -999
IBTr 35W VERNE     941102 1200 339N 1514E -99 -99 1004 1010 0100 28 010 -999 -999 -999 -999 -999 -999
IBTr 35W VERNE     941102 1800 352N 1535E -99 -99 1004 1010 0100 30 010 -999 -999 -999 -999 -999 -999
IBTr 35W VERNE     941103 0000 365N 1553E -99 -99 1004 1010 0100 30 010 -999 -999 -999 -999 -999 -999
IBTr 35W VERNE     941103 0600 375N 1569E -99 -99 1004 1010 0100 30 010 -999 -999 -999 -999 -999 -999
IBTr 35W VERNE     941103 1200 386N 1583E -99 -99 1006 1010 0100 30 010 -999 -999 -999 -999 -999 -999
IBTr 35W VERNE     941103 1800 396N 1597E -99 -99 1008 1010 0090 30 009 -999 -999 -999 -999 -999 -999
IBTr 35W VERNE     941104 0000 411N 1612E -99 -99 1008 1010 0090 30 009 -999 -999 -999 -999 -999 -999
