IBTr 31W PAT       940919 1200 174N 1702E -99 -99 -999 1010 0000 07 000 -999 -999 -999 -999 -999 -999
IBTr 31W PAT       940919 1800 171N 1698E -99 -99 -999 1010 0000 10 000 -999 -999 -999 -999 -999 -999
IBTr 31W PAT       940920 0000 168N 1694E -99 -99 -999 1010 0000 10 000 -999 -999 -999 -999 -999 -999
IBTr 31W PAT       940920 0600 165N 1690E -99 -99 -999 1010 0000 12 000 -999 -999 -999 -999 -999 -999
IBTr 31W PAT       940920 1200 163N 1684E -99 -99 -999 1010 0000 12 000 -999 -999 -999 -999 -999 -999
IBTr 31W PAT       940920 1800 161N 1678E -99 -99 -999 1010 0000 15 000 -999 -999 -999 -999 -999 -999
IBTr 31W PAT       940921 0000 155N 1673E -99 -99 1006 1010 0090 15 009 -999 -999 -999 -999 -999 -999
IBTr 31W PAT       940921 0600 152N 1665E -99 -99 1002 1010 0090 18 009 -999 -999 -999 -999 -999 -999
IBTr 31W PAT       940921 1200 150N 1656E -99 -99 1000 1010 0100 20 010 -999 -999 -999 -999 -999 -999
IBTr 31W PAT       940921 1800 151N 1649E -99 -99 0998 1010 0100 18 010 -999 -999 -999 -999 -999 -999
IBTr 31W PAT       940922 0000 158N 1643E -99 -99 0998 1010 0100 18 010 -999 -999 -999 -999 -999 -999
IBTr 31W PAT       940922 0600 167N 1641E -99 -99 0998 1010 0100 18 010 -999 -999 -999 -999 -999 -999
IBTr 31W PAT       940922 1200 178N 1639E -99 -99 0996 1010 0100 20 010 -999 -999 -999 -999 -999 -999
IBTr 31W PAT       940922 1800 191N 1635E -99 -99 0994 1010 0110 20 011 -999 -999 -999 -999 -999 -999
IBTr 31W PAT       940923 0000 206N 1630E -99 -99 0985 1010 0120 25 012 -999 -999 -999 -999 -999 -999
IBTr 31W PAT       940923 0600 221N 1626E -99 -99 0970 1010 0130 33 013 -999 -999 -999 -999 -999 -999
IBTr 31W PAT       940923 1200 232N 1622E -99 -99 0965 1010 0140 36 014 -999 -999 -999 -999 -999 -999
IBTr 31W PAT       940923 1800 243N 1617E -99 -99 0965 1010 0140 36 014 -999 -999 -999 -999 -999 -999
IBTr 31W PAT       940924 0000 251N 1610E -99 -99 0965 1010 0140 36 014 -999 -999 -999 -999 -999 -999
IBTr 31W PAT       940924 0600 257N 1603E -99 -99 0965 1010 0140 36 014 -999 -999 -999 -999 -999 -999
IBTr 31W PAT       940924 1200 264N 1593E -99 -99 0965 1010 0140 36 014 -999 -999 -999 -999 -999 -999
IBTr 31W PAT       940924 1800 272N 1579E -99 -99 0965 1010 0140 36 014 -999 -999 -999 -999 -999 -999
IBTr 31W PAT       940925 0000 281N 1556E -99 -99 0975 1010 0130 30 013 -999 -999 -999 -999 -999 -999
IBTr 31W PAT       940925 0600 282N 1531E -99 -99 0980 1010 0130 28 013 -999 -999 -999 -999 -999 -999
IBTr 31W PAT       940925 1200 279N 1514E -99 -99 0985 1010 0120 25 012 -999 -999 -999 -999 -999 -999
IBTr 31W PAT       940925 1800 274N 1506E -99 -99 0990 1010 0120 23 012 -999 -999 -999 -999 -999 -999
IBTr 31W PAT       940926 0000 279N 1508E -99 -99 0992 1010 0110 20 011 -999 -999 -999 -999 -999 -999
IBTr 31W PAT       940926 0600 293N 1511E -99 -99 0994 1010 0110 18 011 -999 -999 -999 -999 -999 -999
IBTr 31W PAT       940926 1200 312N 1505E -99 -99 0994 1010 0110 18 011 -999 -999 -999 -999 -999 -999
