IBTr 32W PATRUTH   940921 1800 148N 1648E -99 -99 0998 1010 0100 18 010 -999 -999 -999 -999 -999 -999
IBTr 32W PATRUTH   940922 0000 161N 1493E -99 -99 0998 1010 0100 18 010 -999 -999 -999 -999 -999 -999
IBTr 32W PATRUTH   940922 0600 163N 1501E -99 -99 0998 1010 0100 18 010 -999 -999 -999 -999 -999 -999
IBTr 32W PATRUTH   940922 1200 166N 1509E -99 -99 0996 1010 0100 20 010 -999 -999 -999 -999 -999 -999
IBTr 32W PATRUTH   940922 1800 170N 1517E -99 -99 0994 1010 0110 20 011 -999 -999 -999 -999 -999 -999
IBTr 32W PATRUTH   940923 0000 175N 1524E -99 -99 0985 1010 0120 25 012 -999 -999 -999 -999 -999 -999
IBTr 32W PATRUTH   940923 0600 181N 1530E -99 -99 0970 1010 0130 33 013 -999 -999 -999 -999 -999 -999
IBTr 32W PATRUTH   940923 1200 187N 1535E -99 -99 0965 1010 0130 36 013 -999 -999 -999 -999 -999 -999
IBTr 32W PATRUTH   940923 1800 192N 1538E -99 -99 0965 1010 0130 36 013 -999 -999 -999 -999 -999 -999
IBTr 32W PATRUTH   940924 0000 200N 1541E -99 -99 0965 1010 0140 36 014 -999 -999 -999 -999 -999 -999
IBTr 32W PATRUTH   940924 0600 208N 1542E -99 -99 0965 1010 0140 36 014 -999 -999 -999 -999 -999 -999
IBTr 32W PATRUTH   940924 1200 217N 1548E -99 -99 0965 1010 0140 36 014 -999 -999 -999 -999 -999 -999
IBTr 32W PATRUTH   940924 1800 224N 1557E -99 -99 0965 1010 0140 36 014 -999 -999 -999 -999 -999 -999
IBTr 32W PATRUTH   940925 0000 234N 1563E -99 -99 0975 1010 0130 30 013 -999 -999 -999 -999 -999 -999
IBTr 32W PATRUTH   940925 0600 248N 1564E -99 -99 0980 1010 0130 28 013 -999 -999 -999 -999 -999 -999
IBTr 32W PATRUTH   940925 1200 264N 1559E -99 -99 0985 1010 0120 25 012 -999 -999 -999 -999 -999 -999
IBTr 32W PATRUTH   940925 1800 285N 1546E -99 -99 0990 1010 0120 23 012 -999 -999 -999 -999 -999 -999
IBTr 32W PATRUTH   940926 0000 304N 1521E -99 -99 0992 1010 0120 20 012 -999 -999 -999 -999 -999 -999
IBTr 32W PATRUTH   940926 0600 307N 1494E -99 -99 0994 1010 0110 18 011 -999 -999 -999 -999 -999 -999
IBTr 32W PATRUTH   940926 1200 314N 1491E -99 -99 0994 1010 0110 18 011 -999 -999 -999 -999 -999 -999
IBTr 32W PATRUTH   940926 1800 323N 1492E -99 -99 0996 1010 0110 18 011 -999 -999 -999 -999 -999 -999
IBTr 32W PATRUTH   940927 0000 333N 1492E -99 -99 0996 1010 0110 18 011 -999 -999 -999 -999 -999 -999
IBTr 32W PATRUTH   940927 0600 342N 1497E -99 -99 0996 1010 0110 20 011 -999 -999 -999 -999 -999 -999
IBTr 32W PATRUTH   940927 1200 353N 1505E -99 -99 0996 1010 0110 20 011 -999 -999 -999 -999 -999 -999
IBTr 32W PATRUTH   940927 1800 363N 1514E -99 -99 0996 1010 0110 18 011 -999 -999 -999 -999 -999 -999
IBTr 32W PATRUTH   940928 0000 374N 1528E -99 -99 0996 1010 0110 18 011 -999 -999 -999 -999 -999 -999
IBTr 32W PATRUTH   940928 0600 382N 1545E -99 -99 0998 1010 0110 18 011 -999 -999 -999 -999 -999 -999
IBTr 32W PATRUTH   940928 1200 389N 1562E -99 -99 0998 1010 0110 18 011 -999 -999 -999 -999 -999 -999
IBTr 32W PATRUTH   940928 1800 392N 1573E -99 -99 1000 1010 0110 18 011 -999 -999 -999 -999 -999 -999
IBTr 32W PATRUTH   940929 0000 395N 1583E -99 -99 1004 1010 0100 15 010 -999 -999 -999 -999 -999 -999
IBTr 32W PATRUTH   940929 0600 399N 1607E -99 -99 1004 1010 0100 15 010 -999 -999 -999 -999 -999 -999
IBTr 32W PATRUTH   940929 1200 403N 1635E -99 -99 1004 1010 0100 15 010 -999 -999 -999 -999 -999 -999
IBTr 32W PATRUTH   940929 1800 405N 1680E -99 -99 1002 1010 0100 -9 010 -999 -999 -999 -999 -999 -999
IBTr 32W PATRUTH   940930 0000 410N 1710E -99 -99 1000 1010 0110 -9 011 -999 -999 -999 -999 -999 -999
IBTr 32W PATRUTH   940930 0600 410N 1785E -99 -99 0992 1010 0120 -9 012 -999 -999 -999 -999 -999 -999
