IBTr 30W ORCHID    940916 0000 120N 1280E -99 -99 -999 1010 0000 07 000 -999 -999 -999 -999 -999 -999
IBTr 30W ORCHID    940916 0600 120N 1295E -99 -99 -999 1010 0000 07 000 -999 -999 -999 -999 -999 -999
IBTr 30W ORCHID    940916 1200 121N 1310E -99 -99 -999 1010 0000 10 000 -999 -999 -999 -999 -999 -999
IBTr 30W ORCHID    940916 1800 121N 1325E -99 -99 -999 1010 0000 10 000 -999 -999 -999 -999 -999 -999
IBTr 30W ORCHID    940917 0000 122N 1340E -99 -99 -999 1010 0000 10 000 -999 -999 -999 -999 -999 -999
IBTr 30W ORCHID    940917 0600 125N 1353E -99 -99 -999 1010 0000 12 000 -999 -999 -999 -999 -999 -999
IBTr 30W ORCHID    940917 1200 128N 1365E -99 -99 1000 1010 0100 12 010 -999 -999 -999 -999 -999 -999
IBTr 30W ORCHID    940917 1800 128N 1376E -99 -99 1000 1010 0100 12 010 -999 -999 -999 -999 -999 -999
IBTr 30W ORCHID    940918 0000 128N 1390E -99 -99 1000 1010 0100 12 010 -999 -999 -999 -999 -999 -999
IBTr 30W ORCHID    940918 0600 125N 1402E -99 -99 1000 1010 0100 15 010 -999 -999 -999 -999 -999 -999
IBTr 30W ORCHID    940918 1200 119N 1408E -99 -99 0998 1010 0100 15 010 -999 -999 -999 -999 -999 -999
IBTr 30W ORCHID    940918 1800 118N 1416E -99 -99 0996 1010 0100 18 010 -999 -999 -999 -999 -999 -999
IBTr 30W ORCHID    940919 0000 121N 1424E -99 -99 0996 1010 0100 18 010 -999 -999 -999 -999 -999 -999
IBTr 30W ORCHID    940919 0600 126N 1427E -99 -99 0996 1010 0100 18 010 -999 -999 -999 -999 -999 -999
IBTr 30W ORCHID    940919 1200 133N 1430E -99 -99 0996 1010 0100 18 010 -999 -999 -999 -999 -999 -999
IBTr 30W ORCHID    940919 1800 141N 1432E -99 -99 0996 1010 0100 18 010 -999 -999 -999 -999 -999 -999
IBTr 30W ORCHID    940920 0000 149N 1432E -99 -99 0994 1010 0110 20 011 -999 -999 -999 -999 -999 -999
IBTr 30W ORCHID    940920 0600 156N 1424E -99 -99 0994 1010 0110 20 011 -999 -999 -999 -999 -999 -999
IBTr 30W ORCHID    940920 1200 162N 1417E -99 -99 0994 1010 0110 20 011 -999 -999 -999 -999 -999 -999
IBTr 30W ORCHID    940920 1800 171N 1413E -99 -99 0992 1010 0110 23 011 -999 -999 -999 -999 -999 -999
IBTr 30W ORCHID    940921 0000 179N 1414E -99 -99 0990 1010 0110 23 011 -999 -999 -999 -999 -999 -999
IBTr 30W ORCHID    940921 0600 186N 1414E -99 -99 0990 1010 0110 23 011 -999 -999 -999 -999 -999 -999
IBTr 30W ORCHID    940921 1200 190N 1408E -99 -99 0990 1010 0110 23 011 -999 -999 -999 -999 -999 -999
IBTr 30W ORCHID    940921 1800 187N 1400E -99 -99 0985 1010 0120 25 012 -999 -999 -999 -999 -999 -999
IBTr 30W ORCHID    940922 0000 184N 1393E -99 -99 0985 1010 0120 25 012 -999 -999 -999 -999 -999 -999
IBTr 30W ORCHID    940922 0600 180N 1387E -99 -99 0980 1010 0120 28 012 -999 -999 -999 -999 -999 -999
IBTr 30W ORCHID    940922 1200 176N 1382E -99 -99 0980 1010 0120 28 012 -999 -999 -999 -999 -999 -999
IBTr 30W ORCHID    940922 1800 173N 1380E -99 -99 0980 1010 0120 28 012 -999 -999 -999 -999 -999 -999
IBTr 30W ORCHID    940923 0000 172N 1380E -99 -99 0975 1010 0130 30 013 -999 -999 -999 -999 -999 -999
IBTr 30W ORCHID    940923 0600 174N 1379E -99 -99 0970 1010 0130 33 013 -999 -999 -999 -999 -999 -999
IBTr 30W ORCHID    940923 1200 178N 1378E -99 -99 0960 1010 0130 38 013 -999 -999 -999 -999 -999 -999
IBTr 30W ORCHID    940923 1800 183N 1375E -99 -99 0950 1010 0130 43 013 -999 -999 -999 -999 -999 -999
IBTr 30W ORCHID    940924 0000 188N 1371E -99 -99 0940 1010 0130 46 013 -999 -999 -999 -999 -999 -999
IBTr 30W ORCHID    940924 0600 191N 1368E -99 -99 0930 1010 0110 48 011 -999 -999 -999 -999 -999 -999
IBTr 30W ORCHID    940924 1200 194N 1367E -99 -99 0925 1010 0110 51 011 -999 -999 -999 -999 -999 -999
IBTr 30W ORCHID    940924 1800 197N 1367E -99 -99 0925 1010 0110 51 011 -999 -999 -999 -999 -999 -999
IBTr 30W ORCHID    940925 0000 202N 1367E -99 -99 0925 1010 0110 51 011 -999 -999 -999 -999 -999 -999
IBTr 30W ORCHID    940925 0600 207N 1365E -99 -99 0925 1010 0110 51 011 -999 -999 -999 -999 -999 -999
IBTr 30W ORCHID    940925 1200 211N 1363E -99 -99 0925 1010 0110 51 011 -999 -999 -999 -999 -999 -999
IBTr 30W ORCHID    940925 1800 219N 1360E -99 -99 0925 1010 0110 51 011 -999 -999 -999 -999 -999 -999
IBTr 30W ORCHID    940926 0000 225N 1356E -99 -99 0925 1010 0110 51 011 -999 -999 -999 -999 -999 -999
IBTr 30W ORCHID    940926 0600 233N 1349E -99 -99 0925 1010 0110 51 011 -999 -999 -999 -999 -999 -999
IBTr 30W ORCHID    940926 1200 239N 1341E -99 -99 0925 1010 0110 51 011 -999 -999 -999 -999 -999 -999
IBTr 30W ORCHID    940926 1500 243N 1336E -99 -99 0925 1010 0110 51 011 -999 -999 -999 -999 -999 -999
IBTr 30W ORCHID    940926 1800 244N 1335E -99 -99 0925 1010 0110 51 011 -999 -999 -999 -999 -999 -999
IBTr 30W ORCHID    940926 2100 248N 1333E -99 -99 0925 1010 0110 51 011 -999 -999 -999 -999 -999 -999
IBTr 30W ORCHID    940927 0000 251N 1329E -99 -99 0930 1010 0120 48 012 -999 -999 -999 -999 -999 -999
IBTr 30W ORCHID    940927 0300 254N 1328E -99 -99 0930 1010 0120 48 012 -999 -999 -999 -999 -999 -999
IBTr 30W ORCHID    940927 0600 256N 1327E -99 -99 0930 1010 0120 48 012 -999 -999 -999 -999 -999 -999
IBTr 30W ORCHID    940927 0900 259N 1326E -99 -99 0930 1010 0120 48 012 -999 -999 -999 -999 -999 -999
IBTr 30W ORCHID    940927 1200 262N 1325E -99 -99 0930 1010 0120 48 012 -999 -999 -999 -999 -999 -999
IBTr 30W ORCHID    940927 1500 265N 1325E -99 -99 0930 1010 0120 48 012 -999 -999 -999 -999 -999 -999
IBTr 30W ORCHID    940927 1800 268N 1324E -99 -99 0930 1010 0120 48 012 -999 -999 -999 -999 -999 -999
IBTr 30W ORCHID    940927 2100 271N 1324E -99 -99 0930 1010 0120 48 012 -999 -999 -999 -999 -999 -999
IBTr 30W ORCHID    940928 0000 273N 1324E -99 -99 0935 1010 0120 46 012 -999 -999 -999 -999 -999 -999
IBTr 30W ORCHID    940928 0300 277N 1326E -99 -99 0935 1010 0120 46 012 -999 -999 -999 -999 -999 -999
IBTr 30W ORCHID    940928 0600 280N 1326E -99 -99 0935 1010 0120 46 012 -999 -999 -999 -999 -999 -999
IBTr 30W ORCHID    940928 0900 284N 1329E -99 -99 0935 1010 0120 46 012 -999 -999 -999 -999 -999 -999
IBTr 30W ORCHID    940928 1200 286N 1330E -99 -99 0935 1010 0120 46 012 -999 -999 -999 -999 -999 -999
IBTr 30W ORCHID    940928 1500 291N 1333E -99 -99 0940 1010 0130 43 013 -999 -999 -999 -999 -999 -999
IBTr 30W ORCHID    940928 1800 296N 1334E -99 -99 0940 1010 0130 43 013 -999 -999 -999 -999 -999 -999
IBTr 30W ORCHID    940928 2100 301N 1337E -99 -99 0940 1010 0130 43 013 -999 -999 -999 -999 -999 -999
IBTr 30W ORCHID    940929 0000 309N 1340E -99 -99 0945 1010 0140 41 014 -999 -999 -999 -999 -999 -999
IBTr 30W ORCHID    940929 0300 316N 1343E -99 -99 0945 1010 0140 41 014 -999 -999 -999 -999 -999 -999
IBTr 30W ORCHID    940929 0600 323N 1347E -99 -99 0950 1010 0140 41 014 -999 -999 -999 -999 -999 -999
IBTr 30W ORCHID    940929 0900 332N 1351E -99 -99 0950 1010 0140 41 014 -999 -999 -999 -999 -999 -999
IBTr 30W ORCHID    940929 1000 335N 1353E -99 -99 0950 1010 0140 41 014 -999 -999 -999 -999 -999 -999
IBTr 30W ORCHID    940929 1200 342N 1357E -99 -99 0960 1010 0140 38 014 -999 -999 -999 -999 -999 -999
IBTr 30W ORCHID    940929 1500 354N 1361E -99 -99 0975 1010 0140 30 014 -999 -999 -999 -999 -999 -999
IBTr 30W ORCHID    940929 1800 368N 1368E -99 -99 0980 1010 0130 28 013 -999 -999 -999 -999 -999 -999
IBTr 30W ORCHID    940929 2100 380N 1376E -99 -99 0985 1010 0130 28 013 -999 -999 -999 -999 -999 -999
IBTr 30W ORCHID    940930 0000 393N 1383E -99 -99 0985 1010 0130 28 013 -999 -999 -999 -999 -999 -999
IBTr 30W ORCHID    940930 0300 406N 1388E -99 -99 0985 1010 0130 25 013 -999 -999 -999 -999 -999 -999
IBTr 30W ORCHID    940930 0600 416N 1393E -99 -99 0990 1010 0120 30 012 -999 -999 -999 -999 -999 -999
IBTr 30W ORCHID    940930 1200 437N 1405E -99 -99 0998 1010 0110 28 011 -999 -999 -999 -999 -999 -999
IBTr 30W ORCHID    940930 1800 450N 1410E -99 -99 1000 1010 0110 25 011 -999 -999 -999 -999 -999 -999
IBTr 30W ORCHID    941001 0000 464N 1429E -99 -99 1002 1010 0110 23 011 -999 -999 -999 -999 -999 -999
IBTr 30W ORCHID    941001 0600 474N 1444E -99 -99 1002 1010 0110 20 011 -999 -999 -999 -999 -999 -999
IBTr 30W ORCHID    941001 1200 483N 1456E -99 -99 1002 1010 0110 18 011 -999 -999 -999 -999 -999 -999
IBTr 30W ORCHID    941001 1800 490N 1470E -99 -99 1000 1010 0110 -9 011 -999 -999 -999 -999 -999 -999
IBTr 30W ORCHID    941002 0000 500N 1480E -99 -99 1000 1010 0110 -9 011 -999 -999 -999 -999 -999 -999
IBTr 30W ORCHID    941002 0600 505N 1490E -99 -99 1000 1010 0110 -9 011 -999 -999 -999 -999 -999 -999
IBTr 30W ORCHID    941002 1200 505N 1495E -99 -99 1000 1010 0110 -9 011 -999 -999 -999 -999 -999 -999
