IBTr 40W BOBBIE    941214 0000 40N  1750E -99 -99 -999 1010 0000 07 000 -999 -999 -999 -999 -999 -999
IBTr 40W BOBBIE    941214 0600 41N  1747E -99 -99 -999 1010 0000 07 000 -999 -999 -999 -999 -999 -999
IBTr 40W BOBBIE    941214 1200 42N  1744E -99 -99 -999 1010 0000 07 000 -999 -999 -999 -999 -999 -999
IBTr 40W BOBBIE    941214 1800 43N  1741E -99 -99 -999 1010 0000 07 000 -999 -999 -999 -999 -999 -999
IBTr 40W BOBBIE    941215 0000 44N  1738E -99 -99 -999 1010 0000 10 000 -999 -999 -999 -999 -999 -999
IBTr 40W BOBBIE    941215 0600 45N  1735E -99 -99 -999 1010 0000 10 000 -999 -999 -999 -999 -999 -999
IBTr 40W BOBBIE    941215 1200 46N  1731E -99 -99 -999 1010 0000 10 000 -999 -999 -999 -999 -999 -999
IBTr 40W BOBBIE    941215 1800 47N  1727E -99 -99 -999 1010 0000 10 000 -999 -999 -999 -999 -999 -999
IBTr 40W BOBBIE    941216 0000 48N  1723E -99 -99 -999 1010 0000 10 000 -999 -999 -999 -999 -999 -999
IBTr 40W BOBBIE    941216 0600 49N  1719E -99 -99 -999 1010 0000 12 000 -999 -999 -999 -999 -999 -999
IBTr 40W BOBBIE    941216 1200 50N  1715E -99 -99 -999 1010 0000 12 000 -999 -999 -999 -999 -999 -999
IBTr 40W BOBBIE    941216 1800 51N  1710E -99 -99 -999 1010 0000 12 000 -999 -999 -999 -999 -999 -999
IBTr 40W BOBBIE    941217 0000 52N  1704E -99 -99 -999 1010 0000 12 000 -999 -999 -999 -999 -999 -999
IBTr 40W BOBBIE    941217 0600 53N  1697E -99 -99 -999 1010 0000 12 000 -999 -999 -999 -999 -999 -999
IBTr 40W BOBBIE    941217 1200 54N  1689E -99 -99 -999 1010 0000 15 000 -999 -999 -999 -999 -999 -999
IBTr 40W BOBBIE    941217 1800 55N  1680E -99 -99 -999 1010 0000 15 000 -999 -999 -999 -999 -999 -999
IBTr 40W BOBBIE    941218 0000 57N  1670E -99 -99 -999 1010 0000 15 000 -999 -999 -999 -999 -999 -999
IBTr 40W BOBBIE    941218 0600 60N  1660E -99 -99 1000 1010 0090 18 009 -999 -999 -999 -999 -999 -999
IBTr 40W BOBBIE    941218 1200 58N  1648E -99 -99 1000 1010 0090 18 009 -999 -999 -999 -999 -999 -999
IBTr 40W BOBBIE    941218 1800 55N  1634E -99 -99 1000 1010 0090 18 009 -999 -999 -999 -999 -999 -999
IBTr 40W BOBBIE    941219 0000 56N  1622E -99 -99 1000 1010 0090 20 009 -999 -999 -999 -999 -999 -999
IBTr 40W BOBBIE    941219 0600 60N  1612E -99 -99 0998 1010 0100 20 010 -999 -999 -999 -999 -999 -999
IBTr 40W BOBBIE    941219 1200 65N  1605E -99 -99 0996 1010 0100 18 010 -999 -999 -999 -999 -999 -999
IBTr 40W BOBBIE    941219 1800 74N  1598E -99 -99 0996 1010 0100 18 010 -999 -999 -999 -999 -999 -999
IBTr 40W BOBBIE    941220 0000 85N  1595E -99 -99 0994 1010 0100 18 010 -999 -999 -999 -999 -999 -999
IBTr 40W BOBBIE    941220 0600 97N  1596E -99 -99 0994 1010 0100 18 010 -999 -999 -999 -999 -999 -999
IBTr 40W BOBBIE    941220 1200 108N 1591E -99 -99 0994 1010 0100 18 010 -999 -999 -999 -999 -999 -999
IBTr 40W BOBBIE    941220 1800 117N 1582E -99 -99 0994 1010 0100 18 010 -999 -999 -999 -999 -999 -999
IBTr 40W BOBBIE    941221 0000 124N 1571E -99 -99 0992 1010 0110 20 011 -999 -999 -999 -999 -999 -999
IBTr 40W BOBBIE    941221 0600 128N 1559E -99 -99 0992 1010 0110 20 011 -999 -999 -999 -999 -999 -999
IBTr 40W BOBBIE    941221 1200 133N 1543E -99 -99 0992 1010 0110 20 011 -999 -999 -999 -999 -999 -999
IBTr 40W BOBBIE    941221 1800 137N 1529E -99 -99 0990 1010 0110 23 011 -999 -999 -999 -999 -999 -999
IBTr 40W BOBBIE    941222 0000 141N 1515E -99 -99 0990 1010 0110 23 011 -999 -999 -999 -999 -999 -999
IBTr 40W BOBBIE    941222 0600 146N 1501E -99 -99 0990 1010 0110 23 011 -999 -999 -999 -999 -999 -999
IBTr 40W BOBBIE    941222 1200 152N 1489E -99 -99 0990 1010 0110 23 011 -999 -999 -999 -999 -999 -999
IBTr 40W BOBBIE    941222 1800 156N 1479E -99 -99 0990 1010 0110 23 011 -999 -999 -999 -999 -999 -999
IBTr 40W BOBBIE    941223 0000 159N 1469E -99 -99 0990 1010 0110 23 011 -999 -999 -999 -999 -999 -999
IBTr 40W BOBBIE    941223 0600 162N 1457E -99 -99 0985 1010 0120 25 012 -999 -999 -999 -999 -999 -999
IBTr 40W BOBBIE    941223 1200 165N 1444E -99 -99 0985 1010 0120 25 012 -999 -999 -999 -999 -999 -999
IBTr 40W BOBBIE    941223 1800 167N 1432E -99 -99 0985 1010 0120 25 012 -999 -999 -999 -999 -999 -999
IBTr 40W BOBBIE    941224 0000 171N 1420E -99 -99 0985 1010 0120 25 012 -999 -999 -999 -999 -999 -999
IBTr 40W BOBBIE    941224 0600 175N 1409E -99 -99 0990 1010 0110 23 011 -999 -999 -999 -999 -999 -999
IBTr 40W BOBBIE    941224 1200 182N 1398E -99 -99 0992 1010 0110 20 011 -999 -999 -999 -999 -999 -999
IBTr 40W BOBBIE    941224 1800 187N 1386E -99 -99 0996 1010 0100 18 010 -999 -999 -999 -999 -999 -999
IBTr 40W BOBBIE    941225 0000 192N 1374E -99 -99 1000 1010 0100 18 010 -999 -999 -999 -999 -999 -999
IBTr 40W BOBBIE    941225 0600 194N 1364E -99 -99 1000 1010 0100 15 010 -999 -999 -999 -999 -999 -999
IBTr 40W BOBBIE    941225 1200 196N 1355E -99 -99 1000 1010 0100 15 010 -999 -999 -999 -999 -999 -999
IBTr 40W BOBBIE    941225 1800 198N 1348E -99 -99 1002 1010 0100 15 010 -999 -999 -999 -999 -999 -999
IBTr 40W BOBBIE    941226 0000 201N 1344E -99 -99 1004 1010 0090 12 009 -999 -999 -999 -999 -999 -999
IBTr 40W BOBBIE    941226 0600 214N 1346E -99 -99 1004 1010 0090 12 009 -999 -999 -999 -999 -999 -999
IBTr 40W BOBBIE    941226 1200 229N 1363E -99 -99 1004 1010 0090 12 009 -999 -999 -999 -999 -999 -999
IBTr 40W BOBBIE    941226 1800 247N 1390E -99 -99 1004 1010 0090 -9 009 -999 -999 -999 -999 -999 -999
IBTr 40W BOBBIE    941227 0000 260N 1410E -99 -99 1004 1010 0090 -9 009 -999 -999 -999 -999 -999 -999
IBTr 40W BOBBIE    941227 0600 278N 1442E -99 -99 1004 1010 0100 -9 010 -999 -999 -999 -999 -999 -999
IBTr 40W BOBBIE    941227 1200 290N 1470E -99 -99 1006 1010 0090 -9 009 -999 -999 -999 -999 -999 -999
IBTr 40W BOBBIE    941227 1800 305N 1500E -99 -99 1006 1010 0090 -9 009 -999 -999 -999 -999 -999 -999
IBTr 40W BOBBIE    941228 0000 320N 1530E -99 -99 1004 1010 0100 -9 010 -999 -999 -999 -999 -999 -999
IBTr 40W BOBBIE    941228 0600 340N 1550E -99 -99 0998 1010 0110 -9 011 -999 -999 -999 -999 -999 -999
IBTr 40W BOBBIE    941228 1200 365N 1605E -99 -99 0994 1010 0120 -9 012 -999 -999 -999 -999 -999 -999
IBTr 40W BOBBIE    941228 1800 400N 1660E -99 -99 0988 1010 0130 -9 013 -999 -999 -999 -999 -999 -999
IBTr 40W BOBBIE    941229 0000 425N 1715E -99 -99 0980 1010 0140 -9 014 -999 -999 -999 -999 -999 -999
IBTr 40W BOBBIE    941229 0600 450N 1770E -99 -99 0972 1010 0150 -9 015 -999 -999 -999 -999 -999 -999
