IBTr 01L ALLISON   950603 0000 174N 0843W -99 -99 1005 1010 0090 15 009 -999 -999 -999 -999 -999 -999
IBTr 01L ALLISON   950603 0600 183N 0849W -99 -99 1004 1010 0090 15 009 -999 -999 -999 -999 -999 -999
IBTr 01L ALLISON   950603 1200 193N 0857W -99 -99 1003 1010 0090 18 009 -999 -999 -999 -999 -999 -999
IBTr 01L ALLISON   950603 1800 206N 0858W -99 -99 1001 1010 0100 20 010 -999 -999 -999 -999 -999 -999
IBTr 01L ALLISON   950604 0000 220N 0860W -99 -99 0997 1010 0100 25 010 -999 -999 -999 -999 -999 -999
IBTr 01L ALLISON   950604 0600 233N 0863W -99 -99 0995 1010 0110 30 011 -999 -999 -999 -999 -999 -999
IBTr 01L ALLISON   950604 1200 247N 0862W -99 -99 0987 1010 0120 33 012 -999 -999 -999 -999 -999 -999
IBTr 01L ALLISON   950604 1800 262N 0862W -99 -99 0988 1010 0120 33 012 -999 -999 -999 -999 -999 -999
IBTr 01L ALLISON   950605 0000 276N 0861W -99 -99 0988 1010 0120 33 012 -999 -999 -999 -999 -999 -999
IBTr 01L ALLISON   950605 0600 285N 0856W -99 -99 0990 1010 0120 30 012 -999 -999 -999 -999 -999 -999
IBTr 01L ALLISON   950605 1200 296N 0847W -99 -99 0990 1010 0120 30 012 -999 -999 -999 -999 -999 -999
IBTr 01L ALLISON   950605 1400 299N 0844W -99 -99 0991 1010 0120 30 012 -999 -999 -999 -999 -999 -999
IBTr 01L ALLISON   950605 1500 301N 0842W -99 -99 0991 1010 0120 28 012 -999 -999 -999 -999 -999 -999
IBTr 01L ALLISON   950605 1800 307N 0838W -99 -99 0993 1010 0110 23 011 -999 -999 -999 -999 -999 -999
IBTr 01L ALLISON   950606 0000 318N 0828W -99 -99 0993 1010 0110 15 011 -999 -999 -999 -999 -999 -999
IBTr 01L ALLISON   950606 0600 327N 0815W -99 -99 0994 1010 0110 18 011 -999 -999 -999 -999 -999 -999
IBTr 01L ALLISON   950606 1200 336N 0800W -99 -99 0995 1010 0110 18 011 -999 -999 -999 -999 -999 -999
IBTr 01L ALLISON   950606 1800 345N 0781W -99 -99 0995 1010 0110 20 011 -999 -999 -999 -999 -999 -999
IBTr 01L ALLISON   950607 0000 356N 0759W -99 -99 0992 1010 0120 20 012 -999 -999 -999 -999 -999 -999
IBTr 01L ALLISON   950607 0600 371N 0736W -99 -99 0990 1010 0120 23 012 -999 -999 -999 -999 -999 -999
IBTr 01L ALLISON   950607 1200 385N 0710W -99 -99 0988 1010 0130 23 013 -999 -999 -999 -999 -999 -999
IBTr 01L ALLISON   950607 1800 398N 0692W -99 -99 0984 1010 0130 23 013 -999 -999 -999 -999 -999 -999
IBTr 01L ALLISON   950608 0000 410N 0677W -99 -99 0982 1010 0130 25 013 -999 -999 -999 -999 -999 -999
IBTr 01L ALLISON   950608 0600 424N 0660W -99 -99 0984 1010 0130 25 013 -999 -999 -999 -999 -999 -999
IBTr 01L ALLISON   950608 1200 438N 0637W -99 -99 0989 1010 0130 25 013 -999 -999 -999 -999 -999 -999
IBTr 01L ALLISON   950608 1800 452N 0612W -99 -99 0993 1010 0120 23 012 -999 -999 -999 -999 -999 -999
IBTr 01L ALLISON   950609 0000 465N 0585W -99 -99 0995 1010 0120 20 012 -999 -999 -999 -999 -999 -999
IBTr 01L ALLISON   950609 0600 481N 0559W -99 -99 0996 1010 0120 20 012 -999 -999 -999 -999 -999 -999
IBTr 01L ALLISON   950609 1200 500N 0530W -99 -99 0997 1010 0120 20 012 -999 -999 -999 -999 -999 -999
IBTr 01L ALLISON   950609 1800 530N 0520W -99 -99 1000 1010 0110 20 011 -999 -999 -999 -999 -999 -999
IBTr 01L ALLISON   950610 0000 570N 0520W -99 -99 0997 1010 0120 20 012 -999 -999 -999 -999 -999 -999
IBTr 01L ALLISON   950610 0600 600N 0520W -99 -99 0990 1010 0130 20 013 -999 -999 -999 -999 -999 -999
IBTr 01L ALLISON   950610 1200 620N 0530W -99 -99 0992 1010 0130 20 013 -999 -999 -999 -999 -999 -999
IBTr 01L ALLISON   950610 1800 640N 0550W -99 -99 0992 1010 0130 18 013 -999 -999 -999 -999 -999 -999
IBTr 01L ALLISON   950611 0000 650N 0560W -99 -99 0993 1010 0130 18 013 -999 -999 -999 -999 -999 -999
