IBTr 03L CHANTAL   950712 0000 171N 0549W -99 -99 1012 1012 0080 12 008 -999 -999 -999 -999 -999 -999
IBTr 03L CHANTAL   950712 0600 175N 0565W -99 -99 1012 1012 0080 12 008 -999 -999 -999 -999 -999 -999
IBTr 03L CHANTAL   950712 1200 181N 0583W -99 -99 1012 1012 0080 12 008 -999 -999 -999 -999 -999 -999
IBTr 03L CHANTAL   950712 1800 187N 0599W -99 -99 1011 1011 0080 15 008 -999 -999 -999 -999 -999 -999
IBTr 03L CHANTAL   950713 0000 192N 0610W -99 -99 1011 1011 0080 15 008 -999 -999 -999 -999 -999 -999
IBTr 03L CHANTAL   950713 0600 196N 0619W -99 -99 1011 1011 0080 15 008 -999 -999 -999 -999 -999 -999
IBTr 03L CHANTAL   950713 1200 201N 0627W -99 -99 1010 1010 0080 15 008 -999 -999 -999 -999 -999 -999
IBTr 03L CHANTAL   950713 1800 206N 0636W -99 -99 1010 1010 0080 15 008 -999 -999 -999 -999 -999 -999
IBTr 03L CHANTAL   950714 0000 211N 0644W -99 -99 1006 1010 0090 18 009 -999 -999 -999 -999 -999 -999
IBTr 03L CHANTAL   950714 0600 211N 0649W -99 -99 1008 1010 0090 18 009 -999 -999 -999 -999 -999 -999
IBTr 03L CHANTAL   950714 1200 211N 0652W -99 -99 1009 1010 0080 18 008 -999 -999 -999 -999 -999 -999
IBTr 03L CHANTAL   950714 1800 213N 0655W -99 -99 1010 1010 0080 20 008 -999 -999 -999 -999 -999 -999
IBTr 03L CHANTAL   950715 0000 218N 0660W -99 -99 1009 1010 0090 20 009 -999 -999 -999 -999 -999 -999
IBTr 03L CHANTAL   950715 0600 223N 0667W -99 -99 1006 1010 0090 23 009 -999 -999 -999 -999 -999 -999
IBTr 03L CHANTAL   950715 1200 227N 0675W -99 -99 1006 1010 0090 23 009 -999 -999 -999 -999 -999 -999
IBTr 03L CHANTAL   950715 1800 232N 0679W -99 -99 1005 1010 0090 23 009 -999 -999 -999 -999 -999 -999
IBTr 03L CHANTAL   950716 0000 237N 0682W -99 -99 1004 1010 0090 23 009 -999 -999 -999 -999 -999 -999
IBTr 03L CHANTAL   950716 0600 245N 0684W -99 -99 0999 1010 0100 25 010 -999 -999 -999 -999 -999 -999
IBTr 03L CHANTAL   950716 1200 253N 0688W -99 -99 0999 1010 0100 25 010 -999 -999 -999 -999 -999 -999
IBTr 03L CHANTAL   950716 1800 262N 0691W -99 -99 0997 1010 0110 28 011 -999 -999 -999 -999 -999 -999
IBTr 03L CHANTAL   950717 0000 272N 0694W -99 -99 0991 1010 0120 30 012 -999 -999 -999 -999 -999 -999
IBTr 03L CHANTAL   950717 0600 282N 0696W -99 -99 0995 1010 0110 30 011 -999 -999 -999 -999 -999 -999
IBTr 03L CHANTAL   950717 1200 293N 0698W -99 -99 0997 1010 0110 30 011 -999 -999 -999 -999 -999 -999
IBTr 03L CHANTAL   950717 1800 305N 0698W -99 -99 0995 1010 0110 28 011 -999 -999 -999 -999 -999 -999
IBTr 03L CHANTAL   950718 0000 316N 0697W -99 -99 0994 1010 0110 28 011 -999 -999 -999 -999 -999 -999
IBTr 03L CHANTAL   950718 0600 326N 0690W -99 -99 0994 1010 0110 28 011 -999 -999 -999 -999 -999 -999
IBTr 03L CHANTAL   950718 1200 336N 0681W -99 -99 0995 1010 0110 25 011 -999 -999 -999 -999 -999 -999
IBTr 03L CHANTAL   950718 1800 346N 0673W -99 -99 0996 1010 0110 25 011 -999 -999 -999 -999 -999 -999
IBTr 03L CHANTAL   950719 0000 354N 0658W -99 -99 0997 1010 0110 25 011 -999 -999 -999 -999 -999 -999
IBTr 03L CHANTAL   950719 0600 362N 0641W -99 -99 0997 1010 0110 25 011 -999 -999 -999 -999 -999 -999
IBTr 03L CHANTAL   950719 1200 371N 0624W -99 -99 0998 1010 0110 25 011 -999 -999 -999 -999 -999 -999
IBTr 03L CHANTAL   950719 1800 382N 0602W -99 -99 0998 1010 0110 25 011 -999 -999 -999 -999 -999 -999
IBTr 03L CHANTAL   950720 0000 395N 0576W -99 -99 0999 1010 0110 25 011 -999 -999 -999 -999 -999 -999
IBTr 03L CHANTAL   950720 0600 411N 0547W -99 -99 0999 1010 0110 25 011 -999 -999 -999 -999 -999 -999
IBTr 03L CHANTAL   950720 1200 430N 0517W -99 -99 1000 1010 0110 25 011 -999 -999 -999 -999 -999 -999
IBTr 03L CHANTAL   950720 1800 454N 0488W -99 -99 1000 1010 0110 25 011 -999 -999 -999 -999 -999 -999
IBTr 03L CHANTAL   950721 0000 477N 0452W -99 -99 1001 1010 0110 25 011 -999 -999 -999 -999 -999 -999
IBTr 03L CHANTAL   950721 0600 497N 0416W -99 -99 1002 1010 0110 25 011 -999 -999 -999 -999 -999 -999
IBTr 03L CHANTAL   950721 1200 514N 0370W -99 -99 1003 1010 0110 25 011 -999 -999 -999 -999 -999 -999
IBTr 03L CHANTAL   950721 1800 530N 0310W -99 -99 1005 1010 0100 25 010 -999 -999 -999 -999 -999 -999
IBTr 03L CHANTAL   950722 0000 550N 0200W -99 -99 1005 1010 0100 25 010 -999 -999 -999 -999 -999 -999
