IBTr 07W GARY      950727 0600 171N 1212E -99 -99 -999 1010 0000 10 000 -999 -999 -999 -999 -999 -999
IBTr 07W GARY      950727 1200 173N 1209E -99 -99 -999 1010 0000 10 000 -999 -999 -999 -999 -999 -999
IBTr 07W GARY      950727 1800 176N 1206E -99 -99 -999 1010 0000 12 000 -999 -999 -999 -999 -999 -999
IBTr 07W GARY      950728 0000 179N 1202E -99 -99 1000 1010 0100 15 010 -999 -999 -999 -999 -999 -999
IBTr 07W GARY      950728 0600 182N 1196E -99 -99 0998 1010 0100 15 010 -999 -999 -999 -999 -999 -999
IBTr 07W GARY      950728 1200 182N 1194E -99 -99 0998 1010 0100 18 010 -999 -999 -999 -999 -999 -999
IBTr 07W GARY      950728 1800 183N 1192E -99 -99 0994 1010 0110 18 011 -999 -999 -999 -999 -999 -999
IBTr 07W GARY      950729 0000 187N 1188E -99 -99 0994 1010 0110 20 011 -999 -999 -999 -999 -999 -999
IBTr 07W GARY      950729 0600 188N 1182E -99 -99 0994 1010 0110 23 011 -999 -999 -999 -999 -999 -999
IBTr 07W GARY      950729 1200 189N 1179E -99 -99 0992 1010 0110 18 011 -999 -999 -999 -999 -999 -999
IBTr 07W GARY      950729 1800 190N 1176E -99 -99 0990 1010 0110 18 011 -999 -999 -999 -999 -999 -999
IBTr 07W GARY      950730 0000 191N 1175E -99 -99 0990 1010 0110 18 011 -999 -999 -999 -999 -999 -999
IBTr 07W GARY      950730 0600 194N 1173E -99 -99 0985 1010 0120 25 012 -999 -999 -999 -999 -999 -999
IBTr 07W GARY      950730 1200 200N 1171E -99 -99 0985 1010 0120 25 012 -999 -999 -999 -999 -999 -999
IBTr 07W GARY      950730 1800 211N 1170E -99 -99 0980 1010 0130 28 013 -999 -999 -999 -999 -999 -999
IBTr 07W GARY      950731 0000 226N 1168E -99 -99 0980 1010 0130 28 013 -999 -999 -999 -999 -999 -999
IBTr 07W GARY      950731 0600 240N 1168E -99 -99 0985 1010 0120 25 012 -999 -999 -999 -999 -999 -999
IBTr 07W GARY      950731 1200 256N 1167E -99 -99 0994 1010 0110 18 011 -999 -999 -999 -999 -999 -999
IBTr 07W GARY      950731 1800 270N 1164E -99 -99 0998 1010 0110 12 011 -999 -999 -999 -999 -999 -999
IBTr 07W GARY      950801 0000 290N 1162E -99 -99 1000 1010 0100 -9 010 -999 -999 -999 -999 -999 -999
IBTr 07W GARY      950801 0600 305N 1163E -99 -99 1000 1010 0100 -9 010 -999 -999 -999 -999 -999 -999
IBTr 07W GARY      950801 1200 315N 1160E -99 -99 1000 1010 0100 -9 010 -999 -999 -999 -999 -999 -999
IBTr 07W GARY      950801 1800 318N 1161E -99 -99 1000 1010 0100 -9 010 -999 -999 -999 -999 -999 -999
IBTr 07W GARY      950802 0000 320N 1161E -99 -99 1000 1010 0100 -9 010 -999 -999 -999 -999 -999 -999
IBTr 07W GARY      950802 0600 320N 1160E -99 -99 1000 1010 0100 -9 010 -999 -999 -999 -999 -999 -999
IBTr 07W GARY      950802 1200 320N 1160E -99 -99 1000 1010 0100 -9 010 -999 -999 -999 -999 -999 -999
IBTr 07W GARY      950802 1800 320N 1160E -99 -99 1000 1010 0100 -9 010 -999 -999 -999 -999 -999 -999
