IBTr 01W TD0108    950107 0600 67N  1795E -99 -99 -999 1010 0000 12 000 -999 -999 -999 -999 -999 -999
IBTr 01W TD0108    950107 1200 70N  1785E -99 -99 -999 1010 0000 12 000 -999 -999 -999 -999 -999 -999
IBTr 01W TD0108    950107 1800 74N  1776E -99 -99 -999 1010 0000 15 000 -999 -999 -999 -999 -999 -999
IBTr 01W TD0108    950108 0000 79N  1764E -99 -99 -999 1010 0000 15 000 -999 -999 -999 -999 -999 -999
IBTr 01W TD0108    950108 0600 86N  1753E -99 -99 -999 1010 0000 15 000 -999 -999 -999 -999 -999 -999
IBTr 01W TD0108    950108 1200 93N  1744E -99 -99 -999 1010 0000 12 000 -999 -999 -999 -999 -999 -999
IBTr 01W TD0108    950108 1800 99N  1734E -99 -99 -999 1010 0000 10 000 -999 -999 -999 -999 -999 -999
IBTr 01W TD0108    950109 0000 102N 1721E -99 -99 -999 1010 0000 07 000 -999 -999 -999 -999 -999 -999
IBTr 01W TD0108    950109 0600 103N 1709E -99 -99 -999 1010 0000 07 000 -999 -999 -999 -999 -999 -999
IBTr 01W CHUCK     950423 0000 55N  1690E -99 -99 -999 1010 0000 07 000 -999 -999 -999 -999 -999 -999
IBTr 01W CHUCK     950423 0600 55N  1689E -99 -99 -999 1010 0000 07 000 -999 -999 -999 -999 -999 -999
IBTr 01W CHUCK     950423 1200 55N  1688E -99 -99 -999 1010 0000 07 000 -999 -999 -999 -999 -999 -999
IBTr 01W CHUCK     950423 1800 55N  1687E -99 -99 -999 1010 0000 07 000 -999 -999 -999 -999 -999 -999
IBTr 01W CHUCK     950424 0000 54N  1686E -99 -99 -999 1010 0000 07 000 -999 -999 -999 -999 -999 -999
IBTr 01W CHUCK     950424 0600 54N  1685E -99 -99 -999 1010 0000 07 000 -999 -999 -999 -999 -999 -999
IBTr 01W CHUCK     950424 1200 54N  1684E -99 -99 -999 1010 0000 07 000 -999 -999 -999 -999 -999 -999
IBTr 01W CHUCK     950424 1800 53N  1683E -99 -99 -999 1010 0000 07 000 -999 -999 -999 -999 -999 -999
IBTr 01W CHUCK     950425 0000 53N  1682E -99 -99 -999 1010 0000 07 000 -999 -999 -999 -999 -999 -999
IBTr 01W CHUCK     950425 0600 53N  1680E -99 -99 -999 1010 0000 07 000 -999 -999 -999 -999 -999 -999
IBTr 01W CHUCK     950425 1200 52N  1678E -99 -99 -999 1010 0000 07 000 -999 -999 -999 -999 -999 -999
IBTr 01W CHUCK     950425 1800 52N  1676E -99 -99 -999 1010 0000 07 000 -999 -999 -999 -999 -999 -999
IBTr 01W CHUCK     950426 0000 52N  1674E -99 -99 -999 1010 0000 10 000 -999 -999 -999 -999 -999 -999
IBTr 01W CHUCK     950426 0600 51N  1670E -99 -99 -999 1010 0000 10 000 -999 -999 -999 -999 -999 -999
IBTr 01W CHUCK     950426 1200 50N  1667E -99 -99 -999 1010 0000 10 000 -999 -999 -999 -999 -999 -999
IBTr 01W CHUCK     950426 1800 50N  1663E -99 -99 -999 1010 0000 10 000 -999 -999 -999 -999 -999 -999
IBTr 01W CHUCK     950427 0000 51N  1658E -99 -99 -999 1010 0000 12 000 -999 -999 -999 -999 -999 -999
IBTr 01W CHUCK     950427 0600 51N  1653E -99 -99 -999 1010 0000 12 000 -999 -999 -999 -999 -999 -999
IBTr 01W CHUCK     950427 1200 52N  1647E -99 -99 -999 1010 0000 12 000 -999 -999 -999 -999 -999 -999
IBTr 01W CHUCK     950427 1800 52N  1657E -99 -99 1004 1010 0090 12 009 -999 -999 -999 -999 -999 -999
IBTr 01W CHUCK     950428 0000 55N  1663E -99 -99 1004 1010 0090 -9 009 -999 -999 -999 -999 -999 -999
IBTr 01W CHUCK     950428 0600 64N  1665E -99 -99 1004 1010 0090 -9 009 -999 -999 -999 -999 -999 -999
IBTr 01W CHUCK     950428 1200 69N  1665E -99 -99 1002 1010 0090 -9 009 -999 -999 -999 -999 -999 -999
IBTr 01W CHUCK     950428 1800 73N  1662E -99 -99 1002 1010 0090 -9 009 -999 -999 -999 -999 -999 -999
IBTr 01W CHUCK     950429 0000 74N  1655E -99 -99 1000 1010 0090 18 009 -999 -999 -999 -999 -999 -999
IBTr 01W CHUCK     950429 0600 74N  1646E -99 -99 0998 1010 0100 18 010 -999 -999 -999 -999 -999 -999
IBTr 01W CHUCK     950429 1200 70N  1637E -99 -99 0998 1010 0100 18 010 -999 -999 -999 -999 -999 -999
IBTr 01W CHUCK     950429 1800 67N  1630E -99 -99 0998 1010 0100 18 010 -999 -999 -999 -999 -999 -999
IBTr 01W CHUCK     950430 0000 65N  1626E -99 -99 0998 1010 0100 18 010 -999 -999 -999 -999 -999 -999
IBTr 01W CHUCK     950430 0600 63N  1624E -99 -99 0998 1010 0100 18 010 -999 -999 -999 -999 -999 -999
IBTr 01W CHUCK     950430 1200 62N  1622E -99 -99 1000 1010 0090 18 009 -999 -999 -999 -999 -999 -999
IBTr 01W CHUCK     950430 1800 59N  1618E -99 -99 1000 1010 0090 18 009 -999 -999 -999 -999 -999 -999
IBTr 01W CHUCK     950501 0000 56N  1616E -99 -99 1002 1010 0090 12 009 -999 -999 -999 -999 -999 -999
IBTr 01W CHUCK     950501 0600 60N  1617E -99 -99 1002 1010 0090 12 009 -999 -999 -999 -999 -999 -999
IBTr 01W CHUCK     950501 1200 68N  1615E -99 -99 1004 1010 0090 12 009 -999 -999 -999 -999 -999 -999
IBTr 01W CHUCK     950501 1800 77N  1611E -99 -99 1004 1010 0090 12 009 -999 -999 -999 -999 -999 -999
IBTr 01W CHUCK     950502 0000 87N  1605E -99 -99 1004 1010 0090 12 009 -999 -999 -999 -999 -999 -999
IBTr 01W CHUCK     950502 0600 95N  1599E -99 -99 1004 1010 0090 12 009 -999 -999 -999 -999 -999 -999
IBTr 01W CHUCK     950502 1200 102N 1591E -99 -99 1006 1010 0090 12 009 -999 -999 -999 -999 -999 -999
IBTr 01W CHUCK     950502 1800 109N 1582E -99 -99 1006 1010 0090 12 009 -999 -999 -999 -999 -999 -999
IBTr 01W CHUCK     950503 0000 114N 1576E -99 -99 1006 1010 0090 12 009 -999 -999 -999 -999 -999 -999
IBTr 01W CHUCK     950503 0600 117N 1569E -99 -99 1006 1010 0090 10 009 -999 -999 -999 -999 -999 -999
IBTr 01W CHUCK     950503 1200 119N 1563E -99 -99 1006 1010 0090 10 009 -999 -999 -999 -999 -999 -999
IBTr 01W CHUCK     950503 1800 122N 1556E -99 -99 1006 1010 0090 10 009 -999 -999 -999 -999 -999 -999
IBTr 01W CHUCK     950504 0000 123N 1548E -99 -99 1008 1010 0080 10 008 -999 -999 -999 -999 -999 -999
IBTr 01W CHUCK     950504 0600 126N 1538E -99 -99 -999 1010 0000 10 000 -999 -999 -999 -999 -999 -999
IBTr 01W CHUCK     950504 1200 128N 1529E -99 -99 -999 1010 0000 10 000 -999 -999 -999 -999 -999 -999
IBTr 01W CHUCK     950504 1800 131N 1518E -99 -99 -999 1010 0000 10 000 -999 -999 -999 -999 -999 -999
IBTr 01W CHUCK     950505 0000 135N 1506E -99 -99 -999 1010 0000 10 000 -999 -999 -999 -999 -999 -999
IBTr 01W CHUCK     950505 0600 139N 1493E -99 -99 -999 1010 0000 10 000 -999 -999 -999 -999 -999 -999
IBTr 01W CHUCK     950505 1200 143N 1478E -99 -99 -999 1010 0000 10 000 -999 -999 -999 -999 -999 -999
IBTr 01W CHUCK     950505 1800 147N 1461E -99 -99 -999 1010 0000 07 000 -999 -999 -999 -999 -999 -999
IBTr 01W CHUCK     950506 0000 150N 1442E -99 -99 -999 1010 0000 07 000 -999 -999 -999 -999 -999 -999
