IBTr 08S GAIL      950131 1200 104S 0739E -99 -99 1004 1010 0090 10 009 -999 -999 -999 -999 -999 -999
IBTr 08S GAIL      950131 1800 116S 0726E -99 -99 1004 1010 0090 10 009 -999 -999 -999 -999 -999 -999
IBTr 08S GAIL      950201 0000 120S 0722E -99 -99 1002 1010 0090 12 009 -999 -999 -999 -999 -999 -999
IBTr 08S GAIL      950201 0600 120S 0718E -99 -99 1002 1010 0090 12 009 -999 -999 -999 -999 -999 -999
IBTr 08S GAIL      950201 1200 122S 0716E -99 -99 1002 1010 0090 12 009 -999 -999 -999 -999 -999 -999
IBTr 08S GAIL      950201 1800 122S 0715E -99 -99 1002 1010 0090 12 009 -999 -999 -999 -999 -999 -999
IBTr 08S GAIL      950202 0000 122S 0714E -99 -99 1000 1010 0100 12 010 -999 -999 -999 -999 -999 -999
IBTr 08S GAIL      950202 0600 123S 0714E -99 -99 1000 1010 0100 12 010 -999 -999 -999 -999 -999 -999
IBTr 08S GAIL      950202 1200 122S 0713E -99 -99 1000 1010 0100 12 010 -999 -999 -999 -999 -999 -999
IBTr 08S GAIL      950202 1800 122S 0713E -99 -99 1000 1010 0100 12 010 -999 -999 -999 -999 -999 -999
IBTr 08S GAIL      950203 0000 121S 0713E -99 -99 1000 1010 0100 12 010 -999 -999 -999 -999 -999 -999
IBTr 08S GAIL      950203 0600 120S 0714E -99 -99 1000 1010 0100 12 010 -999 -999 -999 -999 -999 -999
IBTr 08S GAIL      950203 1200 118S 0717E -99 -99 1000 1010 0100 12 010 -999 -999 -999 -999 -999 -999
IBTr 08S GAIL      950203 1800 117S 0720E -99 -99 1000 1010 0100 12 010 -999 -999 -999 -999 -999 -999
IBTr 08S GAIL      950204 0000 118S 0724E -99 -99 1000 1010 0100 12 010 -999 -999 -999 -999 -999 -999
IBTr 08S GAIL      950204 0600 118S 0727E -99 -99 0998 1010 0100 14 010 -999 -999 -999 -999 -999 -999
IBTr 08S GAIL      950204 1200 119S 0729E -99 -99 0998 1010 0100 14 010 -999 -999 -999 -999 -999 -999
IBTr 08S GAIL      950204 1800 122S 0729E -99 -99 0998 1010 0100 14 010 -999 -999 -999 -999 -999 -999
IBTr 08S GAIL      950205 0000 124S 0729E -99 -99 0996 1010 0100 15 010 -999 -999 -999 -999 -999 -999
IBTr 08S GAIL      950205 0600 126S 0727E -99 -99 0996 1010 0100 15 010 -999 -999 -999 -999 -999 -999
IBTr 08S GAIL      950205 1200 128S 0725E -99 -99 0996 1010 0100 15 010 -999 -999 -999 -999 -999 -999
IBTr 08S GAIL      950205 1800 130S 0722E -99 -99 0992 1010 0110 18 011 -999 -999 -999 -999 -999 -999
IBTr 08S GAIL      950206 0000 134S 0718E -99 -99 0988 1010 0110 21 011 -999 -999 -999 -999 -999 -999
IBTr 08S GAIL      950206 0600 138S 0713E -99 -99 0982 1010 0120 25 012 -999 -999 -999 -999 -999 -999
IBTr 08S GAIL      950206 1200 141S 0708E -99 -99 0980 1010 0120 28 012 -999 -999 -999 -999 -999 -999
IBTr 08S GAIL      950206 1800 145S 0702E -99 -99 0980 1010 0120 28 012 -999 -999 -999 -999 -999 -999
IBTr 08S GAIL      950207 0000 151S 0694E -99 -99 0975 1010 0130 30 013 -999 -999 -999 -999 -999 -999
IBTr 08S GAIL      950207 0600 156S 0685E -99 -99 0970 1010 0130 33 013 -999 -999 -999 -999 -999 -999
IBTr 08S GAIL      950207 1200 162S 0679E -99 -99 0970 1010 0130 33 013 -999 -999 -999 -999 -999 -999
IBTr 08S GAIL      950207 1800 167S 0673E -99 -99 0970 1010 0130 33 013 -999 -999 -999 -999 -999 -999
IBTr 08S GAIL      950208 0000 174S 0666E -99 -99 0975 1010 0130 30 013 -999 -999 -999 -999 -999 -999
IBTr 08S GAIL      950208 0600 181S 0659E -99 -99 0975 1010 0130 30 013 -999 -999 -999 -999 -999 -999
IBTr 08S GAIL      950208 1200 186S 0651E -99 -99 0975 1010 0130 30 013 -999 -999 -999 -999 -999 -999
IBTr 08S GAIL      950208 1800 191S 0643E -99 -99 0975 1010 0130 30 013 -999 -999 -999 -999 -999 -999
IBTr 08S GAIL      950209 0000 194S 0633E -99 -99 0975 1010 0130 30 013 -999 -999 -999 -999 -999 -999
IBTr 08S GAIL      950209 0600 199S 0623E -99 -99 0980 1010 0130 28 013 -999 -999 -999 -999 -999 -999
IBTr 08S GAIL      950209 1200 206S 0612E -99 -99 0980 1010 0130 28 013 -999 -999 -999 -999 -999 -999
IBTr 08S GAIL      950209 1800 215S 0602E -99 -99 0975 1010 0130 30 013 -999 -999 -999 -999 -999 -999
IBTr 08S GAIL      950210 0000 227S 0595E -99 -99 0975 1010 0130 30 013 -999 -999 -999 -999 -999 -999
IBTr 08S GAIL      950210 0600 240S 0592E -99 -99 0975 1010 0130 30 013 -999 -999 -999 -999 -999 -999
IBTr 08S GAIL      950210 1200 255S 0591E -99 -99 0980 1010 0130 28 013 -999 -999 -999 -999 -999 -999
IBTr 08S GAIL      950210 1800 272S 0597E -99 -99 0980 1010 0130 28 013 -999 -999 -999 -999 -999 -999
IBTr 08S GAIL      950211 0000 290S 0607E -99 -99 0980 1010 0130 28 013 -999 -999 -999 -999 -999 -999
IBTr 08S GAIL      950211 0600 309S 0619E -99 -99 0980 1010 0130 28 013 -999 -999 -999 -999 -999 -999
IBTr 08S GAIL      950211 1200 331S 0631E -99 -99 0985 1010 0130 25 013 -999 -999 -999 -999 -999 -999
IBTr 08S GAIL      950211 1800 353S 0644E -99 -99 0000 1010 0000 -9 000 -999 -999 -999 -999 -999 -999
IBTr 08S GAIL      950212 0000 375S 0656E -99 -99 -999 1010 0000 -9 000 -999 -999 -999 -999 -999 -999
IBTr 08S GAIL      950212 0600 397S 0669E -99 -99 -999 1010 0000 -9 000 -999 -999 -999 -999 -999 -999
IBTr 08S GAIL      950212 1200 417S 0688E -99 -99 -999 1010 0000 -9 000 -999 -999 -999 -999 -999 -999
