IBTr 08L GABRIELLE 950809 1800 237N 0948W -99 -99 1007 1010 0090 15 009 -999 -999 -999 -999 -999 -999
IBTr 08L GABRIELLE 950810 0000 237N 0954W -99 -99 1004 1010 0090 15 009 -999 -999 -999 -999 -999 -999
IBTr 08L GABRIELLE 950810 0600 237N 0962W -99 -99 1002 1010 0100 15 010 -999 -999 -999 -999 -999 -999
IBTr 08L GABRIELLE 950810 1200 235N 0965W -99 -99 0999 1010 0100 18 010 -999 -999 -999 -999 -999 -999
IBTr 08L GABRIELLE 950810 1800 231N 0967W -99 -99 0997 1010 0100 20 010 -999 -999 -999 -999 -999 -999
IBTr 08L GABRIELLE 950811 0000 230N 0967W -99 -99 0995 1010 0110 23 011 -999 -999 -999 -999 -999 -999
IBTr 08L GABRIELLE 950811 0600 231N 0970W -99 -99 0993 1010 0110 25 011 -999 -999 -999 -999 -999 -999
IBTr 08L GABRIELLE 950811 1200 233N 0972W -99 -99 0991 1010 0110 28 011 -999 -999 -999 -999 -999 -999
IBTr 08L GABRIELLE 950811 1800 236N 0975W -99 -99 0990 1010 0120 30 012 -999 -999 -999 -999 -999 -999
IBTr 08L GABRIELLE 950811 2000 237N 0978W -99 -99 0988 1010 0120 30 012 -999 -999 -999 -999 -999 -999
IBTr 08L GABRIELLE 950812 0000 239N 0982W -99 -99 0999 1010 0100 15 010 -999 -999 -999 -999 -999 -999
