IBTr 09S HEIDA     950131 1800 100S 0950E -99 -99 -999 1010 0000 -9 000 -999 -999 -999 -999 -999 -999
IBTr 09S HEIDA     950201 0000 105S 0951E -99 -99 -999 1010 0000 -9 000 -999 -999 -999 -999 -999 -999
IBTr 09S HEIDA     950201 0600 109S 0952E -99 -99 -999 1010 0000 -9 000 -999 -999 -999 -999 -999 -999
IBTr 09S HEIDA     950201 1200 113S 0953E -99 -99 -999 1010 0000 -9 000 -999 -999 -999 -999 -999 -999
IBTr 09S HEIDA     950201 1800 116S 0955E -99 -99 -999 1010 0000 -9 000 -999 -999 -999 -999 -999 -999
IBTr 09S HEIDA     950202 0000 119S 0957E -99 -99 -999 1010 0000 -9 000 -999 -999 -999 -999 -999 -999
IBTr 09S HEIDA     950202 0600 122S 0958E -99 -99 -999 1010 0000 -9 000 -999 -999 -999 -999 -999 -999
IBTr 09S HEIDA     950202 1200 125S 0959E -99 -99 -999 1010 0000 -9 000 -999 -999 -999 -999 -999 -999
IBTr 09S HEIDA     950202 1800 129S 0958E -99 -99 -999 1010 0000 -9 000 -999 -999 -999 -999 -999 -999
IBTr 09S HEIDA     950203 0000 133S 0955E -99 -99 -999 1010 0000 -9 000 -999 -999 -999 -999 -999 -999
IBTr 09S HEIDA     950203 0600 137S 0950E -99 -99 -999 1010 0000 -9 000 -999 -999 -999 -999 -999 -999
IBTr 09S HEIDA     950203 1200 141S 0944E -99 -99 -999 1010 0000 -9 000 -999 -999 -999 -999 -999 -999
IBTr 09S HEIDA     950203 1800 145S 0937E -99 -99 -999 1010 0000 -9 000 -999 -999 -999 -999 -999 -999
IBTr 09S HEIDA     950204 0000 150S 0928E -99 -99 -999 1010 0000 -9 000 -999 -999 -999 -999 -999 -999
IBTr 09S HEIDA     950204 0600 154S 0918E -99 -99 -999 1010 0000 -9 000 -999 -999 -999 -999 -999 -999
IBTr 09S HEIDA     950204 1200 159S 0909E -99 -99 -999 1010 0000 -9 000 -999 -999 -999 -999 -999 -999
IBTr 09S HEIDA     950204 1800 164S 0898E -99 -99 0995 1010 0110 15 011 -999 -999 -999 -999 -999 -999
IBTr 09S HEIDA     950205 0000 168S 0887E -99 -99 0995 1010 0110 15 011 -999 -999 -999 -999 -999 -999
IBTr 09S HEIDA     950205 0600 172S 0874E -99 -99 0992 1010 0110 18 011 -999 -999 -999 -999 -999 -999
IBTr 09S HEIDA     950205 1200 176S 0861E -99 -99 0990 1010 0110 20 011 -999 -999 -999 -999 -999 -999
IBTr 09S HEIDA     950205 1800 181S 0847E -99 -99 0990 1010 0110 20 011 -999 -999 -999 -999 -999 -999
IBTr 09S HEIDA     950206 0000 185S 0832E -99 -99 0992 1010 0110 18 011 -999 -999 -999 -999 -999 -999
IBTr 09S HEIDA     950206 0600 187S 0817E -99 -99 0992 1010 0110 18 011 -999 -999 -999 -999 -999 -999
IBTr 09S HEIDA     950206 1200 190S 0801E -99 -99 0995 1010 0110 15 011 -999 -999 -999 -999 -999 -999
IBTr 09S HEIDA     950206 1800 193S 0785E -99 -99 0992 1010 0110 18 011 -999 -999 -999 -999 -999 -999
IBTr 09S HEIDA     950207 0000 197S 0769E -99 -99 0992 1010 0110 18 011 -999 -999 -999 -999 -999 -999
IBTr 09S HEIDA     950207 0600 202S 0755E -99 -99 0992 1010 0110 18 011 -999 -999 -999 -999 -999 -999
IBTr 09S HEIDA     950207 1200 208S 0742E -99 -99 0995 1010 0110 15 011 -999 -999 -999 -999 -999 -999
IBTr 09S HEIDA     950207 1800 217S 0733E -99 -99 0998 1010 0100 14 010 -999 -999 -999 -999 -999 -999
IBTr 09S HEIDA     950208 0000 227S 0725E -99 -99 1002 1010 0100 12 010 -999 -999 -999 -999 -999 -999
