IBTr 04S CHRISTELL 941227 1800 105S 0540E -99 -99 1004 1010 0090 12 009 -999 -999 -999 -999 -999 -999
IBTr 04S CHRISTELL 941228 0000 107S 0534E -99 -99 1004 1010 0090 12 009 -999 -999 -999 -999 -999 -999
IBTr 04S CHRISTELL 941228 0600 110S 0530E -99 -99 1004 1010 0090 12 009 -999 -999 -999 -999 -999 -999
IBTr 04S CHRISTELL 941228 1200 111S 0529E -99 -99 1004 1010 0090 12 009 -999 -999 -999 -999 -999 -999
IBTr 04S CHRISTELL 941228 1800 112S 0528E -99 -99 1004 1010 0090 12 009 -999 -999 -999 -999 -999 -999
IBTr 04S CHRISTELL 941229 0000 114S 0527E -99 -99 1004 1010 0090 12 009 -999 -999 -999 -999 -999 -999
IBTr 04S CHRISTELL 941229 0600 115S 0527E -99 -99 1004 1010 0090 12 009 -999 -999 -999 -999 -999 -999
IBTr 04S CHRISTELL 941229 1200 117S 0526E -99 -99 1002 1010 0090 12 009 -999 -999 -999 -999 -999 -999
IBTr 04S CHRISTELL 941229 1800 118S 0525E -99 -99 1002 1010 0090 12 009 -999 -999 -999 -999 -999 -999
IBTr 04S CHRISTELL 941230 0000 120S 0524E -99 -99 1002 1010 0090 12 009 -999 -999 -999 -999 -999 -999
IBTr 04S CHRISTELL 941230 0600 123S 0523E -99 -99 1002 1010 0090 12 009 -999 -999 -999 -999 -999 -999
IBTr 04S CHRISTELL 941230 1200 128S 0522E -99 -99 1002 1010 0090 12 009 -999 -999 -999 -999 -999 -999
IBTr 04S CHRISTELL 941230 1800 133S 0520E -99 -99 1002 1010 0090 12 009 -999 -999 -999 -999 -999 -999
IBTr 04S CHRISTELL 941231 0000 138S 0519E -99 -99 1002 1010 0090 12 009 -999 -999 -999 -999 -999 -999
IBTr 04S CHRISTELL 941231 0600 142S 0517E -99 -99 1002 1010 0090 12 009 -999 -999 -999 -999 -999 -999
IBTr 04S CHRISTELL 941231 1200 144S 0516E -99 -99 1002 1010 0090 12 009 -999 -999 -999 -999 -999 -999
IBTr 04S CHRISTELL 941231 1800 145S 0515E -99 -99 1002 1010 0090 12 009 -999 -999 -999 -999 -999 -999
IBTr 04S CHRISTELL 950101 0000 146S 0514E -99 -99 1002 1010 0090 12 009 -999 -999 -999 -999 -999 -999
IBTr 04S CHRISTELL 950101 0600 147S 0513E -99 -99 1002 1010 0090 12 009 -999 -999 -999 -999 -999 -999
IBTr 04S CHRISTELL 950101 1200 148S 0512E -99 -99 1002 1010 0090 12 009 -999 -999 -999 -999 -999 -999
IBTr 04S CHRISTELL 950101 1800 149S 0512E -99 -99 1002 1010 0090 12 009 -999 -999 -999 -999 -999 -999
IBTr 04S CHRISTELL 950102 0000 149S 0511E -99 -99 1002 1010 0090 12 009 -999 -999 -999 -999 -999 -999
IBTr 04S CHRISTELL 950102 0600 150S 0510E -99 -99 1002 1010 0090 12 009 -999 -999 -999 -999 -999 -999
IBTr 04S CHRISTELL 950102 1200 151S 0507E -99 -99 0998 1010 0100 15 010 -999 -999 -999 -999 -999 -999
IBTr 04S CHRISTELL 950102 1800 151S 0504E -99 -99 0998 1010 0100 15 010 -999 -999 -999 -999 -999 -999
IBTr 04S CHRISTELL 950103 0000 148S 0500E -99 -99 0000 1010 0000 -9 000 -999 -999 -999 -999 -999 -999
IBTr 04S CHRISTELL 950103 0600 142S 0499E -99 -99 0000 1010 0000 -9 000 -999 -999 -999 -999 -999 -999
IBTr 04S CHRISTELL 950103 1200 145S 0502E -99 -99 0000 1010 0000 -9 000 -999 -999 -999 -999 -999 -999
IBTr 04S CHRISTELL 950103 1800 143S 0505E -99 -99 1004 1010 0090 12 009 -999 -999 -999 -999 -999 -999
IBTr 04S CHRISTELL 950104 0000 136S 0508E -99 -99 1004 1010 0090 12 009 -999 -999 -999 -999 -999 -999
IBTr 04S CHRISTELL 950104 0600 130S 0514E -99 -99 1004 1010 0090 12 009 -999 -999 -999 -999 -999 -999
IBTr 04S CHRISTELL 950104 1200 129S 0520E -99 -99 1002 1010 0090 12 009 -999 -999 -999 -999 -999 -999
IBTr 04S CHRISTELL 950104 1800 122S 0532E -99 -99 1002 1010 0090 12 009 -999 -999 -999 -999 -999 -999
IBTr 04S CHRISTELL 950105 0000 121S 0541E -99 -99 1000 1010 0100 12 010 -999 -999 -999 -999 -999 -999
IBTr 04S CHRISTELL 950105 0600 122S 0548E -99 -99 0997 1010 0100 15 010 -999 -999 -999 -999 -999 -999
IBTr 04S CHRISTELL 950105 1200 123S 0556E -99 -99 0995 1010 0100 15 010 -999 -999 -999 -999 -999 -999
IBTr 04S CHRISTELL 950105 1800 127S 0561E -99 -99 0990 1010 0110 18 011 -999 -999 -999 -999 -999 -999
IBTr 04S CHRISTELL 950106 0000 131S 0566E -99 -99 0990 1010 0110 18 011 -999 -999 -999 -999 -999 -999
IBTr 04S CHRISTELL 950106 0600 138S 0571E -99 -99 0990 1010 0110 18 011 -999 -999 -999 -999 -999 -999
IBTr 04S CHRISTELL 950106 1200 147S 0575E -99 -99 0988 1010 0110 20 011 -999 -999 -999 -999 -999 -999
IBTr 04S CHRISTELL 950106 1800 158S 0577E -99 -99 0980 1010 0120 23 012 -999 -999 -999 -999 -999 -999
IBTr 04S CHRISTELL 950107 0000 167S 0577E -99 -99 0980 1010 0120 23 012 -999 -999 -999 -999 -999 -999
IBTr 04S CHRISTELL 950107 0600 173S 0576E -99 -99 0980 1010 0120 23 012 -999 -999 -999 -999 -999 -999
IBTr 04S CHRISTELL 950107 1200 178S 0576E -99 -99 0985 1010 0120 20 012 -999 -999 -999 -999 -999 -999
IBTr 04S CHRISTELL 950107 1800 182S 0575E -99 -99 0985 1010 0120 18 012 -999 -999 -999 -999 -999 -999
IBTr 04S CHRISTELL 950108 0000 186S 0574E -99 -99 0990 1010 0110 16 011 -999 -999 -999 -999 -999 -999
IBTr 04S CHRISTELL 950108 0600 191S 0573E -99 -99 0990 1010 0110 16 011 -999 -999 -999 -999 -999 -999
IBTr 04S CHRISTELL 950108 1200 197S 0573E -99 -99 0992 1010 0110 16 011 -999 -999 -999 -999 -999 -999
IBTr 04S CHRISTELL 950108 1800 202S 0574E -99 -99 0992 1010 0110 16 011 -999 -999 -999 -999 -999 -999
IBTr 04S CHRISTELL 950109 0000 206S 0574E -99 -99 0992 1010 0110 16 011 -999 -999 -999 -999 -999 -999
IBTr 04S CHRISTELL 950109 0600 212S 0575E -99 -99 0992 1010 0110 15 011 -999 -999 -999 -999 -999 -999
IBTr 04S CHRISTELL 950109 1200 220S 0574E -99 -99 0992 1010 0110 15 011 -999 -999 -999 -999 -999 -999
IBTr 04S CHRISTELL 950109 1800 229S 0577E -99 -99 0995 1010 0110 15 011 -999 -999 -999 -999 -999 -999
IBTr 04S CHRISTELL 950110 0000 242S 0588E -99 -99 0995 1010 0110 15 011 -999 -999 -999 -999 -999 -999
IBTr 04S CHRISTELL 950110 0600 254S 0597E -99 -99 0995 1010 0110 15 011 -999 -999 -999 -999 -999 -999
IBTr 04S CHRISTELL 950110 1200 269S 0612E -99 -99 0997 1010 0110 15 011 -999 -999 -999 -999 -999 -999
IBTr 04S CHRISTELL 950110 1800 286S 0632E -99 -99 1000 1010 0100 12 010 -999 -999 -999 -999 -999 -999
IBTr 04S CHRISTELL 950111 0000 304S 0654E -99 -99 0000 1010 0000 -9 000 -999 -999 -999 -999 -999 -999
IBTr 04S CHRISTELL 950111 0600 328S 0684E -99 -99 0000 1010 0000 -9 000 -999 -999 -999 -999 -999 -999
