IBTr 05E COSME     950717 0000 170N 1081W -99 -99 1007 1010 0090 12 009 -999 -999 -999 -999 -999 -999
IBTr 05E COSME     950717 0600 172N 1084W -99 -99 1007 1010 0090 15 009 -999 -999 -999 -999 -999 -999
IBTr 05E COSME     950717 1200 173N 1090W -99 -99 1006 1010 0090 15 009 -999 -999 -999 -999 -999 -999
IBTr 05E COSME     950717 1800 175N 1095W -99 -99 1005 1010 0090 15 009 -999 -999 -999 -999 -999 -999
IBTr 05E COSME     950718 0000 178N 1098W -99 -99 1004 1010 0090 15 009 -999 -999 -999 -999 -999 -999
IBTr 05E COSME     950718 0600 181N 1105W -99 -99 1002 1010 0100 18 010 -999 -999 -999 -999 -999 -999
IBTr 05E COSME     950718 1200 184N 1112W -99 -99 1000 1010 0100 20 010 -999 -999 -999 -999 -999 -999
IBTr 05E COSME     950718 1800 188N 1120W -99 -99 0997 1010 0100 25 010 -999 -999 -999 -999 -999 -999
IBTr 05E COSME     950719 0000 193N 1128W -99 -99 0995 1010 0110 28 011 -999 -999 -999 -999 -999 -999
IBTr 05E COSME     950719 0600 197N 1136W -99 -99 0993 1010 0110 28 011 -999 -999 -999 -999 -999 -999
IBTr 05E COSME     950719 1200 202N 1144W -99 -99 0990 1010 0110 30 011 -999 -999 -999 -999 -999 -999
IBTr 05E COSME     950719 1800 208N 1154W -99 -99 0987 1010 0120 33 012 -999 -999 -999 -999 -999 -999
IBTr 05E COSME     950720 0000 215N 1165W -99 -99 0985 1010 0120 33 012 -999 -999 -999 -999 -999 -999
IBTr 05E COSME     950720 0600 217N 1173W -99 -99 0985 1010 0120 33 012 -999 -999 -999 -999 -999 -999
IBTr 05E COSME     950720 1200 218N 1183W -99 -99 0987 1010 0120 30 012 -999 -999 -999 -999 -999 -999
IBTr 05E COSME     950720 1800 216N 1194W -99 -99 0991 1010 0110 25 011 -999 -999 -999 -999 -999 -999
IBTr 05E COSME     950721 0000 214N 1206W -99 -99 0996 1010 0110 20 011 -999 -999 -999 -999 -999 -999
IBTr 05E COSME     950721 0600 212N 1217W -99 -99 1002 1010 0100 18 010 -999 -999 -999 -999 -999 -999
IBTr 05E COSME     950721 1200 210N 1228W -99 -99 1005 1010 0090 15 009 -999 -999 -999 -999 -999 -999
IBTr 05E COSME     950721 1800 208N 1240W -99 -99 1008 1010 0090 12 009 -999 -999 -999 -999 -999 -999
IBTr 05E COSME     950722 0000 206N 1250W -99 -99 1009 1010 0080 12 008 -999 -999 -999 -999 -999 -999
