IBTr 08P AGNES     950415 1200 90S  1435E -99 -99 -999 1010 0000 -9 000 -999 -999 -999 -999 -999 -999
IBTr 08P AGNES     950415 1800 96S  1439E -99 -99 -999 1010 0000 -9 000 -999 -999 -999 -999 -999 -999
IBTr 08P AGNES     950416 0000 101S 1444E -99 -99 -999 1010 0000 -9 000 -999 -999 -999 -999 -999 -999
IBTr 08P AGNES     950416 0600 105S 1450E -99 -99 -999 1010 0000 -9 000 -999 -999 -999 -999 -999 -999
IBTr 08P AGNES     950416 1200 108S 1456E -99 -99 -999 1010 0000 -9 000 -999 -999 -999 -999 -999 -999
IBTr 08P AGNES     950416 1800 112S 1463E -99 -99 0995 1010 0100 18 010 -999 -999 -999 -999 -999 -999
IBTr 08P AGNES     950417 0000 115S 1470E -99 -99 0990 1010 0110 21 011 -999 -999 -999 -999 -999 -999
IBTr 08P AGNES     950417 0600 118S 1475E -99 -99 0985 1010 0120 26 012 -999 -999 -999 -999 -999 -999
IBTr 08P AGNES     950417 1200 121S 1478E -99 -99 0975 1010 0130 30 013 -999 -999 -999 -999 -999 -999
IBTr 08P AGNES     950417 1800 125S 1479E -99 -99 0975 1010 0130 30 013 -999 -999 -999 -999 -999 -999
IBTr 08P AGNES     950418 0000 127S 1480E -99 -99 0970 1010 0130 32 013 -999 -999 -999 -999 -999 -999
IBTr 08P AGNES     950418 0600 128S 1479E -99 -99 0960 1010 0130 41 013 -999 -999 -999 -999 -999 -999
IBTr 08P AGNES     950418 1200 129S 1478E -99 -99 0945 1010 0130 45 013 -999 -999 -999 -999 -999 -999
IBTr 08P AGNES     950418 1800 129S 1477E -99 -99 0945 1010 0130 45 013 -999 -999 -999 -999 -999 -999
IBTr 08P AGNES     950419 0000 128S 1476E -99 -99 0945 1010 0130 45 013 -999 -999 -999 -999 -999 -999
IBTr 08P AGNES     950419 0600 129S 1476E -99 -99 0945 1010 0130 45 013 -999 -999 -999 -999 -999 -999
IBTr 08P AGNES     950419 1200 130S 1476E -99 -99 0955 1010 0130 41 013 -999 -999 -999 -999 -999 -999
IBTr 08P AGNES     950419 1800 130S 1475E -99 -99 0955 1010 0130 41 013 -999 -999 -999 -999 -999 -999
IBTr 08P AGNES     950420 0000 130S 1474E -99 -99 0970 1010 0130 36 013 -999 -999 -999 -999 -999 -999
IBTr 08P AGNES     950420 0600 129S 1474E -99 -99 0970 1010 0130 36 013 -999 -999 -999 -999 -999 -999
IBTr 08P AGNES     950420 1200 129S 1475E -99 -99 0970 1010 0130 36 013 -999 -999 -999 -999 -999 -999
IBTr 08P AGNES     950420 1800 126S 1476E -99 -99 0975 1010 0130 30 013 -999 -999 -999 -999 -999 -999
IBTr 08P AGNES     950421 0000 122S 1478E -99 -99 0980 1010 0120 27 012 -999 -999 -999 -999 -999 -999
IBTr 08P AGNES     950421 0600 118S 1479E -99 -99 0985 1010 0120 26 012 -999 -999 -999 -999 -999 -999
IBTr 08P AGNES     950421 1200 115S 1481E -99 -99 0985 1010 0120 26 012 -999 -999 -999 -999 -999 -999
IBTr 08P AGNES     950421 1800 111S 1480E -99 -99 0985 1010 0120 26 012 -999 -999 -999 -999 -999 -999
IBTr 08P AGNES     950422 0000 108S 1478E -99 -99 0985 1010 0120 26 012 -999 -999 -999 -999 -999 -999
IBTr 08P AGNES     950422 0600 104S 1475E -99 -99 0990 1010 0110 21 011 -999 -999 -999 -999 -999 -999
IBTr 08P AGNES     950422 1200 100S 1471E -99 -99 0995 1010 0100 18 010 -999 -999 -999 -999 -999 -999
IBTr 08P AGNES     950422 1800 96S  1466E -99 -99 -999 1010 0000 -9 000 -999 -999 -999 -999 -999 -999
IBTr 08P AGNES     950423 0000 92S  1462E -99 -99 -999 1010 0000 -9 000 -999 -999 -999 -999 -999 -999
IBTr 08P AGNES     950423 0600 89S  1458E -99 -99 -999 1010 0000 -9 000 -999 -999 -999 -999 -999 -999
IBTr 08P AGNES     950423 1200 86S  1455E -99 -99 -999 1010 0000 -9 000 -999 -999 -999 -999 -999 -999
