IBTr 09W IRVING    950813 0600 116N 1240E -99 -99 -999 1010 0000 07 000 -999 -999 -999 -999 -999 -999
IBTr 09W IRVING    950813 1200 120N 1233E -99 -99 -999 1010 0000 07 000 -999 -999 -999 -999 -999 -999
IBTr 09W IRVING    950813 1800 124N 1225E -99 -99 -999 1010 0000 07 000 -999 -999 -999 -999 -999 -999
IBTr 09W IRVING    950814 0000 127N 1215E -99 -99 -999 1010 0000 07 000 -999 -999 -999 -999 -999 -999
IBTr 09W IRVING    950814 0600 128N 1204E -99 -99 -999 1010 0000 07 000 -999 -999 -999 -999 -999 -999
IBTr 09W IRVING    950814 1200 129N 1195E -99 -99 -999 1010 0000 07 000 -999 -999 -999 -999 -999 -999
IBTr 09W IRVING    950814 1800 130N 1187E -99 -99 -999 1010 0000 07 000 -999 -999 -999 -999 -999 -999
IBTr 09W IRVING    950815 0000 131N 1180E -99 -99 -999 1010 0000 07 000 -999 -999 -999 -999 -999 -999
IBTr 09W IRVING    950815 0600 132N 1174E -99 -99 -999 1010 0000 07 000 -999 -999 -999 -999 -999 -999
IBTr 09W IRVING    950815 1200 133N 1168E -99 -99 -999 1010 0000 07 000 -999 -999 -999 -999 -999 -999
IBTr 09W IRVING    950815 1800 134N 1162E -99 -99 -999 1010 0000 07 000 -999 -999 -999 -999 -999 -999
IBTr 09W IRVING    950816 0000 136N 1155E -99 -99 -999 1010 0000 07 000 -999 -999 -999 -999 -999 -999
IBTr 09W IRVING    950816 0600 140N 1148E -99 -99 -999 1010 0000 07 000 -999 -999 -999 -999 -999 -999
IBTr 09W IRVING    950816 1200 145N 1141E -99 -99 -999 1010 0000 07 000 -999 -999 -999 -999 -999 -999
IBTr 09W IRVING    950816 1800 150N 1135E -99 -99 -999 1010 0000 10 000 -999 -999 -999 -999 -999 -999
IBTr 09W IRVING    950817 0000 155N 1129E -99 -99 1008 1010 0080 12 008 -999 -999 -999 -999 -999 -999
IBTr 09W IRVING    950817 0600 160N 1125E -99 -99 1006 1010 0090 15 009 -999 -999 -999 -999 -999 -999
IBTr 09W IRVING    950817 1200 165N 1123E -99 -99 1004 1010 0090 18 009 -999 -999 -999 -999 -999 -999
IBTr 09W IRVING    950817 1800 171N 1121E -99 -99 1000 1010 0100 18 010 -999 -999 -999 -999 -999 -999
IBTr 09W IRVING    950818 0000 178N 1120E -99 -99 0996 1010 0100 20 010 -999 -999 -999 -999 -999 -999
IBTr 09W IRVING    950818 0600 184N 1121E -99 -99 0992 1010 0110 23 011 -999 -999 -999 -999 -999 -999
IBTr 09W IRVING    950818 1200 189N 1121E -99 -99 0990 1010 0110 23 011 -999 -999 -999 -999 -999 -999
IBTr 09W IRVING    950818 1800 192N 1119E -99 -99 0990 1010 0110 23 011 -999 -999 -999 -999 -999 -999
IBTr 09W IRVING    950819 0000 195N 1115E -99 -99 0992 1010 0110 23 011 -999 -999 -999 -999 -999 -999
IBTr 09W IRVING    950819 0600 199N 1111E -99 -99 0996 1010 0110 20 011 -999 -999 -999 -999 -999 -999
IBTr 09W IRVING    950819 1200 203N 1106E -99 -99 0998 1010 0100 18 010 -999 -999 -999 -999 -999 -999
IBTr 09W IRVING    950819 1800 206N 1101E -99 -99 1000 1010 0100 18 010 -999 -999 -999 -999 -999 -999
IBTr 09W IRVING    950820 0000 211N 1094E -99 -99 1002 1010 0100 23 010 -999 -999 -999 -999 -999 -999
IBTr 09W IRVING    950820 0600 217N 1089E -99 -99 1004 1010 0090 20 009 -999 -999 -999 -999 -999 -999
IBTr 09W IRVING    950820 1200 222N 1085E -99 -99 -999 1010 0000 18 000 -999 -999 -999 -999 -999 -999
IBTr 09W IRVING    950820 1800 229N 1081E -99 -99 -999 1010 0000 15 000 -999 -999 -999 -999 -999 -999
IBTr 09W IRVING    950821 0000 237N 1077E -99 -99 -999 1010 0000 12 000 -999 -999 -999 -999 -999 -999
