IBTr 06E DALILA    950724 1200 131N 1083W -99 -99 1007 1010 0090 12 009 -999 -999 -999 -999 -999 -999
IBTr 06E DALILA    950724 1800 133N 1082W -99 -99 1006 1010 0090 12 009 -999 -999 -999 -999 -999 -999
IBTr 06E DALILA    950725 0000 135N 1081W -99 -99 1005 1010 0090 15 009 -999 -999 -999 -999 -999 -999
IBTr 06E DALILA    950725 0600 138N 1080W -99 -99 1004 1010 0090 18 009 -999 -999 -999 -999 -999 -999
IBTr 06E DALILA    950725 1200 140N 1080W -99 -99 1003 1010 0090 18 009 -999 -999 -999 -999 -999 -999
IBTr 06E DALILA    950725 1800 143N 1081W -99 -99 1003 1010 0090 18 009 -999 -999 -999 -999 -999 -999
IBTr 06E DALILA    950726 0000 146N 1083W -99 -99 1002 1010 0090 18 009 -999 -999 -999 -999 -999 -999
IBTr 06E DALILA    950726 0600 149N 1086W -99 -99 1002 1010 0090 18 009 -999 -999 -999 -999 -999 -999
IBTr 06E DALILA    950726 1200 150N 1088W -99 -99 1002 1010 0090 18 009 -999 -999 -999 -999 -999 -999
IBTr 06E DALILA    950726 1800 151N 1090W -99 -99 1002 1010 0090 18 009 -999 -999 -999 -999 -999 -999
IBTr 06E DALILA    950727 0000 152N 1092W -99 -99 1002 1010 0090 18 009 -999 -999 -999 -999 -999 -999
IBTr 06E DALILA    950727 0600 154N 1095W -99 -99 1002 1010 0090 18 009 -999 -999 -999 -999 -999 -999
IBTr 06E DALILA    950727 1200 155N 1101W -99 -99 1001 1010 0100 18 010 -999 -999 -999 -999 -999 -999
IBTr 06E DALILA    950727 1800 156N 1113W -99 -99 1001 1010 0100 18 010 -999 -999 -999 -999 -999 -999
IBTr 06E DALILA    950728 0000 157N 1125W -99 -99 1000 1010 0100 20 010 -999 -999 -999 -999 -999 -999
IBTr 06E DALILA    950728 0600 158N 1138W -99 -99 0999 1010 0100 23 010 -999 -999 -999 -999 -999 -999
IBTr 06E DALILA    950728 1200 160N 1147W -99 -99 0997 1010 0100 25 010 -999 -999 -999 -999 -999 -999
IBTr 06E DALILA    950728 1800 162N 1159W -99 -99 0995 1010 0110 28 011 -999 -999 -999 -999 -999 -999
IBTr 06E DALILA    950729 0000 164N 1170W -99 -99 0994 1010 0110 28 011 -999 -999 -999 -999 -999 -999
IBTr 06E DALILA    950729 0600 167N 1180W -99 -99 0996 1010 0100 25 010 -999 -999 -999 -999 -999 -999
IBTr 06E DALILA    950729 1200 170N 1189W -99 -99 0998 1010 0100 25 010 -999 -999 -999 -999 -999 -999
IBTr 06E DALILA    950729 1800 173N 1198W -99 -99 0999 1010 0100 23 010 -999 -999 -999 -999 -999 -999
IBTr 06E DALILA    950730 0000 177N 1206W -99 -99 1000 1010 0100 23 010 -999 -999 -999 -999 -999 -999
IBTr 06E DALILA    950730 0600 181N 1212W -99 -99 1001 1010 0100 23 010 -999 -999 -999 -999 -999 -999
IBTr 06E DALILA    950730 1200 187N 1219W -99 -99 1007 1010 0090 20 009 -999 -999 -999 -999 -999 -999
IBTr 06E DALILA    950730 1800 192N 1223W -99 -99 1003 1010 0090 20 009 -999 -999 -999 -999 -999 -999
IBTr 06E DALILA    950731 0000 195N 1225W -99 -99 1004 1010 0090 20 009 -999 -999 -999 -999 -999 -999
IBTr 06E DALILA    950731 0600 196N 1227W -99 -99 1005 1010 0090 18 009 -999 -999 -999 -999 -999 -999
IBTr 06E DALILA    950731 1200 197N 1229W -99 -99 1005 1010 0090 18 009 -999 -999 -999 -999 -999 -999
IBTr 06E DALILA    950731 1800 198N 1232W -99 -99 1006 1010 0090 18 009 -999 -999 -999 -999 -999 -999
IBTr 06E DALILA    950801 0000 200N 1235W -99 -99 1006 1010 0090 15 009 -999 -999 -999 -999 -999 -999
IBTr 06E DALILA    950801 0600 203N 1239W -99 -99 1006 1010 0090 15 009 -999 -999 -999 -999 -999 -999
IBTr 06E DALILA    950801 1200 207N 1246W -99 -99 1007 1010 0090 15 009 -999 -999 -999 -999 -999 -999
IBTr 06E DALILA    950801 1800 211N 1254W -99 -99 1007 1010 0090 12 009 -999 -999 -999 -999 -999 -999
IBTr 06E DALILA    950802 0000 212N 1263W -99 -99 1007 1010 0090 12 009 -999 -999 -999 -999 -999 -999
IBTr 06E DALILA    950802 0600 207N 1271W -99 -99 1008 1010 0090 10 009 -999 -999 -999 -999 -999 -999
