IBTr 07P HSK2195   950401 0000 109S 1445E -99 -99 -999 1010 0000 -9 000 -999 -999 -999 -999 -999 -999
IBTr 07P HSK2195   950401 0600 109S 1434E -99 -99 -999 1010 0000 -9 000 -999 -999 -999 -999 -999 -999
IBTr 07P HSK2195   950401 1200 110S 1423E -99 -99 -999 1010 0000 -9 000 -999 -999 -999 -999 -999 -999
IBTr 07P HSK2195   950401 1800 110S 1412E -99 -99 -999 1010 0000 -9 000 -999 -999 -999 -999 -999 -999
IBTr 07P HSK2195   950402 0000 111S 1401E -99 -99 -999 1010 0000 -9 000 -999 -999 -999 -999 -999 -999
IBTr 07P HSK2195   950402 0600 111S 1390E -99 -99 -999 1010 0000 -9 000 -999 -999 -999 -999 -999 -999
IBTr 07P HSK2195   950402 1200 112S 1380E -99 -99 -999 1010 0000 -9 000 -999 -999 -999 -999 -999 -999
IBTr 07P HSK2195   950402 1800 112S 1371E -99 -99 -999 1010 0000 -9 000 -999 -999 -999 -999 -999 -999
IBTr 07P HSK2195   950403 0000 113S 1362E -99 -99 -999 1010 0000 -9 000 -999 -999 -999 -999 -999 -999
IBTr 07P HSK2195   950403 0600 114S 1353E -99 -99 -999 1010 0000 -9 000 -999 -999 -999 -999 -999 -999
