IBTr 08W HELEN     950803 0000 120N 1453E -99 -99 -999 1010 0000 07 000 -999 -999 -999 -999 -999 -999
IBTr 08W HELEN     950803 0600 122N 1446E -99 -99 -999 1010 0000 07 000 -999 -999 -999 -999 -999 -999
IBTr 08W HELEN     950803 1200 124N 1439E -99 -99 -999 1010 0000 07 000 -999 -999 -999 -999 -999 -999
IBTr 08W HELEN     950803 1800 126N 1433E -99 -99 -999 1010 0000 10 000 -999 -999 -999 -999 -999 -999
IBTr 08W HELEN     950804 0000 129N 1428E -99 -99 -999 1010 0000 10 000 -999 -999 -999 -999 -999 -999
IBTr 08W HELEN     950804 0600 131N 1422E -99 -99 -999 1010 0000 07 000 -999 -999 -999 -999 -999 -999
IBTr 08W HELEN     950804 1200 132N 1416E -99 -99 -999 1010 0000 07 000 -999 -999 -999 -999 -999 -999
IBTr 08W HELEN     950804 1800 133N 1410E -99 -99 -999 1010 0000 07 000 -999 -999 -999 -999 -999 -999
IBTr 08W HELEN     950805 0000 134N 1404E -99 -99 -999 1010 0000 07 000 -999 -999 -999 -999 -999 -999
IBTr 08W HELEN     950805 0600 135N 1398E -99 -99 -999 1010 0000 07 000 -999 -999 -999 -999 -999 -999
IBTr 08W HELEN     950805 1200 136N 1390E -99 -99 -999 1010 0000 07 000 -999 -999 -999 -999 -999 -999
IBTr 08W HELEN     950805 1800 138N 1384E -99 -99 -999 1010 0000 10 000 -999 -999 -999 -999 -999 -999
IBTr 08W HELEN     950806 0000 140N 1376E -99 -99 -999 1010 0000 10 000 -999 -999 -999 -999 -999 -999
IBTr 08W HELEN     950806 0600 141N 1368E -99 -99 -999 1010 0000 10 000 -999 -999 -999 -999 -999 -999
IBTr 08W HELEN     950806 1200 143N 1357E -99 -99 -999 1010 0000 10 000 -999 -999 -999 -999 -999 -999
IBTr 08W HELEN     950806 1800 145N 1345E -99 -99 -999 1010 0000 10 000 -999 -999 -999 -999 -999 -999
IBTr 08W HELEN     950807 0000 146N 1332E -99 -99 -999 1010 0000 12 000 -999 -999 -999 -999 -999 -999
IBTr 08W HELEN     950807 0600 147N 1321E -99 -99 1006 1010 0090 12 009 -999 -999 -999 -999 -999 -999
IBTr 08W HELEN     950807 1200 153N 1311E -99 -99 1006 1010 0090 15 009 -999 -999 -999 -999 -999 -999
IBTr 08W HELEN     950807 1800 160N 1301E -99 -99 1006 1010 0090 15 009 -999 -999 -999 -999 -999 -999
IBTr 08W HELEN     950808 0000 170N 1294E -99 -99 1006 1010 0090 15 009 -999 -999 -999 -999 -999 -999
IBTr 08W HELEN     950808 0600 177N 1283E -99 -99 1004 1010 0090 15 009 -999 -999 -999 -999 -999 -999
IBTr 08W HELEN     950808 1200 183N 1267E -99 -99 1004 1010 0090 15 009 -999 -999 -999 -999 -999 -999
IBTr 08W HELEN     950808 1800 187N 1252E -99 -99 1002 1010 0100 15 010 -999 -999 -999 -999 -999 -999
IBTr 08W HELEN     950809 0000 191N 1235E -99 -99 1000 1010 0100 18 010 -999 -999 -999 -999 -999 -999
IBTr 08W HELEN     950809 0600 193N 1217E -99 -99 0998 1010 0100 18 010 -999 -999 -999 -999 -999 -999
IBTr 08W HELEN     950809 1200 192N 1203E -99 -99 0998 1010 0100 18 010 -999 -999 -999 -999 -999 -999
IBTr 08W HELEN     950809 1800 188N 1192E -99 -99 0996 1010 0100 20 010 -999 -999 -999 -999 -999 -999
IBTr 08W HELEN     950810 0000 184N 1182E -99 -99 0996 1010 0100 20 010 -999 -999 -999 -999 -999 -999
IBTr 08W HELEN     950810 0600 180N 1173E -99 -99 0996 1010 0100 20 010 -999 -999 -999 -999 -999 -999
IBTr 08W HELEN     950810 1200 181N 1165E -99 -99 0994 1010 0110 20 011 -999 -999 -999 -999 -999 -999
IBTr 08W HELEN     950810 1800 184N 1160E -99 -99 0992 1010 0110 23 011 -999 -999 -999 -999 -999 -999
IBTr 08W HELEN     950811 0000 190N 1156E -99 -99 0990 1010 0110 23 011 -999 -999 -999 -999 -999 -999
IBTr 08W HELEN     950811 0600 199N 1153E -99 -99 0985 1010 0120 25 012 -999 -999 -999 -999 -999 -999
IBTr 08W HELEN     950811 1200 207N 1150E -99 -99 0985 1010 0120 25 012 -999 -999 -999 -999 -999 -999
IBTr 08W HELEN     950811 1800 215N 1147E -99 -99 0985 1010 0120 25 012 -999 -999 -999 -999 -999 -999
IBTr 08W HELEN     950812 0000 224N 1146E -99 -99 0990 1010 0110 23 011 -999 -999 -999 -999 -999 -999
IBTr 08W HELEN     950812 0600 233N 1145E -99 -99 0994 1010 0110 20 011 -999 -999 -999 -999 -999 -999
IBTr 08W HELEN     950812 1200 241N 1145E -99 -99 0998 1010 0100 18 010 -999 -999 -999 -999 -999 -999
IBTr 08W HELEN     950812 1800 251N 1148E -99 -99 1002 1010 0100 15 010 -999 -999 -999 -999 -999 -999
IBTr 08W HELEN     950813 0000 263N 1153E -99 -99 1004 1010 0100 12 010 -999 -999 -999 -999 -999 -999
