IBTr 06W NOTNAMED  950725 0600 151N 1332E -99 -99 -999 1010 0000 10 000 -999 -999 -999 -999 -999 -999
IBTr 06W NOTNAMED  950725 1200 155N 1323E -99 -99 -999 1010 0000 10 000 -999 -999 -999 -999 -999 -999
IBTr 06W NOTNAMED  950725 1800 158N 1313E -99 -99 -999 1010 0000 10 000 -999 -999 -999 -999 -999 -999
IBTr 06W NOTNAMED  950726 0000 163N 1293E -99 -99 -999 1010 0000 10 000 -999 -999 -999 -999 -999 -999
IBTr 06W NOTNAMED  950726 0600 163N 1276E -99 -99 -999 1010 0000 10 000 -999 -999 -999 -999 -999 -999
IBTr 06W NOTNAMED  950726 1200 163N 1258E -99 -99 -999 1010 0000 10 000 -999 -999 -999 -999 -999 -999
IBTr 06W NOTNAMED  950726 1800 163N 1244E -99 -99 -999 1010 0000 12 000 -999 -999 -999 -999 -999 -999
IBTr 06W NOTNAMED  950727 0000 165N 1235E -99 -99 -999 1010 0000 12 000 -999 -999 -999 -999 -999 -999
IBTr 06W NOTNAMED  950727 0600 166N 1218E -99 -99 -999 1010 0000 12 000 -999 -999 -999 -999 -999 -999
IBTr 06W NOTNAMED  950727 1200 167N 1217E -99 -99 -999 1010 0000 15 000 -999 -999 -999 -999 -999 -999
IBTr 06W NOTNAMED  950727 1800 170N 1221E -99 -99 -999 1010 0000 15 000 -999 -999 -999 -999 -999 -999
IBTr 06W NOTNAMED  950728 0000 173N 1224E -99 -99 -999 1010 0000 18 000 -999 -999 -999 -999 -999 -999
IBTr 06W NOTNAMED  950728 0600 176N 1227E -99 -99 -999 1010 0000 18 000 -999 -999 -999 -999 -999 -999
IBTr 06W NOTNAMED  950728 1200 180N 1227E -99 -99 -999 1010 0000 18 000 -999 -999 -999 -999 -999 -999
IBTr 06W NOTNAMED  950728 1800 185N 1225E -99 -99 -999 1010 0000 15 000 -999 -999 -999 -999 -999 -999
IBTr 06W NOTNAMED  950729 0000 188N 1222E -99 -99 -999 1010 0000 15 000 -999 -999 -999 -999 -999 -999
IBTr 06W NOTNAMED  950729 0600 189N 1217E -99 -99 -999 1010 0000 12 000 -999 -999 -999 -999 -999 -999
