IBTr 05A NOTNAMED  951011 0000 169N 0735E -99 -99 -999 1010 0000 -9 000 -999 -999 -999 -999 -999 -999
IBTr 05A NOTNAMED  951011 0600 167N 0727E -99 -99 -999 1010 0000 -9 000 -999 -999 -999 -999 -999 -999
IBTr 05A NOTNAMED  951011 1200 166N 0721E -99 -99 -999 1010 0000 -9 000 -999 -999 -999 -999 -999 -999
IBTr 05A NOTNAMED  951011 1800 166N 0715E -99 -99 -999 1010 0000 -9 000 -999 -999 -999 -999 -999 -999
IBTr 05A NOTNAMED  951012 0000 166N 0710E -99 -99 -999 1010 0000 -9 000 -999 -999 -999 -999 -999 -999
IBTr 05A NOTNAMED  951012 0600 166N 0705E -99 -99 -999 1010 0000 -9 000 -999 -999 -999 -999 -999 -999
IBTr 05A NOTNAMED  951012 1200 165N 0700E -99 -99 1008 1010 0080 12 008 -999 -999 -999 -999 -999 -999
IBTr 05A NOTNAMED  951012 1800 167N 0695E -99 -99 1007 1010 0090 12 009 -999 -999 -999 -999 -999 -999
IBTr 05A NOTNAMED  951013 0000 169N 0690E -99 -99 1006 1010 0090 12 009 -999 -999 -999 -999 -999 -999
IBTr 05A NOTNAMED  951013 0300 170N 0690E -99 -99 1006 1010 0090 12 009 -999 -999 -999 -999 -999 -999
IBTr 05A NOTNAMED  951013 0600 170N 0688E -99 -99 1006 1010 0090 12 009 -999 -999 -999 -999 -999 -999
IBTr 05A NOTNAMED  951013 1200 170N 0684E -99 -99 1004 1010 0090 15 009 -999 -999 -999 -999 -999 -999
IBTr 05A NOTNAMED  951013 1800 173N 0679E -99 -99 1004 1010 0090 15 009 -999 -999 -999 -999 -999 -999
IBTr 05A NOTNAMED  951014 0000 175N 0675E -99 -99 1000 1010 0100 18 010 -999 -999 -999 -999 -999 -999
IBTr 05A NOTNAMED  951014 0300 175N 0675E -99 -99 1000 1010 0100 18 010 -999 -999 -999 -999 -999 -999
IBTr 05A NOTNAMED  951014 0600 178N 0672E -99 -99 1000 1010 0100 18 010 -999 -999 -999 -999 -999 -999
IBTr 05A NOTNAMED  951014 1200 179N 0670E -99 -99 0998 1010 0100 23 010 -999 -999 -999 -999 -999 -999
IBTr 05A NOTNAMED  951014 1800 179N 0669E -99 -99 0996 1010 0100 23 010 -999 -999 -999 -999 -999 -999
IBTr 05A NOTNAMED  951015 0000 180N 0668E -99 -99 1000 1010 0100 18 010 -999 -999 -999 -999 -999 -999
IBTr 05A NOTNAMED  951015 0300 180N 0670E -99 -99 1000 1010 0100 18 010 -999 -999 -999 -999 -999 -999
IBTr 05A NOTNAMED  951015 0600 181N 0666E -99 -99 1000 1010 0100 18 010 -999 -999 -999 -999 -999 -999
IBTr 05A NOTNAMED  951015 1200 185N 0659E -99 -99 1000 1010 0100 18 010 -999 -999 -999 -999 -999 -999
IBTr 05A NOTNAMED  951015 1800 186N 0657E -99 -99 1000 1010 0100 18 010 -999 -999 -999 -999 -999 -999
IBTr 05A NOTNAMED  951016 0000 190N 0656E -99 -99 1000 1010 0100 18 010 -999 -999 -999 -999 -999 -999
IBTr 05A NOTNAMED  951016 0300 190N 0655E -99 -99 1000 1010 0100 18 010 -999 -999 -999 -999 -999 -999
IBTr 05A NOTNAMED  951016 0600 192N 0652E -99 -99 1000 1010 0100 18 010 -999 -999 -999 -999 -999 -999
IBTr 05A NOTNAMED  951016 1200 196N 0647E -99 -99 1002 1010 0100 15 010 -999 -999 -999 -999 -999 -999
IBTr 05A NOTNAMED  951016 1800 197N 0645E -99 -99 1002 1010 0100 15 010 -999 -999 -999 -999 -999 -999
IBTr 05A NOTNAMED  951017 0000 197N 0640E -99 -99 1002 1010 0100 15 010 -999 -999 -999 -999 -999 -999
IBTr 05A NOTNAMED  951017 0300 195N 0645E -99 -99 1004 1010 0090 12 009 -999 -999 -999 -999 -999 -999
IBTr 05A NOTNAMED  951017 0600 195N 0630E -99 -99 1004 1010 0090 12 009 -999 -999 -999 -999 -999 -999
IBTr 05A NOTNAMED  951017 1200 191N 0620E -99 -99 1004 1010 0090 12 009 -999 -999 -999 -999 -999 -999
IBTr 05A NOTNAMED  951017 1800 184N 0608E -99 -99 -999 1010 0000 -9 000 -999 -999 -999 -999 -999 -999
IBTr 05A NOTNAMED  951018 0000 176N 0598E -99 -99 -999 1010 0000 -9 000 -999 -999 -999 -999 -999 -999
IBTr 05A NOTNAMED  951018 0600 174N 0588E -99 -99 -999 1010 0000 -9 000 -999 -999 -999 -999 -999 -999
IBTr 05A NOTNAMED  951018 1200 175N 0578E -99 -99 -999 1010 0000 -9 000 -999 -999 -999 -999 -999 -999
