IBTr 07E ERICK     950801 1800 154N 1108W -99 -99 1008 1010 0080 12 008 -999 -999 -999 -999 -999 -999
IBTr 07E ERICK     950802 0000 149N 1120W -99 -99 1008 1010 0080 12 008 -999 -999 -999 -999 -999 -999
IBTr 07E ERICK     950802 0600 145N 1126W -99 -99 1008 1010 0080 12 008 -999 -999 -999 -999 -999 -999
IBTr 07E ERICK     950802 1200 141N 1129W -99 -99 1007 1010 0090 12 009 -999 -999 -999 -999 -999 -999
IBTr 07E ERICK     950802 1800 138N 1132W -99 -99 1006 1010 0090 12 009 -999 -999 -999 -999 -999 -999
IBTr 07E ERICK     950803 0000 138N 1137W -99 -99 1006 1010 0090 15 009 -999 -999 -999 -999 -999 -999
IBTr 07E ERICK     950803 0600 141N 1141W -99 -99 1005 1010 0090 15 009 -999 -999 -999 -999 -999 -999
IBTr 07E ERICK     950803 1200 146N 1145W -99 -99 1005 1010 0090 15 009 -999 -999 -999 -999 -999 -999
IBTr 07E ERICK     950803 1800 153N 1151W -99 -99 1005 1010 0090 15 009 -999 -999 -999 -999 -999 -999
IBTr 07E ERICK     950804 0000 159N 1159W -99 -99 1005 1010 0090 15 009 -999 -999 -999 -999 -999 -999
IBTr 07E ERICK     950804 0600 162N 1168W -99 -99 1004 1010 0090 18 009 -999 -999 -999 -999 -999 -999
IBTr 07E ERICK     950804 1200 165N 1177W -99 -99 1000 1010 0100 23 010 -999 -999 -999 -999 -999 -999
IBTr 07E ERICK     950804 1800 168N 1185W -99 -99 0997 1010 0100 25 010 -999 -999 -999 -999 -999 -999
IBTr 07E ERICK     950805 0000 172N 1192W -99 -99 0994 1010 0110 28 011 -999 -999 -999 -999 -999 -999
IBTr 07E ERICK     950805 0600 176N 1199W -99 -99 0994 1010 0110 28 011 -999 -999 -999 -999 -999 -999
IBTr 07E ERICK     950805 1200 181N 1203W -99 -99 0997 1010 0100 25 010 -999 -999 -999 -999 -999 -999
IBTr 07E ERICK     950805 1800 186N 1207W -99 -99 1000 1010 0100 23 010 -999 -999 -999 -999 -999 -999
IBTr 07E ERICK     950806 0000 189N 1210W -99 -99 1002 1010 0100 20 010 -999 -999 -999 -999 -999 -999
IBTr 07E ERICK     950806 0600 192N 1213W -99 -99 1004 1010 0090 18 009 -999 -999 -999 -999 -999 -999
IBTr 07E ERICK     950806 1200 194N 1213W -99 -99 1004 1010 0090 15 009 -999 -999 -999 -999 -999 -999
IBTr 07E ERICK     950806 1800 196N 1212W -99 -99 1004 1010 0090 15 009 -999 -999 -999 -999 -999 -999
IBTr 07E ERICK     950807 0000 199N 1212W -99 -99 1004 1010 0090 15 009 -999 -999 -999 -999 -999 -999
IBTr 07E ERICK     950807 0600 203N 1211W -99 -99 1004 1010 0090 15 009 -999 -999 -999 -999 -999 -999
IBTr 07E ERICK     950807 1200 205N 1210W -99 -99 1004 1010 0090 12 009 -999 -999 -999 -999 -999 -999
IBTr 07E ERICK     950807 1800 206N 1208W -99 -99 1005 1010 0090 12 009 -999 -999 -999 -999 -999 -999
IBTr 07E ERICK     950808 0000 207N 1206W -99 -99 1006 1010 0090 12 009 -999 -999 -999 -999 -999 -999
