IBTr 05W FAYE      950712 0600 62N  1555E -99 -99 -999 1010 0000 07 000 -999 -999 -999 -999 -999 -999
IBTr 05W FAYE      950712 1200 60N  1545E -99 -99 -999 1010 0000 07 000 -999 -999 -999 -999 -999 -999
IBTr 05W FAYE      950712 1800 59N  1534E -99 -99 -999 1010 0000 07 000 -999 -999 -999 -999 -999 -999
IBTr 05W FAYE      950713 0000 59N  1522E -99 -99 -999 1010 0000 07 000 -999 -999 -999 -999 -999 -999
IBTr 05W FAYE      950713 0600 60N  1509E -99 -99 -999 1010 0000 07 000 -999 -999 -999 -999 -999 -999
IBTr 05W FAYE      950713 1200 64N  1496E -99 -99 -999 1010 0000 10 000 -999 -999 -999 -999 -999 -999
IBTr 05W FAYE      950713 1800 70N  1485E -99 -99 -999 1010 0000 10 000 -999 -999 -999 -999 -999 -999
IBTr 05W FAYE      950714 0000 76N  1473E -99 -99 -999 1010 0000 10 000 -999 -999 -999 -999 -999 -999
IBTr 05W FAYE      950714 0600 83N  1462E -99 -99 -999 1010 0000 10 000 -999 -999 -999 -999 -999 -999
IBTr 05W FAYE      950714 1200 92N  1451E -99 -99 -999 1010 0000 10 000 -999 -999 -999 -999 -999 -999
IBTr 05W FAYE      950714 1800 101N 1442E -99 -99 -999 1010 0000 10 000 -999 -999 -999 -999 -999 -999
IBTr 05W FAYE      950715 0000 111N 1435E -99 -99 -999 1010 0000 12 000 -999 -999 -999 -999 -999 -999
IBTr 05W FAYE      950715 0600 122N 1428E -99 -99 -999 1010 0000 12 000 -999 -999 -999 -999 -999 -999
IBTr 05W FAYE      950715 1200 130N 1423E -99 -99 -999 1010 0000 12 000 -999 -999 -999 -999 -999 -999
IBTr 05W FAYE      950715 1800 140N 1420E -99 -99 -999 1010 0000 12 000 -999 -999 -999 -999 -999 -999
IBTr 05W FAYE      950716 0000 149N 1418E -99 -99 -999 1010 0000 12 000 -999 -999 -999 -999 -999 -999
IBTr 05W FAYE      950716 0600 160N 1416E -99 -99 1006 1010 0090 12 009 -999 -999 -999 -999 -999 -999
IBTr 05W FAYE      950716 1200 167N 1415E -99 -99 1004 1010 0090 15 009 -999 -999 -999 -999 -999 -999
IBTr 05W FAYE      950716 1800 173N 1412E -99 -99 1002 1010 0090 15 009 -999 -999 -999 -999 -999 -999
IBTr 05W FAYE      950717 0000 177N 1407E -99 -99 1002 1010 0100 18 010 -999 -999 -999 -999 -999 -999
IBTr 05W FAYE      950717 0600 181N 1401E -99 -99 1000 1010 0100 18 010 -999 -999 -999 -999 -999 -999
IBTr 05W FAYE      950717 1200 184N 1396E -99 -99 0998 1010 0100 18 010 -999 -999 -999 -999 -999 -999
IBTr 05W FAYE      950717 1800 185N 1391E -99 -99 0996 1010 0100 18 010 -999 -999 -999 -999 -999 -999
IBTr 05W FAYE      950718 0000 187N 1384E -99 -99 0994 1010 0110 18 011 -999 -999 -999 -999 -999 -999
IBTr 05W FAYE      950718 0600 189N 1377E -99 -99 0990 1010 0110 20 011 -999 -999 -999 -999 -999 -999
IBTr 05W FAYE      950718 1200 191N 1370E -99 -99 0985 1010 0120 23 012 -999 -999 -999 -999 -999 -999
IBTr 05W FAYE      950718 1800 194N 1362E -99 -99 0985 1010 0120 23 012 -999 -999 -999 -999 -999 -999
IBTr 05W FAYE      950719 0000 197N 1354E -99 -99 0980 1010 0130 25 013 -999 -999 -999 -999 -999 -999
IBTr 05W FAYE      950719 0600 202N 1345E -99 -99 0975 1010 0130 28 013 -999 -999 -999 -999 -999 -999
IBTr 05W FAYE      950719 1200 207N 1336E -99 -99 0975 1010 0130 28 013 -999 -999 -999 -999 -999 -999
IBTr 05W FAYE      950719 1800 210N 1326E -99 -99 0975 1010 0130 28 013 -999 -999 -999 -999 -999 -999
IBTr 05W FAYE      950720 0000 215N 1316E -99 -99 0975 1010 0130 28 013 -999 -999 -999 -999 -999 -999
IBTr 05W FAYE      950720 0600 221N 1306E -99 -99 0975 1010 0130 28 013 -999 -999 -999 -999 -999 -999
IBTr 05W FAYE      950720 1200 228N 1296E -99 -99 0975 1010 0130 28 013 -999 -999 -999 -999 -999 -999
IBTr 05W FAYE      950720 1500 232N 1292E -99 -99 0975 1010 0130 28 013 -999 -999 -999 -999 -999 -999
IBTr 05W FAYE      950720 1800 236N 1286E -99 -99 0975 1010 0130 28 013 -999 -999 -999 -999 -999 -999
IBTr 05W FAYE      950720 2100 240N 1281E -99 -99 0975 1010 0130 28 013 -999 -999 -999 -999 -999 -999
IBTr 05W FAYE      950721 0000 243N 1277E -99 -99 0975 1010 0130 28 013 -999 -999 -999 -999 -999 -999
IBTr 05W FAYE      950721 0300 246N 1274E -99 -99 0975 1010 0130 28 013 -999 -999 -999 -999 -999 -999
IBTr 05W FAYE      950721 0600 248N 1272E -99 -99 0975 1010 0130 28 013 -999 -999 -999 -999 -999 -999
IBTr 05W FAYE      950721 0900 252N 1270E -99 -99 0975 1010 0130 28 013 -999 -999 -999 -999 -999 -999
IBTr 05W FAYE      950721 1200 254N 1267E -99 -99 0970 1010 0140 30 014 -999 -999 -999 -999 -999 -999
IBTr 05W FAYE      950721 1500 259N 1265E -99 -99 0970 1010 0140 30 014 -999 -999 -999 -999 -999 -999
IBTr 05W FAYE      950721 1800 263N 1263E -99 -99 0965 1010 0140 30 014 -999 -999 -999 -999 -999 -999
IBTr 05W FAYE      950721 2100 267N 1262E -99 -99 0965 1010 0140 30 014 -999 -999 -999 -999 -999 -999
IBTr 05W FAYE      950722 0000 270N 1261E -99 -99 0960 1010 0140 33 014 -999 -999 -999 -999 -999 -999
IBTr 05W FAYE      950722 0300 274N 1264E -99 -99 0960 1010 0140 33 014 -999 -999 -999 -999 -999 -999
IBTr 05W FAYE      950722 0600 280N 1265E -99 -99 0955 1010 0140 36 014 -999 -999 -999 -999 -999 -999
IBTr 05W FAYE      950722 0900 285N 1267E -99 -99 0955 1010 0140 36 014 -999 -999 -999 -999 -999 -999
IBTr 05W FAYE      950722 1200 291N 1270E -99 -99 0955 1010 0140 36 014 -999 -999 -999 -999 -999 -999
IBTr 05W FAYE      950722 1500 298N 1273E -99 -99 0955 1010 0140 36 014 -999 -999 -999 -999 -999 -999
IBTr 05W FAYE      950722 1800 306N 1276E -99 -99 0950 1010 0140 38 014 -999 -999 -999 -999 -999 -999
IBTr 05W FAYE      950722 2100 314N 1279E -99 -99 0950 1010 0140 38 014 -999 -999 -999 -999 -999 -999
IBTr 05W FAYE      950723 0000 324N 1278E -99 -99 0950 1010 0140 38 014 -999 -999 -999 -999 -999 -999
IBTr 05W FAYE      950723 0300 333N 1277E -99 -99 0955 1010 0140 36 014 -999 -999 -999 -999 -999 -999
IBTr 05W FAYE      950723 0600 343N 1278E -99 -99 0960 1010 0140 33 014 -999 -999 -999 -999 -999 -999
IBTr 05W FAYE      950723 0900 350N 1281E -99 -99 0975 1010 0140 30 014 -999 -999 -999 -999 -999 -999
IBTr 05W FAYE      950723 1200 360N 1283E -99 -99 0985 1010 0130 25 013 -999 -999 -999 -999 -999 -999
IBTr 05W FAYE      950723 1500 367N 1287E -99 -99 0994 1010 0120 20 012 -999 -999 -999 -999 -999 -999
IBTr 05W FAYE      950723 1800 376N 1293E -99 -99 0994 1010 0120 20 012 -999 -999 -999 -999 -999 -999
IBTr 05W FAYE      950724 0000 392N 1308E -99 -99 0994 1010 0120 20 012 -999 -999 -999 -999 -999 -999
IBTr 05W FAYE      950724 0600 405N 1327E -99 -99 0998 1010 0110 18 011 -999 -999 -999 -999 -999 -999
IBTr 05W FAYE      950724 1200 418N 1355E -99 -99 1002 1010 0100 20 010 -999 -999 -999 -999 -999 -999
IBTr 05W FAYE      950724 1800 429N 1383E -99 -99 1004 1010 0100 20 010 -999 -999 -999 -999 -999 -999
IBTr 05W FAYE      950725 0000 438N 1416E -99 -99 1006 1010 0100 18 010 -999 -999 -999 -999 -999 -999
IBTr 05W FAYE      950725 0600 439N 1447E -99 -99 -999 1010 0000 15 000 -999 -999 -999 -999 -999 -999
