IBTr 12S INGRID    950221 1800 137S 0647E -99 -99 -999 1010 0000 -9 000 -999 -999 -999 -999 -999 -999
IBTr 12S INGRID    950222 0000 141S 0647E -99 -99 -999 1010 0000 -9 000 -999 -999 -999 -999 -999 -999
IBTr 12S INGRID    950222 0600 147S 0646E -99 -99 1004 1010 0090 10 009 -999 -999 -999 -999 -999 -999
IBTr 12S INGRID    950222 1200 151S 0643E -99 -99 1004 1010 0090 10 009 -999 -999 -999 -999 -999 -999
IBTr 12S INGRID    950222 1800 154S 0638E -99 -99 1002 1010 0090 12 009 -999 -999 -999 -999 -999 -999
IBTr 12S INGRID    950223 0000 157S 0633E -99 -99 1002 1010 0090 12 009 -999 -999 -999 -999 -999 -999
IBTr 12S INGRID    950223 0600 159S 0627E -99 -99 1000 1010 0100 12 010 -999 -999 -999 -999 -999 -999
IBTr 12S INGRID    950223 1200 162S 0621E -99 -99 1000 1010 0100 12 010 -999 -999 -999 -999 -999 -999
IBTr 12S INGRID    950223 1800 164S 0616E -99 -99 0997 1010 0100 14 010 -999 -999 -999 -999 -999 -999
IBTr 12S INGRID    950224 0000 165S 0612E -99 -99 0995 1010 0110 15 011 -999 -999 -999 -999 -999 -999
IBTr 12S INGRID    950224 0600 165S 0608E -99 -99 0992 1010 0110 18 011 -999 -999 -999 -999 -999 -999
IBTr 12S INGRID    950224 1200 167S 0605E -99 -99 0992 1010 0110 18 011 -999 -999 -999 -999 -999 -999
IBTr 12S INGRID    950224 1800 168S 0602E -99 -99 0988 1010 0110 20 011 -999 -999 -999 -999 -999 -999
IBTr 12S INGRID    950225 0000 170S 0598E -99 -99 0984 1010 0120 23 012 -999 -999 -999 -999 -999 -999
IBTr 12S INGRID    950225 0600 173S 0594E -99 -99 0980 1010 0120 24 012 -999 -999 -999 -999 -999 -999
IBTr 12S INGRID    950225 1200 178S 0593E -99 -99 0976 1010 0130 25 013 -999 -999 -999 -999 -999 -999
IBTr 12S INGRID    950225 1800 183S 0592E -99 -99 0972 1010 0130 28 013 -999 -999 -999 -999 -999 -999
IBTr 12S INGRID    950226 0000 188S 0591E -99 -99 0968 1010 0130 30 013 -999 -999 -999 -999 -999 -999
IBTr 12S INGRID    950226 0600 194S 0590E -99 -99 0968 1010 0130 30 013 -999 -999 -999 -999 -999 -999
IBTr 12S INGRID    950226 1200 201S 0591E -99 -99 0960 1010 0140 33 014 -999 -999 -999 -999 -999 -999
IBTr 12S INGRID    950226 1800 208S 0590E -99 -99 0955 1010 0140 36 014 -999 -999 -999 -999 -999 -999
IBTr 12S INGRID    950227 0000 215S 0589E -99 -99 0950 1010 0130 38 013 -999 -999 -999 -999 -999 -999
IBTr 12S INGRID    950227 0600 223S 0587E -99 -99 0945 1010 0130 41 013 -999 -999 -999 -999 -999 -999
IBTr 12S INGRID    950227 1200 231S 0589E -99 -99 0945 1010 0130 41 013 -999 -999 -999 -999 -999 -999
IBTr 12S INGRID    950227 1800 238S 0592E -99 -99 0945 1010 0130 41 013 -999 -999 -999 -999 -999 -999
IBTr 12S INGRID    950228 0000 245S 0596E -99 -99 0950 1010 0140 38 014 -999 -999 -999 -999 -999 -999
IBTr 12S INGRID    950228 0600 252S 0601E -99 -99 0955 1010 0140 36 014 -999 -999 -999 -999 -999 -999
IBTr 12S INGRID    950228 1200 259S 0607E -99 -99 0960 1010 0140 33 014 -999 -999 -999 -999 -999 -999
IBTr 12S INGRID    950228 1800 268S 0615E -99 -99 0968 1010 0140 30 014 -999 -999 -999 -999 -999 -999
IBTr 12S INGRID    950301 0000 281S 0629E -99 -99 0972 1010 0140 28 014 -999 -999 -999 -999 -999 -999
IBTr 12S INGRID    950301 0600 296S 0640E -99 -99 0985 1010 0120 23 012 -999 -999 -999 -999 -999 -999
IBTr 12S INGRID    950301 1200 309S 0644E -99 -99 0000 1010 0000 -9 000 -999 -999 -999 -999 -999 -999
IBTr 12S INGRID    950301 1800 321S 0647E -99 -99 0000 1010 0000 -9 000 -999 -999 -999 -999 -999 -999
IBTr 12S INGRID    950302 0000 326S 0647E -99 -99 0000 1010 0000 -9 000 -999 -999 -999 -999 -999 -999
IBTr 12S INGRID    950302 0600 322S 0636E -99 -99 0000 1010 0000 -9 000 -999 -999 -999 -999 -999 -999
IBTr 12S INGRID    950302 1200 327S 0644E -99 -99 0000 1010 0000 -9 000 -999 -999 -999 -999 -999 -999
IBTr 12S INGRID    950302 1800 330S 0659E -99 -99 0000 1010 0000 -9 000 -999 -999 -999 -999 -999 -999
IBTr 12S INGRID    950303 0000 334S 0675E -99 -99 0000 1010 0000 -9 000 -999 -999 -999 -999 -999 -999
IBTr 12S INGRID    950303 0600 338S 0694E -99 -99 0000 1010 0000 -9 000 -999 -999 -999 -999 -999 -999
