IBTr 13W KENT      950824 0000 96N  1337E -99 -99 -999 1010 0000 07 000 -999 -999 -999 -999 -999 -999
IBTr 13W KENT      950824 0600 98N  1331E -99 -99 -999 1010 0000 07 000 -999 -999 -999 -999 -999 -999
IBTr 13W KENT      950824 1200 102N 1329E -99 -99 1008 1010 0080 10 008 -999 -999 -999 -999 -999 -999
IBTr 13W KENT      950824 1800 108N 1321E -99 -99 1008 1010 0080 10 008 -999 -999 -999 -999 -999 -999
IBTr 13W KENT      950825 0000 115N 1314E -99 -99 1008 1010 0080 10 008 -999 -999 -999 -999 -999 -999
IBTr 13W KENT      950825 0600 124N 1306E -99 -99 1006 1010 0090 10 009 -999 -999 -999 -999 -999 -999
IBTr 13W KENT      950825 1200 133N 1300E -99 -99 1006 1010 0090 10 009 -999 -999 -999 -999 -999 -999
IBTr 13W KENT      950825 1800 141N 1293E -99 -99 1004 1010 0090 15 009 -999 -999 -999 -999 -999 -999
IBTr 13W KENT      950826 0000 147N 1285E -99 -99 1002 1010 0090 18 009 -999 -999 -999 -999 -999 -999
IBTr 13W KENT      950826 0600 154N 1278E -99 -99 1000 1010 0100 18 010 -999 -999 -999 -999 -999 -999
IBTr 13W KENT      950826 1200 159N 1272E -99 -99 0996 1010 0100 20 010 -999 -999 -999 -999 -999 -999
IBTr 13W KENT      950826 1800 163N 1267E -99 -99 0996 1010 0100 20 010 -999 -999 -999 -999 -999 -999
IBTr 13W KENT      950827 0000 167N 1266E -99 -99 0994 1010 0110 20 011 -999 -999 -999 -999 -999 -999
IBTr 13W KENT      950827 0600 171N 1265E -99 -99 0994 1010 0110 23 011 -999 -999 -999 -999 -999 -999
IBTr 13W KENT      950827 1200 172N 1265E -99 -99 0992 1010 0110 23 011 -999 -999 -999 -999 -999 -999
IBTr 13W KENT      950827 1800 172N 1264E -99 -99 0990 1010 0110 23 011 -999 -999 -999 -999 -999 -999
IBTr 13W KENT      950828 0000 175N 1262E -99 -99 0985 1010 0120 25 012 -999 -999 -999 -999 -999 -999
IBTr 13W KENT      950828 0600 178N 1261E -99 -99 0980 1010 0120 28 012 -999 -999 -999 -999 -999 -999
IBTr 13W KENT      950828 1200 180N 1259E -99 -99 0980 1010 0120 28 012 -999 -999 -999 -999 -999 -999
IBTr 13W KENT      950828 1800 182N 1254E -99 -99 0975 1010 0130 30 013 -999 -999 -999 -999 -999 -999
IBTr 13W KENT      950829 0000 184N 1250E -99 -99 0970 1010 0130 33 013 -999 -999 -999 -999 -999 -999
IBTr 13W KENT      950829 0600 186N 1245E -99 -99 0965 1010 0130 36 013 -999 -999 -999 -999 -999 -999
IBTr 13W KENT      950829 1200 190N 1240E -99 -99 0955 1010 0130 41 013 -999 -999 -999 -999 -999 -999
IBTr 13W KENT      950829 1800 195N 1233E -99 -99 0945 1010 0130 43 013 -999 -999 -999 -999 -999 -999
IBTr 13W KENT      950830 0000 201N 1222E -99 -99 0945 1010 0130 43 013 -999 -999 -999 -999 -999 -999
IBTr 13W KENT      950830 0600 206N 1209E -99 -99 0945 1010 0130 43 013 -999 -999 -999 -999 -999 -999
IBTr 13W KENT      950830 1200 210N 1196E -99 -99 0945 1010 0130 43 013 -999 -999 -999 -999 -999 -999
IBTr 13W KENT      950830 1800 216N 1182E -99 -99 0945 1010 0130 43 013 -999 -999 -999 -999 -999 -999
IBTr 13W KENT      950831 0000 222N 1168E -99 -99 0950 1010 0130 41 013 -999 -999 -999 -999 -999 -999
IBTr 13W KENT      950831 0600 226N 1152E -99 -99 0960 1010 0140 36 014 -999 -999 -999 -999 -999 -999
IBTr 13W KENT      950831 1200 232N 1135E -99 -99 0985 1010 0120 25 012 -999 -999 -999 -999 -999 -999
IBTr 13W KENT      950831 1800 238N 1115E -99 -99 0996 1010 0110 18 011 -999 -999 -999 -999 -999 -999
IBTr 13W KENT      950901 0000 243N 1095E -99 -99 0998 1010 0100 18 010 -999 -999 -999 -999 -999 -999
IBTr 13W KENT      950901 0600 249N 1074E -99 -99 -999 1010 0000 15 000 -999 -999 -999 -999 -999 -999
IBTr 13W KENT      950901 1200 253N 1056E -99 -99 -999 1010 0000 12 000 -999 -999 -999 -999 -999 -999
IBTr 13W KENT      950901 1800 253N 1037E -99 -99 -999 1010 0000 10 000 -999 -999 -999 -999 -999 -999
IBTr 13W COLLEEN   951111 1200 200N 1795E -99 -99 -999 1010 0000 12 000 -999 -999 -999 -999 -999 -999
IBTr 13W COLLEEN   951111 1800 187N 1789E -99 -99 -999 1010 0000 12 000 -999 -999 -999 -999 -999 -999
IBTr 13W COLLEEN   951112 0000 175N 1784E -99 -99 -999 1010 0000 15 000 -999 -999 -999 -999 -999 -999
IBTr 13W COLLEEN   951112 0600 165N 1780E -99 -99 -999 1010 0000 18 000 -999 -999 -999 -999 -999 -999
IBTr 13W COLLEEN   951112 1200 162N 1772E -99 -99 -999 1010 0000 18 000 -999 -999 -999 -999 -999 -999
IBTr 13W COLLEEN   951112 1800 164N 1761E -99 -99 -999 1010 0000 15 000 -999 -999 -999 -999 -999 -999
IBTr 13W COLLEEN   951113 0000 168N 1748E -99 -99 -999 1010 0000 15 000 -999 -999 -999 -999 -999 -999
IBTr 13W COLLEEN   951113 0600 171N 1732E -99 -99 -999 1010 0000 10 000 -999 -999 -999 -999 -999 -999
