IBTr 11S BOBBY     950219 0000 110S 1340E -99 -99 1006 1010 0090 -9 009 -999 -999 -999 -999 -999 -999
IBTr 11S BOBBY     950219 0600 115S 1327E -99 -99 1005 1010 0090 09 009 -999 -999 -999 -999 -999 -999
IBTr 11S BOBBY     950219 1200 120S 1313E -99 -99 1005 1010 0090 09 009 -999 -999 -999 -999 -999 -999
IBTr 11S BOBBY     950219 1800 125S 1300E -99 -99 1005 1010 0090 09 009 -999 -999 -999 -999 -999 -999
IBTr 11S BOBBY     950220 0000 130S 1287E -99 -99 1005 1010 0090 09 009 -999 -999 -999 -999 -999 -999
IBTr 11S BOBBY     950220 0600 135S 1273E -99 -99 1005 1010 0090 09 009 -999 -999 -999 -999 -999 -999
IBTr 11S BOBBY     950220 1200 140S 1258E -99 -99 1005 1010 0090 09 009 -999 -999 -999 -999 -999 -999
IBTr 11S BOBBY     950220 1800 145S 1243E -99 -99 1003 1010 0090 10 009 -999 -999 -999 -999 -999 -999
IBTr 11S BOBBY     950221 0000 150S 1232E -99 -99 1000 1010 0100 13 010 -999 -999 -999 -999 -999 -999
IBTr 11S BOBBY     950221 0600 155S 1222E -99 -99 1000 1010 0100 13 010 -999 -999 -999 -999 -999 -999
IBTr 11S BOBBY     950221 1200 159S 1213E -99 -99 0998 1010 0100 14 010 -999 -999 -999 -999 -999 -999
IBTr 11S BOBBY     950221 1500 161S 1208E -99 -99 0995 1010 0110 18 011 -999 -999 -999 -999 -999 -999
IBTr 11S BOBBY     950221 1800 163S 1203E -99 -99 0990 1010 0110 21 011 -999 -999 -999 -999 -999 -999
IBTr 11S BOBBY     950221 2100 165S 1199E -99 -99 0990 1010 0110 21 011 -999 -999 -999 -999 -999 -999
