IBTr 17W OSCAR     950907 0600 85N  1612E -99 -99 -999 1010 0000 07 000 -999 -999 -999 -999 -999 -999
IBTr 17W OSCAR     950907 1200 89N  1600E -99 -99 -999 1010 0000 07 000 -999 -999 -999 -999 -999 -999
IBTr 17W OSCAR     950907 1800 93N  1589E -99 -99 -999 1010 0000 07 000 -999 -999 -999 -999 -999 -999
IBTr 17W OSCAR     950908 0000 96N  1578E -99 -99 -999 1010 0000 07 000 -999 -999 -999 -999 -999 -999
IBTr 17W OSCAR     950908 0600 100N 1565E -99 -99 -999 1010 0000 07 000 -999 -999 -999 -999 -999 -999
IBTr 17W OSCAR     950908 1200 103N 1553E -99 -99 -999 1010 0000 10 000 -999 -999 -999 -999 -999 -999
IBTr 17W OSCAR     950908 1800 106N 1543E -99 -99 -999 1010 0000 10 000 -999 -999 -999 -999 -999 -999
IBTr 17W OSCAR     950909 0000 108N 1535E -99 -99 -999 1010 0000 10 000 -999 -999 -999 -999 -999 -999
IBTr 17W OSCAR     950909 0600 110N 1529E -99 -99 -999 1010 0000 10 000 -999 -999 -999 -999 -999 -999
IBTr 17W OSCAR     950909 1200 113N 1525E -99 -99 -999 1010 0000 10 000 -999 -999 -999 -999 -999 -999
IBTr 17W OSCAR     950909 1800 116N 1521E -99 -99 -999 1010 0000 10 000 -999 -999 -999 -999 -999 -999
IBTr 17W OSCAR     950910 0000 119N 1517E -99 -99 -999 1010 0000 10 000 -999 -999 -999 -999 -999 -999
IBTr 17W OSCAR     950910 0600 123N 1512E -99 -99 -999 1010 0000 10 000 -999 -999 -999 -999 -999 -999
IBTr 17W OSCAR     950910 1200 128N 1506E -99 -99 -999 1010 0000 10 000 -999 -999 -999 -999 -999 -999
IBTr 17W OSCAR     950910 1800 134N 1500E -99 -99 -999 1010 0000 10 000 -999 -999 -999 -999 -999 -999
IBTr 17W OSCAR     950911 0000 139N 1495E -99 -99 -999 1010 0000 10 000 -999 -999 -999 -999 -999 -999
IBTr 17W OSCAR     950911 0600 144N 1489E -99 -99 -999 1010 0000 10 000 -999 -999 -999 -999 -999 -999
IBTr 17W OSCAR     950911 1200 149N 1482E -99 -99 -999 1010 0000 12 000 -999 -999 -999 -999 -999 -999
IBTr 17W OSCAR     950911 1800 151N 1478E -99 -99 -999 1010 0000 12 000 -999 -999 -999 -999 -999 -999
IBTr 17W OSCAR     950912 0000 155N 1474E -99 -99 1008 1010 0080 15 008 -999 -999 -999 -999 -999 -999
IBTr 17W OSCAR     950912 0600 162N 1469E -99 -99 1004 1010 0090 15 009 -999 -999 -999 -999 -999 -999
IBTr 17W OSCAR     950912 1200 168N 1466E -99 -99 1000 1010 0100 18 010 -999 -999 -999 -999 -999 -999
IBTr 17W OSCAR     950912 1800 173N 1462E -99 -99 0996 1010 0100 18 010 -999 -999 -999 -999 -999 -999
IBTr 17W OSCAR     950913 0000 178N 1457E -99 -99 0992 1010 0110 20 011 -999 -999 -999 -999 -999 -999
IBTr 17W OSCAR     950913 0600 187N 1448E -99 -99 0985 1010 0120 23 012 -999 -999 -999 -999 -999 -999
IBTr 17W OSCAR     950913 1200 193N 1436E -99 -99 0980 1010 0130 25 013 -999 -999 -999 -999 -999 -999
IBTr 17W OSCAR     950913 1800 198N 1424E -99 -99 0975 1010 0130 30 013 -999 -999 -999 -999 -999 -999
IBTr 17W OSCAR     950914 0000 203N 1411E -99 -99 0970 1010 0130 33 013 -999 -999 -999 -999 -999 -999
IBTr 17W OSCAR     950914 0600 208N 1401E -99 -99 0965 1010 0140 36 014 -999 -999 -999 -999 -999 -999
IBTr 17W OSCAR     950914 1200 215N 1392E -99 -99 0955 1010 0140 38 014 -999 -999 -999 -999 -999 -999
IBTr 17W OSCAR     950914 1800 222N 1385E -99 -99 0945 1010 0130 43 013 -999 -999 -999 -999 -999 -999
IBTr 17W OSCAR     950915 0000 230N 1379E -99 -99 0935 1010 0120 46 012 -999 -999 -999 -999 -999 -999
IBTr 17W OSCAR     950915 0600 240N 1374E -99 -99 0930 1010 0120 48 012 -999 -999 -999 -999 -999 -999
IBTr 17W OSCAR     950915 1200 249N 1369E -99 -99 0925 1010 0110 48 011 -999 -999 -999 -999 -999 -999
IBTr 17W OSCAR     950915 1800 259N 1366E -99 -99 0925 1010 0110 48 011 -999 -999 -999 -999 -999 -999
IBTr 17W OSCAR     950916 0000 270N 1365E -99 -99 0925 1010 0110 51 011 -999 -999 -999 -999 -999 -999
IBTr 17W OSCAR     950916 0300 277N 1365E -99 -99 0925 1010 0110 51 011 -999 -999 -999 -999 -999 -999
IBTr 17W OSCAR     950916 0600 282N 1366E -99 -99 0925 1010 0110 51 011 -999 -999 -999 -999 -999 -999
IBTr 17W OSCAR     950916 0900 289N 1369E -99 -99 0925 1010 0110 51 011 -999 -999 -999 -999 -999 -999
IBTr 17W OSCAR     950916 1200 295N 1373E -99 -99 0925 1010 0110 51 011 -999 -999 -999 -999 -999 -999
IBTr 17W OSCAR     950916 1500 304N 1379E -99 -99 0925 1010 0110 51 011 -999 -999 -999 -999 -999 -999
IBTr 17W OSCAR     950916 1800 312N 1383E -99 -99 0930 1010 0120 48 012 -999 -999 -999 -999 -999 -999
IBTr 17W OSCAR     950916 2100 323N 1389E -99 -99 0930 1010 0120 48 012 -999 -999 -999 -999 -999 -999
IBTr 17W OSCAR     950917 0000 333N 1398E -99 -99 0930 1010 0120 48 012 -999 -999 -999 -999 -999 -999
IBTr 17W OSCAR     950917 0300 345N 1410E -99 -99 0940 1010 0130 43 013 -999 -999 -999 -999 -999 -999
IBTr 17W OSCAR     950917 0600 363N 1426E -99 -99 0945 1010 0140 43 014 -999 -999 -999 -999 -999 -999
IBTr 17W OSCAR     950917 0900 383N 1441E -99 -99 0950 1010 0140 41 014 -999 -999 -999 -999 -999 -999
IBTr 17W OSCAR     950917 1200 399N 1459E -99 -99 0960 1010 0150 38 015 -999 -999 -999 -999 -999 -999
IBTr 17W OSCAR     950917 1500 416N 1481E -99 -99 0965 1010 0150 36 015 -999 -999 -999 -999 -999 -999
IBTr 17W OSCAR     950917 1800 424N 1504E -99 -99 0976 1010 0140 41 014 -999 -999 -999 -999 -999 -999
IBTr 17W OSCAR     950918 0000 448N 1558E -99 -99 0980 1010 0140 33 014 -999 -999 -999 -999 -999 -999
IBTr 17W OSCAR     950918 0600 464N 1625E -99 -99 0976 1010 0140 28 014 -999 -999 -999 -999 -999 -999
IBTr 17W OSCAR     950918 1200 474N 1694E -99 -99 0972 1010 0150 23 015 -999 -999 -999 -999 -999 -999
IBTr 17W OSCAR     950918 1800 490N 1760E -99 -99 0968 1010 0150 -9 015 -999 -999 -999 -999 -999 -999
