IBTr 15L MARILYN   950912 1800 117N 0509W -99 -99 1006 1010 0090 15 009 -999 -999 -999 -999 -999 -999
IBTr 15L MARILYN   950913 0000 118N 0527W -99 -99 1004 1010 0090 18 009 -999 -999 -999 -999 -999 -999
IBTr 15L MARILYN   950913 0600 119N 0543W -99 -99 0999 1010 0100 23 010 -999 -999 -999 -999 -999 -999
IBTr 15L MARILYN   950913 1200 121N 0554W -99 -99 0995 1010 0100 28 010 -999 -999 -999 -999 -999 -999
IBTr 15L MARILYN   950913 1800 125N 0565W -99 -99 0990 1010 0110 30 011 -999 -999 -999 -999 -999 -999
IBTr 15L MARILYN   950914 0000 130N 0577W -99 -99 0988 1010 0110 33 011 -999 -999 -999 -999 -999 -999
IBTr 15L MARILYN   950914 0600 135N 0588W -99 -99 0987 1010 0110 36 011 -999 -999 -999 -999 -999 -999
IBTr 15L MARILYN   950914 1200 142N 0598W -99 -99 0986 1010 0120 36 012 -999 -999 -999 -999 -999 -999
IBTr 15L MARILYN   950914 1800 150N 0608W -99 -99 0983 1010 0120 36 012 -999 -999 -999 -999 -999 -999
IBTr 15L MARILYN   950914 2100 155N 0613W -99 -99 0984 1010 0120 36 012 -999 -999 -999 -999 -999 -999
IBTr 15L MARILYN   950915 0000 158N 0617W -99 -99 0985 1010 0120 38 012 -999 -999 -999 -999 -999 -999
IBTr 15L MARILYN   950915 0600 165N 0628W -99 -99 0977 1010 0130 41 013 -999 -999 -999 -999 -999 -999
IBTr 15L MARILYN   950915 1200 168N 0635W -99 -99 0974 1010 0130 41 013 -999 -999 -999 -999 -999 -999
IBTr 15L MARILYN   950915 1800 174N 0642W -99 -99 0969 1010 0130 43 013 -999 -999 -999 -999 -999 -999
IBTr 15L MARILYN   950916 0000 179N 0647W -99 -99 0962 1010 0130 46 013 -999 -999 -999 -999 -999 -999
IBTr 15L MARILYN   950916 0600 185N 0652W -99 -99 0952 1010 0130 48 013 -999 -999 -999 -999 -999 -999
IBTr 15L MARILYN   950916 1200 190N 0658W -99 -99 0951 1010 0130 48 013 -999 -999 -999 -999 -999 -999
IBTr 15L MARILYN   950916 1800 197N 0664W -99 -99 0950 1010 0130 51 013 -999 -999 -999 -999 -999 -999
IBTr 15L MARILYN   950917 0000 204N 0670W -99 -99 0950 1010 0130 51 013 -999 -999 -999 -999 -999 -999
IBTr 15L MARILYN   950917 0300 207N 0671W -99 -99 0949 1010 0130 51 013 -999 -999 -999 -999 -999 -999
IBTr 15L MARILYN   950917 0600 212N 0675W -99 -99 0953 1010 0140 48 014 -999 -999 -999 -999 -999 -999
IBTr 15L MARILYN   950917 1200 220N 0682W -99 -99 0965 1010 0140 41 014 -999 -999 -999 -999 -999 -999
IBTr 15L MARILYN   950917 1800 229N 0688W -99 -99 0968 1010 0140 41 014 -999 -999 -999 -999 -999 -999
IBTr 15L MARILYN   950918 0000 240N 0691W -99 -99 0963 1010 0140 43 014 -999 -999 -999 -999 -999 -999
IBTr 15L MARILYN   950918 0600 250N 0694W -99 -99 0965 1010 0140 43 014 -999 -999 -999 -999 -999 -999
IBTr 15L MARILYN   950918 1200 261N 0695W -99 -99 0966 1010 0140 43 014 -999 -999 -999 -999 -999 -999
IBTr 15L MARILYN   950918 1800 272N 0693W -99 -99 0966 1010 0140 41 014 -999 -999 -999 -999 -999 -999
IBTr 15L MARILYN   950919 0000 284N 0690W -99 -99 0969 1010 0140 41 014 -999 -999 -999 -999 -999 -999
IBTr 15L MARILYN   950919 0600 296N 0686W -99 -99 0970 1010 0140 38 014 -999 -999 -999 -999 -999 -999
IBTr 15L MARILYN   950919 1200 310N 0682W -99 -99 0976 1010 0130 38 013 -999 -999 -999 -999 -999 -999
IBTr 15L MARILYN   950919 1800 326N 0677W -99 -99 0974 1010 0140 41 014 -999 -999 -999 -999 -999 -999
IBTr 15L MARILYN   950920 0000 342N 0668W -99 -99 0974 1010 0140 41 014 -999 -999 -999 -999 -999 -999
IBTr 15L MARILYN   950920 0600 358N 0661W -99 -99 0976 1010 0140 38 014 -999 -999 -999 -999 -999 -999
IBTr 15L MARILYN   950920 1200 373N 0652W -99 -99 0978 1010 0140 36 014 -999 -999 -999 -999 -999 -999
IBTr 15L MARILYN   950920 1800 383N 0643W -99 -99 0980 1010 0130 36 013 -999 -999 -999 -999 -999 -999
IBTr 15L MARILYN   950921 0000 390N 0633W -99 -99 0982 1010 0130 33 013 -999 -999 -999 -999 -999 -999
IBTr 15L MARILYN   950921 0600 393N 0619W -99 -99 0984 1010 0130 33 013 -999 -999 -999 -999 -999 -999
IBTr 15L MARILYN   950921 1200 394N 0606W -99 -99 0987 1010 0130 33 013 -999 -999 -999 -999 -999 -999
IBTr 15L MARILYN   950921 1800 396N 0593W -99 -99 0990 1010 0120 30 012 -999 -999 -999 -999 -999 -999
IBTr 15L MARILYN   950922 0000 398N 0583W -99 -99 0992 1010 0120 28 012 -999 -999 -999 -999 -999 -999
IBTr 15L MARILYN   950922 0600 397N 0576W -99 -99 0994 1010 0120 28 012 -999 -999 -999 -999 -999 -999
IBTr 15L MARILYN   950922 1200 394N 0571W -99 -99 0996 1010 0110 28 011 -999 -999 -999 -999 -999 -999
IBTr 15L MARILYN   950922 1800 390N 0568W -99 -99 0998 1010 0110 28 011 -999 -999 -999 -999 -999 -999
IBTr 15L MARILYN   950923 0000 384N 0567W -99 -99 1000 1010 0110 25 011 -999 -999 -999 -999 -999 -999
IBTr 15L MARILYN   950923 0600 378N 0567W -99 -99 1001 1010 0100 23 010 -999 -999 -999 -999 -999 -999
IBTr 15L MARILYN   950923 1200 371N 0567W -99 -99 1002 1010 0100 18 010 -999 -999 -999 -999 -999 -999
IBTr 15L MARILYN   950923 1800 366N 0568W -99 -99 1003 1010 0100 15 010 -999 -999 -999 -999 -999 -999
IBTr 15L MARILYN   950924 0000 359N 0572W -99 -99 1004 1010 0100 15 010 -999 -999 -999 -999 -999 -999
IBTr 15L MARILYN   950924 0600 350N 0581W -99 -99 1004 1010 0100 15 010 -999 -999 -999 -999 -999 -999
IBTr 15L MARILYN   950924 1200 338N 0577W -99 -99 1005 1010 0100 15 010 -999 -999 -999 -999 -999 -999
IBTr 15L MARILYN   950924 1800 330N 0570W -99 -99 1005 1010 0100 15 010 -999 -999 -999 -999 -999 -999
IBTr 15L MARILYN   950925 0000 326N 0566W -99 -99 1005 1010 0100 15 010 -999 -999 -999 -999 -999 -999
IBTr 15L MARILYN   950925 0600 320N 0563W -99 -99 1005 1010 0100 15 010 -999 -999 -999 -999 -999 -999
IBTr 15L MARILYN   950925 1200 311N 0560W -99 -99 1005 1010 0100 15 010 -999 -999 -999 -999 -999 -999
IBTr 15L MARILYN   950925 1800 309N 0551W -99 -99 1005 1010 0100 15 010 -999 -999 -999 -999 -999 -999
IBTr 15L MARILYN   950926 0000 310N 0547W -99 -99 1006 1010 0090 12 009 -999 -999 -999 -999 -999 -999
IBTr 15L MARILYN   950926 0600 311N 0542W -99 -99 1006 1010 0090 12 009 -999 -999 -999 -999 -999 -999
IBTr 15L MARILYN   950926 1200 313N 0538W -99 -99 1007 1010 0090 12 009 -999 -999 -999 -999 -999 -999
IBTr 15L MARILYN   950926 1800 315N 0534W -99 -99 1008 1010 0090 12 009 -999 -999 -999 -999 -999 -999
IBTr 15L MARILYN   950927 0000 317N 0531W -99 -99 1009 1010 0090 10 009 -999 -999 -999 -999 -999 -999
IBTr 15L MARILYN   950927 0600 318N 0526W -99 -99 1010 1010 0090 10 009 -999 -999 -999 -999 -999 -999
IBTr 15L MARILYN   950927 1200 322N 0521W -99 -99 1011 1011 0090 10 009 -999 -999 -999 -999 -999 -999
IBTr 15L MARILYN   950927 1800 326N 0517W -99 -99 1012 1012 0090 10 009 -999 -999 -999 -999 -999 -999
IBTr 15L MARILYN   950928 0000 329N 0514W -99 -99 1013 1013 0090 10 009 -999 -999 -999 -999 -999 -999
IBTr 15L MARILYN   950928 0600 332N 0511W -99 -99 1014 1014 0090 10 009 -999 -999 -999 -999 -999 -999
IBTr 15L MARILYN   950928 1200 336N 0509W -99 -99 1014 1014 0090 10 009 -999 -999 -999 -999 -999 -999
IBTr 15L MARILYN   950928 1800 340N 0506W -99 -99 1013 1013 0090 10 009 -999 -999 -999 -999 -999 -999
IBTr 15L MARILYN   950929 0000 343N 0499W -99 -99 1013 1013 0090 10 009 -999 -999 -999 -999 -999 -999
IBTr 15L MARILYN   950929 0600 348N 0491W -99 -99 1014 1014 0090 10 009 -999 -999 -999 -999 -999 -999
IBTr 15L MARILYN   950929 1200 353N 0482W -99 -99 1014 1014 0090 10 009 -999 -999 -999 -999 -999 -999
IBTr 15L MARILYN   950929 1800 353N 0472W -99 -99 1014 1014 0090 10 009 -999 -999 -999 -999 -999 -999
IBTr 15L MARILYN   950930 0000 349N 0477W -99 -99 1015 1015 0090 10 009 -999 -999 -999 -999 -999 -999
IBTr 15L MARILYN   950930 0600 346N 0485W -99 -99 1015 1015 0090 10 009 -999 -999 -999 -999 -999 -999
IBTr 15L MARILYN   950930 1200 346N 0493W -99 -99 1016 1016 0090 10 009 -999 -999 -999 -999 -999 -999
IBTr 15L MARILYN   950930 1800 347N 0500W -99 -99 1016 1016 0090 10 009 -999 -999 -999 -999 -999 -999
IBTr 15L MARILYN   951001 0000 348N 0505W -99 -99 1016 1016 0090 10 009 -999 -999 -999 -999 -999 -999
IBTr 15L MARILYN   951001 0600 350N 0510W -99 -99 1016 1016 0090 10 009 -999 -999 -999 -999 -999 -999
IBTr 15L MARILYN   951001 1200 352N 0515W -99 -99 1016 1016 0090 10 009 -999 -999 -999 -999 -999 -999
IBTr 15L MARILYN   951001 1800 353N 0519W -99 -99 1016 1016 0090 10 009 -999 -999 -999 -999 -999 -999
