IBTr 10S BOBBY     950218 0000 110S 1330E -99 -99 -999 1010 0000 -9 000 -999 -999 -999 -999 -999 -999
IBTr 10S BOBBY     950218 0600 112S 1321E -99 -99 -999 1010 0000 -9 000 -999 -999 -999 -999 -999 -999
IBTr 10S BOBBY     950218 1200 114S 1312E -99 -99 -999 1010 0000 -9 000 -999 -999 -999 -999 -999 -999
IBTr 10S BOBBY     950218 1800 117S 1302E -99 -99 -999 1010 0000 -9 000 -999 -999 -999 -999 -999 -999
IBTr 10S BOBBY     950219 0000 120S 1292E -99 -99 1006 1010 0090 -9 009 -999 -999 -999 -999 -999 -999
IBTr 10S BOBBY     950219 0600 122S 1282E -99 -99 1005 1010 0090 09 009 -999 -999 -999 -999 -999 -999
IBTr 10S BOBBY     950219 1200 123S 1272E -99 -99 1005 1010 0090 09 009 -999 -999 -999 -999 -999 -999
IBTr 10S BOBBY     950219 1800 125S 1262E -99 -99 1005 1010 0090 09 009 -999 -999 -999 -999 -999 -999
IBTr 10S BOBBY     950220 0000 124S 1253E -99 -99 1005 1010 0090 09 009 -999 -999 -999 -999 -999 -999
IBTr 10S BOBBY     950220 0600 125S 1244E -99 -99 1005 1010 0090 09 009 -999 -999 -999 -999 -999 -999
IBTr 10S BOBBY     950220 1200 127S 1235E -99 -99 1005 1010 0090 09 009 -999 -999 -999 -999 -999 -999
IBTr 10S BOBBY     950220 1800 132S 1226E -99 -99 1003 1010 0090 10 009 -999 -999 -999 -999 -999 -999
IBTr 10S BOBBY     950221 0000 136S 1217E -99 -99 1000 1010 0100 13 010 -999 -999 -999 -999 -999 -999
IBTr 10S BOBBY     950221 0600 141S 1209E -99 -99 1000 1010 0100 13 010 -999 -999 -999 -999 -999 -999
IBTr 10S BOBBY     950221 1200 147S 1202E -99 -99 0998 1010 0100 14 010 -999 -999 -999 -999 -999 -999
IBTr 10S BOBBY     950221 1500 161S 1208E -99 -99 0995 1010 0110 18 011 -999 -999 -999 -999 -999 -999
IBTr 10S BOBBY     950221 1800 154S 1197E -99 -99 0990 1010 0110 21 011 -999 -999 -999 -999 -999 -999
IBTr 10S BOBBY     950221 2100 165S 1199E -99 -99 0990 1010 0110 21 011 -999 -999 -999 -999 -999 -999
IBTr 10S BOBBY     950222 0000 163S 1193E -99 -99 0985 1010 0120 24 012 -999 -999 -999 -999 -999 -999
IBTr 10S BOBBY     950222 0300 168S 1191E -99 -99 0980 1010 0120 27 012 -999 -999 -999 -999 -999 -999
IBTr 10S BOBBY     950222 0600 169S 1186E -99 -99 0980 1010 0120 27 012 -999 -999 -999 -999 -999 -999
IBTr 10S BOBBY     950222 0900 173S 1184E -99 -99 0975 1010 0130 30 013 -999 -999 -999 -999 -999 -999
IBTr 10S BOBBY     950222 1200 175S 1179E -99 -99 0975 1010 0130 30 013 -999 -999 -999 -999 -999 -999
IBTr 10S BOBBY     950222 1500 178S 1176E -99 -99 0970 1010 0130 33 013 -999 -999 -999 -999 -999 -999
IBTr 10S BOBBY     950222 1800 180S 1172E -99 -99 0965 1010 0130 36 013 -999 -999 -999 -999 -999 -999
IBTr 10S BOBBY     950222 2100 184S 1168E -99 -99 0960 1010 0140 39 014 -999 -999 -999 -999 -999 -999
IBTr 10S BOBBY     950223 0000 184S 1165E -99 -99 0955 1010 0130 41 013 -999 -999 -999 -999 -999 -999
IBTr 10S BOBBY     950223 0300 187S 1163E -99 -99 0955 1010 0130 41 013 -999 -999 -999 -999 -999 -999
IBTr 10S BOBBY     950223 0600 190S 1161E -99 -99 0955 1010 0130 41 013 -999 -999 -999 -999 -999 -999
IBTr 10S BOBBY     950223 0900 192S 1159E -99 -99 0955 1010 0130 41 013 -999 -999 -999 -999 -999 -999
IBTr 10S BOBBY     950223 1200 194S 1158E -99 -99 0955 1010 0130 41 013 -999 -999 -999 -999 -999 -999
IBTr 10S BOBBY     950223 1500 194S 1158E -99 -99 0955 1010 0130 41 013 -999 -999 -999 -999 -999 -999
IBTr 10S BOBBY     950223 1800 197S 1157E -99 -99 0955 1010 0140 41 014 -999 -999 -999 -999 -999 -999
IBTr 10S BOBBY     950223 2100 200S 1158E -99 -99 0955 1010 0140 41 014 -999 -999 -999 -999 -999 -999
IBTr 10S BOBBY     950224 0000 202S 1157E -99 -99 0950 1010 0130 43 013 -999 -999 -999 -999 -999 -999
IBTr 10S BOBBY     950224 0300 205S 1159E -99 -99 0940 1010 0130 47 013 -999 -999 -999 -999 -999 -999
IBTr 10S BOBBY     950224 0600 208S 1157E -99 -99 0930 1010 0110 51 011 -999 -999 -999 -999 -999 -999
IBTr 10S BOBBY     950224 0900 213S 1156E -99 -99 0925 1010 0110 54 011 -999 -999 -999 -999 -999 -999
IBTr 10S BOBBY     950224 1200 213S 1154E -99 -99 0930 1010 0120 51 012 -999 -999 -999 -999 -999 -999
IBTr 10S BOBBY     950224 1500 215S 1153E -99 -99 0940 1010 0130 47 013 -999 -999 -999 -999 -999 -999
IBTr 10S BOBBY     950224 1800 217S 1152E -99 -99 0945 1010 0130 45 013 -999 -999 -999 -999 -999 -999
IBTr 10S BOBBY     950224 2100 218S 1151E -99 -99 0950 1010 0130 43 013 -999 -999 -999 -999 -999 -999
IBTr 10S BOBBY     950225 0000 220S 1152E -99 -99 0955 1010 0140 41 014 -999 -999 -999 -999 -999 -999
IBTr 10S BOBBY     950225 0300 224S 1152E -99 -99 0960 1010 0140 39 014 -999 -999 -999 -999 -999 -999
IBTr 10S BOBBY     950225 0600 227S 1152E -99 -99 0970 1010 0130 33 013 -999 -999 -999 -999 -999 -999
IBTr 10S BOBBY     950225 0900 232S 1152E -99 -99 0970 1010 0130 33 013 -999 -999 -999 -999 -999 -999
IBTr 10S BOBBY     950225 1200 235S 1152E -99 -99 0970 1010 0140 33 014 -999 -999 -999 -999 -999 -999
IBTr 10S BOBBY     950225 1500 240S 1154E -99 -99 0975 1010 0130 30 013 -999 -999 -999 -999 -999 -999
IBTr 10S BOBBY     950225 1800 244S 1154E -99 -99 0975 1010 0130 30 013 -999 -999 -999 -999 -999 -999
IBTr 10S BOBBY     950225 2100 250S 1157E -99 -99 0980 1010 0130 27 013 -999 -999 -999 -999 -999 -999
IBTr 10S BOBBY     950226 0000 253S 1158E -99 -99 0980 1010 0130 27 013 -999 -999 -999 -999 -999 -999
IBTr 10S BOBBY     950226 0600 263S 1163E -99 -99 0985 1010 0120 24 012 -999 -999 -999 -999 -999 -999
IBTr 10S BOBBY     950226 1200 272S 1174E -99 -99 0985 1010 0120 24 012 -999 -999 -999 -999 -999 -999
IBTr 10S BOBBY     950226 1800 280S 1189E -99 -99 0985 1010 0120 24 012 -999 -999 -999 -999 -999 -999
IBTr 10S BOBBY     950227 0000 288S 1206E -99 -99 0992 1010 0110 20 011 -999 -999 -999 -999 -999 -999
IBTr 10S BOBBY     950227 0600 296S 1224E -99 -99 0996 1010 0110 16 011 -999 -999 -999 -999 -999 -999
IBTr 10S BOBBY     950227 1200 304S 1249E -99 -99 -999 1010 0000 -9 000 -999 -999 -999 -999 -999 -999
