IBTr 11E ISMAEL    950912 1800 148N 1067W -99 -99 1009 1010 0080 15 008 -999 -999 -999 -999 -999 -999
IBTr 11E ISMAEL    950913 0000 154N 1071W -99 -99 1005 1010 0090 18 009 -999 -999 -999 -999 -999 -999
IBTr 11E ISMAEL    950913 0600 160N 1074W -99 -99 1002 1010 0090 20 009 -999 -999 -999 -999 -999 -999
IBTr 11E ISMAEL    950913 1200 165N 1077W -99 -99 1000 1010 0100 23 010 -999 -999 -999 -999 -999 -999
IBTr 11E ISMAEL    950913 1800 174N 1080W -99 -99 0995 1010 0110 25 011 -999 -999 -999 -999 -999 -999
IBTr 11E ISMAEL    950914 0000 183N 1081W -99 -99 0990 1010 0110 30 011 -999 -999 -999 -999 -999 -999
IBTr 11E ISMAEL    950914 0600 194N 1082W -99 -99 0985 1010 0120 33 012 -999 -999 -999 -999 -999 -999
IBTr 11E ISMAEL    950914 1200 208N 1085W -99 -99 0983 1010 0120 36 012 -999 -999 -999 -999 -999 -999
IBTr 11E ISMAEL    950914 1800 226N 1088W -99 -99 0984 1010 0120 36 012 -999 -999 -999 -999 -999 -999
IBTr 11E ISMAEL    950915 0000 244N 1090W -99 -99 0986 1010 0120 36 012 -999 -999 -999 -999 -999 -999
IBTr 11E ISMAEL    950915 0600 262N 1091W -99 -99 0990 1010 0120 30 012 -999 -999 -999 -999 -999 -999
IBTr 11E ISMAEL    950915 1200 283N 1092W -99 -99 1000 1010 0100 23 010 -999 -999 -999 -999 -999 -999
IBTr 11E ISMAEL    950915 1800 305N 1090W -99 -99 1008 1010 0090 15 009 -999 -999 -999 -999 -999 -999
