IBTr 16L NOEL      950926 1800 104N 0377W -99 -99 1007 1010 0080 12 008 -999 -999 -999 -999 -999 -999
IBTr 16L NOEL      950927 0000 109N 0390W -99 -99 1006 1010 0090 15 009 -999 -999 -999 -999 -999 -999
IBTr 16L NOEL      950927 0600 114N 0400W -99 -99 1005 1010 0090 15 009 -999 -999 -999 -999 -999 -999
IBTr 16L NOEL      950927 1200 121N 0406W -99 -99 1005 1010 0090 18 009 -999 -999 -999 -999 -999 -999
IBTr 16L NOEL      950927 1800 128N 0410W -99 -99 1002 1010 0090 20 009 -999 -999 -999 -999 -999 -999
IBTr 16L NOEL      950928 0000 135N 0415W -99 -99 1000 1010 0100 23 010 -999 -999 -999 -999 -999 -999
IBTr 16L NOEL      950928 0600 140N 0420W -99 -99 0998 1010 0100 25 010 -999 -999 -999 -999 -999 -999
IBTr 16L NOEL      950928 1200 145N 0424W -99 -99 0995 1010 0100 30 010 -999 -999 -999 -999 -999 -999
IBTr 16L NOEL      950928 1800 152N 0426W -99 -99 0987 1010 0120 33 012 -999 -999 -999 -999 -999 -999
IBTr 16L NOEL      950929 0000 159N 0426W -99 -99 0987 1010 0120 33 012 -999 -999 -999 -999 -999 -999
IBTr 16L NOEL      950929 0600 165N 0422W -99 -99 0987 1010 0120 33 012 -999 -999 -999 -999 -999 -999
IBTr 16L NOEL      950929 1200 174N 0419W -99 -99 0987 1010 0120 33 012 -999 -999 -999 -999 -999 -999
IBTr 16L NOEL      950929 1800 182N 0412W -99 -99 0987 1010 0120 33 012 -999 -999 -999 -999 -999 -999
IBTr 16L NOEL      950930 0000 189N 0406W -99 -99 0987 1010 0120 33 012 -999 -999 -999 -999 -999 -999
IBTr 16L NOEL      950930 0600 194N 0403W -99 -99 0987 1010 0120 33 012 -999 -999 -999 -999 -999 -999
IBTr 16L NOEL      950930 1200 197N 0402W -99 -99 0990 1010 0110 30 011 -999 -999 -999 -999 -999 -999
IBTr 16L NOEL      950930 1800 198N 0401W -99 -99 0993 1010 0110 28 011 -999 -999 -999 -999 -999 -999
IBTr 16L NOEL      951001 0000 199N 0402W -99 -99 0994 1010 0110 25 011 -999 -999 -999 -999 -999 -999
IBTr 16L NOEL      951001 0600 200N 0403W -99 -99 0995 1010 0110 25 011 -999 -999 -999 -999 -999 -999
IBTr 16L NOEL      951001 1200 201N 0404W -99 -99 1000 1010 0100 23 010 -999 -999 -999 -999 -999 -999
IBTr 16L NOEL      951001 1800 205N 0404W -99 -99 1000 1010 0100 23 010 -999 -999 -999 -999 -999 -999
IBTr 16L NOEL      951002 0000 209N 0402W -99 -99 1000 1010 0100 23 010 -999 -999 -999 -999 -999 -999
IBTr 16L NOEL      951002 0600 215N 0401W -99 -99 1000 1010 0100 23 010 -999 -999 -999 -999 -999 -999
IBTr 16L NOEL      951002 1200 224N 0400W -99 -99 1000 1010 0100 23 010 -999 -999 -999 -999 -999 -999
IBTr 16L NOEL      951002 1800 235N 0401W -99 -99 1000 1010 0100 23 010 -999 -999 -999 -999 -999 -999
IBTr 16L NOEL      951003 0000 247N 0403W -99 -99 1000 1010 0100 23 010 -999 -999 -999 -999 -999 -999
IBTr 16L NOEL      951003 0600 257N 0410W -99 -99 1000 1010 0100 20 010 -999 -999 -999 -999 -999 -999
IBTr 16L NOEL      951003 1200 267N 0418W -99 -99 1000 1010 0100 23 010 -999 -999 -999 -999 -999 -999
IBTr 16L NOEL      951003 1800 276N 0424W -99 -99 1000 1010 0100 23 010 -999 -999 -999 -999 -999 -999
IBTr 16L NOEL      951004 0000 285N 0428W -99 -99 0999 1010 0100 23 010 -999 -999 -999 -999 -999 -999
IBTr 16L NOEL      951004 0600 295N 0431W -99 -99 0998 1010 0110 25 011 -999 -999 -999 -999 -999 -999
IBTr 16L NOEL      951004 1200 304N 0431W -99 -99 0997 1010 0110 25 011 -999 -999 -999 -999 -999 -999
IBTr 16L NOEL      951004 1800 313N 0430W -99 -99 0994 1010 0110 28 011 -999 -999 -999 -999 -999 -999
IBTr 16L NOEL      951005 0000 319N 0427W -99 -99 0987 1010 0120 33 012 -999 -999 -999 -999 -999 -999
IBTr 16L NOEL      951005 0600 322N 0423W -99 -99 0987 1010 0120 33 012 -999 -999 -999 -999 -999 -999
IBTr 16L NOEL      951005 1200 324N 0415W -99 -99 0987 1010 0120 33 012 -999 -999 -999 -999 -999 -999
IBTr 16L NOEL      951005 1800 324N 0405W -99 -99 0987 1010 0120 33 012 -999 -999 -999 -999 -999 -999
IBTr 16L NOEL      951006 0000 325N 0394W -99 -99 0990 1010 0120 30 012 -999 -999 -999 -999 -999 -999
IBTr 16L NOEL      951006 0600 325N 0382W -99 -99 0994 1010 0110 28 011 -999 -999 -999 -999 -999 -999
IBTr 16L NOEL      951006 1200 325N 0369W -99 -99 0997 1010 0110 25 011 -999 -999 -999 -999 -999 -999
IBTr 16L NOEL      951006 1800 327N 0353W -99 -99 1001 1010 0100 20 010 -999 -999 -999 -999 -999 -999
IBTr 16L NOEL      951007 0000 332N 0335W -99 -99 1004 1010 0100 18 010 -999 -999 -999 -999 -999 -999
IBTr 16L NOEL      951007 0600 340N 0310W -99 -99 1000 1010 0100 15 010 -999 -999 -999 -999 -999 -999
IBTr 16L NOEL      951007 1200 350N 0295W -99 -99 0997 1010 0110 15 011 -999 -999 -999 -999 -999 -999
IBTr 16L NOEL      951007 1800 360N 0280W -99 -99 0995 1010 0110 15 011 -999 -999 -999 -999 -999 -999
