IBTr 16W TD0909    950903 1200 45N  1441E -99 -99 -999 1010 0000 07 000 -999 -999 -999 -999 -999 -999
IBTr 16W TD0909    950903 1800 47N  1431E -99 -99 -999 1010 0000 07 000 -999 -999 -999 -999 -999 -999
IBTr 16W TD0909    950904 0000 50N  1418E -99 -99 -999 1010 0000 07 000 -999 -999 -999 -999 -999 -999
IBTr 16W TD0909    950904 0600 53N  1406E -99 -99 -999 1010 0000 07 000 -999 -999 -999 -999 -999 -999
IBTr 16W TD0909    950904 1200 55N  1392E -99 -99 -999 1010 0000 07 000 -999 -999 -999 -999 -999 -999
IBTr 16W TD0909    950904 1800 59N  1382E -99 -99 -999 1010 0000 10 000 -999 -999 -999 -999 -999 -999
IBTr 16W TD0909    950905 0000 62N  1370E -99 -99 -999 1010 0000 10 000 -999 -999 -999 -999 -999 -999
IBTr 16W TD0909    950905 0600 64N  1360E -99 -99 -999 1010 0000 10 000 -999 -999 -999 -999 -999 -999
IBTr 16W TD0909    950905 1200 67N  1348E -99 -99 -999 1010 0000 10 000 -999 -999 -999 -999 -999 -999
IBTr 16W TD0909    950905 1800 69N  1338E -99 -99 -999 1010 0000 10 000 -999 -999 -999 -999 -999 -999
IBTr 16W TD0909    950906 0000 73N  1322E -99 -99 -999 1010 0000 10 000 -999 -999 -999 -999 -999 -999
IBTr 16W TD0909    950906 0600 76N  1312E -99 -99 -999 1010 0000 10 000 -999 -999 -999 -999 -999 -999
IBTr 16W TD0909    950906 1200 80N  1299E -99 -99 -999 1010 0000 10 000 -999 -999 -999 -999 -999 -999
IBTr 16W TD0909    950906 1800 82N  1286E -99 -99 -999 1010 0000 10 000 -999 -999 -999 -999 -999 -999
IBTr 16W TD0909    950907 0000 85N  1272E -99 -99 -999 1010 0000 10 000 -999 -999 -999 -999 -999 -999
IBTr 16W TD0909    950907 0600 90N  1258E -99 -99 -999 1010 0000 07 000 -999 -999 -999 -999 -999 -999
IBTr 16W TD0909    950907 1200 95N  1243E -99 -99 -999 1010 0000 07 000 -999 -999 -999 -999 -999 -999
IBTr 16W TD0909    950907 1800 99N  1228E -99 -99 -999 1010 0000 07 000 -999 -999 -999 -999 -999 -999
IBTr 16W TD0909    950908 0000 104N 1210E -99 -99 -999 1010 0000 10 000 -999 -999 -999 -999 -999 -999
IBTr 16W TD0909    950908 0600 113N 1192E -99 -99 -999 1010 0000 10 000 -999 -999 -999 -999 -999 -999
IBTr 16W TD0909    950908 1200 117N 1172E -99 -99 -999 1010 0000 12 000 -999 -999 -999 -999 -999 -999
IBTr 16W TD0909    950908 1800 120N 1154E -99 -99 -999 1010 0000 12 000 -999 -999 -999 -999 -999 -999
IBTr 16W TD0909    950909 0000 125N 1136E -99 -99 -999 1010 0000 10 000 -999 -999 -999 -999 -999 -999
IBTr 16W TD0909    950909 0600 130N 1126E -99 -99 -999 1010 0000 10 000 -999 -999 -999 -999 -999 -999
IBTr 16W TD0909    950909 1200 132N 1118E -99 -99 -999 1010 0000 10 000 -999 -999 -999 -999 -999 -999
IBTr 16W TD0909    950909 1800 133N 1112E -99 -99 -999 1010 0000 10 000 -999 -999 -999 -999 -999 -999
IBTr 16W TD0909    950910 0000 135N 1105E -99 -99 -999 1010 0000 12 000 -999 -999 -999 -999 -999 -999
IBTr 16W TD0909    950910 0600 138N 1099E -99 -99 -999 1010 0000 15 000 -999 -999 -999 -999 -999 -999
IBTr 16W TD0909    950910 1200 141N 1096E -99 -99 -999 1010 0000 15 000 -999 -999 -999 -999 -999 -999
IBTr 16W TD0909    950910 1800 143N 1095E -99 -99 -999 1010 0000 12 000 -999 -999 -999 -999 -999 -999
IBTr 16W TD0909    950911 0000 146N 1094E -99 -99 -999 1010 0000 12 000 -999 -999 -999 -999 -999 -999
IBTr 16W TD0909    950911 0600 149N 1089E -99 -99 -999 1010 0000 10 000 -999 -999 -999 -999 -999 -999
IBTr 16W TD0909    950911 1200 149N 1077E -99 -99 -999 1010 0000 07 000 -999 -999 -999 -999 -999 -999
IBTr 16W TD0909    950911 1800 146N 1056E -99 -99 -999 1010 0000 07 000 -999 -999 -999 -999 -999 -999
