IBTr 10L IRIS      950822 1200 132N 0493W -99 -99 1008 1010 0080 15 008 -999 -999 -999 -999 -999 -999
IBTr 10L IRIS      950822 1800 133N 0506W -99 -99 1007 1010 0090 18 009 -999 -999 -999 -999 -999 -999
IBTr 10L IRIS      950823 0000 137N 0518W -99 -99 1006 1010 0090 18 009 -999 -999 -999 -999 -999 -999
IBTr 10L IRIS      950823 0600 140N 0525W -99 -99 1004 1010 0090 20 009 -999 -999 -999 -999 -999 -999
IBTr 10L IRIS      950823 1200 145N 0530W -99 -99 0998 1010 0100 28 010 -999 -999 -999 -999 -999 -999
IBTr 10L IRIS      950823 1800 150N 0534W -99 -99 0991 1010 0110 38 011 -999 -999 -999 -999 -999 -999
IBTr 10L IRIS      950824 0000 152N 0538W -99 -99 0992 1010 0110 36 011 -999 -999 -999 -999 -999 -999
IBTr 10L IRIS      950824 0600 150N 0543W -99 -99 0992 1010 0110 36 011 -999 -999 -999 -999 -999 -999
IBTr 10L IRIS      950824 1200 148N 0551W -99 -99 0992 1010 0110 33 011 -999 -999 -999 -999 -999 -999
IBTr 10L IRIS      950824 1800 146N 0560W -99 -99 0992 1010 0110 30 011 -999 -999 -999 -999 -999 -999
IBTr 10L IRIS      950825 0000 145N 0568W -99 -99 0995 1010 0100 28 010 -999 -999 -999 -999 -999 -999
IBTr 10L IRIS      950825 0600 143N 0578W -99 -99 0996 1010 0100 28 010 -999 -999 -999 -999 -999 -999
IBTr 10L IRIS      950825 1200 142N 0588W -99 -99 0999 1010 0100 28 010 -999 -999 -999 -999 -999 -999
IBTr 10L IRIS      950825 1800 142N 0598W -99 -99 0998 1010 0100 25 010 -999 -999 -999 -999 -999 -999
IBTr 10L IRIS      950826 0000 140N 0603W -99 -99 1000 1010 0100 25 010 -999 -999 -999 -999 -999 -999
IBTr 10L IRIS      950826 0600 142N 0602W -99 -99 0999 1010 0100 23 010 -999 -999 -999 -999 -999 -999
IBTr 10L IRIS      950826 1200 146N 0605W -99 -99 1000 1010 0100 23 010 -999 -999 -999 -999 -999 -999
IBTr 10L IRIS      950826 1800 149N 0610W -99 -99 1003 1010 0090 20 009 -999 -999 -999 -999 -999 -999
IBTr 10L IRIS      950827 0000 150N 0612W -99 -99 1006 1010 0090 18 009 -999 -999 -999 -999 -999 -999
IBTr 10L IRIS      950827 0600 156N 0612W -99 -99 1005 1010 0090 20 009 -999 -999 -999 -999 -999 -999
IBTr 10L IRIS      950827 1200 162N 0612W -99 -99 1002 1010 0090 23 009 -999 -999 -999 -999 -999 -999
IBTr 10L IRIS      950827 1800 170N 0619W -99 -99 0995 1010 0110 25 011 -999 -999 -999 -999 -999 -999
IBTr 10L IRIS      950827 2300 177N 0620W -99 -99 0993 1010 0110 28 011 -999 -999 -999 -999 -999 -999
IBTr 10L IRIS      950828 0000 178N 0620W -99 -99 0993 1010 0110 28 011 -999 -999 -999 -999 -999 -999
IBTr 10L IRIS      950828 0600 186N 0620W -99 -99 0989 1010 0110 28 011 -999 -999 -999 -999 -999 -999
IBTr 10L IRIS      950828 1200 194N 0621W -99 -99 0985 1010 0120 30 012 -999 -999 -999 -999 -999 -999
IBTr 10L IRIS      950828 1800 204N 0624W -99 -99 0983 1010 0120 33 012 -999 -999 -999 -999 -999 -999
IBTr 10L IRIS      950829 0000 213N 0625W -99 -99 0981 1010 0130 36 013 -999 -999 -999 -999 -999 -999
IBTr 10L IRIS      950829 0600 220N 0625W -99 -99 0974 1010 0130 41 013 -999 -999 -999 -999 -999 -999
IBTr 10L IRIS      950829 1200 226N 0625W -99 -99 0973 1010 0130 38 013 -999 -999 -999 -999 -999 -999
IBTr 10L IRIS      950829 1800 231N 0623W -99 -99 0975 1010 0130 36 013 -999 -999 -999 -999 -999 -999
IBTr 10L IRIS      950830 0000 236N 0621W -99 -99 0976 1010 0130 36 013 -999 -999 -999 -999 -999 -999
IBTr 10L IRIS      950830 0600 238N 0618W -99 -99 0977 1010 0130 36 013 -999 -999 -999 -999 -999 -999
IBTr 10L IRIS      950830 1200 240N 0614W -99 -99 0972 1010 0130 38 013 -999 -999 -999 -999 -999 -999
IBTr 10L IRIS      950830 1800 242N 0608W -99 -99 0971 1010 0130 38 013 -999 -999 -999 -999 -999 -999
IBTr 10L IRIS      950831 0000 245N 0601W -99 -99 0971 1010 0130 38 013 -999 -999 -999 -999 -999 -999
IBTr 10L IRIS      950831 0600 247N 0596W -99 -99 0971 1010 0140 38 014 -999 -999 -999 -999 -999 -999
IBTr 10L IRIS      950831 1200 249N 0591W -99 -99 0971 1010 0140 38 014 -999 -999 -999 -999 -999 -999
IBTr 10L IRIS      950831 1800 250N 0589W -99 -99 0968 1010 0140 43 014 -999 -999 -999 -999 -999 -999
IBTr 10L IRIS      950901 0000 252N 0588W -99 -99 0967 1010 0140 46 014 -999 -999 -999 -999 -999 -999
IBTr 10L IRIS      950901 0600 255N 0588W -99 -99 0965 1010 0140 48 014 -999 -999 -999 -999 -999 -999
IBTr 10L IRIS      950901 1200 256N 0590W -99 -99 0967 1010 0140 46 014 -999 -999 -999 -999 -999 -999
IBTr 10L IRIS      950901 1800 257N 0597W -99 -99 0969 1010 0140 43 014 -999 -999 -999 -999 -999 -999
IBTr 10L IRIS      950902 0000 260N 0602W -99 -99 0971 1010 0140 43 014 -999 -999 -999 -999 -999 -999
IBTr 10L IRIS      950902 0600 266N 0602W -99 -99 0973 1010 0130 43 013 -999 -999 -999 -999 -999 -999
IBTr 10L IRIS      950902 1200 278N 0599W -99 -99 0978 1010 0130 41 013 -999 -999 -999 -999 -999 -999
IBTr 10L IRIS      950902 1800 291N 0597W -99 -99 0983 1010 0130 38 013 -999 -999 -999 -999 -999 -999
IBTr 10L IRIS      950903 0000 313N 0590W -99 -99 0982 1010 0130 38 013 -999 -999 -999 -999 -999 -999
IBTr 10L IRIS      950903 0600 342N 0586W -99 -99 0982 1010 0130 38 013 -999 -999 -999 -999 -999 -999
IBTr 10L IRIS      950903 1200 369N 0575W -99 -99 0982 1010 0130 38 013 -999 -999 -999 -999 -999 -999
IBTr 10L IRIS      950903 1800 392N 0555W -99 -99 0985 1010 0130 36 013 -999 -999 -999 -999 -999 -999
IBTr 10L IRIS      950904 0000 410N 0523W -99 -99 0987 1010 0130 33 013 -999 -999 -999 -999 -999 -999
IBTr 10L IRIS      950904 0600 431N 0494W -99 -99 0990 1010 0120 30 012 -999 -999 -999 -999 -999 -999
IBTr 10L IRIS      950904 1200 450N 0460W -99 -99 0995 1010 0120 30 012 -999 -999 -999 -999 -999 -999
IBTr 10L IRIS      950904 1800 471N 0420W -99 -99 0997 1010 0120 28 012 -999 -999 -999 -999 -999 -999
IBTr 10L IRIS      950905 0000 487N 0357W -99 -99 0999 1010 0110 25 011 -999 -999 -999 -999 -999 -999
IBTr 10L IRIS      950905 0600 489N 0281W -99 -99 0998 1010 0110 25 011 -999 -999 -999 -999 -999 -999
IBTr 10L IRIS      950905 1200 486N 0250W -99 -99 0987 1010 0130 25 013 -999 -999 -999 -999 -999 -999
IBTr 10L IRIS      950905 1800 485N 0215W -99 -99 0979 1010 0140 28 014 -999 -999 -999 -999 -999 -999
IBTr 10L IRIS      950906 0000 483N 0180W -99 -99 0972 1010 0150 28 015 -999 -999 -999 -999 -999 -999
IBTr 10L IRIS      950906 0600 480N 0142W -99 -99 0967 1010 0150 30 015 -999 -999 -999 -999 -999 -999
IBTr 10L IRIS      950906 1200 480N 0126W -99 -99 0963 1010 0150 30 015 -999 -999 -999 -999 -999 -999
IBTr 10L IRIS      950906 1800 482N 0111W -99 -99 0960 1010 0150 33 015 -999 -999 -999 -999 -999 -999
IBTr 10L IRIS      950907 0000 484N 0087W -99 -99 0957 1010 0150 33 015 -999 -999 -999 -999 -999 -999
IBTr 10L IRIS      950907 0600 489N 0069W -99 -99 0962 1010 0150 33 015 -999 -999 -999 -999 -999 -999
IBTr 10L IRIS      950907 1200 493N 0044W -99 -99 0968 1010 0150 30 015 -999 -999 -999 -999 -999 -999
