IBTr 19L ROXANNE   951007 1800 140N 0821W -99 -99 1005 1010 0090 12 009 -999 -999 -999 -999 -999 -999
IBTr 19L ROXANNE   951008 0000 142N 0827W -99 -99 1005 1010 0090 12 009 -999 -999 -999 -999 -999 -999
IBTr 19L ROXANNE   951008 0600 148N 0830W -99 -99 1005 1010 0090 12 009 -999 -999 -999 -999 -999 -999
IBTr 19L ROXANNE   951008 1200 150N 0832W -99 -99 1005 1010 0090 12 009 -999 -999 -999 -999 -999 -999
IBTr 19L ROXANNE   951008 1800 157N 0832W -99 -99 1004 1010 0090 15 009 -999 -999 -999 -999 -999 -999
IBTr 19L ROXANNE   951009 0000 165N 0831W -99 -99 1002 1010 0090 18 009 -999 -999 -999 -999 -999 -999
IBTr 19L ROXANNE   951009 0600 172N 0830W -99 -99 1001 1010 0100 20 010 -999 -999 -999 -999 -999 -999
IBTr 19L ROXANNE   951009 1200 179N 0829W -99 -99 0999 1010 0100 23 010 -999 -999 -999 -999 -999 -999
IBTr 19L ROXANNE   951009 1800 184N 0829W -99 -99 0995 1010 0110 25 011 -999 -999 -999 -999 -999 -999
IBTr 19L ROXANNE   951010 0000 189N 0837W -99 -99 0989 1010 0110 30 011 -999 -999 -999 -999 -999 -999
IBTr 19L ROXANNE   951010 0600 192N 0843W -99 -99 0985 1010 0120 36 012 -999 -999 -999 -999 -999 -999
IBTr 19L ROXANNE   951010 1200 194N 0850W -99 -99 0972 1010 0130 41 013 -999 -999 -999 -999 -999 -999
IBTr 19L ROXANNE   951010 1800 199N 0860W -99 -99 0966 1010 0130 48 013 -999 -999 -999 -999 -999 -999
IBTr 19L ROXANNE   951010 2152 200N 0867W -99 -99 0956 1010 0140 51 014 -999 -999 -999 -999 -999 -999
IBTr 19L ROXANNE   951011 0000 200N 0870W -99 -99 0958 1010 0140 51 014 -999 -999 -999 -999 -999 -999
IBTr 19L ROXANNE   951011 0200 200N 0876W -99 -99 0958 1010 0140 51 014 -999 -999 -999 -999 -999 -999
IBTr 19L ROXANNE   951011 0600 200N 0881W -99 -99 0970 1010 0130 46 013 -999 -999 -999 -999 -999 -999
IBTr 19L ROXANNE   951011 1200 199N 0891W -99 -99 0983 1010 0120 38 012 -999 -999 -999 -999 -999 -999
IBTr 19L ROXANNE   951011 1800 197N 0900W -99 -99 0987 1010 0120 36 012 -999 -999 -999 -999 -999 -999
IBTr 19L ROXANNE   951012 0000 195N 0908W -99 -99 0990 1010 0110 33 011 -999 -999 -999 -999 -999 -999
IBTr 19L ROXANNE   951012 0600 195N 0915W -99 -99 0992 1010 0110 33 011 -999 -999 -999 -999 -999 -999
IBTr 19L ROXANNE   951012 1200 195N 0922W -99 -99 0994 1010 0110 28 011 -999 -999 -999 -999 -999 -999
IBTr 19L ROXANNE   951012 1800 197N 0926W -99 -99 0995 1010 0110 28 011 -999 -999 -999 -999 -999 -999
IBTr 19L ROXANNE   951013 0000 201N 0928W -99 -99 0993 1010 0110 28 011 -999 -999 -999 -999 -999 -999
IBTr 19L ROXANNE   951013 0600 205N 0931W -99 -99 0993 1010 0110 28 011 -999 -999 -999 -999 -999 -999
IBTr 19L ROXANNE   951013 1200 210N 0936W -99 -99 0992 1010 0110 28 011 -999 -999 -999 -999 -999 -999
IBTr 19L ROXANNE   951013 1800 214N 0939W -99 -99 0988 1010 0120 28 012 -999 -999 -999 -999 -999 -999
IBTr 19L ROXANNE   951014 0000 218N 0939W -99 -99 0982 1010 0120 28 012 -999 -999 -999 -999 -999 -999
IBTr 19L ROXANNE   951014 0600 222N 0939W -99 -99 0981 1010 0130 30 013 -999 -999 -999 -999 -999 -999
IBTr 19L ROXANNE   951014 1200 223N 0938W -99 -99 0980 1010 0130 33 013 -999 -999 -999 -999 -999 -999
IBTr 19L ROXANNE   951014 1800 223N 0933W -99 -99 0980 1010 0130 36 013 -999 -999 -999 -999 -999 -999
IBTr 19L ROXANNE   951015 0000 218N 0929W -99 -99 0979 1010 0130 36 013 -999 -999 -999 -999 -999 -999
IBTr 19L ROXANNE   951015 0600 214N 0924W -99 -99 0979 1010 0130 38 013 -999 -999 -999 -999 -999 -999
IBTr 19L ROXANNE   951015 1200 210N 0919W -99 -99 0980 1010 0130 38 013 -999 -999 -999 -999 -999 -999
IBTr 19L ROXANNE   951015 1800 206N 0916W -99 -99 0980 1010 0130 38 013 -999 -999 -999 -999 -999 -999
IBTr 19L ROXANNE   951016 0000 204N 0915W -99 -99 0981 1010 0120 38 012 -999 -999 -999 -999 -999 -999
IBTr 19L ROXANNE   951016 0600 203N 0917W -99 -99 0984 1010 0120 36 012 -999 -999 -999 -999 -999 -999
IBTr 19L ROXANNE   951016 1200 203N 0920W -99 -99 0985 1010 0120 33 012 -999 -999 -999 -999 -999 -999
IBTr 19L ROXANNE   951016 1800 204N 0922W -99 -99 0987 1010 0120 33 012 -999 -999 -999 -999 -999 -999
IBTr 19L ROXANNE   951017 0000 206N 0924W -99 -99 0991 1010 0110 33 011 -999 -999 -999 -999 -999 -999
IBTr 19L ROXANNE   951017 0600 209N 0926W -99 -99 0995 1010 0110 30 011 -999 -999 -999 -999 -999 -999
IBTr 19L ROXANNE   951017 1200 212N 0929W -99 -99 0998 1010 0100 28 010 -999 -999 -999 -999 -999 -999
IBTr 19L ROXANNE   951017 1800 213N 0931W -99 -99 1000 1010 0100 25 010 -999 -999 -999 -999 -999 -999
IBTr 19L ROXANNE   951018 0000 215N 0933W -99 -99 1003 1010 0090 23 009 -999 -999 -999 -999 -999 -999
IBTr 19L ROXANNE   951018 0600 218N 0936W -99 -99 1004 1010 0090 20 009 -999 -999 -999 -999 -999 -999
IBTr 19L ROXANNE   951018 1200 222N 0942W -99 -99 1005 1010 0090 18 009 -999 -999 -999 -999 -999 -999
IBTr 19L ROXANNE   951018 1800 223N 0947W -99 -99 1008 1010 0090 18 009 -999 -999 -999 -999 -999 -999
IBTr 19L ROXANNE   951019 0000 223N 0951W -99 -99 1009 1010 0090 15 009 -999 -999 -999 -999 -999 -999
IBTr 19L ROXANNE   951019 0600 224N 0954W -99 -99 1009 1010 0090 15 009 -999 -999 -999 -999 -999 -999
IBTr 19L ROXANNE   951019 1200 223N 0955W -99 -99 1009 1010 0090 15 009 -999 -999 -999 -999 -999 -999
IBTr 19L ROXANNE   951019 1800 223N 0956W -99 -99 1009 1010 0090 15 009 -999 -999 -999 -999 -999 -999
IBTr 19L ROXANNE   951020 0000 224N 0956W -99 -99 1009 1010 0090 15 009 -999 -999 -999 -999 -999 -999
IBTr 19L ROXANNE   951020 0600 220N 0955W -99 -99 1009 1010 0090 15 009 -999 -999 -999 -999 -999 -999
IBTr 19L ROXANNE   951020 1200 215N 0955W -99 -99 1009 1010 0090 12 009 -999 -999 -999 -999 -999 -999
IBTr 19L ROXANNE   951020 1800 205N 0955W -99 -99 1010 1010 0080 12 008 -999 -999 -999 -999 -999 -999
IBTr 19L ROXANNE   951021 0000 195N 0960W -99 -99 1011 1011 0080 12 008 -999 -999 -999 -999 -999 -999
