IBTr 18L PABLO     951004 1800 83N  0314W -99 -99 1009 1010 0080 15 008 -999 -999 -999 -999 -999 -999
IBTr 18L PABLO     951005 0000 84N  0328W -99 -99 1009 1010 0080 15 008 -999 -999 -999 -999 -999 -999
IBTr 18L PABLO     951005 0600 93N  0351W -99 -99 1008 1010 0080 15 008 -999 -999 -999 -999 -999 -999
IBTr 18L PABLO     951005 1200 102N 0375W -99 -99 1006 1010 0090 18 009 -999 -999 -999 -999 -999 -999
IBTr 18L PABLO     951005 1800 111N 0401W -99 -99 1003 1010 0090 20 009 -999 -999 -999 -999 -999 -999
IBTr 18L PABLO     951006 0000 115N 0419W -99 -99 0997 1010 0100 25 010 -999 -999 -999 -999 -999 -999
IBTr 18L PABLO     951006 0600 120N 0440W -99 -99 0994 1010 0100 25 010 -999 -999 -999 -999 -999 -999
IBTr 18L PABLO     951006 1200 122N 0458W -99 -99 0995 1010 0100 25 010 -999 -999 -999 -999 -999 -999
IBTr 18L PABLO     951006 1800 124N 0475W -99 -99 0998 1010 0100 23 010 -999 -999 -999 -999 -999 -999
IBTr 18L PABLO     951007 0000 125N 0488W -99 -99 1000 1010 0100 23 010 -999 -999 -999 -999 -999 -999
IBTr 18L PABLO     951007 0600 127N 0500W -99 -99 1000 1010 0100 23 010 -999 -999 -999 -999 -999 -999
IBTr 18L PABLO     951007 1200 128N 0511W -99 -99 1000 1010 0100 23 010 -999 -999 -999 -999 -999 -999
IBTr 18L PABLO     951007 1800 126N 0523W -99 -99 1000 1010 0100 23 010 -999 -999 -999 -999 -999 -999
IBTr 18L PABLO     951008 0000 125N 0539W -99 -99 1001 1010 0090 23 009 -999 -999 -999 -999 -999 -999
IBTr 18L PABLO     951008 0600 123N 0557W -99 -99 1007 1010 0090 23 009 -999 -999 -999 -999 -999 -999
IBTr 18L PABLO     951008 1200 121N 0575W -99 -99 1009 1010 0080 15 008 -999 -999 -999 -999 -999 -999
