IBTr 15W NINA      950901 0000 82N  1393E -99 -99 -999 1010 0000 10 000 -999 -999 -999 -999 -999 -999
IBTr 15W NINA      950901 0600 90N  1379E -99 -99 -999 1010 0000 12 000 -999 -999 -999 -999 -999 -999
IBTr 15W NINA      950901 1200 97N  1360E -99 -99 -999 1010 0000 12 000 -999 -999 -999 -999 -999 -999
IBTr 15W NINA      950901 1800 104N 1342E -99 -99 -999 1010 0000 12 000 -999 -999 -999 -999 -999 -999
IBTr 15W NINA      950902 0000 111N 1324E -99 -99 -999 1010 0000 12 000 -999 -999 -999 -999 -999 -999
IBTr 15W NINA      950902 0600 116N 1309E -99 -99 -999 1010 0000 12 000 -999 -999 -999 -999 -999 -999
IBTr 15W NINA      950902 1200 119N 1292E -99 -99 1004 1010 0090 12 009 -999 -999 -999 -999 -999 -999
IBTr 15W NINA      950902 1800 126N 1278E -99 -99 1004 1010 0090 15 009 -999 -999 -999 -999 -999 -999
IBTr 15W NINA      950903 0000 135N 1266E -99 -99 1004 1010 0090 18 009 -999 -999 -999 -999 -999 -999
IBTr 15W NINA      950903 0600 144N 1256E -99 -99 1002 1010 0090 18 009 -999 -999 -999 -999 -999 -999
IBTr 15W NINA      950903 1200 155N 1245E -99 -99 1002 1010 0090 18 009 -999 -999 -999 -999 -999 -999
IBTr 15W NINA      950903 1800 163N 1232E -99 -99 1002 1010 0090 18 009 -999 -999 -999 -999 -999 -999
IBTr 15W NINA      950904 0000 168N 1217E -99 -99 1002 1010 0090 18 009 -999 -999 -999 -999 -999 -999
IBTr 15W NINA      950904 0600 170N 1200E -99 -99 1002 1010 0090 18 009 -999 -999 -999 -999 -999 -999
IBTr 15W NINA      950904 1200 169N 1186E -99 -99 0998 1010 0100 18 010 -999 -999 -999 -999 -999 -999
IBTr 15W NINA      950904 1800 167N 1175E -99 -99 0998 1010 0100 18 010 -999 -999 -999 -999 -999 -999
IBTr 15W NINA      950905 0000 166N 1167E -99 -99 0996 1010 0100 18 010 -999 -999 -999 -999 -999 -999
IBTr 15W NINA      950905 0600 166N 1160E -99 -99 0996 1010 0100 18 010 -999 -999 -999 -999 -999 -999
IBTr 15W NINA      950905 1200 167N 1154E -99 -99 0996 1010 0100 18 010 -999 -999 -999 -999 -999 -999
IBTr 15W NINA      950905 1800 170N 1147E -99 -99 0994 1010 0110 18 011 -999 -999 -999 -999 -999 -999
IBTr 15W NINA      950906 0000 175N 1141E -99 -99 0994 1010 0110 18 011 -999 -999 -999 -999 -999 -999
IBTr 15W NINA      950906 0600 181N 1134E -99 -99 0994 1010 0110 18 011 -999 -999 -999 -999 -999 -999
IBTr 15W NINA      950906 1200 188N 1126E -99 -99 0994 1010 0110 18 011 -999 -999 -999 -999 -999 -999
IBTr 15W NINA      950906 1800 196N 1118E -99 -99 0992 1010 0110 20 011 -999 -999 -999 -999 -999 -999
IBTr 15W NINA      950907 0000 206N 1107E -99 -99 0994 1010 0110 18 011 -999 -999 -999 -999 -999 -999
IBTr 15W NINA      950907 0600 216N 1096E -99 -99 0998 1010 0100 18 010 -999 -999 -999 -999 -999 -999
IBTr 15W NINA      950907 1200 230N 1080E -99 -99 0998 1010 0100 18 010 -999 -999 -999 -999 -999 -999
IBTr 15W NINA      950907 1800 235N 1063E -99 -99 1000 1010 0100 15 010 -999 -999 -999 -999 -999 -999
IBTr 15W NINA      950908 0000 229N 1041E -99 -99 -999 1010 0000 10 000 -999 -999 -999 -999 -999 -999
