IBTr 17S CHLOE     950329 1800 90S  1305E -99 -99 -999 1010 0000 -9 000 -999 -999 -999 -999 -999 -999
IBTr 17S CHLOE     950330 0000 91S  1307E -99 -99 -999 1010 0000 -9 000 -999 -999 -999 -999 -999 -999
IBTr 17S CHLOE     950330 0600 92S  1309E -99 -99 -999 1010 0000 -9 000 -999 -999 -999 -999 -999 -999
IBTr 17S CHLOE     950330 1200 94S  1310E -99 -99 -999 1010 0000 -9 000 -999 -999 -999 -999 -999 -999
IBTr 17S CHLOE     950330 1800 96S  1310E -99 -99 -999 1010 0000 -9 000 -999 -999 -999 -999 -999 -999
IBTr 17S CHLOE     950331 0000 97S  1309E -99 -99 -999 1010 0000 -9 000 -999 -999 -999 -999 -999 -999
IBTr 17S CHLOE     950331 0600 98S  1307E -99 -99 -999 1010 0000 -9 000 -999 -999 -999 -999 -999 -999
IBTr 17S CHLOE     950331 1200 99S  1304E -99 -99 -999 1010 0000 -9 000 -999 -999 -999 -999 -999 -999
IBTr 17S CHLOE     950331 1800 100S 1300E -99 -99 -999 1010 0000 -9 000 -999 -999 -999 -999 -999 -999
IBTr 17S CHLOE     950401 0000 101S 1295E -99 -99 -999 1010 0000 -9 000 -999 -999 -999 -999 -999 -999
IBTr 17S CHLOE     950401 0600 102S 1290E -99 -99 -999 1010 0000 -9 000 -999 -999 -999 -999 -999 -999
IBTr 17S CHLOE     950401 1200 103S 1285E -99 -99 -999 1010 0000 -9 000 -999 -999 -999 -999 -999 -999
IBTr 17S CHLOE     950401 1800 104S 1280E -99 -99 -999 1010 0000 -9 000 -999 -999 -999 -999 -999 -999
IBTr 17S CHLOE     950402 0000 104S 1275E -99 -99 -999 1010 0000 -9 000 -999 -999 -999 -999 -999 -999
IBTr 17S CHLOE     950402 0600 104S 1270E -99 -99 -999 1010 0000 -9 000 -999 -999 -999 -999 -999 -999
IBTr 17S CHLOE     950402 1200 103S 1266E -99 -99 -999 1010 0000 -9 000 -999 -999 -999 -999 -999 -999
IBTr 17S CHLOE     950402 1800 102S 1262E -99 -99 -999 1010 0000 -9 000 -999 -999 -999 -999 -999 -999
IBTr 17S CHLOE     950403 0000 99S  1260E -99 -99 1005 1010 0090 09 009 -999 -999 -999 -999 -999 -999
IBTr 17S CHLOE     950403 0600 98S  1257E -99 -99 -999 1010 0000 -9 000 -999 -999 -999 -999 -999 -999
IBTr 17S CHLOE     950403 1200 97S  1253E -99 -99 1005 1010 0090 09 009 -999 -999 -999 -999 -999 -999
IBTr 17S CHLOE     950403 1800 96S  1246E -99 -99 -999 1010 0000 -9 000 -999 -999 -999 -999 -999 -999
IBTr 17S CHLOE     950404 0000 97S  1239E -99 -99 1005 1010 0090 09 009 -999 -999 -999 -999 -999 -999
IBTr 17S CHLOE     950404 0600 98S  1235E -99 -99 1005 1010 0090 09 009 -999 -999 -999 -999 -999 -999
IBTr 17S CHLOE     950404 1200 99S  1230E -99 -99 1000 1010 0100 13 010 -999 -999 -999 -999 -999 -999
IBTr 17S CHLOE     950404 1800 101S 1224E -99 -99 1000 1010 0100 13 010 -999 -999 -999 -999 -999 -999
IBTr 17S CHLOE     950405 0000 102S 1219E -99 -99 0995 1010 0100 18 010 -999 -999 -999 -999 -999 -999
IBTr 17S CHLOE     950405 0300 103S 1216E -99 -99 0990 1010 0110 21 011 -999 -999 -999 -999 -999 -999
IBTr 17S CHLOE     950405 0600 105S 1214E -99 -99 0985 1010 0120 24 012 -999 -999 -999 -999 -999 -999
IBTr 17S CHLOE     950405 0900 105S 1209E -99 -99 0980 1010 0120 27 012 -999 -999 -999 -999 -999 -999
IBTr 17S CHLOE     950405 1200 108S 1211E -99 -99 0975 1010 0130 30 013 -999 -999 -999 -999 -999 -999
IBTr 17S CHLOE     950405 1500 109S 1211E -99 -99 0970 1010 0130 33 013 -999 -999 -999 -999 -999 -999
IBTr 17S CHLOE     950405 1800 113S 1212E -99 -99 0965 1010 0130 36 013 -999 -999 -999 -999 -999 -999
IBTr 17S CHLOE     950405 2100 114S 1215E -99 -99 0960 1010 0130 39 013 -999 -999 -999 -999 -999 -999
IBTr 17S CHLOE     950406 0000 118S 1215E -99 -99 0955 1010 0130 41 013 -999 -999 -999 -999 -999 -999
IBTr 17S CHLOE     950406 0300 119S 1218E -99 -99 0955 1010 0130 41 013 -999 -999 -999 -999 -999 -999
IBTr 17S CHLOE     950406 0600 123S 1219E -99 -99 0955 1010 0130 41 013 -999 -999 -999 -999 -999 -999
IBTr 17S CHLOE     950406 0900 125S 1221E -99 -99 0955 1010 0130 41 013 -999 -999 -999 -999 -999 -999
IBTr 17S CHLOE     950406 1200 129S 1223E -99 -99 0955 1010 0130 41 013 -999 -999 -999 -999 -999 -999
IBTr 17S CHLOE     950406 1500 133S 1224E -99 -99 0945 1010 0130 45 013 -999 -999 -999 -999 -999 -999
IBTr 17S CHLOE     950406 1800 135S 1228E -99 -99 0935 1010 0120 49 012 -999 -999 -999 -999 -999 -999
IBTr 17S CHLOE     950406 2100 138S 1230E -99 -99 0925 1010 0100 54 010 -999 -999 -999 -999 -999 -999
IBTr 17S CHLOE     950407 0000 141S 1232E -99 -99 0920 1010 0100 55 010 -999 -999 -999 -999 -999 -999
IBTr 17S CHLOE     950407 0300 144S 1233E -99 -99 0920 1010 0100 55 010 -999 -999 -999 -999 -999 -999
IBTr 17S CHLOE     950407 0600 146S 1234E -99 -99 0920 1010 0100 55 010 -999 -999 -999 -999 -999 -999
IBTr 17S CHLOE     950407 0900 148S 1234E -99 -99 0920 1010 0100 55 010 -999 -999 -999 -999 -999 -999
IBTr 17S CHLOE     950407 1200 150S 1236E -99 -99 0925 1010 0110 54 011 -999 -999 -999 -999 -999 -999
IBTr 17S CHLOE     950407 1500 152S 1238E -99 -99 0930 1010 0110 51 011 -999 -999 -999 -999 -999 -999
IBTr 17S CHLOE     950407 1800 154S 1238E -99 -99 0935 1010 0120 49 012 -999 -999 -999 -999 -999 -999
IBTr 17S CHLOE     950407 2100 157S 1240E -99 -99 0940 1010 0120 47 012 -999 -999 -999 -999 -999 -999
IBTr 17S CHLOE     950408 0000 159S 1241E -99 -99 0945 1010 0130 45 013 -999 -999 -999 -999 -999 -999
IBTr 17S CHLOE     950408 0300 163S 1242E -99 -99 0955 1010 0130 41 013 -999 -999 -999 -999 -999 -999
IBTr 17S CHLOE     950408 0600 165S 1244E -99 -99 0965 1010 0130 36 013 -999 -999 -999 -999 -999 -999
IBTr 17S CHLOE     950408 0900 169S 1241E -99 -99 0980 1010 0120 27 012 -999 -999 -999 -999 -999 -999
IBTr 17S CHLOE     950408 1200 171S 1245E -99 -99 0990 1010 0110 21 011 -999 -999 -999 -999 -999 -999
IBTr 17S CHLOE     950408 1500 173S 1238E -99 -99 1000 1010 0100 13 010 -999 -999 -999 -999 -999 -999
IBTr 17S CHLOE     950408 1800 179S 1246E -99 -99 1000 1010 0100 13 010 -999 -999 -999 -999 -999 -999
IBTr 17S CHLOE     950409 0000 188S 1245E -99 -99 -999 1010 0000 -9 000 -999 -999 -999 -999 -999 -999
IBTr 17S CHLOE     950409 0600 194S 1242E -99 -99 -999 1010 0000 -9 000 -999 -999 -999 -999 -999 -999
