IBTr 18W POLLY     950909 0000 81N  1418E -99 -99 -999 1010 0000 07 000 -999 -999 -999 -999 -999 -999
IBTr 18W POLLY     950909 0600 84N  1408E -99 -99 -999 1010 0000 07 000 -999 -999 -999 -999 -999 -999
IBTr 18W POLLY     950909 1200 90N  1401E -99 -99 -999 1010 0000 07 000 -999 -999 -999 -999 -999 -999
IBTr 18W POLLY     950909 1800 101N 1396E -99 -99 -999 1010 0000 10 000 -999 -999 -999 -999 -999 -999
IBTr 18W POLLY     950910 0000 108N 1389E -99 -99 -999 1010 0000 10 000 -999 -999 -999 -999 -999 -999
IBTr 18W POLLY     950910 0600 115N 1375E -99 -99 -999 1010 0000 10 000 -999 -999 -999 -999 -999 -999
IBTr 18W POLLY     950910 1200 116N 1354E -99 -99 -999 1010 0000 10 000 -999 -999 -999 -999 -999 -999
IBTr 18W POLLY     950910 1800 117N 1330E -99 -99 -999 1010 0000 10 000 -999 -999 -999 -999 -999 -999
IBTr 18W POLLY     950911 0000 119N 1303E -99 -99 -999 1010 0000 10 000 -999 -999 -999 -999 -999 -999
IBTr 18W POLLY     950911 0600 124N 1284E -99 -99 -999 1010 0000 10 000 -999 -999 -999 -999 -999 -999
IBTr 18W POLLY     950911 1200 130N 1263E -99 -99 -999 1010 0000 10 000 -999 -999 -999 -999 -999 -999
IBTr 18W POLLY     950911 1800 136N 1244E -99 -99 -999 1010 0000 10 000 -999 -999 -999 -999 -999 -999
IBTr 18W POLLY     950912 0000 138N 1241E -99 -99 -999 1010 0000 10 000 -999 -999 -999 -999 -999 -999
IBTr 18W POLLY     950912 0600 140N 1234E -99 -99 -999 1010 0000 10 000 -999 -999 -999 -999 -999 -999
IBTr 18W POLLY     950912 1200 143N 1229E -99 -99 -999 1010 0000 10 000 -999 -999 -999 -999 -999 -999
IBTr 18W POLLY     950912 1800 147N 1227E -99 -99 -999 1010 0000 10 000 -999 -999 -999 -999 -999 -999
IBTr 18W POLLY     950913 0000 151N 1226E -99 -99 -999 1010 0000 10 000 -999 -999 -999 -999 -999 -999
IBTr 18W POLLY     950913 0600 156N 1227E -99 -99 -999 1010 0000 10 000 -999 -999 -999 -999 -999 -999
IBTr 18W POLLY     950913 1200 161N 1229E -99 -99 -999 1010 0000 10 000 -999 -999 -999 -999 -999 -999
IBTr 18W POLLY     950913 1800 165N 1231E -99 -99 -999 1010 0000 10 000 -999 -999 -999 -999 -999 -999
IBTr 18W POLLY     950914 0000 165N 1234E -99 -99 1000 1010 0100 12 010 -999 -999 -999 -999 -999 -999
IBTr 18W POLLY     950914 0600 166N 1235E -99 -99 1000 1010 0100 15 010 -999 -999 -999 -999 -999 -999
IBTr 18W POLLY     950914 1200 167N 1235E -99 -99 1000 1010 0100 15 010 -999 -999 -999 -999 -999 -999
IBTr 18W POLLY     950914 1800 169N 1237E -99 -99 1000 1010 0100 18 010 -999 -999 -999 -999 -999 -999
IBTr 18W POLLY     950915 0000 171N 1239E -99 -99 0998 1010 0100 18 010 -999 -999 -999 -999 -999 -999
IBTr 18W POLLY     950915 0600 173N 1245E -99 -99 0998 1010 0100 18 010 -999 -999 -999 -999 -999 -999
IBTr 18W POLLY     950915 1200 175N 1253E -99 -99 0998 1010 0100 18 010 -999 -999 -999 -999 -999 -999
IBTr 18W POLLY     950915 1800 178N 1263E -99 -99 0998 1010 0100 18 010 -999 -999 -999 -999 -999 -999
IBTr 18W POLLY     950916 0000 181N 1279E -99 -99 0996 1010 0100 20 010 -999 -999 -999 -999 -999 -999
IBTr 18W POLLY     950916 0600 185N 1295E -99 -99 0996 1010 0100 20 010 -999 -999 -999 -999 -999 -999
IBTr 18W POLLY     950916 1200 189N 1312E -99 -99 0994 1010 0110 23 011 -999 -999 -999 -999 -999 -999
IBTr 18W POLLY     950916 1800 191N 1331E -99 -99 0992 1010 0110 23 011 -999 -999 -999 -999 -999 -999
IBTr 18W POLLY     950917 0000 194N 1350E -99 -99 0990 1010 0110 23 011 -999 -999 -999 -999 -999 -999
IBTr 18W POLLY     950917 0600 193N 1367E -99 -99 0985 1010 0120 25 012 -999 -999 -999 -999 -999 -999
IBTr 18W POLLY     950917 1200 197N 1376E -99 -99 0985 1010 0120 25 012 -999 -999 -999 -999 -999 -999
IBTr 18W POLLY     950917 1800 202N 1379E -99 -99 0980 1010 0130 28 013 -999 -999 -999 -999 -999 -999
IBTr 18W POLLY     950918 0000 209N 1379E -99 -99 0975 1010 0130 30 013 -999 -999 -999 -999 -999 -999
IBTr 18W POLLY     950918 0600 219N 1378E -99 -99 0975 1010 0130 30 013 -999 -999 -999 -999 -999 -999
IBTr 18W POLLY     950918 1200 230N 1378E -99 -99 0970 1010 0130 33 013 -999 -999 -999 -999 -999 -999
IBTr 18W POLLY     950918 1800 240N 1378E -99 -99 0965 1010 0140 36 014 -999 -999 -999 -999 -999 -999
IBTr 18W POLLY     950919 0000 248N 1380E -99 -99 0965 1010 0140 36 014 -999 -999 -999 -999 -999 -999
IBTr 18W POLLY     950919 0600 256N 1388E -99 -99 0960 1010 0140 38 014 -999 -999 -999 -999 -999 -999
IBTr 18W POLLY     950919 1200 265N 1400E -99 -99 0960 1010 0140 38 014 -999 -999 -999 -999 -999 -999
IBTr 18W POLLY     950919 1500 273N 1407E -99 -99 0960 1010 0140 38 014 -999 -999 -999 -999 -999 -999
IBTr 18W POLLY     950919 1800 278N 1412E -99 -99 0960 1010 0140 38 014 -999 -999 -999 -999 -999 -999
IBTr 18W POLLY     950919 2100 284N 1418E -99 -99 0960 1010 0140 38 014 -999 -999 -999 -999 -999 -999
IBTr 18W POLLY     950920 0000 288N 1423E -99 -99 0960 1010 0140 38 014 -999 -999 -999 -999 -999 -999
IBTr 18W POLLY     950920 0600 298N 1438E -99 -99 0965 1010 0140 36 014 -999 -999 -999 -999 -999 -999
IBTr 18W POLLY     950920 1200 307N 1455E -99 -99 0965 1010 0140 36 014 -999 -999 -999 -999 -999 -999
IBTr 18W POLLY     950920 1800 319N 1476E -99 -99 0970 1010 0140 33 014 -999 -999 -999 -999 -999 -999
IBTr 18W POLLY     950921 0000 331N 1496E -99 -99 0970 1010 0140 33 014 -999 -999 -999 -999 -999 -999
IBTr 18W POLLY     950921 0600 346N 1521E -99 -99 0975 1010 0140 30 014 -999 -999 -999 -999 -999 -999
IBTr 18W POLLY     950921 1200 364N 1553E -99 -99 0980 1010 0130 25 013 -999 -999 -999 -999 -999 -999
IBTr 18W POLLY     950921 1800 386N 1586E -99 -99 0986 1010 0130 36 013 -999 -999 -999 -999 -999 -999
IBTr 18W POLLY     950922 0000 399N 1610E -99 -99 0992 1010 0120 33 012 -999 -999 -999 -999 -999 -999
IBTr 18W POLLY     950922 0600 410N 1638E -99 -99 0992 1010 0120 25 012 -999 -999 -999 -999 -999 -999
IBTr 18W POLLY     950922 1200 417N 1666E -99 -99 0992 1010 0120 20 012 -999 -999 -999 -999 -999 -999
IBTr 18W POLLY     950922 1800 421N 1696E -99 -99 0996 1010 0110 18 011 -999 -999 -999 -999 -999 -999
IBTr 18W POLLY     950923 0000 420N 1724E -99 -99 0996 1010 0110 18 011 -999 -999 -999 -999 -999 -999
IBTr 18W POLLY     950923 0600 418N 1753E -99 -99 0994 1010 0120 15 012 -999 -999 -999 -999 -999 -999
IBTr 18W POLLY     950923 1200 418N 1776E -99 -99 0994 1010 0120 12 012 -999 -999 -999 -999 -999 -999
