IBTr 17L OPAL      950927 1800 191N 0873W -99 -99 1004 1010 0090 12 009 -999 -999 -999 -999 -999 -999
IBTr 17L OPAL      950928 0000 194N 0875W -99 -99 1004 1010 0090 12 009 -999 -999 -999 -999 -999 -999
IBTr 17L OPAL      950928 0600 194N 0879W -99 -99 1004 1010 0090 12 009 -999 -999 -999 -999 -999 -999
IBTr 17L OPAL      950928 1200 193N 0882W -99 -99 1003 1010 0090 12 009 -999 -999 -999 -999 -999 -999
IBTr 17L OPAL      950928 1800 193N 0884W -99 -99 1003 1010 0090 12 009 -999 -999 -999 -999 -999 -999
IBTr 17L OPAL      950929 0000 194N 0884W -99 -99 1003 1010 0090 12 009 -999 -999 -999 -999 -999 -999
IBTr 17L OPAL      950929 0600 195N 0884W -99 -99 1003 1010 0090 12 009 -999 -999 -999 -999 -999 -999
IBTr 17L OPAL      950929 1200 196N 0883W -99 -99 1003 1010 0090 12 009 -999 -999 -999 -999 -999 -999
IBTr 17L OPAL      950929 1800 198N 0882W -99 -99 1003 1010 0090 15 009 -999 -999 -999 -999 -999 -999
IBTr 17L OPAL      950930 0000 201N 0882W -99 -99 1002 1010 0100 15 010 -999 -999 -999 -999 -999 -999
IBTr 17L OPAL      950930 0600 206N 0883W -99 -99 1002 1010 0100 15 010 -999 -999 -999 -999 -999 -999
IBTr 17L OPAL      950930 1200 211N 0885W -99 -99 1001 1010 0100 18 010 -999 -999 -999 -999 -999 -999
IBTr 17L OPAL      950930 1800 214N 0891W -99 -99 1000 1010 0100 20 010 -999 -999 -999 -999 -999 -999
IBTr 17L OPAL      951001 0000 213N 0899W -99 -99 0994 1010 0110 23 011 -999 -999 -999 -999 -999 -999
IBTr 17L OPAL      951001 0600 211N 0907W -99 -99 0987 1010 0120 23 012 -999 -999 -999 -999 -999 -999
IBTr 17L OPAL      951001 1200 209N 0912W -99 -99 0986 1010 0120 23 012 -999 -999 -999 -999 -999 -999
IBTr 17L OPAL      951001 1800 208N 0916W -99 -99 0985 1010 0120 25 012 -999 -999 -999 -999 -999 -999
IBTr 17L OPAL      951002 0000 207N 0919W -99 -99 0984 1010 0120 28 012 -999 -999 -999 -999 -999 -999
IBTr 17L OPAL      951002 0600 208N 0921W -99 -99 0980 1010 0130 30 013 -999 -999 -999 -999 -999 -999
IBTr 17L OPAL      951002 1200 210N 0923W -99 -99 0973 1010 0130 33 013 -999 -999 -999 -999 -999 -999
IBTr 17L OPAL      951002 1800 212N 0923W -99 -99 0972 1010 0130 33 013 -999 -999 -999 -999 -999 -999
IBTr 17L OPAL      951003 0000 217N 0922W -99 -99 0970 1010 0130 36 013 -999 -999 -999 -999 -999 -999
IBTr 17L OPAL      951003 0600 222N 0920W -99 -99 0969 1010 0130 38 013 -999 -999 -999 -999 -999 -999
IBTr 17L OPAL      951003 1200 228N 0916W -99 -99 0968 1010 0140 41 014 -999 -999 -999 -999 -999 -999
IBTr 17L OPAL      951003 1800 235N 0910W -99 -99 0965 1010 0140 43 014 -999 -999 -999 -999 -999 -999
IBTr 17L OPAL      951004 0000 245N 0901W -99 -99 0953 1010 0140 51 014 -999 -999 -999 -999 -999 -999
IBTr 17L OPAL      951004 0600 259N 0894W -99 -99 0935 1010 0120 56 012 -999 -999 -999 -999 -999 -999
IBTr 17L OPAL      951004 1000 266N 0888W -99 -99 0916 1010 0100 66 010 -999 -999 -999 -999 -999 -999
IBTr 17L OPAL      951004 1200 273N 0885W -99 -99 0919 1010 0100 66 010 -999 -999 -999 -999 -999 -999
IBTr 17L OPAL      951004 1800 290N 0877W -99 -99 0938 1010 0130 56 013 -999 -999 -999 -999 -999 -999
IBTr 17L OPAL      951004 2200 303N 0871W -99 -99 0942 1010 0130 51 013 -999 -999 -999 -999 -999 -999
IBTr 17L OPAL      951005 0000 310N 0868W -99 -99 0950 1010 0140 41 014 -999 -999 -999 -999 -999 -999
IBTr 17L OPAL      951005 0600 332N 0862W -99 -99 0974 1010 0140 25 014 -999 -999 -999 -999 -999 -999
IBTr 17L OPAL      951005 1200 354N 0857W -99 -99 0982 1010 0130 15 013 -999 -999 -999 -999 -999 -999
IBTr 17L OPAL      951005 1800 385N 0835W -99 -99 0986 1010 0130 20 013 -999 -999 -999 -999 -999 -999
IBTr 17L OPAL      951006 0000 405N 0823W -99 -99 0989 1010 0120 20 012 -999 -999 -999 -999 -999 -999
IBTr 17L OPAL      951006 0600 420N 0805W -99 -99 0991 1010 0120 20 012 -999 -999 -999 -999 -999 -999
IBTr 17L OPAL      951006 1200 433N 0784W -99 -99 0997 1010 0110 18 011 -999 -999 -999 -999 -999 -999
IBTr 17L OPAL      951006 1800 445N 0765W -99 -99 1002 1010 0110 15 011 -999 -999 -999 -999 -999 -999
