IBTr 11L JERRY     950822 1800 237N 0787W -99 -99 1010 1010 0080 10 008 -999 -999 -999 -999 -999 -999
IBTr 11L JERRY     950823 0000 242N 0789W -99 -99 1009 1010 0090 12 009 -999 -999 -999 -999 -999 -999
IBTr 11L JERRY     950823 0600 252N 0792W -99 -99 1008 1010 0090 15 009 -999 -999 -999 -999 -999 -999
IBTr 11L JERRY     950823 1200 264N 0797W -99 -99 1008 1010 0090 18 009 -999 -999 -999 -999 -999 -999
IBTr 11L JERRY     950823 1800 270N 0802W -99 -99 1006 1010 0090 18 009 -999 -999 -999 -999 -999 -999
IBTr 11L JERRY     950824 0000 273N 0805W -99 -99 1005 1010 0090 18 009 -999 -999 -999 -999 -999 -999
IBTr 11L JERRY     950824 0600 277N 0811W -99 -99 1005 1010 0090 18 009 -999 -999 -999 -999 -999 -999
IBTr 11L JERRY     950824 1200 284N 0818W -99 -99 1004 1010 0100 18 010 -999 -999 -999 -999 -999 -999
IBTr 11L JERRY     950824 1800 288N 0826W -99 -99 1002 1010 0100 15 010 -999 -999 -999 -999 -999 -999
IBTr 11L JERRY     950825 0000 290N 0829W -99 -99 1002 1010 0100 15 010 -999 -999 -999 -999 -999 -999
IBTr 11L JERRY     950825 0600 292N 0833W -99 -99 1002 1010 0100 15 010 -999 -999 -999 -999 -999 -999
IBTr 11L JERRY     950825 1200 298N 0833W -99 -99 1004 1010 0100 12 010 -999 -999 -999 -999 -999 -999
IBTr 11L JERRY     950825 1800 304N 0832W -99 -99 1005 1010 0090 12 009 -999 -999 -999 -999 -999 -999
IBTr 11L JERRY     950826 0000 307N 0834W -99 -99 1005 1010 0100 12 010 -999 -999 -999 -999 -999 -999
IBTr 11L JERRY     950826 0600 313N 0837W -99 -99 1005 1010 0100 10 010 -999 -999 -999 -999 -999 -999
IBTr 11L JERRY     950826 1200 318N 0839W -99 -99 1005 1010 0100 10 010 -999 -999 -999 -999 -999 -999
IBTr 11L JERRY     950826 1800 324N 0840W -99 -99 1006 1010 0090 10 009 -999 -999 -999 -999 -999 -999
IBTr 11L JERRY     950827 0000 330N 0840W -99 -99 1006 1010 0090 10 009 -999 -999 -999 -999 -999 -999
IBTr 11L JERRY     950827 0600 335N 0839W -99 -99 1006 1010 0090 10 009 -999 -999 -999 -999 -999 -999
IBTr 11L JERRY     950827 1200 338N 0836W -99 -99 1006 1010 0090 10 009 -999 -999 -999 -999 -999 -999
IBTr 11L JERRY     950827 1800 339N 0830W -99 -99 1006 1010 0090 10 009 -999 -999 -999 -999 -999 -999
IBTr 11L JERRY     950828 0000 338N 0824W -99 -99 1006 1010 0090 10 009 -999 -999 -999 -999 -999 -999
