IBTr 27W WARD      951013 1800 84N  1625E -99 -99 -999 1010 0000 07 000 -999 -999 -999 -999 -999 -999
IBTr 27W WARD      951014 0000 93N  1623E -99 -99 -999 1010 0000 10 000 -999 -999 -999 -999 -999 -999
IBTr 27W WARD      951014 0600 101N 1620E -99 -99 -999 1010 0000 10 000 -999 -999 -999 -999 -999 -999
IBTr 27W WARD      951014 1200 108N 1615E -99 -99 -999 1010 0000 10 000 -999 -999 -999 -999 -999 -999
IBTr 27W WARD      951014 1800 113N 1606E -99 -99 -999 1010 0000 10 000 -999 -999 -999 -999 -999 -999
IBTr 27W WARD      951015 0000 118N 1596E -99 -99 -999 1010 0000 10 000 -999 -999 -999 -999 -999 -999
IBTr 27W WARD      951015 0600 122N 1585E -99 -99 -999 1010 0000 10 000 -999 -999 -999 -999 -999 -999
IBTr 27W WARD      951015 1200 125N 1574E -99 -99 -999 1010 0000 10 000 -999 -999 -999 -999 -999 -999
IBTr 27W WARD      951015 1800 127N 1563E -99 -99 -999 1010 0000 10 000 -999 -999 -999 -999 -999 -999
IBTr 27W WARD      951016 0000 129N 1550E -99 -99 -999 1010 0000 10 000 -999 -999 -999 -999 -999 -999
IBTr 27W WARD      951016 0600 128N 1536E -99 -99 1006 1010 0090 12 009 -999 -999 -999 -999 -999 -999
IBTr 27W WARD      951016 1200 130N 1521E -99 -99 1006 1010 0090 15 009 -999 -999 -999 -999 -999 -999
IBTr 27W WARD      951016 1800 133N 1504E -99 -99 1004 1010 0090 18 009 -999 -999 -999 -999 -999 -999
IBTr 27W WARD      951017 0000 137N 1486E -99 -99 1002 1010 0090 18 009 -999 -999 -999 -999 -999 -999
IBTr 27W WARD      951017 0600 141N 1468E -99 -99 0998 1010 0100 20 010 -999 -999 -999 -999 -999 -999
IBTr 27W WARD      951017 1200 144N 1452E -99 -99 0994 1010 0110 20 011 -999 -999 -999 -999 -999 -999
IBTr 27W WARD      951017 1800 148N 1437E -99 -99 0990 1010 0110 23 011 -999 -999 -999 -999 -999 -999
IBTr 27W WARD      951018 0000 154N 1421E -99 -99 0980 1010 0120 28 012 -999 -999 -999 -999 -999 -999
IBTr 27W WARD      951018 0600 160N 1406E -99 -99 0970 1010 0130 33 013 -999 -999 -999 -999 -999 -999
IBTr 27W WARD      951018 1200 167N 1393E -99 -99 0960 1010 0130 36 013 -999 -999 -999 -999 -999 -999
IBTr 27W WARD      951018 1800 176N 1379E -99 -99 0955 1010 0130 38 013 -999 -999 -999 -999 -999 -999
IBTr 27W WARD      951019 0000 185N 1365E -99 -99 0950 1010 0130 41 013 -999 -999 -999 -999 -999 -999
IBTr 27W WARD      951019 0600 196N 1355E -99 -99 0945 1010 0130 43 013 -999 -999 -999 -999 -999 -999
IBTr 27W WARD      951019 1200 209N 1347E -99 -99 0945 1010 0130 43 013 -999 -999 -999 -999 -999 -999
IBTr 27W WARD      951019 1800 218N 1343E -99 -99 0940 1010 0130 43 013 -999 -999 -999 -999 -999 -999
IBTr 27W WARD      951020 0000 227N 1342E -99 -99 0940 1010 0130 43 013 -999 -999 -999 -999 -999 -999
IBTr 27W WARD      951020 0600 236N 1343E -99 -99 0940 1010 0130 43 013 -999 -999 -999 -999 -999 -999
IBTr 27W WARD      951020 1200 243N 1345E -99 -99 0945 1010 0130 43 013 -999 -999 -999 -999 -999 -999
IBTr 27W WARD      951020 1800 250N 1350E -99 -99 0950 1010 0140 41 014 -999 -999 -999 -999 -999 -999
IBTr 27W WARD      951021 0000 258N 1357E -99 -99 0960 1010 0140 38 014 -999 -999 -999 -999 -999 -999
IBTr 27W WARD      951021 0600 265N 1368E -99 -99 0965 1010 0140 36 014 -999 -999 -999 -999 -999 -999
IBTr 27W WARD      951021 1200 274N 1380E -99 -99 0970 1010 0140 33 014 -999 -999 -999 -999 -999 -999
IBTr 27W WARD      951021 1800 285N 1393E -99 -99 0975 1010 0130 30 013 -999 -999 -999 -999 -999 -999
IBTr 27W WARD      951022 0000 296N 1409E -99 -99 0980 1010 0130 28 013 -999 -999 -999 -999 -999 -999
IBTr 27W WARD      951022 0600 307N 1438E -99 -99 0985 1010 0130 25 013 -999 -999 -999 -999 -999 -999
IBTr 27W WARD      951022 1200 315N 1474E -99 -99 0992 1010 0120 25 012 -999 -999 -999 -999 -999 -999
IBTr 27W WARD      951022 1800 324N 1513E -99 -99 0996 1010 0110 23 011 -999 -999 -999 -999 -999 -999
IBTr 27W WARD      951023 0000 330N 1555E -99 -99 0992 1010 0120 23 012 -999 -999 -999 -999 -999 -999
IBTr 27W WARD      951023 0600 340N 1604E -99 -99 0992 1010 0120 25 012 -999 -999 -999 -999 -999 -999
IBTr 27W WARD      951023 1200 354N 1656E -99 -99 0990 1010 0120 25 012 -999 -999 -999 -999 -999 -999
IBTr 27W WARD      951023 1800 385N 1725E -99 -99 0990 1010 0120 -9 012 -999 -999 -999 -999 -999 -999
IBTr 27W WARD      951024 0000 400N 1760E -99 -99 0988 1010 0130 -9 013 -999 -999 -999 -999 -999 -999
