IBTr 30W ZACK      951021 0000 48N  1632E -99 -99 -999 1010 0000 07 000 -999 -999 -999 -999 -999 -999
IBTr 30W ZACK      951021 0600 50N  1616E -99 -99 -999 1010 0000 07 000 -999 -999 -999 -999 -999 -999
IBTr 30W ZACK      951021 1200 52N  1600E -99 -99 -999 1010 0000 07 000 -999 -999 -999 -999 -999 -999
IBTr 30W ZACK      951021 1800 55N  1580E -99 -99 -999 1010 0000 07 000 -999 -999 -999 -999 -999 -999
IBTr 30W ZACK      951022 0000 57N  1560E -99 -99 -999 1010 0000 07 000 -999 -999 -999 -999 -999 -999
IBTr 30W ZACK      951022 0600 59N  1540E -99 -99 -999 1010 0000 07 000 -999 -999 -999 -999 -999 -999
IBTr 30W ZACK      951022 1200 61N  1520E -99 -99 -999 1010 0000 10 000 -999 -999 -999 -999 -999 -999
IBTr 30W ZACK      951022 1800 64N  1500E -99 -99 -999 1010 0000 10 000 -999 -999 -999 -999 -999 -999
IBTr 30W ZACK      951023 0000 68N  1481E -99 -99 -999 1010 0000 10 000 -999 -999 -999 -999 -999 -999
IBTr 30W ZACK      951023 0600 65N  1466E -99 -99 -999 1010 0000 10 000 -999 -999 -999 -999 -999 -999
IBTr 30W ZACK      951023 1200 62N  1451E -99 -99 -999 1010 0000 12 000 -999 -999 -999 -999 -999 -999
IBTr 30W ZACK      951023 1800 60N  1436E -99 -99 -999 1010 0000 12 000 -999 -999 -999 -999 -999 -999
IBTr 30W ZACK      951024 0000 62N  1422E -99 -99 -999 1010 0000 12 000 -999 -999 -999 -999 -999 -999
IBTr 30W ZACK      951024 0600 63N  1411E -99 -99 -999 1010 0000 12 000 -999 -999 -999 -999 -999 -999
IBTr 30W ZACK      951024 1200 66N  1401E -99 -99 -999 1010 0000 12 000 -999 -999 -999 -999 -999 -999
IBTr 30W ZACK      951024 1800 69N  1391E -99 -99 -999 1010 0000 12 000 -999 -999 -999 -999 -999 -999
IBTr 30W ZACK      951025 0000 73N  1379E -99 -99 1008 1010 0080 12 008 -999 -999 -999 -999 -999 -999
IBTr 30W ZACK      951025 0600 76N  1370E -99 -99 1006 1010 0090 15 009 -999 -999 -999 -999 -999 -999
IBTr 30W ZACK      951025 1200 79N  1362E -99 -99 1006 1010 0090 15 009 -999 -999 -999 -999 -999 -999
IBTr 30W ZACK      951025 1800 81N  1353E -99 -99 1004 1010 0090 15 009 -999 -999 -999 -999 -999 -999
IBTr 30W ZACK      951026 0000 82N  1343E -99 -99 1006 1010 0090 15 009 -999 -999 -999 -999 -999 -999
IBTr 30W ZACK      951026 0600 84N  1336E -99 -99 1004 1010 0090 18 009 -999 -999 -999 -999 -999 -999
IBTr 30W ZACK      951026 1200 87N  1329E -99 -99 1002 1010 0090 18 009 -999 -999 -999 -999 -999 -999
IBTr 30W ZACK      951026 1800 91N  1320E -99 -99 1000 1010 0090 18 009 -999 -999 -999 -999 -999 -999
IBTr 30W ZACK      951027 0000 97N  1310E -99 -99 0996 1010 0100 18 010 -999 -999 -999 -999 -999 -999
IBTr 30W ZACK      951027 0600 101N 1297E -99 -99 0992 1010 0110 23 011 -999 -999 -999 -999 -999 -999
IBTr 30W ZACK      951027 1200 102N 1283E -99 -99 0990 1010 0110 25 011 -999 -999 -999 -999 -999 -999
IBTr 30W ZACK      951027 1800 103N 1269E -99 -99 0985 1010 0120 28 012 -999 -999 -999 -999 -999 -999
IBTr 30W ZACK      951028 0000 105N 1256E -99 -99 0985 1010 0120 28 012 -999 -999 -999 -999 -999 -999
IBTr 30W ZACK      951028 0600 107N 1242E -99 -99 0985 1010 0120 28 012 -999 -999 -999 -999 -999 -999
IBTr 30W ZACK      951028 1200 108N 1229E -99 -99 0990 1010 0110 25 011 -999 -999 -999 -999 -999 -999
IBTr 30W ZACK      951028 1800 110N 1217E -99 -99 0985 1010 0120 28 012 -999 -999 -999 -999 -999 -999
IBTr 30W ZACK      951029 0000 112N 1204E -99 -99 0985 1010 0120 28 012 -999 -999 -999 -999 -999 -999
IBTr 30W ZACK      951029 0600 114N 1192E -99 -99 0980 1010 0120 30 012 -999 -999 -999 -999 -999 -999
IBTr 30W ZACK      951029 1200 115N 1181E -99 -99 0975 1010 0130 33 013 -999 -999 -999 -999 -999 -999
IBTr 30W ZACK      951029 1800 119N 1170E -99 -99 0975 1010 0130 33 013 -999 -999 -999 -999 -999 -999
IBTr 30W ZACK      951030 0000 124N 1161E -99 -99 0970 1010 0130 36 013 -999 -999 -999 -999 -999 -999
IBTr 30W ZACK      951030 0600 131N 1154E -99 -99 0965 1010 0130 38 013 -999 -999 -999 -999 -999 -999
IBTr 30W ZACK      951030 1200 138N 1148E -99 -99 0960 1010 0130 41 013 -999 -999 -999 -999 -999 -999
IBTr 30W ZACK      951030 1800 144N 1140E -99 -99 0955 1010 0130 43 013 -999 -999 -999 -999 -999 -999
IBTr 30W ZACK      951031 0000 146N 1131E -99 -99 0955 1010 0130 43 013 -999 -999 -999 -999 -999 -999
IBTr 30W ZACK      951031 0600 147N 1123E -99 -99 0950 1010 0130 46 013 -999 -999 -999 -999 -999 -999
IBTr 30W ZACK      951031 1200 147N 1116E -99 -99 0950 1010 0130 46 013 -999 -999 -999 -999 -999 -999
IBTr 30W ZACK      951031 1800 147N 1106E -99 -99 0955 1010 0130 43 013 -999 -999 -999 -999 -999 -999
IBTr 30W ZACK      951101 0000 148N 1096E -99 -99 0960 1010 0130 41 013 -999 -999 -999 -999 -999 -999
IBTr 30W ZACK      951101 0600 147N 1084E -99 -99 0985 1010 0120 25 012 -999 -999 -999 -999 -999 -999
IBTr 30W ZACK      951101 1200 145N 1069E -99 -99 0996 1010 0100 18 010 -999 -999 -999 -999 -999 -999
IBTr 30W ZACK      951101 1800 144N 1055E -99 -99 1002 1010 0090 15 009 -999 -999 -999 -999 -999 -999
IBTr 30W ZACK      951102 0000 144N 1042E -99 -99 1004 1010 0090 12 009 -999 -999 -999 -999 -999 -999
IBTr 30W ZACK      951102 0600 145N 1022E -99 -99 -999 1010 0000 07 000 -999 -999 -999 -999 -999 -999
