IBTr 31W BRIAN     951029 0000 165N 1742E -99 -99 -999 1010 0000 07 000 -999 -999 -999 -999 -999 -999
IBTr 31W BRIAN     951029 0600 164N 1731E -99 -99 -999 1010 0000 10 000 -999 -999 -999 -999 -999 -999
IBTr 31W BRIAN     951029 1200 163N 1721E -99 -99 -999 1010 0000 10 000 -999 -999 -999 -999 -999 -999
IBTr 31W BRIAN     951029 1800 161N 1711E -99 -99 -999 1010 0000 10 000 -999 -999 -999 -999 -999 -999
IBTr 31W BRIAN     951030 0000 160N 1701E -99 -99 -999 1010 0000 10 000 -999 -999 -999 -999 -999 -999
IBTr 31W BRIAN     951030 0600 160N 1690E -99 -99 -999 1010 0000 10 000 -999 -999 -999 -999 -999 -999
IBTr 31W BRIAN     951030 1200 160N 1672E -99 -99 -999 1010 0000 12 000 -999 -999 -999 -999 -999 -999
IBTr 31W BRIAN     951030 1800 161N 1651E -99 -99 -999 1010 0000 12 000 -999 -999 -999 -999 -999 -999
IBTr 31W BRIAN     951031 0000 161N 1633E -99 -99 1010 1010 0080 12 008 -999 -999 -999 -999 -999 -999
IBTr 31W BRIAN     951031 0600 163N 1617E -99 -99 1008 1010 0080 12 008 -999 -999 -999 -999 -999 -999
IBTr 31W BRIAN     951031 1200 169N 1603E -99 -99 1008 1010 0090 12 009 -999 -999 -999 -999 -999 -999
IBTr 31W BRIAN     951031 1800 180N 1589E -99 -99 1008 1010 0090 12 009 -999 -999 -999 -999 -999 -999
IBTr 31W BRIAN     951101 0000 189N 1572E -99 -99 1008 1010 0090 15 009 -999 -999 -999 -999 -999 -999
IBTr 31W BRIAN     951101 0600 196N 1555E -99 -99 1008 1010 0090 15 009 -999 -999 -999 -999 -999 -999
IBTr 31W BRIAN     951101 1200 204N 1537E -99 -99 1008 1010 0090 15 009 -999 -999 -999 -999 -999 -999
IBTr 31W BRIAN     951101 1800 215N 1523E -99 -99 1004 1010 0090 18 009 -999 -999 -999 -999 -999 -999
IBTr 31W BRIAN     951102 0000 229N 1513E -99 -99 1002 1010 0100 20 010 -999 -999 -999 -999 -999 -999
IBTr 31W BRIAN     951102 0600 243N 1511E -99 -99 1000 1010 0100 18 010 -999 -999 -999 -999 -999 -999
IBTr 31W BRIAN     951102 1200 257N 1518E -99 -99 1000 1010 0100 18 010 -999 -999 -999 -999 -999 -999
IBTr 31W BRIAN     951102 1800 271N 1532E -99 -99 0998 1010 0110 20 011 -999 -999 -999 -999 -999 -999
IBTr 31W BRIAN     951103 0000 287N 1552E -99 -99 0998 1010 0110 20 011 -999 -999 -999 -999 -999 -999
IBTr 31W BRIAN     951103 0600 299N 1576E -99 -99 1000 1010 0100 18 010 -999 -999 -999 -999 -999 -999
IBTr 31W BRIAN     951103 1200 310N 1604E -99 -99 1000 1010 0100 18 010 -999 -999 -999 -999 -999 -999
IBTr 31W BRIAN     951103 1800 322N 1628E -99 -99 1002 1010 0100 18 010 -999 -999 -999 -999 -999 -999
IBTr 31W BRIAN     951104 0000 334N 1651E -99 -99 1004 1010 0100 18 010 -999 -999 -999 -999 -999 -999
IBTr 31W BRIAN     951104 0600 351N 1672E -99 -99 1004 1010 0100 18 010 -999 -999 -999 -999 -999 -999
IBTr 31W BRIAN     951104 1200 375N 1695E -99 -99 1004 1010 0100 18 010 -999 -999 -999 -999 -999 -999
IBTr 31W BRIAN     951104 1800 405N 1722E -99 -99 1004 1010 0100 18 010 -999 -999 -999 -999 -999 -999
IBTr 31W BRIAN     951105 0000 440N 1750E -99 -99 1004 1010 0100 -9 010 -999 -999 -999 -999 -999 -999
IBTr 31W BRIAN     951105 0600 460N 1780E -99 -99 1002 1010 0110 -9 011 -999 -999 -999 -999 -999 -999
