NHC  01C ONE       130816 1200 100N 1730W 295 057 1005 1009 0334 18 074 0074 -999 -999 00749 -999 -999 -999
NHC  01C PEWA      130816 1800 096N 1740W 285 051 1005 1009 0334 18 074 0074 -999 -999 00749 -999 -999 -999
NHC  01C PEWA      130817 0000 099N 1749W 285 051 1004 1009 0334 23 074 0074 -999 -999 00749 -999 -999 -999
NHC  01C PEWA      130817 0600 104N 1757W 290 057 1002 1010 0259 23 046 0074 0065 -999 00749 -999 -999 -999
NHC  01C PEWA      130817 1200 105N 1768W 285 051 1001 1008 0232 26 028 0083 0065 0037 00747 0037 -999 -999
NHC  01C PEWA      130817 1800 114N 1780W 295 057 1000 1008 0232 28 037 0093 0074 0037 00747 0037 -999 -999
NHC  01C PEWA      130818 0000 115N 1790W 290 062 1000 1008 0232 28 037 0093 0074 0037 00747 0037 -999 -999
JTWC 01C PEWA      130818 0600 120N 1799E 295 062 1000 1008 0278 28 037 0093 0074 0065 0083
JTWC 01C PEWA      130818 1200 125N 1792E 300 057 1000 1008 0278 26 046 0093 0074 0065 0083
JTWC 01C PEWA      130818 1800 129N 1788E 305 046 1000 1006 0278 28 019 0083 0074 0102 0120
JTWC 01C PEWA      130819 0000 133N 1784E 310 036 1000 1008 0232 31 028 0102 0083 0093 0120
JTWC 01C PEWA      130819 0600 139N 1779E 315 036 1000 1008 0259 33 028 0120 0111 0111 0120
JTWC 01C PEWA      130819 1200 146N 1773E 320 041 1000 1008 0259 33 028 0120 0111 0111 0120
JTWC 01C PEWA      130819 1800 150N 1765E 315 041 1000 1009 0278 31 037 0130 0120 0120 0130
JTWC 01C PEWA      130820 0000 153N 1756E 300 041 1000 1008 0306 28 046 0130 0111 0102 0120
JTWC 01C PEWA      130820 0600 161N 1748E 305 046 1000 1008 0296 23 046 0111 0093 0083 0102
JTWC 01C PEWA      130820 1200 171N 1739E 315 057 1000 1008 0315 26 046 0120 0102 0093 0111
JTWC 01C PEWA      130820 1800 183N 1730E 320 067 0996 1008 0315 23 046 0120 0102 0093 0111
JTWC 01C PEWA      130821 0000 186N 1718E 310 067 0996 1008 0315 23 046 0120 0102 0093 0111
JTWC 01C PEWA      130821 0600 194N 1712E 310 057 0996 1008 0287 18 046 -999 -999 -999 -999
JTWC 01C PEWA      130821 1200 205N 1707E 320 057 0996 1008 0287 18 046 -999 -999 -999 -999
JTWC 01C PEWA      130821 1800 209N 1700E 325 051 0996 1009 0287 18 046 -999 -999 -999 -999
JTWC 01C PEWA      130822 0000 220N 1698E 335 051 0996 1010 0287 18 046 0120 0102 0093 0111
JTWC 01C PEWA      130822 0600 231N 1695E 335 046 0996 1010 0296 18 056 -999 -999 -999 -999
JTWC 01C PEWA      130822 1200 243N 1691E 345 057 0996 1010 0296 18 056 -999 -999 -999 -999
JTWC 01C PEWA      130822 1800 255N 1690E 350 062 0996 1009 0296 18 056 -999 -999 -999 -999
JTWC 01C PEWA      130823 0000 267N 1683E 345 067 0996 1009 0278 18 056 -999 -999 -999 -999
JTWC 01C PEWA      130823 0600 264N 1683E 340 036 0996 1008 0296 15 074 -999 -999 -999 -999
JTWC 01C PEWA      130823 1200 267N 1686E 345 021 0996 1009 0315 15 074 -999 -999 -999 -999
JTWC 01C PEWA      130823 1800 271N 1684E 350 015 0996 1009 0315 15 074 -999 -999 -999 -999
JTWC 01C PEWA      130824 0000 276N 1693E  25 026 0996 1008 0324 15 074 -999 -999 -999 -999
JTWC 01C PEWA      130824 0600 278N 1689E  15 015 0996 1008 0352 15 083 -999 -999 -999 -999
JTWC 01C PEWA      130824 1200 281N 1681E 320 021 0996 1008 0352 15 083 -999 -999 -999 -999
JTWC 01C PEWA      130824 1800 282N 1676E 290 026 0996 1008 0352 15 083 -999 -999 -999 -999
JTWC 01C PEWA      130825 0000 285N 1667E 290 031 0996 1008 0352 13 083 -999 -999 -999 -999
JTWC 01C PEWA      130825 0600 286N 1661E 285 031 0996 1008 0352 13 083 -999 -999 -999 -999
