JTWC 02W TWO       130219 0600 066N 1232E 290 093 1004 1005 0333 13 074 -999 -999 -999 -999
JTWC 02W TWO       130219 1200 065N 1229E 290 072 1004 1005 0315 13 074 -999 -999 -999 -999
JTWC 02W TWO       130219 1800 074N 1220E 300 062 1004 1006 0315 13 074 -999 -999 -999 -999
JTWC 02W TWO       130220 0000 069N 1214E 285 047 1004 1006 0315 13 074 -999 -999 -999 -999
JTWC 02W TWO       130220 0600 074N 1207E 290 042 1004 1005 0315 13 037 -999 -999 -999 -999
JTWC 02W TWO       130220 1200 078N 1199E 295 042 1004 1005 0315 13 074 -999 -999 -999 -999
JTWC 02W TWO       130220 1800 080N 1190E 295 047 1004 1005 0315 13 074 -999 -999 -999 -999
JTWC 02W TWO       130221 0000 079N 1182E 280 042 1004 1005 0315 13 074 -999 -999 -999 -999
JTWC 02W TWO       130221 0600 073N 1128E 265 113 1004 1005 0315 13 074 -999 -999 -999 -999
JTWC 02W TWO       130221 1200 068N 1105E 260 118 1004 1005 0315 13 074 -999 -999 -999 -999
JTWC 02W SHANSHAN  130223 0000 035N 1100E 170 026 1005 1007 0333 10 083 -999 -999 -999 -999
JTWC 02W SHANSHAN  130223 0600 035N 1095E 195 026 1007 1008 0333 10 074 -999 -999 -999 -999
JTWC 02W SHANSHAN  130223 1200 041N 1088E 265 021 1007 1008 0333 10 074 -999 -999 -999 -999
