JTWC 03S THREE     131216 1800 158S 0721E 245 047 0996 1007 0407 18 074 -999 -999 -999 -999
JTWC 03S AMARA     131217 0000 158S 0719E 250 037 0996 1006 0444 18 064 -999 -999 -999 -999
JTWC 03S AMARA     131217 0600 156S 0722E 275 016 0996 1006 0444 18 064 -999 -999 -999 -999
JTWC 03S AMARA     131217 1200 159S 0719E 260 016 0989 1005 0084 23 037 0037 0037 0056 0056
JTWC 03S AMARA     131217 1800 161S 0714E 255 016 0985 1005 0352 26 046 0074 0074 0074 0074
JTWC 03S AMARA     131218 0000 162S 0710E 255 021 0978 1004 0370 31 027 0111 0111 0111 0111
JTWC 03S AMARA     131218 0600 160S 0708E 270 016 0963 1004 0370 41 027 0111 0111 0111 0111
JTWC 03S AMARA     131218 1200 163S 0705E 250 016 0956 1003 0407 46 027 0139 0148 0148 0139
JTWC 03S AMARA     131218 1800 168S 0699E 235 026 0948 1004 0389 51 027 0139 0148 0148 0139
JTWC 03S AMARA     131219 0000 170S 0692E 240 032 0937 1004 0407 59 027 0167 0195 0195 0167
JTWC 03S AMARA     131219 0600 174S 0683E 245 037 0944 1005 0380 54 031 0167 0278 0241 0185
JTWC 03S AMARA     131219 1200 177S 0675E 250 042 0944 1005 0380 54 027 0185 0204 0167 0167
JTWC 03S AMARA     131219 1800 180S 0666E 250 047 0944 1006 0389 54 022 0185 0204 0167 0167
JTWC 03S AMARA     131220 0000 183S 0659E 245 042 0937 1005 0370 59 022 0185 0204 0167 0167
JTWC 03S AMARA     131220 0600 183S 0653E 255 037 0937 1005 0333 59 037 0167 0204 0204 0167
JTWC 03S AMARA     131220 1200 187S 0647E 245 032 0941 1005 0352 56 031 0167 0204 0204 0167
JTWC 03S AMARA     131220 1800 191S 0643E 235 032 0937 1005 0315 59 031 0167 0204 0204 0167
JTWC 03S AMARA     131221 0000 196S 0641E 220 032 0933 1005 0315 61 027 0167 0204 0204 0167
JTWC 03S AMARA     131221 0600 201S 0642E 200 026 0926 1005 0333 66 037 0222 0222 0204 0204
JTWC 03S AMARA     131221 1800 212S 0656E 140 037 0933 1005 0333 61 027 0241 0222 0222 0241
JTWC 03S AMARA     131222 0000 218S 0663E 130 047 0941 1005 0352 56 037 0222 0204 0204 0222
JTWC 03S AMARA     131222 0600 221S 0668E 130 042 0956 1005 0370 46 037 0222 0204 0204 0222
JTWC 03S AMARA     131222 1200 225S 0674E 130 037 0970 1005 0370 36 037 0222 0204 0204 0222
JTWC 03S AMARA     131222 1800 228S 0680E 125 032 0978 1004 0352 31 037 0185 0167 0167 0185
JTWC 03S AMARA     131223 0000 229S 0679E 130 021 0985 1003 0315 26 064 0167 0167 0167 0167
JTWC 03S AMARA     131223 0600 229S 0682E 120 016 0993 1005 0352 20 083 0167 0167 0167 0167
JTWC 03S AMARA     131223 1200 228S 0687E 095 016 0993 1005 0352 20 092 0111 0111 0111 0111
JTWC 03S AMARA     131223 1800 222S 0694E 065 026 1000 1005 0352 15 092 -999 -999 -999 -999
JTWC 03S AMARA     131228 0600 223S 0599E 255 042 1004 1005 0315 13 092 -999 -999 -999 -999
JTWC 03S AMARA     131228 1200 227S 0588E 255 052 1004 1005 0315 10 092 -999 -999 -999 -999
