NHC  04L FOUR      130724 0600 136N 0272W 285 088 1008 1012 0278 15 074 -999 -999 -999 -999 -999 -999
NHC  04L DORIAN    130724 1200 140N 0290W 285 093 1006 1012 0278 18 037 0056 -999 -999 00569 -999 -999 -999
NHC  04L DORIAN    130724 1800 144N 0306W 285 082 1002 1012 0222 23 037 0074 0056 -999 00569 -999 -999 -999
NHC  04L DORIAN    130725 0000 149N 0324W 285 088 1000 1014 0222 26 037 0074 0056 -999 00567 -999 -999 -999
NHC  04L DORIAN    130725 0600 154N 0337W 290 077 0999 1014 0222 26 019 0093 0074 -999 00747 -999 -999 -999
NHC  04L DORIAN    130725 1200 157N 0352W 285 072 0999 1014 0222 26 019 0093 0074 -999 00747 -999 -999 -999
NHC  04L DORIAN    130725 1800 164N 0370W 290 082 1002 1014 0222 23 028 0093 0074 0037 00749 -999 -999 -999
NHC  04L DORIAN    130726 0000 164N 0387W 285 088 0999 1016 0222 26 037 0093 0074 0037 00747 -999 -999 -999
NHC  04L DORIAN    130726 0600 169N 0405W 285 088 1001 1016 0222 23 037 0093 0074 -999 00749 -999 -999 -999
NHC  04L DORIAN    130726 1200 175N 0424W 285 093 1006 1016 0222 23 037 0093 0074 -999 00749 -999 -999 -999
NHC  04L DORIAN    130726 1800 176N 0448W 280 098 1010 1016 0222 21 037 0111 0056 -999 01119 -999 -999 -999
NHC  04L DORIAN    130727 0000 178N 0471W 280 108 1010 1016 0222 18 037 0111 0056 -999 01119 -999 -999 -999
NHC  04L DORIAN    130727 0600 180N 0490W 275 098 1011 1016 0222 18 037 0093 -999 -999 00939 -999 -999 -999
NHC  04L DORIAN    130727 1200 183N 0511W 280 103 1011 1016 0222 18 037 0093 -999 -999 00939 -999 -999 -999
NHC  04L DORIAN    130727 1800 187N 0536W 280 108 1011 1016 0167 18 074 0111 -999 -999 01119 -999 -999 -999
NHC  04L DORIAN    130803 0600 283N 0795W 005 021 1013 1017 0185 15 093 -999 -999 -999 -999 -999 -999
NHC  04L DORIAN    130803 1200 301N 0788W 015 046 1013 1017 0185 15 093 -999 -999 -999 -999 -999 -999
NHC  04L DORIAN    130803 1800 312N 0782W 020 062 1013 1017 0185 13 093 -999 -999 -999 -999 -999 -999
NHC  04L DORIAN    130804 0600 328N 0754W 045 082 1011 1017 0185 15 093 -999 -999 -999 -999 -999 -999
