JTWC 04S FOUR      131217 1800 096S 0968E 215 026 0996 1004 0407 18 064 -999 -999 -999 -999
JTWC 04S FOUR      131218 0000 103S 0962E 220 032 0989 1004 0426 23 037 0074 0093 0093 0074
JTWC 04S BRUCE     131218 0600 109S 0955E 225 042 0985 1004 0407 26 046 0084 0093 0093 0084
JTWC 04S BRUCE     131218 1200 113S 0945E 235 047 0985 1004 0398 26 046 0084 0093 0093 0084
JTWC 04S BRUCE     131218 1800 116S 0941E 240 042 0978 1004 0417 31 046 0084 0093 0093 0084
JTWC 04S BRUCE     131219 0000 119S 0929E 250 047 0974 1004 0417 33 046 0148 0167 0167 0167
JTWC 04S BRUCE     131219 0600 122S 0921E 250 042 0970 1004 0389 36 046 0167 0296 0296 0167
JTWC 04S BRUCE     131219 1200 126S 0912E 250 047 0956 1004 0389 46 027 0204 0278 0278 0204
JTWC 04S BRUCE     131219 1800 131S 0904E 245 047 0948 1005 0389 51 022 0222 0287 0287 0222
JTWC 04S BRUCE     131220 0000 133S 0897E 245 047 0941 1004 0380 56 031 0222 0287 0287 0222
JTWC 04S BRUCE     131220 0600 136S 0884E 250 052 0929 1004 0389 64 027 0185 0259 0259 0185
JTWC 04S BRUCE     131220 1200 138S 0875E 255 047 0929 1004 0389 64 031 0204 0296 0296 0204
JTWC 04S BRUCE     131220 1800 141S 0863E 255 057 0926 1006 0389 66 027 0241 0296 0296 0241
JTWC 04S BRUCE     131221 0000 145S 0850E 255 057 0922 1006 0389 69 027 0259 0278 0278 0259
JTWC 04S BRUCE     131221 0600 149S 0837E 255 062 0922 1006 0389 69 031 0259 0278 0278 0259
JTWC 04S BRUCE     131221 1200 156S 0823E 250 072 0922 1006 0389 69 027 0259 0278 0278 0259
JTWC 04S BRUCE     131221 1800 163S 0810E 245 072 0918 1006 0389 71 037 0259 0278 0278 0259
JTWC 04S BRUCE     131222 0000 169S 0800E 240 072 0918 1005 0370 71 037 0259 0278 0278 0259
JTWC 04S BRUCE     131222 0600 177S 0788E 235 067 0926 1005 0370 66 027 0259 0278 0278 0259
JTWC 04S BRUCE     131222 1200 190S 0781E 225 067 0941 1004 0370 56 031 0259 0278 0278 0259
JTWC 04S BRUCE     131222 1800 201S 0778E 215 067 0944 1005 0352 54 027 0241 0241 0232 0222
JTWC 04S BRUCE     131223 0000 216S 0777E 195 067 0944 1004 0333 54 031 0222 0222 0213 0204
JTWC 04S BRUCE     131223 0600 228S 0780E 180 067 0952 1005 0370 48 037 0222 0222 0213 0204
JTWC 04S BRUCE     131223 1200 245S 0783E 175 077 0963 1005 0370 41 046 0222 0222 0213 0204
JTWC 04S BRUCE     131223 1800 264S 0785E 170 083 0967 1005 0370 38 046 0222 0222 0213 0204
JTWC 04S BRUCE     131224 0000 284S 0792E 170 098 0974 1005 0361 33 046 0222 0222 0213 0204
JTWC 04S BRUCE     131224 0600 302S 0810E 155 098 0989 1008 0389 23 074 0222 0222 0204 0213
JTWC 04S BRUCE     131224 1200 316S 0835E 140 113 0993 1009 0407 20 111 0222 0222 0204 0213
