JTWC 04W FOUR      130617 1800 155N 1266E 350 042 0999 1001 0370 13 092 -999 -999 -999 -999
JTWC 04W FOUR      130618 0000 170N 1265E 355 057 0998 1001 0389 15 111 -999 -999 -999 -999
JTWC 04W LEEPI     130618 0600 184N 1263E 000 062 0996 1001 0407 18 111 -999 -999 -999 -999
JTWC 04W LEEPI     130618 1200 195N 1263E 355 067 0996 1001 0407 18 111 -999 -999 -999 -999
JTWC 04W LEEPI     130618 1800 198N 1265E 000 047 0996 1000 0389 18 111 -999 -999 -999 -999
JTWC 04W LEEPI     130619 0000 214N 1256E 350 062 0996 1000 0352 18 111 -999 -999 -999 -999
JTWC 04W LEEPI     130619 0600 226N 1253E 345 062 0996 1000 0370 18 111 -999 -999 -999 -999
JTWC 04W LEEPI     130619 1200 237N 1253E 350 057 0996 1000 0370 18 111 -999 -999 -999 -999
JTWC 04W LEEPI     130619 1800 247N 1252E 355 057 0996 1000 0370 18 111 -999 -999 -999 -999
JTWC 04W LEEPI     130620 0000 270N 1254E 000 072 0997 1001 0370 15 074 -999 -999 -999 -999
JTWC 04W LEEPI     130620 0600 286N 1255E 000 077 1000 1002 0370 15 074 -999 -999 -999 -999
JTWC 04W LEEPI     130620 1200 297N 1259E 010 072 0996 1002 0333 18 074 -999 -999 -999 -999
JTWC 04W LEEPI     130620 1800 311N 1262E 010 072 1002 1005 0333 13 074 -999 -999 -999 -999
JTWC 04W LEEPI     130621 0000 318N 1275E 030 067 1003 1005 0333 13 074 -999 -999 -999 -999
JTWC 04W LEEPI     130621 0600 326N 1295E 050 077 1002 1005 0296 10 074 -999 -999 -999 -999
