JTWC 05B FIVE      131123 0600 081N 0971E 315 042 1000 1008 0333 15 074 -999 -999 -999 -999
JTWC 05B FIVE      131123 1200 087N 0966E 320 047 0996 1008 0352 18 074 -999 -999 -999 -999
JTWC 05B FIVE      131123 1800 095N 0955E 315 052 0996 1007 0315 18 064 -999 -999 -999 -999
JTWC 05B FIVE      131124 0000 098N 0952E 310 047 0996 1007 0315 18 064 -999 -999 -999 -999
JTWC 05B FIVE      131124 0600 103N 0943E 305 047 0989 1007 0333 23 064 -999 -999 0065 0065
JTWC 05B LEHAR     131124 1200 109N 0933E 305 052 0982 1007 0352 28 046 0084 0084 0093 0093
JTWC 05B LEHAR     131124 1800 117N 0929E 305 047 0982 1008 0370 28 027 0130 0102 0102 0130
JTWC 05B LEHAR     131125 0000 121N 0919E 300 047 0978 1008 0370 31 027 0130 0102 0102 0130
JTWC 05B LEHAR     131125 0600 123N 0913E 295 042 0974 1008 0389 33 027 0139 0111 0111 0139
JTWC 05B LEHAR     131125 1200 126N 0906E 295 042 0974 1008 0389 33 027 0139 0111 0111 0139
JTWC 05B LEHAR     131125 1800 122N 0911E 285 026 0970 1007 0389 36 027 0148 0139 0148 0158
JTWC 05B LEHAR     131126 0000 123N 0908E 285 021 0967 1005 0278 38 027 0167 0158 0185 0176
JTWC 05B LEHAR     131126 0600 127N 0895E 285 037 0967 1005 0278 38 027 0167 0158 0185 0176
JTWC 05B LEHAR     131126 1200 129N 0886E 285 047 0967 1005 0278 38 027 0167 0158 0185 0176
JTWC 05B LEHAR     131126 1800 132N 0881E 290 047 0975 1007 0315 36 027 0158 0148 0139 0148
JTWC 05B LEHAR     131127 0000 136N 0872E 290 047 0970 1007 0291 36 027 0195 0176 0185 0195
JTWC 05B LEHAR     131127 0600 141N 0861E 295 052 0974 1007 0291 33 027 0195 0176 0185 0195
JTWC 05B LEHAR     131127 1200 148N 0847E 295 062 0982 1007 0291 28 027 0195 0176 0185 0195
JTWC 05B LEHAR     131127 1800 143N 0838E 280 057 0989 1007 0296 23 055 0111 0093 0093 0111
JTWC 05B LEHAR     131128 0000 148N 0827E 285 062 0993 1007 0296 20 055 0111 0093 0093 0111
JTWC 05B LEHAR     131128 0600 150N 0819E 290 057 0996 1009 0296 18 064 0065 -999 -999 0065
JTWC 05B LEHAR     131128 1200 154N 0811E 290 052 1000 1010 0296 15 074 -999 -999 -999 -999
JTWC 05B LEHAR     131128 1800 155N 0800E 285 052 1004 1008 0296 13 074 -999 -999 -999 -999
