NHC  05E FIVE      130704 1200 132N 0982W 305 046 1006 1009 0278 15 148 -999 -999 -999 -999 -999 -999
NHC  05E FIVE      130704 1800 139N 0988W 310 051 1006 1009 0278 15 148 -999 -999 -999 -999 -999 -999
NHC  05E ERICK     130705 0000 146N 0996W 310 051 1004 1009 0278 18 074 0074 -999 -999 -999 -999 -999
NHC  05E ERICK     130705 0600 149N 1008W 300 057 1004 1009 0278 21 074 0148 0074 -999 00749 -999 -999 -999
NHC  05E ERICK     130705 1200 155N 1016W 300 051 0998 1008 0278 26 056 0148 0093 0056 00936 -999 -999 -999
NHC  05E ERICK     130705 1800 160N 1025W 300 051 0996 1008 0278 28 056 0167 0111 0074 01114 -999 -999 0056
NHC  05E ERICK     130706 0000 165N 1033W 300 051 0991 1008 0278 31 046 0111 0111 0074 01116 0056 -999 0056
NHC  05E ERICK     130706 0600 169N 1032W 315 036 0991 1008 0269 31 037 0167 0111 0074 01116 0056 -999 0056
NHC  05E ERICK     130706 1200 175N 1042W 310 041 0987 1007 0241 33 028 0167 0111 0074 01116 0056 0037 0056
NHC  05E ERICK     130706 1800 178N 1047W 305 041 0984 1007 0241 36 028 0167 0111 0074 01116 0056 0037 0056
NHC  05E ERICK     130707 0000 184N 1054W 305 041 0984 1006 0297 36 028 0130 0111 0074 01116 0056 0037 0056
NHC  05E ERICK     130707 0600 189N 1062W 305 046 0984 1006 0297 36 028 0111 0111 0074 01116 0056 0037 0056
NHC  05E ERICK     130707 1200 197N 1069W 310 046 0986 1006 0278 33 037 0111 0111 0074 01116 0056 0037 0056
NHC  05E ERICK     130707 1800 200N 1077W 300 046 0993 1006 0278 28 037 0111 0111 0074 01116 0056 0037 0056
NHC  05E ERICK     130708 0000 205N 1084W 300 041 0996 1006 0259 26 037 0111 0093 0074 00937 0037 -999 -999
NHC  05E ERICK     130708 0600 210N 1091W 305 041 0998 1006 0278 23 046 0093 0074 -999 00569 -999 -999 -999
NHC  05E ERICK     130708 1200 218N 1097W 310 041 1001 1007 0278 21 046 0093 0074 -999 -999 -999 -999
NHC  05E ERICK     130708 1800 223N 1105W 310 046 1001 1007 0278 21 046 0093 0074 -999 -999 -999 -999
NHC  05E ERICK     130709 0000 229N 1112W 310 046 1003 1007 0278 18 046 0093 0056 -999 -999 -999 -999
NHC  05E ERICK     130709 0600 236N 1120W 310 051 1006 1008 0278 15 046 -999 -999 -999 -999 -999 -999
NHC  05E ERICK     130709 1200 241N 1128W 305 046 1008 1010 0278 13 056 -999 -999 -999 -999 -999 -999
