JTWC 05S FIVE      131228 0600 156S 1207E 195 021 0996 1003 0389 18 083 -999 -999 -999 -999
JTWC 05S FIVE      131228 1200 162S 1206E 200 021 0996 1003 0389 18 083 -999 -999 -999 -999
JTWC 05S CHRISTINE 131228 1800 163S 1204E 215 021 0989 1002 0389 23 083 -999 0084 -999 -999
JTWC 05S CHRISTINE 131229 0000 168S 1201E 215 021 0985 1002 0370 26 092 0185 0222 0185 0111
JTWC 05S CHRISTINE 131229 1200 177S 1193E 220 026 0978 1002 0407 31 092 0241 0259 0222 0185
JTWC 05S CHRISTINE 131229 1800 184S 1192E 205 032 0974 1002 0407 33 074 0241 0259 0222 0185
JTWC 05S CHRISTINE 131230 0000 188S 1186E 210 037 0970 1002 0389 36 055 0241 0259 0222 0185
JTWC 05S CHRISTINE 131230 0600 196S 1184E 205 037 0970 1002 0389 36 055 0241 0259 0222 0185
JTWC 05S CHRISTINE 131230 1200 204S 1178E 210 042 0959 1002 0389 43 031 0241 0259 0222 0185
JTWC 05S CHRISTINE 131230 1800 211S 1171E 215 047 0967 1002 0389 38 027 0241 0259 0222 0185
JTWC 05S CHRISTINE 131231 0600 237S 1174E 185 057 0982 1001 0370 28 037 0185 0185 0167 0167
JTWC 05S CHRISTINE 131231 1200 250S 1187E 160 072 0985 1001 0333 26 037 0167 0167 0148 0148
