JTWC 05W FIVE      130620 1800 175N 1173E 345 037 1000 1002 0333 15 083 -999 -999 -999 -999
JTWC 05W FIVE      130621 0000 184N 1163E 325 052 1000 1002 0333 15 083 -999 -999 -999 -999
JTWC 05W BEBINCA   130621 0600 187N 1155E 315 052 0996 1001 0333 18 092 -999 -999 -999 -999
JTWC 05W BEBINCA   130621 1200 193N 1142E 300 057 0996 1002 0296 18 093 -999 -999 -999 -999
JTWC 05W BEBINCA   130621 1800 198N 1128E 295 062 0996 0999 0278 18 092 -999 -999 -999 -999
JTWC 05W BEBINCA   130622 0000 196N 1113E 285 067 0996 1000 0296 18 093 -999 -999 -999 -999
JTWC 05W BEBINCA   130622 0600 196N 1103E 275 062 1004 1005 0296 13 093 -999 -999 -999 -999
JTWC 05W BEBINCA   130622 1200 195N 1094E 270 057 1004 1005 0278 13 093 -999 -999 -999 -999
JTWC 05W BEBINCA   130622 1800 193N 1086E 265 047 0998 1001 0352 13 092 -999 -999 -999 -999
JTWC 05W BEBINCA   130623 0000 193N 1077E 265 042 0998 1000 0324 13 092 -999 -999 -999 -999
JTWC 05W BEBINCA   130623 0600 200N 1067E 280 047 1004 1005 0222 13 092 -999 -999 -999 -999
JTWC 05W BEBINCA   130623 1200 203N 1063E 295 042 1004 1005 0222 13 092 -999 -999 -999 -999
JTWC 05W BEBINCA   130623 1800 206N 1062E 320 032 1000 1002 0241 10 092 -999 -999 -999 -999
JTWC 05W BEBINCA   130624 0000 212N 1057E 320 026 1000 1003 0296 10 092 -999 -999 -999 -999
