JTWC 06S SIX       131229 1200 104S 0527E 125 021 0996 1009 0370 18 083 -999 -999 -999 -999
JTWC 06S SIX       131229 1800 104S 0527E 125 021 0993 1011 0370 20 083 0084 0084 0084 0084
JTWC 06S BEJISA    131230 0000 106S 0527E 155 006 0989 1009 0398 23 074 0093 0111 0074 0084
JTWC 06S BEJISA    131230 0600 112S 0529E 160 016 0978 1009 0417 31 046 0093 0111 0074 0084
JTWC 06S BEJISA    131230 1200 119S 0530E 170 026 0967 1009 0444 38 018 0148 0167 0130 0121
JTWC 06S BEJISA    131230 1800 123S 0528E 180 026 0956 1009 0389 46 018 0148 0167 0130 0121
JTWC 06S BEJISA    131231 0000 127S 0530E 175 026 0944 1008 0389 54 018 0204 0204 0176 0176
JTWC 06S BEJISA    131231 0600 133S 0534E 160 026 0944 1009 0352 54 018 0204 0204 0176 0176
JTWC 06S BEJISA    131231 1200 142S 0535E 165 037 0948 1008 0333 51 018 0204 0204 0176 0176
JTWC 06S BEJISA    131231 1800 152S 0535E 170 042 0952 1008 0370 48 037 0204 0204 0176 0176
