JTWC 06W SIX       130628 0600 097N 1284E 290 047 1004 1007 0333 13 083 -999 -999 -999 -999
JTWC 06W SIX       130628 1200 104N 1274E 295 052 1000 1007 0352 15 083 -999 -999 -999 -999
JTWC 06W SIX       130628 1800 114N 1264E 310 062 0996 1007 0352 18 083 -999 -999 -999 -999
JTWC 06W RUMBIA    130629 0000 120N 1254E 310 062 0996 1007 0352 18 083 -999 -999 -999 -999
JTWC 06W RUMBIA    130629 0600 125N 1243E 305 062 0993 1008 0343 21 074 0111 0111 0111 0111
JTWC 06W RUMBIA    130629 1200 133N 1231E 300 062 0993 1008 0343 21 074 0111 0111 0111 0111
JTWC 06W RUMBIA    130629 1800 142N 1213E 300 077 0993 1006 0333 21 074 -999 -999 0111 0111
JTWC 06W RUMBIA    130630 0000 147N 1199E 300 077 0993 1006 0315 21 074 -999 0093 0093 0074
JTWC 06W RUMBIA    130630 0600 156N 1185E 300 077 0993 1006 0306 21 074 0120 0102 0102 0120
JTWC 06W RUMBIA    130630 1200 167N 1171E 305 083 0989 1006 0306 23 065 -999 -999 -999 -999
JTWC 06W RUMBIA    130630 1800 176N 1154E 305 088 0989 1004 0324 23 065 -999 -999 -999 -999
JTWC 06W RUMBIA    130701 0000 184N 1139E 305 088 0989 1002 0315 23 065 0148 0111 0111 0111
JTWC 06W RUMBIA    130701 0600 192N 1125E 300 088 0974 1002 0306 33 019 0130 0111 0111 0130
JTWC 06W RUMBIA    130701 1200 198N 1114E 300 077 0974 1002 0306 33 028 0130 0111 0111 0130
JTWC 06W RUMBIA    130701 1800 205N 1107E 305 062 0978 1001 0296 31 046 0130 0120 0111 0111
JTWC 06W RUMBIA    130702 0000 214N 1100E 315 057 0985 1002 0259 26 065 -999 -999 -999 -999
JTWC 06W RUMBIA    130702 0600 224N 1093E 320 057 0993 1001 0222 21 065 0130 0120 0111 0111
JTWC 06W RUMBIA    130702 1200 240N 1082E 325 072 1000 1002 0222 10 065 -999 -999 -999 -999
