NHC  07L SEVEN     130904 1800 162N 0659W 295 036 1010 1012 0222 15 167 -999 -999 -999 -999 -999 -999
NHC  07L GABRIELLE 130905 0000 167N 0663W 325 031 1008 1010 0222 18 056 0074 -999 -999 -999 -999 -999
NHC  07L GABRIELLE 130905 0600 173N 0667W 315 036 1008 1010 0222 18 056 0074 -999 -999 -999 -999 -999
NHC  07L GABRIELLE 130905 1200 174N 0677W 305 041 1011 1013 0278 15 185 -999 -999 -999 -999 -999 -999
NHC  07L GABRIELLE 130905 1800 179N 0684W 305 041 1010 1012 0278 13 056 -999 -999 -999 -999 -999 -999
NHC  07L GABRIELLE 130906 0000 188N 0684W 330 036 1010 1012 0278 13 056 -999 -999 -999 -999 -999 -999
NHC  07L GABRIELLE 130906 0600 195N 0685W 340 036 1009 1012 0278 10 056 -999 -999 -999 -999 -999 -999
NHC  07L GABRIELLE 130906 1200 201N 0681W 010 036 1010 1012 0222 10 074 -999 -999 -999 -999 -999 -999
NHC  07L GABRIELLE 130906 1800 204N 0687W 355 031 1010 1011 0222 10 120 -999 -999 -999 -999 -999 -999
NHC  07L GABRIELLE 130907 0000 214N 0686W 355 031 1010 1011 0222 10 120 -999 -999 -999 -999 -999 -999
NHC  07L GABRIELLE 130907 0600 220N 0687W 355 036 1010 1011 0222 10 120 -999 -999 -999 -999 -999 -999
NHC  07L GABRIELLE 130907 1200 228N 0692W 350 041 1009 1012 0278 13 093 -999 -999 -999 -999 -999 -999
NHC  07L GABRIELLE 130907 1800 236N 0692W 355 041 1010 1013 0371 15 139 -999 -999 -999 -999 -999 -999
NHC  07L GABRIELLE 130908 0000 246N 0692W 350 046 1009 1012 0334 15 167 -999 -999 -999 -999 -999 -999
NHC  07L GABRIELLE 130908 0600 250N 0690W 010 026 1009 1012 0334 13 167 -999 -999 -999 -999 -999 -999
NHC  07L GABRIELLE 130910 0600 290N 0650W 360 072 1008 1015 0334 18 093 0111 0111 -999 -999 -999 -999
NHC  07L GABRIELLE 130910 1200 301N 0649W 005 057 1008 1016 0297 18 093 0111 0111 -999 -999 -999 -999
NHC  07L GABRIELLE 130910 1800 311N 0647W 005 051 1003 1018 0297 23 056 0130 0185 -999 01119 -999 -999 -999
NHC  07L GABRIELLE 130911 0000 319N 0649W 355 046 1004 1017 0185 26 037 0167 0185 0056 01117 0037 -999 0037
NHC  07L GABRIELLE 130911 0600 323N 0654W 335 036 1009 1017 0185 23 093 0185 0093 -999 01119 -999 -999 -999
NHC  07L GABRIELLE 130911 1200 325N 0657W 310 015 1009 1017 0204 21 074 0167 0093 -999 01119 -999 -999 -999
NHC  07L GABRIELLE 130911 1800 326N 0662W 305 021 1009 1017 0204 18 074 0167 0074 -999 00939 -999 -999 -999
NHC  07L GABRIELLE 130912 0000 330N 0668W 300 026 1009 1016 0204 18 074 0167 -999 -999 -999 -999 -999
NHC  07L GABRIELLE 130912 0600 332N 0674W 300 031 1010 1016 0241 15 074 -999 -999 -999 -999 -999 -999
NHC  07L GABRIELLE 130912 1200 336N 0676W 310 026 1008 1016 0241 15 074 -999 -999 -999 -999 -999 -999
NHC  07L GABRIELLE 130912 1800 340N 0679W 320 026 1008 1016 0241 18 074 0148 -999 -999 -999 -999 -999
NHC  07L GABRIELLE 130913 0000 347N 0681W 350 036 1008 1012 0241 18 074 0148 -999 -999 -999 -999 -999
NHC  07L GABRIELLE 130913 0600 359N 0677W 015 062 1007 1011 0222 15 093 -999 -999 -999 -999 -999 -999
NHC  07L GABRIELLE 130913 1200 377N 0671W 010 093 1007 1008 0222 15 111 -999 -999 -999 -999 -999 -999
NHC  07L GABRIELLE 130913 1800 404N 0649W 025 129 1006 1008 0222 15 111 -999 -999 -999 -999 -999 -999
