JTWC 07W SEVEN     130707 1800 193N 1473E 255 057 1000 1009 0250 15 083 -999 -999 -999 -999
JTWC 07W SEVEN     130708 0000 192N 1457E 260 052 0993 1009 0315 20 046 -999 -999 -999 -999
JTWC 07W SOULIK    130708 0600 191N 1437E 265 077 0989 1006 0343 23 046 0065 0056 0056 0065
JTWC 07W SOULIK    130708 1200 191N 1426E 270 072 0982 1006 0333 28 046 0074 0065 0065 0074
JTWC 07W SOULIK    130708 1800 194N 1415E 275 062 0974 1006 0333 33 046 0167 0148 0130 0157
JTWC 07W SOULIK    130709 0000 196N 1404E 280 057 0967 1004 0343 39 037 0204 0194 0176 0204
JTWC 07W SOULIK    130709 0600 199N 1394E 285 052 0959 1005 0352 43 050 -999 -999 -999 -999
JTWC 07W SOULIK    130709 1200 203N 1381E 285 057 0952 1005 0352 49 037 0241 0222 0222 0241
JTWC 07W SOULIK    130709 1800 206N 1372E 290 057 0937 1004 0352 59 028 0333 0296 0296 0324
JTWC 07W SOULIK    130710 0000 211N 1358E 290 062 0929 1004 0370 64 031 0333 0306 0296 0324
JTWC 07W SOULIK    130710 0600 214N 1346E 290 062 0929 1004 0370 64 037 0333 0306 0296 0333
JTWC 07W SOULIK    130710 1200 218N 1335E 290 062 0933 1004 0370 62 031 0333 0306 0296 0333
JTWC 07W SOULIK    130710 1800 220N 1322E 285 062 0937 1003 0389 59 037 0333 0306 0296 0333
JTWC 07W SOULIK    130711 0000 221N 1310E 280 062 0944 1003 0389 54 031 0315 0287 0278 0315
JTWC 07W SOULIK    130711 0600 223N 1297E 280 062 0952 1003 0389 48 031 -999 -999 -999 -999
JTWC 07W SOULIK    130711 1200 224N 1284E 275 062 0952 1002 0370 49 037 0343 0296 0296 0343
JTWC 07W SOULIK    130711 1800 225N 1269E 275 067 0952 1002 0389 49 037 0343 0296 0296 0343
JTWC 07W SOULIK    130712 0000 227N 1259E 275 062 0952 1003 0407 49 028 0343 0296 0296 0343
JTWC 07W SOULIK    130712 0600 232N 1249E 285 057 0956 1000 0370 46 022 0324 0278 0278 0324
JTWC 07W SOULIK    130712 1200 238N 1238E 295 052 0959 1001 0370 43 028 -999 -999 -999 -999
JTWC 07W SOULIK    130712 1800 248N 1223E 305 067 0963 1000 0398 41 028 0370 0324 0269 0370
JTWC 07W SOULIK    130713 0000 247N 1208E 295 067 0967 1000 0361 39 037 0324 0278 0232 0278
JTWC 07W SOULIK    130713 0600 258N 1201E 300 067 0970 1000 0361 36 046 0370 0287 0241 0287
JTWC 07W SOULIK    130713 1200 268N 1191E 305 062 0978 0999 0541 31 056 -999 -999 -999 -999
JTWC 07W SOULIK    130714 0600 298N 1171E 330 062 1000 1001 0426 15 074 -999 -999 -999 -999
JTWC 07W SOULIK    130714 1200 307N 1169E 335 057 1002 1004 0333 13 083 -999 -999 -999 -999
