JTWC 08S EIGHT     130108 0000 120S 1190E 255 036 0996 1003 0352 18 065 -999 -999 -999 -999
JTWC 08S NARELLE   130108 0600 124S 1184E 250 041 0996 1003 0352 18 065 -999 -999 -999 -999
JTWC 08S NARELLE   130108 1200 127S 1175E 250 041 0989 1001 0352 23 056 0093 0093 0093 0093
JTWC 08S NARELLE   130108 1800 125S 1170E 260 036 0982 1000 0352 28 028 0102 0111 0111 0102
JTWC 08S NARELLE   130109 0000 126S 1165E 265 031 0978 1001 0370 31 037 0120 0130 0130 0120
JTWC 08S NARELLE   130109 0600 131S 1163E 245 026 0974 1000 0352 33 046 0148 0157 0157 0148
JTWC 08S NARELLE   130109 1200 135S 1159E 230 031 0970 1000 0352 36 046 0148 0157 0157 0148
JTWC 08S NARELLE   130109 1800 140S 1157E 215 026 0967 1000 0370 39 046 0157 0185 0176 0157
JTWC 08S NARELLE   130110 0000 145S 1157E 200 026 0967 0999 0398 38 037 -999 -999 -999 -999
JTWC 08S NARELLE   130110 0600 151S 1155E 195 032 0967 0999 0398 38 037 -999 -999 -999 -999
JTWC 08S NARELLE   130110 1200 162S 1149E 200 042 0963 0999 0417 41 037 -999 -999 -999 -999
JTWC 08S NARELLE   130110 1800 170S 1144E 205 052 0959 0998 0435 43 028 -999 -999 -999 -999
JTWC 08S NARELLE   130111 0000 171S 1137E 220 041 0952  997 0407 49 028 0222 0259 0259 0222
JTWC 08S NARELLE   130111 0600 177S 1131E 230 042 0941 0997 0444 56 028 -999 -999 -999 -999
JTWC 08S NARELLE   130111 1200 183S 1126E 220 042 0937 0997 0463 59 028 -999 -999 -999 -999
JTWC 08S NARELLE   130111 1800 184S 1121E 230 037 0937 0997 0444 59 028 -999 -999 -999 -999
JTWC 08S NARELLE   130112 0000 187S 1118E 235 032 0937 0998 0417 59 037 -999 -999 -999 -999
JTWC 08S NARELLE   130112 0600 195S 1116E 215 032 0941 0998 0398 56 037 -999 -999 -999 -999
JTWC 08S NARELLE   130112 1200 202S 1119E 190 031 0948  998 0398 51 037 0389 0389 0352 0352
JTWC 08S NARELLE   130112 1800 205S 1117E 195 026 0956 1001 0398 46 037 0389 0389 0352 0352
JTWC 08S NARELLE   130113 0000 212S 1107E 215 037 0963 1001 0370 41 046 -999 -999 -999 -999
JTWC 08S NARELLE   130113 0600 223S 1104E 210 047 0963 1001 0370 41 046 -999 -999 -999 -999
JTWC 08S NARELLE   130113 1200 232S 1100E 205 052 0967 1001 0370 38 037 -999 -999 -999 -999
JTWC 08S NARELLE   130113 1800 241S 1097E 205 052 0974 1001 0352 33 056 -999 -999 -999 -999
JTWC 08S NARELLE   130114 0000 254S 1097E 195 057 0982 1002 0333 28 065 -999 -999 -999 -999
JTWC 08S NARELLE   130114 0600 266S 1097E 185 057 0989 1003 0333 23 065 -999 -999 -999 -999
JTWC 08S NARELLE   130114 1200 281S 1099E 175 067 0989 1002 0333 23 065 -999 -999 -999 -999
JTWC 08S NARELLE   130114 1800 299S 1102E 175 077 0996 1002 0333 18 065 -999 -999 -999 -999
