JTWC 08W EIGHT     130715 1800 150N 1248E 280 037 1004 1006 0259 13 083 -999 -999 -999 -999
JTWC 08W EIGHT     130716 0000 153N 1245E 295 026 1004 1007 0241 13 083 -999 -999 -999 -999
JTWC 08W EIGHT     130716 0600 156N 1242E 310 026 1004 1007 0259 13 074 -999 -999 -999 -999
JTWC 08W EIGHT     130716 1200 163N 1236E 320 032 1004 1007 0259 13 074 -999 -999 -999 -999
JTWC 08W EIGHT     130716 1800 171N 1231E 325 037 1003 1005 0259 13 074 -999 -999 -999 -999
JTWC 08W EIGHT     130717 0000 181N 1224E 325 052 1000 1005 0241 15 074 -999 -999 -999 -999
JTWC 08W CIMARON   130717 0600 195N 1212E 325 067 0996 1005 0241 18 065 -999 -999 -999 -999
JTWC 08W CIMARON   130717 1200 202N 1199E 315 072 0996 1005 0259 18 065 -999 -999 -999 -999
JTWC 08W CIMARON   130717 1800 215N 1181E 310 093 0993 1005 0259 20 065 -999 -999 -999 -999
JTWC 08W CIMARON   130718 0000 227N 1173E 310 083 0993 1005 0259 20 065 -999 -999 -999 -999
JTWC 08W CIMARON   130718 0600 231N 1168E 320 062 0993 1005 0259 21 056 0074 0065 0065 0074
JTWC 08W CIMARON   130718 1200 236N 1171E 330 046 0996 1005 0259 18 065 0074 0074 0065 0065
JTWC 08W CIMARON   130718 1800 243N 1171E 345 042 1004 1005 0259 13 065 -999 -999 -999 -999
