JTWC 10P INVEST    130120 1200 128S 1768W 085 057 0996 1006 0296 18 037 -999 -999 -999 -999
JTWC 10P TEN       130120 1800 126S 1757W 085 057 0996 1006 0296 18 037 -999 -999 -999 -999
JTWC 10P TEN       130121 0000 115S 1743W 070 067 0996 1006 0296 18 037 -999 -999 -999 -999
JTWC 10P TEN       130121 0600 114S 1723W 080 077 0996 1006 0296 18 037 -999 -999 -999 -999
JTWC 10P GARRY     130121 1200 116S 1715W 085 067 0996 1006 0296 18 037 -999 -999 -999 -999
JTWC 10P GARRY     130121 1800 119S 1708W 095 062 0993 1006 0315 20 056 -999 -999 -999 -999
JTWC 10P GARRY     130122 0000 127S 1700W 115 052 0996 1006 0315 18 056 -999 -999 -999 -999
JTWC 10P GARRY     130122 0600 132S 1698W 135 042 0989 1006 0296 23 074 -999 -999 -999 -999
JTWC 10P GARRY     130122 1200 133S 1694W 135 032 0989 1006 0296 23 056 -999 -999 -999 -999
JTWC 10P GARRY     130122 1800 131S 1692W 110 016 0985 1006 0296 26 056 -999 -999 -999 -999
JTWC 10P GARRY     130123 0000 133S 1688W 105 016 0985 1006 0296 26 056 -999 -999 -999 -999
JTWC 10P GARRY     130123 0600 138S 1682W 120 026 0989 1005 0324 23 056 0093 0083 0083 0093
JTWC 10P GARRY     130123 1200 134S 1678W 105 026 0989 1005 0333 23 056 0093 0083 0083 0093
JTWC 10P GARRY     130123 1800 134S 1672W 095 026 0993 1005 0315 20 056 -999 -999 -999 -999
JTWC 10P GARRY     130124 0000 133S 1658W 090 042 0989 1005 0315 23 056 -999 -999 -999 -999
JTWC 10P GARRY     130124 0600 140S 1649W 100 052 0978 1004 0306 31 037 -999 -999 -999 -999
JTWC 10P GARRY     130124 1200 142S 1640W 105 057 0974 1004 0306 33 037 0139 0111 0102 0130
JTWC 10P GARRY     130124 1800 149S 1631W 120 052 0967 1004 0333 38 037 -999 -999 -999 -999
JTWC 10P GARRY     130125 0000 152S 1619W 120 057 0959 1004 0352 44 028 0176 0194 0148 0167
JTWC 10P GARRY     130125 0600 162S 1607W 125 062 0959 1004 0352 44 028 0176 0194 0148 0167
JTWC 10P GARRY     130125 1200 164S 1606W 130 047 0963 1004 0352 41 028 -999 -999 -999 -999
JTWC 10P GARRY     130125 1800 167S 1603W 135 042 0974 1004 0352 33 037 -999 -999 -999 -999
JTWC 10P GARRY     130126 0000 175S 1601W 145 042 0978 1004 0352 31 056 -999 -999 -999 -999
JTWC 10P GARRY     130126 0600 187S 1597W 160 047 0982 1004 0333 28 065 -999 -999 -999 -999
JTWC 10P GARRY     130126 1200 197S 1591W 160 057 0982 1004 0333 28 065 0185 0185 0157 0157
JTWC 10P GARRY     130126 1800 210S 1590W 165 062 0985 1004 0333 26 065 0185 0185 0157 0157
JTWC 10P GARRY     130127 0000 227S 1585W 165 072 0993 1004 0333 21 074 0167 0167 0139 0139
JTWC 10P GARRY     130127 0600 235S 1582W 165 067 0996 1003 0315 18 093 -999 -999 -999 -999
