JTWC 11P INVEST    130121 0600 160S 1410E 080 067 0996 1007 0333 18 056 -999 -999 -999 -999
JTWC 11P OSWALD    130121 1200 156S 1415E 090 047 0996 1007 0333 18 046 -999 -999 -999 -999
JTWC 11P OSWALD    130121 1800 153S 1420E 075 032 0996 1001 0333 18 056 -999 -999 -999 -999
JTWC 11P OSWALD    130122 0000 150S 1423E 065 026 1000 1001 0333 15 056 -999 -999 -999 -999
JTWC 11P OSWALD    130122 0600 142S 1431E 050 037 1000 1001 0370 15 056 -999 -999 -999 -999
JTWC 11P OSWALD    130122 1200 144S 1444E 070 047 1000 1001 0333 15 056 -999 -999 -999 -999
JTWC 11P OSWALD    130122 1800 158S 1446E 115 042 0997 1005 0333 13 056 -999 -999 -999 -999
JTWC 11P OSWALD    130123 0000 161S 1446E 145 042 0997 1005 0333 13 065 -999 -999 -999 -999
JTWC 11P OSWALD    130123 0600 167S 1448E 165 037 0993 0996 0278 13 056 -999 -999 -999 -999
JTWC 11P OSWALD    130123 1200 171S 1448E 175 026 0993 0998 0259 13 056 -999 -999 -999 -999
JTWC 11P OSWALD    130124 0000 189S 1455E 165 042 1004 1008 0278 13 028 -999 -999 -999 -999
JTWC 11P OSWALD    130124 0600 196S 1466E 145 052 0993 0996 0278 13 028 -999 -999 -999 -999
JTWC 11P OSWALD    130124 1200 210S 1473E 145 072 0993 0996 0278 13 028 -999 -999 -999 -999
JTWC 11P OSWALD    130125 0000 222S 1485E 145 052 0994 0998 0389 15 065 -999 -999 -999 -999
JTWC 11P OSWALD    130125 0600 235S 1487E 155 047 0995 1002 0389 13 065 -999 -999 -999 -999
JTWC 11P OSWALD    130125 1200 241S 1492E 150 046 0995 1002 0389 13 065 -999 -999 -999 -999
