NHC  12L KAREN     131003 1200 220N 0876W 330 051 1004 1011 0278 26 056 0148 0093 0056 01114 -999 -999 0074
NHC  12L KAREN     131003 1800 229N 0883W 325 057 1003 1011 0278 28 056 0222 0204 0056 01114 -999 -999 0074
NHC  12L KAREN     131004 0000 238N 0888W 325 051 0999 1011 0278 28 056 0222 0204 -999 01111 0074 -999 -999
NHC  12L KAREN     131004 0600 245N 0895W 325 046 1003 1012 0232 28 046 0222 0204 -999 01113 0074 -999 -999
NHC  12L KAREN     131004 1200 252N 0901W 325 046 1003 1011 0222 23 065 0222 0204 -999 01119 -999 -999 -999
NHC  12L KAREN     131004 1800 258N 0902W 335 036 1003 1011 0222 23 056 0222 0185 -999 00569 -999 -999 -999
NHC  12L KAREN     131005 0000 261N 0903W 335 031 1002 1011 0222 23 056 0222 0185 0056 00569 -999 -999 -999
NHC  12L KAREN     131005 0600 266N 0911W 320 031 1008 1012 0185 18 158 0185 -999 -999 -999 -999 -999
NHC  12L KAREN     131005 1200 276N 0916W 340 051 1007 1012 0185 18 167 0185 0185 -999 -999 -999 -999
NHC  12L KAREN     131005 1800 279N 0918W 345 026 1009 1013 0167 18 130 0185 0185 -999 -999 -999 -999
NHC  12L KAREN     131006 0000 281N 0919W 335 010 1007 1013 0167 18 056 -999 0056 -999 -999 -999 -999
NHC  12L KAREN     131006 0600 282N 0918W 045 010 1009 1013 0185 15 056 -999 -999 -999 -999 -999 -999
NHC  12L KAREN     131006 1200 280N 0905W 100 062 1009 1012 0185 13 056 -999 -999 -999 -999 -999 -999
