JTWC 12W TWELVE    130817 0600 206N 1252E 135 047 0998 1001 0259 15 083 -999 -999 -999 -999
JTWC 12W TWELVE    130817 1200 203N 1262E 125 052 0998 1001 0259 15 074 -999 -999 -999 -999
JTWC 12W TWELVE    130817 1800 202N 1265E 120 037 0998 0999 0250 15 074 -999 -999 -999 -999
JTWC 12W TWELVE    130818 0000 203N 1273E 100 037 0997 1000 0287 15 074 -999 -999 -999 -999
JTWC 12W TRAMI     130818 0600 204N 1278E 085 026 0996 1000 0315 18 074 -999 -999 -999 -999
JTWC 12W TRAMI     130818 1200 202N 1277E 090 021 0996 1000 0315 18 074 -999 -999 -999 -999
JTWC 12W TRAMI     130818 1800 198N 1275E 160 011 0993 1000 0315 20 074 -999 -999 -999 -999
JTWC 12W TRAMI     130819 0000 195N 1277E 175 016 0989 1000 0315 23 074 -999 -999 -999 -999
JTWC 12W TRAMI     130819 0600 199N 1282E 100 011 0985 0998 0370 26 046 -999 -999 -999 -999
JTWC 12W TRAMI     130819 1200 200N 1284E 075 011 0985 0996 0352 26 046 -999 -999 -999 -999
JTWC 12W TRAMI     130819 1800 209N 1286E 025 026 0982 0995 0352 28 056 -999 -999 -999 -999
JTWC 12W TRAMI     130820 0000 219N 1285E 010 037 0982 0995 0343 28 046 -999 -999 -999 -999
JTWC 12W TRAMI     130820 0600 232N 1275E 345 057 0982 0995 0343 28 046 -999 -999 -999 -999
JTWC 12W TRAMI     130820 1200 233N 1262E 320 057 0978 0995 0370 31 046 -999 -999 -999 -999
JTWC 12W TRAMI     130820 1800 245N 1255E 315 067 0978 0995 0370 31 046 -999 -999 -999 -999
JTWC 12W TRAMI     130821 0000 252N 1244E 305 062 0974 0995 0370 33 037 -999 -999 -999 -999
JTWC 12W TRAMI     130821 0600 257N 1229E 300 067 0974 0995 0370 33 037 -999 -999 -999 -999
JTWC 12W TRAMI     130821 1200 258N 1212E 290 077 0970 0995 0380 36 037 -999 -999 -999 -999
JTWC 12W TRAMI     130821 1800 256N 1196E 275 077 0967 0997 0380 38 037 -999 -999 -999 -999
JTWC 12W TRAMI     130822 0600 265N 1164E 280 077 0989 0999 0370 23 037 -999 -999 -999 -999
JTWC 12W TRAMI     130822 1200 268N 1149E 285 077 1000 1003 0370 15 074 -999 -999 -999 -999
JTWC 12W TRAMI     130822 1800 272N 1141E 290 062 1004 1005 0370 13 074 -999 -999 -999 -999
