JTWC 13S THIRTEEN  130126 1200 129S 0655E 255 021 0996 1004 0333 18 074 -999 -999 -999 -999
JTWC 13S THIRTEEN  130126 1800 133S 0650E 240 026 0996 1004 0333 18 074 -999 -999 -999 -999
JTWC 13S THIRTEEN  130127 0000 136S 0640E 245 037 0996 1004 0333 18 074 -999 -999 -999 -999
JTWC 13S THIRTEEN  130127 0600 131S 0635E 275 032 0996 1009 0333 18 074 -999 -999 -999 -999
JTWC 13S THIRTEEN  130127 1200 136S 0623E 265 037 0996 1006 0333 18 074 -999 -999 -999 -999
JTWC 13S THIRTEEN  130127 1800 133S 0610E 270 052 0996 1006 0333 18 074 -999 -999 -999 -999
JTWC 13S THIRTEEN  130128 0000 134S 0602E 270 051 0996 1006 0333 18 074 -999 -999 -999 -999
JTWC 13S THIRTEEN  130128 0600 133S 0594E 270 047 0993 1007 0333 20 046 -999 -999 -999 -999
JTWC 13S FELLENG   130128 1200 133S 0584E 265 042 0989 1007 0333 23 046 -999 -999 -999 -999
JTWC 13S FELLENG   130128 1800 133S 0575E 265 042 0982 1005 0333 28 028 -999 -999 -999 -999
JTWC 13S FELLENG   130129 0000 135S 0565E 265 047 0974 1003 0333 33 028 -999 -999 -999 -999
JTWC 13S FELLENG   130129 0600 137S 0556E 260 047 0970 1003 0352 36 028 -999 -999 -999 -999
JTWC 13S FELLENG   130129 1200 141S 0549E 250 047 0956 1003 0389 46 028 -999 -999 -999 -999
JTWC 13S FELLENG   130129 1800 143S 0543E 250 042 0956 1003 0389 46 028 -999 -999 -999 -999
JTWC 13S FELLENG   130130 0000 147S 0538E 240 037 0944 1001 0389 54 028 -999 -999 -999 -999
JTWC 13S FELLENG   130130 0600 151S 0533E 235 032 0941 1001 0398 56 028 -999 -999 -999 -999
JTWC 13S FELLENG   130130 1200 162S 0526E 220 042 0937 1001 0417 59 028 -999 -999 -999 -999
JTWC 13S FELLENG   130130 1800 170S 0522E 215 047 0944 1004 0389 54 028 -999 -999 -999 -999
JTWC 13S FELLENG   130131 0000 178S 0520E 205 052 0952 1004 0389 48 028 -999 -999 -999 -999
JTWC 13S FELLENG   130131 0600 182S 0511E 215 047 0959 1005 0370 43 028 -999 -999 -999 -999
JTWC 13S FELLENG   130131 1200 193S 0511E 205 042 0963 1006 0389 41 028 -999 -999 -999 -999
JTWC 13S FELLENG   130131 1800 200S 0505E 205 042 0970 1004 0389 36 037 -999 -999 -999 -999
JTWC 13S FELLENG   130201 0000 207S 0506E 190 042 0974 1007 0389 33 037 -999 -999 -999 -999
JTWC 13S FELLENG   130201 0600 213S 0507E 180 042 0978 1007 0370 31 046 -999 -999 -999 -999
JTWC 13S FELLENG   130201 1200 224S 0512E 165 042 0978 1005 0389 31 046 -999 -999 -999 -999
JTWC 13S FELLENG   130201 1800 237S 0515E 165 052 0970 1003 0389 36 037 -999 -999 -999 -999
JTWC 13S FELLENG   130202 0000 245S 0514E 170 057 0970 1005 0380 36 037 0278 0306 0269 0222
JTWC 13S FELLENG   130202 0600 259S 0512E 180 062 0974 1005 0380 33 037 0259 0287 0250 0204
JTWC 13S FELLENG   130202 1200 270S 0511E 180 062 0978 1005 0370 31 037 0241 0269 0232 0185
JTWC 13S FELLENG   130202 1800 279S 0514E 175 057 0985 1005 0402 26 037 0241 0269 0232 0185
JTWC 13S FELLENG   130203 0000 296S 0520E 170 067 0989 1005 0380 23 046 0241 0269 0232 0185
JTWC 13S FELLENG   130203 0600 311S 0528E 165 072 0996 1005 0352 18 046 -999 -999 -999 -999
JTWC 13S FELLENG   130203 1200 323S 0535E 160 072 1000 1005 0315 15 046 -999 -999 -999 -999
JTWC 13S FELLENG   130203 1800 334S 0543E 155 077 1000 1004 0315 15 065 -999 -999 -999 -999
JTWC 13S FELLENG   130204 0000 346S 0553E 150 077 0996 1005 0315 18 074 0111 0139 0139 0111
