JTWC 16S SIXTEEN   130219 0000 200S 0412E 130 015 0996 1003 0389 18 074 -999 -999 -999 -999
JTWC 16S SIXTEEN   130219 0600 208S 0411E 165 021 0996 1005 0407 18 083 -999 -999 -999 -999
JTWC 16S HARUNA    130219 1200 213S 0408E 185 026 0996 1003 0389 18 074 -999 -999 -999 -999
JTWC 16S HARUNA    130219 1800 217S 0410E 180 026 0989 1003 0370 23 074 0083 0083 0083 0083
JTWC 16S HARUNA    130220 0000 216S 0408E 195 016 0982 1003 0370 28 037 -999 -999 -999 -999
JTWC 16S HARUNA    130220 0600 218S 0407E 200 016 0978 1004 0370 31 037 -999 -999 -999 -999
JTWC 16S HARUNA    130220 1200 221S 0407E 210 016 0970 1003 0389 36 028 -999 -999 -999 -999
JTWC 16S HARUNA    130220 1800 223S 0411E 160 016 0956 1003 0417 46 028 -999 -999 -999 -999
JTWC 16S HARUNA    130221 0000 225S 0414E 140 016 0952 1003 0426 48 028 -999 -999 -999 -999
JTWC 16S HARUNA    130221 0600 225S 0417E 120 016 0948 1003 0435 51 028 -999 -999 -999 -999
JTWC 16S HARUNA    130221 1200 223S 0419E 090 011 0948 1003 0435 51 028 -999 -999 -999 -999
JTWC 16S HARUNA    130221 1800 222S 0423E 080 016 0956 1003 0426 46 028 -999 -999 -999 -999
JTWC 16S HARUNA    130222 0000 222S 0430E 080 021 0956 1003 0426 46 028 -999 -999 -999 -999
JTWC 16S HARUNA    130222 0600 224S 0435E 095 026 0959 1003 0426 43 037 -999 -999 -999 -999
JTWC 16S HARUNA    130222 1200 230S 0439E 120 032 0963 1003 0426 41 037 -999 -999 -999 -999
JTWC 16S HARUNA    130222 1800 235S 0449E 125 037 0970 1003 0426 36 046 -999 -999 -999 -999
JTWC 16S HARUNA    130223 0600 248S 0477E 120 062 0985 1003 0370 26 074 0139 0120 0111 0139
JTWC 16S HARUNA    130223 1200 254S 0486E 120 057 0989 1003 0352 23 083 0139 0120 0120 0139
JTWC 16S HARUNA    130223 1800 260S 0499E 120 062 0985 1003 0352 26 083 -999 -999 -999 -999
JTWC 16S HARUNA    130224 0000 262S 0510E 110 052 0989 1003 0352 23 083 -999 -999 -999 -999
JTWC 16S HARUNA    130224 0600 266S 0524E 110 057 0996 1002 0370 18 093 -999 -999 -999 -999
JTWC 16S HARUNA    130224 1200 272S 0541E 110 067 0993 1001 0370 21 083 0130 0120 0139 0148
JTWC 16S HARUNA    130224 1800 275S 0559E 110 077 0993 1001 0370 21 083 0130 0120 0120 0130
JTWC 16S HARUNA    130225 0000 270S 0575E 095 077 0996 1003 0315 18 083 -999 -999 -999 -999
JTWC 16S HARUNA    130225 1800 272S 0614E 095 062 1000 1005 0333 15 222 -999 -999 -999 -999
JTWC 16S HARUNA    130226 0000 271S 0624E 095 052 1000 1005 0333 15 222 -999 -999 -999 -999
JTWC 16S HARUNA    130226 0600 274S 0628E 090 047 1000 1008 0278 15 028 -999 -999 -999 -999
JTWC 16S HARUNA    130226 1200 271S 0632E  85 026 1000 1008 0278 15 028 -999 -999 -999 -999
JTWC 16S HARUNA    130226 1800 268S 0628E 040 011 1000 1008 0278 15 046 -999 -999 -999 -999
JTWC 16S HARUNA    130227 0600 254S 0614E 315 042 1004 1011 0296 13 074 -999 -999 -999 -999
JTWC 16S HARUNA    130227 1200 249S 0605E 310 047 1004 1010 0278 13 074 -999 -999 -999 -999
JTWC 16S HARUNA    130227 1800 246S 0596E 300 052 1004 1010 0278 13 074 -999 -999 -999 -999
JTWC 16S HARUNA    130228 0600 239S 0572E 290 057 1004 1012 0259 13 074 -999 -999 -999 -999
JTWC 16S HARUNA    130228 1200 237S 0549E 280 077 1004 1010 0259 13 074 -999 -999 -999 -999
JTWC 16S HARUNA    130228 1800 243S 0535E 270 072 1004 1010 0259 13 074 -999 -999 -999 -999
JTWC 16S HARUNA    130301 0000 248S 0523E 260 077 1004 1010 0259 13 074 -999 -999 -999 -999
JTWC 16S HARUNA    130301 0600 258S 0502E 245 083 1004 1010 0259 13 074 -999 -999 -999 -999
