NHC  17E SEVENTEEN 131020 0000 138N 1003W 330 046 1006 1008 0278 15 074 -999 -999 -999 -999 -999 -999
NHC  17E RAYMOND   131020 0600 143N 1010W 325 046 1004 1008 0278 18 056 0056 0056 -999 00569 -999 -999 -999
NHC  17E RAYMOND   131020 1200 147N 1016W 310 036 1000 1008 0278 23 056 0056 0056 -999 00569 -999 -999 -999
NHC  17E RAYMOND   131020 1800 152N 1018W 320 031 0997 1008 0278 28 037 0074 0093 0037 00747 0037 -999 -999
NHC  17E RAYMOND   131021 0000 158N 1019W 345 031 0989 1007 0278 33 028 0093 0093 0056 00936 0056 -999 0056
NHC  17E RAYMOND   131021 0600 160N 1022W 330 021 0967 1007 0278 49 028 0111 0093 0074 01116 0056 0037 0056
NHC  17E RAYMOND   131021 1200 162N 1023W 335 015 0954 1007 0278 54 028 0111 0093 0074 01116 0056 0037 0056
NHC  17E RAYMOND   131021 1800 163N 1022W 360 000 0949 1007 0278 57 028 0111 0093 0074 01116 0056 0037 0056
NHC  17E RAYMOND   131022 0000 164N 1020W 025 005 0949 1007 0278 57 028 0130 0111 0074 01116 0056 0037 0056
NHC  17E RAYMOND   131022 0600 165N 1020W 360 010 0959 1007 0278 51 028 0130 0111 0074 01114 0074 0037 0056
NHC  17E RAYMOND   131022 1200 165N 1020W 360 000 0963 1007 0278 49 028 0130 0111 0074 01114 0074 0037 0056
NHC  17E RAYMOND   131022 1800 163N 1018W 145 015 0987 1007 0222 39 028 0130 0111 0074 01114 0037 0037 0037
NHC  17E RAYMOND   131023 0000 162N 1018W 180 005 0987 1007 0222 33 028 0130 0111 0074 01116 0037 0056 0037
NHC  17E RAYMOND   131023 0600 161N 1018W 180 005 0987 1007 0222 33 028 0130 0111 0074 01116 0037 0056 0037
NHC  17E RAYMOND   131023 1200 155N 1027W 250 026 0995 1007 0222 28 046 0130 0111 0074 01116 -999 -999 -999
NHC  17E RAYMOND   131023 1800 152N 1034W 245 036 1000 1008 0222 23 046 0111 0093 0056 00939 -999 -999 -999
NHC  17E RAYMOND   131024 0000 148N 1042W 245 041 1003 1008 0222 21 046 0111 0093 -999 00749 -999 -999 -999
NHC  17E RAYMOND   131024 0600 147N 1049W 255 036 1003 1009 0324 21 056 0111 0093 -999 00749 -999 -999 -999
NHC  17E RAYMOND   131024 1200 148N 1054W 260 036 1002 1008 0334 21 056 0111 0093 -999 00749 -999 -999 -999
NHC  17E RAYMOND   131024 1800 148N 1064W 270 041 1002 1008 0278 21 083 0111 -999 -999 01119 -999 -999 -999
NHC  17E RAYMOND   131025 0000 147N 1073W 265 041 0998 1008 0278 26 046 0111 0056 0056 01116 -999 -999 0046
NHC  17E RAYMOND   131025 0600 143N 1080W 260 041 1002 1008 0278 21 056 0056 0056 -999 -999 -999 -999
NHC  17E RAYMOND   131025 1200 140N 1088W 250 041 1000 1009 0371 23 074 0111 0111 -999 00749 -999 -999 -999
NHC  17E RAYMOND   131025 1800 136N 1090W 240 031 0997 1009 0371 26 056 0111 0111 -999 00746 0056 -999 -999
NHC  17E RAYMOND   131026 0000 131N 1103W 240 041 1000 1009 0371 23 056 0111 0111 -999 00569 -999 -999 -999
NHC  17E RAYMOND   131026 0600 131N 1113W 265 057 1001 1009 0371 23 056 0111 0111 -999 00569 -999 -999 -999
NHC  17E RAYMOND   131026 1200 132N 1121W 270 046 1001 1009 0371 23 056 0167 0111 -999 00749 -999 -999 -999
NHC  17E RAYMOND   131026 1800 130N 1130W 270 046 1001 1009 0371 23 056 0167 0111 -999 00749 -999 -999 -999
NHC  17E RAYMOND   131027 0000 131N 1140W 270 046 0999 1009 0371 26 056 0167 0111 -999 00746 0056 -999 -999
NHC  17E RAYMOND   131027 0600 134N 1147W 280 041 0993 1009 0371 31 056 0167 0111 -999 00746 0056 -999 -999
NHC  17E RAYMOND   131027 1200 140N 1157W 295 046 0982 1008 0371 39 037 0167 0111 0056 00934 0056 0037 0056
NHC  17E RAYMOND   131027 1800 142N 1163W 295 041 0979 1010 0371 41 037 0167 0185 0074 01114 0056 0037 0074
NHC  17E RAYMOND   131028 0000 149N 1167W 325 041 0972 1009 0371 46 037 0167 0185 0074 01114 0056 0037 0074
NHC  17E RAYMOND   131028 0600 156N 1169W 345 036 0972 1009 0408 46 037 0167 0185 0074 01114 0056 0037 0074
NHC  17E RAYMOND   131028 1200 162N 1171W 350 036 0978 1008 0408 41 037 0111 0111 0093 01116 0056 0056 0056
NHC  17E RAYMOND   131028 1800 167N 1169W 005 031 0989 1010 0334 33 037 0111 0111 0093 01116 0056 0037 0056
NHC  17E RAYMOND   131029 0000 170N 1170W 360 026 0992 1010 0334 28 037 0111 0111 0111 01116 0056 0037 0056
NHC  17E RAYMOND   131029 0600 174N 1170W 360 021 0998 1010 0315 26 037 0111 0111 0111 01116 0056 -999 -999
NHC  17E RAYMOND   131029 1200 178N 1169W 005 021 1001 1009 0334 23 037 0111 0111 0093 01119 -999 -999 -999
NHC  17E RAYMOND   131029 1800 183N 1167W 020 026 1004 1012 0371 21 074 0222 0093 -999 00749 -999 -999 -999
NHC  17E RAYMOND   131030 0000 189N 1163W 030 031 1005 1012 0371 21 074 0222 0093 -999 00749 -999 -999 -999
NHC  17E RAYMOND   131030 0600 194N 1158W 035 031 1007 1010 0222 15 093 -999 -999 -999 -999 -999 -999
NHC  17E RAYMOND   131030 1200 196N 1144W 060 036 1007 1009 0204 15 093 -999 -999 -999 -999 -999 -999
