JTWC 17S SEVENTEEN 130224 0600 171S 1180E 180 021 0996 1000 0389 18 093 -999 -999 -999 -999
JTWC 17S RUSTY     130224 1200 174S 1179E 185 021 0989 1000 0407 23 093 0111 0130 0130 0111
JTWC 17S RUSTY     130224 1800 179S 1183E 165 021 0978 1000 0407 31 065 0167 0167 0148 0148
JTWC 17S RUSTY     130225 0000 178S 1187E 150 016 0978 1000 0426 31 065 -999 -999 -999 -999
JTWC 17S RUSTY     130225 0600 182S 1190E 150 016 0974 1000 0426 33 065 -999 -999 -999 -999
JTWC 17S RUSTY     130225 1200 184S 1192E 145 016 0967 1000 0426 38 046 -999 -999 -999 -999
JTWC 17S RUSTY     130225 1800 190S 1195E 150 021 0967 1000 0407 39 046 0185 0185 0167 0167
JTWC 17S RUSTY     130226 0000 190S 1191E 180 016 0967 1000 0407 38 046 -999 -999 -999 -999
JTWC 17S RUSTY     130226 0600 194S 1192E 185 016 0974 1000 0407 33 046 -999 -999 -999 -999
JTWC 17S RUSTY     130226 1200 196S 1191E 195 016 0967 1000 0407 38 046 -999 -999 -999 -999
JTWC 17S RUSTY     130226 1800 193S 1191E 205 005 0952 1000 0407 49 037 0185 0185 0167 0167
JTWC 17S RUSTY     130227 0000 193S 1193E  90 005 0952 1000 0407 49 037 0185 0185 0167 0167
JTWC 17S RUSTY     130227 0600 197S 1194E 145 011 0963 0999 0389 41 046 -999 -999 -999 -999
JTWC 17S RUSTY     130227 1200 203S 1198E 145 021 0967 0999 0389 38 037 -999 -999 -999 -999
JTWC 17S RUSTY     130227 1800 208S 1203E 150 032 0982 1003 0389 28 046 -999 -999 -999 -999
JTWC 17S RUSTY     130228 0600 221S 1207E 155 037 0993 0997 0324 20 074 -999 -999 -999 -999
