JTWC 20W TWENTY    130926 1800 150N 1170E 275 016 1004 1006 0296 13 055 -999 -999 -999 -999
JTWC 20W TWENTY    130927 0000 155N 1170E 290 016 1000 1006 0324 15 055 -999 -999 -999 -999
JTWC 20W TWENTY    130927 0600 169N 1164E 325 032 0996 1006 0352 18 055 -999 -999 -999 -999
JTWC 20W WUTIP     130927 1200 170N 1153E 300 042 0996 1006 0370 18 055 -999 -999 -999 -999
JTWC 20W WUTIP     130927 1800 169N 1142E 280 047 0989 1005 0370 23 055 -999 -999 -999 -999
JTWC 20W WUTIP     130928 0000 162N 1140E 250 037 0982 1005 0389 28 046 -999 -999 -999 -999
JTWC 20W WUTIP     130928 0600 167N 1141E 260 021 0978 1004 0407 31 037 0139 0111 0111 0139
JTWC 20W WUTIP     130928 1200 168N 1139E 295 011 0974 1004 0417 33 037 -999 -999 -999 -999
JTWC 20W WUTIP     130928 1800 168N 1131E 295 016 0970 1004 0417 36 027 -999 -999 -999 -999
JTWC 20W WUTIP     130929 0000 167N 1124E 270 026 0956 1003 0370 46 019 0176 0148 0148 0176
JTWC 20W WUTIP     130929 0600 167N 1117E 265 032 0956 1003 0370 46 012 -999 -999 -999 -999
JTWC 20W WUTIP     130929 1200 168N 1109E 270 037 0959 1003 0370 43 027 -999 -999 -999 -999
JTWC 20W WUTIP     130929 1800 170N 1099E 280 042 0963 1003 0370 41 037 -999 -999 -999 -999
JTWC 20W WUTIP     130930 0000 172N 1085E 280 052 0967 1003 0370 38 027 -999 -999 -999 -999
JTWC 20W WUTIP     130930 0600 175N 1075E 285 057 0956 1003 0333 46 028 0185 0167 0167 0185
JTWC 20W WUTIP     130930 1200 178N 1059E 285 067 0963 1003 0333 41 028 -999 -999 -999 -999
JTWC 20W WUTIP     130930 1800 180N 1036E 280 083 0985 1003 0296 26 027 -999 -999 -999 -999
