JTWC 21S TWENTYONE 130406 1200 108S 0720E 280 026 0996 1007 0333 18 065 -999 -999 -999 -999
JTWC 21S TWENTYONE 130406 1800 107S 0715E 280 026 0996 1006 0315 18 065 0065 0083 0083 0083
JTWC 21S TWENTYONE 130407 0000 105S 0709E 285 032 0993 1006 0343 20 065 -999 -999 -999 -999
JTWC 21S TWENTYONE 130407 0600 106S 0705E 280 026 0996 1005 0333 18 065 -999 -999 -999 -999
JTWC 21S TWENTYONE 130407 1200 106S 0698E 270 032 1000 1007 0352 15 074 -999 -999 -999 -999
JTWC 21S TWENTYONE 130407 1800 112S 0682E 255 047 1000 1006 0343 15 074 -999 -999 -999 -999
JTWC 21S TWENTYONE 130408 0000 116S 0670E 255 057 0993 1004 0352 21 065 0065 0083 0083 0083
JTWC 21S TWENTYONE 130408 0600 109S 0652E 275 067 0993 1004 0324 21 056 0065 0074 0093 0093
JTWC 21S IMELDA    130408 1200 109S 0643E 275 057 0993 1004 0324 21 056 0065 0074 0093 0093
JTWC 21S IMELDA    130408 1800 110S 0634E 270 052 0989 1005 0361 23 056 -999 -999 -999 -999
JTWC 21S IMELDA    130409 0000 113S 0625E 260 047 0989 1007 0361 23 056 -999 -999 -999 -999
JTWC 21S IMELDA    130409 0600 116S 0612E 255 052 0985 1007 0370 26 056 -999 -999 -999 -999
JTWC 21S IMELDA    130409 1200 117S 0600E 260 057 0982 1007 0389 28 046 0093 0148 0130 0093
JTWC 21S IMELDA    130409 1800 116S 0595E 265 047 0978 1005 0370 31 046 -999 -999 -999 -999
JTWC 21S IMELDA    130410 0000 118S 0587E 260 042 0974 1007 0370 33 037 -999 -999 -999 -999
JTWC 21S IMELDA    130410 0600 120S 0584E 255 032 0970 1007 0380 36 037 -999 -999 -999 -999
JTWC 21S IMELDA    130410 1200 122S 0580E 250 026 0967 1007 0389 39 037 0176 0204 0194 0167
JTWC 21S IMELDA    130410 1800 123S 0578E 245 021 0959 1007 0389 44 037 0194 0222 0213 0185
JTWC 21S IMELDA    130411 0000 127S 0581E 205 016 0963 1007 0407 41 037 -999 -999 -999 -999
JTWC 21S IMELDA    130411 0600 129S 0579E 190 011 0967 1006 0426 38 046 -999 -999 -999 -999
JTWC 21S IMELDA    130411 1200 131S 0582E 155 011 0974 1004 0417 33 065 -999 -999 -999 -999
JTWC 21S IMELDA    130411 1800 133S 0586E 130 016 0982 1004 0417 28 065 -999 -999 -999 -999
JTWC 21S IMELDA    130412 0600 141S 0589E 145 021 0989 1004 0352 23 065 0194 0232 0213 0185
JTWC 21S IMELDA    130412 1200 146S 0591E 150 026 0993 1005 0370 21 065 0185 0232 0120 0130
JTWC 21S IMELDA    130412 1800 153S 0594E 155 032 0996 1005 0333 18 065 -999 -999 -999 -999
JTWC 21S IMELDA    130413 0000 158S 0596E 160 032 0996 1005 0333 18 065 -999 -999 -999 -999
JTWC 21S IMELDA    130413 0600 161S 0594E 170 026 0996 1006 0296 18 074 -999 -999 -999 -999
JTWC 21S IMELDA    130413 1200 166S 0589E 200 026 0989 1006 0333 23 065 0074 0074 0074 0074
JTWC 21S IMELDA    130413 1800 167S 0587E 215 021 0985 1006 0370 26 065 0083 0083 0093 0093
JTWC 21S IMELDA    130414 0000 170S 0585E 225 016 0982 1006 0380 28 037 -999 -999 -999 -999
JTWC 21S IMELDA    130414 0600 172S 0594E 150 011 0978 1008 0370 31 037 -999 -999 -999 -999
JTWC 21S IMELDA    130414 1200 177S 0599E 135 021 0974 1006 0380 33 037 0148 0148 0139 0139
JTWC 21S IMELDA    130414 1800 186S 0610E 130 042 0967 1006 0407 38 037 -999 -999 -999 -999
JTWC 21S IMELDA    130415 0000 188S 0614E 130 042 0967 1006 0407 38 037 -999 -999 -999 -999
JTWC 21S IMELDA    130415 0600 196S 0618E 135 047 0974 1007 0370 33 037 -999 -999 -999 -999
JTWC 21S IMELDA    130415 1200 201S 0623E 140 032 0974 1006 0370 33 037 -999 -999 -999 -999
JTWC 21S IMELDA    130415 1800 204S 0622E 150 032 0982 1006 0370 28 046 -999 -999 -999 -999
JTWC 21S IMELDA    130416 0000 207S 0624E 155 021 0989 1006 0370 23 056 0157 0157 0139 0139
JTWC 21S IMELDA    130416 0600 210S 0629E 145 026 0996 1006 0370 18 056 -999 -999 -999 -999
JTWC 21S IMELDA    130416 1200 214S 0630E 145 021 1000 1006 0370 15 056 -999 -999 -999 -999
JTWC 21S IMELDA    130416 1800 215S 0632E 145 021 1000 1006 0352 15 092 -999 -999 -999 -999
JTWC 21S IMELDA    130417 0000 211S 0635E 100 011 1000 1008 0296 15 092 -999 -999 -999 -999
JTWC 21S IMELDA    130417 0600 211S 0628E 305 005 1000 1008 0296 15 093 -999 -999 -999 -999
JTWC 21S IMELDA    130417 1200 211S 0623E 280 016 1004 1008 0296 13 092 -999 -999 -999 -999
JTWC 21S IMELDA    130417 1800 214S 0613E 260 037 1004 1008 0296 13 092 -999 -999 -999 -999
JTWC 21S IMELDA    130418 0000 218S 0594E 255 057 1004 1008 0259 13 028 -999 -999 -999 -999
JTWC 21S IMELDA    130418 0600 219S 0572E 260 083 1004 1010 0333 13 074 -999 -999 -999 -999
JTWC 21S IMELDA    130418 1200 224S 0552E 260 093 1007 1011 0278 10 074 -999 -999 -999 -999
JTWC 21S IMELDA    130418 1800 227S 0534E 260 098 1007 1008 0269 10 028 -999 -999 -999 -999
