JTWC 22S TWENTYTWO 130409 0600 122S 1024E 170 042 0996 1007 0333 18 056 -999 -999 -999 -999
JTWC 22S VICTORIA  130409 1200 133S 1024E 175 047 0989 1007 0352 23 056 -999 -999 -999 -999
JTWC 22S VICTORIA  130409 1800 141S 1036E 155 047 0985 1007 0343 26 046 -999 -999 -999 -999
JTWC 22S VICTORIA  130410 0000 148S 1037E 155 042 0978 1007 0333 31 046 -999 -999 -999 -999
JTWC 22S VICTORIA  130410 0600 156S 1038E 160 042 0967 1007 0370 38 037 -999 -999 -999 -999
JTWC 22S VICTORIA  130410 1200 162S 1039E 165 037 0963 1007 0389 41 037 -999 -999 -999 -999
JTWC 22S VICTORIA  130410 1800 170S 1040E 170 037 0974 1007 0407 33 037 -999 -999 -999 -999
JTWC 22S VICTORIA  130411 0000 176S 1041E 170 037 0978 1007 0417 31 046 -999 -999 -999 -999
JTWC 22S VICTORIA  130411 0600 185S 1046E 165 042 0974 1006 0435 33 046 -999 -999 -999 -999
JTWC 22S VICTORIA  130411 1200 198S 1050E 165 052 0985 1006 0426 26 065 -999 -999 -999 -999
JTWC 22S VICTORIA  130411 1800 211S 1053E 165 062 0989 1006 0426 23 065 0167 0167 0102 -999
JTWC 22S VICTORIA  130412 0000 231S 1061E 165 083 0996 1007 0426 18 074 -999 -999 -999 -999
