JTWC 23P ZANE      130430 0000 139S 1502E 245 047 0996 1008 0278 18 056 -999 -999 -999 -999
JTWC 23P ZANE      130430 0600 141S 1495E 250 047 0978 1007 0278 31 037 -999 -999 -999 -999
JTWC 23P ZANE      130430 1200 141S 1488E 255 047 0978 1009 0269 31 037 -999 -999 -999 -999
JTWC 23P ZANE      130430 1800 142S 1483E 260 037 0978 1009 0269 31 037 -999 -999 -999 -999
JTWC 23P ZANE      130501 0000 138S 1475E 280 037 0978 1009 0278 31 046 -999 -999 -999 -999
JTWC 23P ZANE      130501 0600 138S 1468E 280 037 0982 1006 0241 28 037 -999 -999 -999 -999
JTWC 23P ZANE      130501 1200 133S 1457E 290 047 0989 1006 0204 23 037 -999 -999 -999 -999
JTWC 23P ZANE      130501 1800 125S 1445E 295 057 0996 1008 0259 18 074 -999 -999 -999 -999
JTWC 23P ZANE      130502 0000 117S 1430E 300 067 1000 1008 0259 15 074 -999 -999 -999 -999
JTWC 23P ZANE      130502 0600 112S 1420E 300 067 1000 1008 0241 15 074 -999 -999 -999 -999
JTWC 23P ZANE      130502 1200 109S 1392E 285 093 1004 1008 0222 13 074 -999 -999 -999 -999
