JTWC 23W TWENTYTHR 131003 1200 158N 1484E 255 026 1002 1008 0389 10 055 -999 -999 -999 -999
JTWC 23W TWENTYTHR 131003 1800 159N 1476E 265 031 1004 1006 0333 13 083 -999 -999 -999 -999
JTWC 23W TWENTYTHR 131004 0000 161N 1465E 275 037 1000 1006 0333 15 083 -999 -999 -999 -999
JTWC 23W TWENTYTHR 131004 0600 166N 1456E 285 047 1000 1006 0333 15 083 -999 -999 -999 -999
JTWC 23W DANAS     131004 1200 172N 1448E 300 047 0996 1006 0333 18 083 -999 -999 -999 -999
JTWC 23W DANAS     131004 1800 178N 1439E 305 052 0993 1004 0296 20 064 -999 -999 -999 -999
JTWC 23W DANAS     131005 0000 182N 1424E 295 062 0985 1004 0296 26 065 0120 0102 0102 0120
JTWC 23W DANAS     131005 0600 189N 1409E 295 072 0982 1001 0315 28 037 0120 0102 0102 0120
JTWC 23W DANAS     131005 1200 195N 1395E 295 077 0974 1003 0324 33 037 0120 0102 0102 0120
JTWC 23W DANAS     131005 1800 203N 1381E 300 077 0970 1003 0352 36 028 0102 0102 0120 0130
JTWC 23W DANAS     131006 0000 212N 1363E 300 083 0963 1003 0407 41 027 -999 -999 -999 -999
JTWC 23W DANAS     131006 0600 220N 1350E 300 083 0959 1002 0389 43 027 -999 -999 -999 -999
JTWC 23W DANAS     131006 1200 227N 1334E 300 088 0952 1004 0370 49 028 0130 0130 0139 0148
JTWC 23W DANAS     131006 1800 240N 1316E 305 088 0944 1004 0407 54 028 0148 0148 0157 0167
JTWC 23W DANAS     131007 0000 253N 1300E 305 098 0937 1004 0426 59 031 0167 0167 0176 0185
JTWC 23W DANAS     131007 0600 266N 1287E 315 098 0929 1003 0407 64 028 0167 0167 0176 0185
JTWC 23W DANAS     131007 1200 280N 1277E 320 093 0933 1005 0389 62 028 0167 0167 0176 0185
JTWC 23W DANAS     131007 1800 297N 1271E 330 088 0948 1006 0389 51 019 0167 0167 0176 0185
JTWC 23W DANAS     131008 0000 313N 1269E 340 088 0959 1007 0389 44 019 0167 0167 0139 0139
JTWC 23W DANAS     131008 0600 328N 1278E 000 083 0974 1007 0389 33 037 -999 -999 -999 -999
JTWC 23W DANAS     131008 1200 345N 1296E 025 088 0982 1007 0389 28 037 -999 -999 -999 -999
JTWC 23W DANAS     131008 1800 360N 1323E 040 113 0985 1007 0389 26 064 -999 -999 -999 -999
