JTWC 29W TWENTYNIN 131029 1200 156N 1319E 280 013 1000 1008 0333 15 083 -999 -999 -999 -999 -999 -999
JTWC 29W TWENTYNIN 131029 1800 156N 1310E 270 012 1000 1004 0333 15 083 -999 -999 -999 -999 -999 -999
JTWC 29W KROSA     131030 0000 162N 1296E 280 067 0993 1004 0370 21 065 -999 -999 0065 0065
JTWC 29W KROSA     131030 0600 170N 1284E 285 067 0989 1006 0389 23 065 -999 -999 0065 0065
JTWC 29W KROSA     131030 1200 172N 1269E 285 072 0978 1008 0389 31 046 0093 0093 0111 0111
JTWC 29W KROSA     131030 1800 176N 1255E 285 072 0974 1008 0343 33 037 0167 0130 0130 0167
JTWC 29W KROSA     131031 0000 180N 1241E 285 072 0963 1008 0324 41 037 0167 0130 0130 0167
JTWC 29W KROSA     131031 0600 180N 1230E 285 067 0963 1007 0324 41 028 0176 0148 0148 0176
JTWC 29W KROSA     131031 1200 183N 1218E 285 062 0956 1008 0333 46 031 0213 0204 0204 0213
JTWC 29W KROSA     131031 1800 186N 1203E 285 067 0963 1008 0315 41 037 0222 0204 0204 0222
JTWC 29W KROSA     131101 0000 190N 1191E 285 067 0967 1008 0315 39 037 0222 0204 0204 0222
JTWC 29W KROSA     131101 0600 191N 1181E 285 062 0967 1008 0324 39 037 0222 0204 0204 0222
JTWC 29W KROSA     131101 1200 194N 1172E 285 057 0959 1009 0315 44 041 0241 0222 0222 0241
JTWC 29W KROSA     131101 1800 195N 1164E 280 046 0948 1009 0370 51 041 0278 0259 0259 0287
JTWC 29W KROSA     131102 0000 196N 1159E 285 037 0948 1009 0370 51 037 0278 0259 0259 0287
JTWC 29W KROSA     131102 0600 199N 1153E 285 032 0948 1009 0370 51 037 0278 0259 0259 0287
JTWC 29W KROSA     131102 1200 201N 1150E 295 026 0952 1009 0370 49 037 0259 0241 0241 0269
JTWC 29W KROSA     131102 1800 204N 1150E 315 021 0963 1009 0352 41 013 0222 0222 0222 0222
JTWC 29W KROSA     131103 0000 203N 1150E 325 011 0963 1009 0352 41 012 0222 0222 0222 0222
JTWC 29W KROSA     131103 0600 205N 1143E 300 016 0967 1009 0324 38 018 0222 0222 0222 0222
JTWC 29W KROSA     131103 1200 203N 1140E 265 015 0974 1009 0278 33 019 0185 0185 0185 0185
JTWC 29W KROSA     131103 1800 193N 1132E 240 037 0989 1009 0278 23 018 0176 0158 0167 0185
JTWC 29W KROSA     131104 0000 186N 1123E 225 047 1004 1009 0259 13 018 -999 -999 -999 -999
JTWC 29W KROSA     131104 0600 179N 1116E 230 052 1004 1009 0259 13 018 -999 -999 -999 -999
JTWC 29W KROSA     131104 1200 166N 1101E 230 067 1004 1010 0250 13 046 -999 -999 -999 -999
