JTWC 92B INVEST    130508 0600 059N 0892E 095 026 1004 1008 0278 13 056 -999 -999 -999 -999
JTWC 92B INVEST    130508 1200 054N 0898E 110 026 1004 1008 0259 13 074 -999 -999 -999 -999
JTWC 92B INVEST    130508 1800 054N 0902E 105 026 1005 1008 0259 13 074 -999 -999 -999 -999
JTWC 92B INVEST    130510 0000 054N 0932E 015 037 1000 1005 0259 15 074 -999 -999 -999 -999
JTWC 92B INVEST    131202 0000 058N 0854E 310 026 1007 1008 0407 10 083 -999 -999 -999 -999
JTWC 92B INVEST    131202 0600 065N 0842E 305 042 1007 1008 0407 10 083 -999 -999 -999 -999
JTWC 92B INVEST    131202 1200 082N 0832E 315 067 1007 1008 0407 10 083 -999 -999 -999 -999
JTWC 92B INVEST    131204 1200 077N 0829E 325 037 1006 1007 0407 10 083 -999 -999 -999 -999
JTWC 92B INVEST    131204 1800 075N 0834E 350 021 1004 1007 0407 13 083 -999 -999 -999 -999
JTWC 92B INVEST    131205 0000 080N 0835E 005 026 1004 1007 0407 13 083 -999 -999 -999 -999
JTWC 92B INVEST    131205 0600 090N 0834E 005 037 1000 1007 0407 15 083 -999 -999 -999 -999
JTWC 92B INVEST    131205 1200 098N 0840E 015 042 1000 1007 0407 15 083 -999 -999 -999 -999
JTWC 92B INVEST    131205 1800 100N 0844E 020 026 1000 1006 0389 15 064 -999 -999 -999 -999
