NHC  92E INVEST    130526 0600 114N 0912W 290 026 1009 1012 0334 10 148 -999 -999 -999 -999 -999 -999
NHC  92E INVEST    130526 1200 116N 0917W 290 026 1009 1012 0334 10 148 -999 -999 -999 -999 -999 -999
NHC  92E INVEST    130526 1800 124N 0939W 290 041 1009 1012 0334 13 148 -999 -999 -999 -999 -999 -999
NHC  92E INVEST    130527 0000 125N 0942W 290 036 1009 1011 0334 13 148 -999 -999 -999 -999 -999 -999
NHC  92E INVEST    130527 0600 129N 0949W 295 031 1008 1011 0297 13 148 -999 -999 -999 -999 -999 -999
NHC  92E INVEST    130527 1200 132N 0956W 295 031 1008 1011 0334 13 148 -999 -999 -999 -999 -999 -999
NHC  92E INVEST    130527 1800 138N 0956W 320 031 1007 1011 0334 15 130 -999 -999 -999 -999 -999 -999
NHC  92E INVEST    130528 0000 135N 0959W 295 021 1006 1010 0297 15 185 -999 -999 -999 -999 -999 -999
NHC  92E INVEST    130528 0600 134N 0957W 090 005 1005 1010 0278 15 093 -999 -999 -999 -999 -999 -999
NHC  92E INVEST    130528 1200 138N 0956W 360 000 1005 1010 0278 15 093 -999 -999 -999 -999 -999 -999
NHC  92E INVEST    130528 1800 140N 0965W 310 015 1005 1009 0278 15 093 -999 -999 -999 -999 -999 -999
NHC  92E INVEST    130808 1200 114N 1082W 270 082 1008 1010 0278 10 000 -999 -999 -999 -999 -999 -999
NHC  92E INVEST    130809 0000 106N 1104W 260 072 1008 1009 0222 10 111 -999 -999 -999 -999 -999 -999
NHC  92E INVEST    130810 0600 119N 1180W 285 036 1008 1010 0222 13 111 -999 -999 -999 -999 -999 -999
NHC  92E INVEST    130810 1200 124N 1188W 290 036 1008 1010 0278 13 167 -999 -999 -999 -999 -999 -999
NHC  92E INVEST    130810 1800 120N 1199W 280 041 1008 1010 0278 13 167 -999 -999 -999 -999 -999 -999
NHC  92E INVEST    130811 0000 122N 1205W 280 041 1008 1010 0278 13 167 -999 -999 -999 -999 -999 -999
NHC  92E INVEST    130811 1800 134N 1222W 280 046 1008 1010 0278 13 167 -999 -999 -999 -999 -999 -999
NHC  92E INVEST    130812 0000 132N 1236W 270 057 1008 1009 0278 13 111 -999 -999 -999 -999 -999 -999
NHC  92E INVEST    130812 1200 137N 1255W 280 051 1008 1010 0278 13 111 -999 -999 -999 -999 -999 -999
NHC  92E INVEST    130812 1800 139N 1267W 280 057 1008 1010 0278 13 130 -999 -999 -999 -999 -999 -999
NHC  92E INVEST    130813 0000 133N 1280W 265 057 1008 1010 0278 13 241 -999 -999 -999 -999 -999 -999
NHC  92E INVEST    130813 1200 131N 1337W 270 082 1008 1010 0278 13 241 -999 -999 -999 -999 -999 -999
NHC  92E INVEST    130813 1800 131N 1354W 270 082 1008 1010 0278 13 241 -999 -999 -999 -999 -999 -999
NHC  92E INVEST    130814 0000 131N 1369W 270 077 1008 1010 0278 13 130 -999 -999 -999 -999 -999 -999
NHC  92E INVEST    130814 1200 130N 1398W 270 072 1008 1010 0278 13 130 -999 -999 -999 -999 -999 -999
NHC  92E INVEST    130814 1800 139N 1435W 280 113 1008 1010 0278 13 130 -999 -999 -999 -999 -999 -999
NHC  92E INVEST    130815 0000 140N 1437W 280 093 1008 1010 0278 13 111 -999 -999 -999 -999 -999 -999
NHC  92E INVEST    130815 0600 139N 1452W 270 082 1010 1011 0222 13 167 -999 -999 -999 -999 -999 -999
NHC  92E INVEST    130815 1200 138N 1473W 265 088 1010 1011 0167 13 111 -999 -999 -999 -999 -999 -999
NHC  92E INVEST    130924 1200 147N 0950W 285 041 1009 1012 0278 10 130 -999 -999 -999 -999 -999 -999
NHC  92E INVEST    130925 0000 150N 0959W 280 026 1007 1008 0185 08 130 -999 -999 -999 -999 -999 -999
NHC  92E INVEST    130925 0600 150N 0973W 275 041 1006 1009 0185 10 111 -999 -999 -999 -999 -999 -999
NHC  92E INVEST    130925 1200 152N 0981W 280 041 1006 1009 0185 10 111 -999 -999 -999 -999 -999 -999
NHC  92E INVEST    130925 1800 158N 0994W 290 046 1007 1009 0222 13 093 -999 -999 -999 -999 -999 -999
NHC  92E INVEST    130926 0000 161N 1001W 295 051 1006 1007 0167 13 093 -999 -999 -999 -999 -999 -999
NHC  92E INVEST    130926 1200 165N 1009W 300 026 1006 1007 0167 13 093 -999 -999 -999 -999 -999 -999
NHC  92E INVEST    130926 1800 167N 1012W 305 021 1007 1009 0167 13 093 -999 -999 -999 -999 -999 -999
NHC  92E INVEST    130927 0000 171N 1037W 285 051 1007 1009 0167 13 093 -999 -999 -999 -999 -999 -999
NHC  92E INVEST    130927 1200 173N 1046W 285 036 1008 1011 0185 13 093 -999 -999 -999 -999 -999 -999
NHC  92E INVEST    130927 1800 178N 1057W 285 041 1008 1011 0185 13 093 -999 -999 -999 -999 -999 -999
NHC  92E INVEST    130928 0000 181N 1064W 295 041 1008 1009 0222 10 093 -999 -999 -999 -999 -999 -999
