NHC  93E INVEST    130611 1200 100N 1065W 285 015 1009 1010 0278 10 000 -999 -999 -999 -999 -999 -999
NHC  93E INVEST    130611 1800 100N 1077W 275 021 1009 1010 0278 10 000 -999 -999 -999 -999 -999 -999
NHC  93E INVEST    130612 0000 109N 1092W 290 046 1009 1010 0278 10 000 -999 -999 -999 -999 -999 -999
NHC  93E INVEST    130612 1200 125N 1116W 305 067 1009 1010 0278 10 000 -999 -999 -999 -999 -999 -999
NHC  93E INVEST    130811 0000 119N 1338W 280 036 1009 1010 0278 10 000 -999 -999 -999 -999 -999 -999
NHC  93E INVEST    131002 1200 146N 1067W 295 005 1009 1010 0278 10 111 -999 -999 -999 -999 -999 -999
NHC  93E INVEST    131002 1800 137N 1073W 285 005 1009 1010 0278 10 111 -999 -999 -999 -999 -999 -999
NHC  93E INVEST    131003 0000 134N 1077W 245 010 1007 1009 0278 10 093 -999 -999 -999 -999 -999 -999
NHC  93E INVEST    131003 0600 133N 1083W 255 021 1007 1009 0278 10 093 -999 -999 -999 -999 -999 -999
NHC  93E INVEST    131003 1200 133N 1085W 270 021 1007 1009 0278 10 093 -999 -999 -999 -999 -999 -999
NHC  93E INVEST    131004 0600 127N 1100W 250 026 1007 1009 0278 10 093 -999 -999 -999 -999 -999 -999
NHC  93E INVEST    131004 1200 125N 1110W 255 031 1007 1009 0278 10 093 -999 -999 -999 -999 -999 -999
NHC  93E INVEST    131005 0600 129N 1126W 285 026 1007 1009 0278 13 093 -999 -999 -999 -999 -999 -999
NHC  93E INVEST    131005 1200 128N 1132W 270 031 1007 1009 0278 13 185 -999 -999 -999 -999 -999 -999
NHC  93E INVEST    131005 1800 128N 1139W 270 031 1007 1009 0278 13 185 -999 -999 -999 -999 -999 -999
NHC  93E INVEST    131006 0600 133N 1161W 285 041 1007 1009 0278 13 185 -999 -999 -999 -999 -999 -999
NHC  93E INVEST    131006 1200 129N 1163W 275 036 1007 1009 0324 13 185 -999 -999 -999 -999 -999 -999
NHC  93E INVEST    131006 1800 128N 1180W 275 046 1007 1009 0371 13 111 -999 -999 -999 -999 -999 -999
