JTWC 94W INVEST    130111 0600 079N 1290E 355 052 1004 1008 0278 10 028 -999 -999 -999 -999
JTWC 94W INVEST    130111 1200 115N 1272E 340 093 1007 1008 0278 10 028 -999 -999 -999 -999
JTWC 94W INVEST    130111 1800 133N 1264E 335 098 1007 1008 0278 10 065 -999 -999 -999 -999
JTWC 94W INVEST    130112 0000 148N 1258E 335 098 1007 1008 0278 10 083 -999 -999 -999 -999
JTWC 94W INVEST    130619 1200 137N 1155E 090 011 1007 1008 0278 10 00  -999 -999 -999 -999
JTWC 94W INVEST    130619 1800 148N 1167E 085 021 1001 1003 0444 10 083 -999 -999 -999 -999
JTWC 94W INVEST    130620 0000 155N 1165E 035 021 1001 1003 0444 10 083 -999 -999 -999 -999
JTWC 94W INVEST    130620 0600 158N 1181E 040 026 1002 1004 0333 10 083 -999 -999 -999 -999
JTWC 94W INVEST    130620 1200 165N 1178E 015 026 1000 1002 0333 13 083 -999 -999 -999 -999
JTWC 94W INVEST    130718 1800 149N 1135E 335 037 1004 1008 0306 10 092 -999 -999 -999 -999
JTWC 94W INVEST    130719 0000 152N 1128E 320 041 1004 1008 0306 10 093 -999 -999 -999 -999
JTWC 94W INVEST    130719 0600 175N 1125E 330 062 1002 1004 0306 08 093 -999 -999 -999 -999
JTWC 94W INVEST    130719 1200 182N 1124E 335 057 1002 1004 0306 10 093 -999 -999 -999 -999
JTWC 94W INVEST    130719 1800 189N 1118E 325 051 1010 1011 0306 08 093 -999 -999 -999 -999
JTWC 94W INVEST    130804 0000 092N 1219E 290 113 1007 1009 0370 10 074 -999 -999 -999 -999
JTWC 94W INVEST    130804 0600 098N 1205E 290 108 1005 1006 0352 10 074 -999 -999 -999 -999
JTWC 94W INVEST    130804 1200 105N 1200E 295 083 1005 1007 0315 10 074 -999 -999 -999 -999
JTWC 94W INVEST    130804 1800 115N 1206E 315 052 1007 1009 0370 10 074 -999 -999 -999 -999
JTWC 94W INVEST    130805 0000 115N 1185E 295 062 1007 1009 0370 10 074 -999 -999 -999 -999
JTWC 94W INVEST    130805 0600 118N 1174E 290 067 1004 1006 0352 10 074 -999 -999 -999 -999
JTWC 94W INVEST    130805 1200 120N 1151E 280 083 1004 1006 0352 10 083 -999 -999 -999 -999
JTWC 94W INVEST    130909 1200 129N 1140E 275 032 1008 1011 0278 08 00  -999 -999 -999 -999
JTWC 94W INVEST    130909 1800 135N 1111E 280 072 1005 1007 0241 08 083 -999 -999 -999 -999
JTWC 94W INVEST    131018 1800 190N 1527E 355 037 1006 1008 0185 10 083 -999 -999 -999 -999
JTWC 94W INVEST    131019 0000 194N 1518E 335 026 1007 1008 0185 10 083 -999 -999 -999 -999
JTWC 94W INVEST    131019 0600 201N 1513E 325 036 1004 1008 0241 13 083 -999 -999 -999 -999
JTWC 94W INVEST    131203 0000 155N 1384E 330 037 1006 1008 0278 10 074 -999 -999 -999 -999
JTWC 94W INVEST    131203 0600 155N 1384E 330 037 1006 1008 0278 10 074 -999 -999 -999 -999
JTWC 94W INVEST    131203 1200 161N 1385E 345 037 1006 1008 0278 10 074 -999 -999 -999 -999
