JTWC 95S INVEST    131021 1800 092S 0839E 225 037 1004 1008 0315 13 055 -999 -999 -999 -999
JTWC 95S INVEST    131022 0000 103S 0830E 220 047 1004 1008 0315 13 055 -999 -999 -999 -999
JTWC 95S INVEST    131022 0600 108S 0810E 235 067 1004 1009 0352 13 074 -999 -999 -999 -999
JTWC 95S INVEST    131022 1200 088S 0799E 270 067 1004 1008 0333 13 074 -999 -999 -999 -999
JTWC 95S INVEST    131022 1800 097S 0785E 265 072 1004 1008 0333 13 074 -999 -999 -999 -999
JTWC 95S INVEST    131023 0000 073S 0781E 265 047 1004 1008 0333 13 074 -999 -999 -999 -999
JTWC 95S INVEST    131023 0600 079S 0774E 250 042 1004 1008 0333 13 074 -999 -999 -999 -999
JTWC 95S INVEST    131023 1200 085S 0767E 235 047 1004 1007 0333 13 074 -999 -999 -999 -999
JTWC 95S INVEST    131023 1800 094S 0758E 225 052 1004 1009 0315 13 074 -999 -999 -999 -999
JTWC 95S INVEST    131024 0000 092S 0740E 250 062 1004 1009 0315 13 074 -999 -999 -999 -999
JTWC 95S INVEST    131024 0600 086S 0730E 270 062 1004 1009 0315 13 074 -999 -999 -999 -999
JTWC 95S INVEST    131024 1200 086S 0721E 285 057 1004 1009 0315 13 074 -999 -999 -999 -999
JTWC 95S INVEST    131024 1800 088S 0712E 280 047 1004 1009 0315 13 074 -999 -999 -999 -999
JTWC 95S INVEST    131025 0000 092S 0711E 250 037 1004 1009 0296 13 074 -999 -999 -999 -999
JTWC 95S INVEST    131025 0600 093S 0698E 255 042 1004 1009 0296 13 074 -999 -999 -999 -999
JTWC 95S INVEST    131025 1200 098S 0693E 240 042 1004 1009 0296 13 074 -999 -999 -999 -999
JTWC 95S INVEST    131025 1800 097S 0687E 250 037 1004 1008 0296 13 074 -999 -999 -999 -999
JTWC 95S INVEST    131026 0000 101S 0675E 250 041 1000 1006 0296 15 074 -999 -999 -999 -999
JTWC 95S INVEST    131026 0600 099S 0676E 255 031 1000 1006 0343 15 074 -999 -999 -999 -999
JTWC 95S INVEST    131026 1200 107S 0671E 240 031 1000 1006 0343 15 074 -999 -999 -999 -999
JTWC 95S INVEST    131027 0000 127S 0658E 225 051 0996 1006 0333 18 056 -999 -999 -999 -999
JTWC 95S INVEST    131224 0600 130S 1279E 215 021 1002 1005 0241 13 083 -999 -999 -999 -999
JTWC 95S INVEST    131224 1800 136S 1280E 190 016 1004 1005 0241 13 083 -999 -999 -999 -999
JTWC 95S INVEST    131225 0000 140S 1282E 180 021 1004 1005 0241 13 083 -999 -999 -999 -999
JTWC 95S INVEST    131225 0600 145S 1288E 155 026 1004 1005 0241 13 083 -999 -999 -999 -999
JTWC 95S INVEST    131225 1200 148S 1288E 155 021 1004 1005 0241 13 083 -999 -999 -999 -999
JTWC 95S INVEST    131225 1800 151S 1286E 175 021 1007 1008 0241 10 083 -999 -999 -999 -999
JTWC 95S INVEST    131226 0000 154S 1284E 205 016 1007 1008 0241 10 083 -999 -999 -999 -999
