JTWC 96S INVEST    130126 0600 125S 0657E 275 026 1000 1006 0296 15 074 -999 -999 -999 -999
JTWC 96S INVEST    130126 1200 129S 0655E 255 021 0996 1004 0333 18 074 -999 -999 -999 -999
JTWC 96S INVEST    130222 1800 132S 1004E 250 032 1000 1005 0333 15 083 -999 -999 -999 -999
JTWC 96S INVEST    130223 0000 131S 0996E 260 037 1000 1004 0333 15 083 -999 -999 -999 -999
JTWC 96S INVEST    130223 0600 126S 0987E 275 042 1000 1003 0352 15 092 -999 -999 -999 -999
JTWC 96S INVEST    130223 1200 123S 0980E 285 041 1000 1003 0370 15 093 -999 -999 -999 -999
JTWC 96S INVEST    130223 1800 115S 0984E 320 032 1000 1002 0315 15 083 -999 -999 -999 -999
JTWC 96S INVEST    130224 0000 112S 0983E 335 026 1000 1002 0315 15 083 -999 -999 -999 -999
JTWC 96S INVEST    130224 0600 126S 0986E 155 057 1000 1002 0333 15 093 -999 -999 -999 -999
JTWC 96S INVEST    130224 1200 126S 0974E 230 021 0996 1002 0333 18 083 -999 -999 -999 -999
