JTWC 96W INVEST    130719 0000 052N 1301E 270 021 1009 1011 0278 08 083 -999 -999 -999 -999
JTWC 96W INVEST    130808 1200 121N 1367E 270 016 1005 1008 0306 10 083 -999 -999 -999 -999
JTWC 96W INVEST    130808 1800 123N 1359E 280 026 1004 1007 0324 13 083 -999 -999 -999 -999
JTWC 96W INVEST    130901 0000 252N 1229E 085 026 1006 1008 0333 10 074 -999 -999 -999 -999
JTWC 96W INVEST    130901 0600 257N 1236E 075 037 1003 1008 0343 10 074 -999 -999 -999 -999
JTWC 96W INVEST    130901 1200 259N 1242E 065 042 1004 1009 0343 13 074 -999 -999 -999 -999
JTWC 96W INVEST    130929 1800 263N 1481E 275 057 1004 1006 0333 13 083 -999 -999 -999 -999
NHC  96W INVEST    131027 0000 100N 1468E 285 057 1004 1008 0278 13 000 -999 -999 -999 -999 -999 -999
JTWC 96W INVEST    131028 0000 119N 1413E 290 036 1006 1008 0333 10 083 -999 -999 -999 -999
JTWC 96W INVEST    131028 0600 148N 1397E 320 067 1006 1008 0333 10 083 -999 -999 -999 -999
JTWC 96W INVEST    131028 1800 137N 1347E 270 098 1007 1008 0333 10 093 -999 -999 -999 -999
