JTWC 97S INVEST    130101 0000 103S 0841E 255 042 1004 1006 0333 13 046 -999 -999 -999 -999
JTWC 97S INVEST    130101 0600 095S 0859E 095 016 1004 1006 0333 13 046 -999 -999 -999 -999
JTWC 97S INVEST    130101 1200 092S 0852E 335 005 1000 1006 0333 15 046 -999 -999 -999 -999
JTWC 97S INVEST    130101 1800 091S 0844E 290 021 1000 1005 0333 15 046 -999 -999 -999 -999
JTWC 97S INVEST    130102 0000 086S 0841E 290 032 1000 1005 0333 15 046 -999 -999 -999 -999
JTWC 97S INVEST    130102 0600 086S 0853E 320 011 1000 1005 0333 15 046 -999 -999 -999 -999
JTWC 97S INVEST    130102 1200 090S 0851E 270 011 1000 1005 0333 15 046 -999 -999 -999 -999
JTWC 97S INVEST    130102 1800 093S 0849E 230 016 1000 1005 0333 15 046 -999 -999 -999 -999
JTWC 97S INVEST    130103 0000 096S 0846E 215 021 1000 1005 0333 15 046 -999 -999 -999 -999
JTWC 97S INVEST    130103 0600 098S 0824E 255 047 1000 1008 0333 15 046 -999 -999 -999 -999
JTWC 97S INVEST    130103 1200 098S 0810E 260 067 1000 1006 0333 15 056 -999 -999 -999 -999
JTWC 97S INVEST    130103 1800 104S 0804E 265 062 1000 1006 0333 15 056 -999 -999 -999 -999
JTWC 97S INVEST    130104 0000 098S 0802E 265 042 1004 1006 0333 13 056 -999 -999 -999 -999
JTWC 97S INVEST    130104 0600 095S 0796E 270 036 1004 1007 0333 13 056 -999 -999 -999 -999
JTWC 97S INVEST    130104 1200 096S 0803E 270 011 1004 1005 0315 13 056 -999 -999 -999 -999
JTWC 97S INVEST    130104 1800 102S 0806E 135 011 1004 1005 0315 13 056 -999 -999 -999 -999
JTWC 97S INVEST    130105 0000 104S 0799E 160 016 1002 1005 0315 13 056 -999 -999 -999 -999
JTWC 97S INVEST    130105 0600 113S 0805E 175 032 1004 1005 0306 13 074 -999 -999 -999 -999
JTWC 97S INVEST    130105 1200 116S 0810E 165 026 1004 1005 0324 13 056 -999 -999 -999 -999
JTWC 97S INVEST    130105 1800 121S 0805E 160 032 1004 1005 0324 13 056 -999 -999 -999 -999
JTWC 97S INVEST    130106 0000 127S 0797E 210 026 1004 1006 0324 13 056 -999 -999 -999 -999
JTWC 97S INVEST    130112 1200 118S 0803E 270 032 1000 1004 0333 15 074 -999 -999 -999 -999
JTWC 97S INVEST    130112 1800 118S 0805E 270 021 0996 1008 0333 18 065 -999 -999 -999 -999
JTWC 97S INVEST    130223 0000 151S 1188E 245 032 1000 1002 0333 13 083 -999 -999 -999 -999
JTWC 97S INVEST    130223 0600 156S 1182E 225 032 0998 1001 0333 15 065 -999 -999 -999 -999
JTWC 97S INVEST    130223 1200 158S 1178E 215 026 0998 1000 0333 15 083 -999 -999 -999 -999
JTWC 97S INVEST    130223 1800 162S 1181E 190 016 0995 1000 0370 15 083 -999 -999 -999 -999
JTWC 97S INVEST    130224 0000 167S 1181E 185 021 0995 1000 0370 15 083 -999 -999 -999 -999
