NHC  99L INVEST    130724 1200 304N 0556W 295 026 1016 1018 0185 10 093 -999 -999 -999 -999 -999 -999
NHC  99L INVEST    130724 1800 308N 0567W 295 041 1016 1018 0278 10 093 -999 -999 -999 -999 -999 -999
NHC  99L INVEST    130725 0000 320N 0578W 310 051 1017 1019 0278 10 093 -999 -999 -999 -999 -999 -999
NHC  99L INVEST    130725 0600 331N 0587W 315 067 1017 1019 0278 10 093 -999 -999 -999 -999 -999 -999
NHC  99L INVEST    130725 1200 342N 0596W 325 072 1015 1016 0278 10 093 -999 -999 -999 -999 -999 -999
NHC  99L INVEST    130905 0600 215N 0944W 270 021 1010 1013 0334 10 074 -999 -999 -999 -999 -999 -999
NHC  99L INVEST    130905 1200 213N 0944W 265 015 1010 1013 0334 10 074 -999 -999 -999 -999 -999 -999
NHC  99L INVEST    130905 1800 224N 0950W 290 021 1011 1013 0297 15 093 -999 -999 -999 -999 -999 -999
NHC  99L INVEST    130906 0000 226N 0964W 300 036 1011 1013 0297 15 093 -999 -999 -999 -999 -999 -999
NHC  99L INVEST    130906 0600 226N 0970W 290 041 1011 1013 0297 15 093 -999 -999 -999 -999 -999 -999
NHC  99L INVEST    130906 1200 225N 0973W 270 021 1010 1013 0297 15 093 -999 -999 -999 -999 -999 -999
NHC  99L INVEST    131017 0600 331N 0647W 005 031 1008 1013 0204 15 093 -999 -999 -999 -999 -999 -999
