IBTr 06P BOLA      880223 1800 104S 1795E -99 -99 -999 1010 0000 -9 000 -999 -999 -999 -999 -999
IBTr 06P BOLA      880224 0000 116S 1788E -99 -99 0997 1010 0100 15 010 -999 -999 -999 -999 -999
IBTr 06P BOLA      880224 0600 128S 1780E -99 -99 0997 1010 0100 15 010 -999 -999 -999 -999 -999
IBTr 06P BOLA      880224 1200 139S 1774E -99 -99 0997 1010 0100 15 010 -999 -999 -999 -999 -999
IBTr 06P BOLA      880224 1800 145S 1773E -99 -99 0997 1010 0100 15 010 -999 -999 -999 -999 -999
IBTr 06P BOLA      880225 0000 151S 1771E -99 -99 0995 1010 0100 18 010 -999 -999 -999 -999 -999
IBTr 06P BOLA      880225 0600 155S 1767E -99 -99 0995 1010 0100 18 010 -999 -999 -999 -999 -999
IBTr 06P BOLA      880225 1200 156S 1760E -99 -99 0990 1010 0110 20 011 -999 -999 -999 -999 -999
IBTr 06P BOLA      880225 1800 155S 1750E -99 -99 0990 1010 0110 20 011 -999 -999 -999 -999 -999
IBTr 06P BOLA      880226 0000 151S 1738E -99 -99 0987 1010 0120 23 012 -999 -999 -999 -999 -999
IBTr 06P BOLA      880226 0600 147S 1726E -99 -99 0987 1010 0120 23 012 -999 -999 -999 -999 -999
IBTr 06P BOLA      880226 1200 145S 1715E -99 -99 0987 1010 0120 23 012 -999 -999 -999 -999 -999
IBTr 06P BOLA      880226 1800 148S 1708E -99 -99 0985 1010 0120 25 012 -999 -999 -999 -999 -999
IBTr 06P BOLA      880227 0000 152S 1705E -99 -99 0985 1010 0120 25 012 -999 -999 -999 -999 -999
IBTr 06P BOLA      880227 0600 156S 1702E -99 -99 0980 1010 0120 28 012 -999 -999 -999 -999 -999
IBTr 06P BOLA      880227 1200 160S 1699E -99 -99 0980 1010 0120 28 012 -999 -999 -999 -999 -999
IBTr 06P BOLA      880227 1800 162S 1695E -99 -99 0975 1010 0130 30 013 -999 -999 -999 -999 -999
IBTr 06P BOLA      880228 0000 163S 1690E -99 -99 0975 1010 0130 30 013 -999 -999 -999 -999 -999
IBTr 06P BOLA      880228 0600 166S 1686E -99 -99 0970 1010 0130 33 013 -999 -999 -999 -999 -999
IBTr 06P BOLA      880228 1200 166S 1682E -99 -99 0965 1010 0130 36 013 -999 -999 -999 -999 -999
IBTr 06P BOLA      880228 1800 167S 1681E -99 -99 0965 1010 0130 36 013 -999 -999 -999 -999 -999
IBTr 06P BOLA      880229 0000 168S 1682E -99 -99 0960 1010 0130 38 013 -999 -999 -999 -999 -999
IBTr 06P BOLA      880229 0600 169S 1689E -99 -99 0960 1010 0130 38 013 -999 -999 -999 -999 -999
IBTr 06P BOLA      880229 1200 172S 1695E -99 -99 0955 1010 0130 41 013 -999 -999 -999 -999 -999
IBTr 06P BOLA      880229 1800 177S 1697E -99 -99 0955 1010 0130 41 013 -999 -999 -999 -999 -999
IBTr 06P BOLA      880301 0000 181S 1696E -99 -99 0945 1010 0130 43 013 -999 -999 -999 -999 -999
IBTr 06P BOLA      880301 0600 182S 1692E -99 -99 0945 1010 0130 43 013 -999 -999 -999 -999 -999
IBTr 06P BOLA      880301 1200 180S 1690E -99 -99 0940 1010 0130 46 013 -999 -999 -999 -999 -999
IBTr 06P BOLA      880301 1800 178S 1690E -99 -99 0940 1010 0120 46 012 -999 -999 -999 -999 -999
IBTr 06P BOLA      880302 0000 177S 1692E -99 -99 0940 1010 0120 46 012 -999 -999 -999 -999 -999
IBTr 06P BOLA      880302 0600 176S 1695E -99 -99 0940 1010 0120 46 012 -999 -999 -999 -999 -999
IBTr 06P BOLA      880302 1200 177S 1698E -99 -99 0945 1010 0130 43 013 -999 -999 -999 -999 -999
IBTr 06P BOLA      880302 1800 178S 1704E -99 -99 0945 1010 0130 43 013 -999 -999 -999 -999 -999
IBTr 06P BOLA      880303 0000 182S 1713E -99 -99 0955 1010 0130 41 013 -999 -999 -999 -999 -999
IBTr 06P BOLA      880303 0600 187S 1726E -99 -99 0955 1010 0130 41 013 -999 -999 -999 -999 -999
IBTr 06P BOLA      880303 1200 195S 1742E -99 -99 0960 1010 0140 38 014 -999 -999 -999 -999 -999
IBTr 06P BOLA      880303 1800 208S 1760E -99 -99 0960 1010 0140 38 014 -999 -999 -999 -999 -999
IBTr 06P BOLA      880304 0000 226S 1773E -99 -99 0965 1010 0140 36 014 -999 -999 -999 -999 -999
IBTr 06P BOLA      880304 0600 247S 1785E -99 -99 0965 1010 0140 36 014 -999 -999 -999 -999 -999
IBTr 06P BOLA      880304 1200 262S 1785E -99 -99 0970 1010 0140 33 014 -999 -999 -999 -999 -999
IBTr 06P BOLA      880304 1800 274S 1781E -99 -99 0970 1010 0140 33 014 -999 -999 -999 -999 -999
IBTr 06P BOLA      880305 0000 283S 1771E -99 -99 0970 1010 0140 33 014 -999 -999 -999 -999 -999
IBTr 06P BOLA      880305 0600 288S 1766E -99 -99 0970 1010 0140 33 014 -999 -999 -999 -999 -999
IBTr 06P BOLA      880305 1200 292S 1763E -99 -99 0970 1010 0140 33 014 -999 -999 -999 -999 -999
IBTr 06P BOLA      880305 1800 300S 1762E -99 -99 0975 1010 0140 30 014 -999 -999 -999 -999 -999
IBTr 06P BOLA      880306 0000 304S 1762E -99 -99 0975 1010 0140 30 014 -999 -999 -999 -999 -999
IBTr 06P BOLA      880306 0600 310S 1761E -99 -99 0975 1010 0140 30 014 -999 -999 -999 -999 -999
IBTr 06P BOLA      880306 1200 315S 1760E -99 -99 0975 1010 0140 30 014 -999 -999 -999 -999 -999
IBTr 06P BOLA      880306 1800 330S 1758E -99 -99 0975 1010 0140 30 014 -999 -999 -999 -999 -999
IBTr 06P BOLA      880307 0000 334S 1755E -99 -99 0975 1010 0140 30 014 -999 -999 -999 -999 -999
IBTr 06P BOLA      880307 0600 335S 1752E -99 -99 0980 1010 0130 28 013 -999 -999 -999 -999 -999
IBTr 06P BOLA      880307 1200 335S 1750E -99 -99 0980 1010 0130 28 013 -999 -999 -999 -999 -999
IBTr 06P BOLA      880307 1800 336S 1742E -99 -99 0980 1010 0130 28 013 -999 -999 -999 -999 -999
IBTr 06P BOLA      880308 0000 336S 1734E -99 -99 0980 1010 0130 28 013 -999 -999 -999 -999 -999
IBTr 06P BOLA      880308 0600 337S 1728E -99 -99 0985 1010 0130 25 013 -999 -999 -999 -999 -999
IBTr 06P BOLA      880308 1200 338S 1719E -99 -99 0985 1010 0130 25 013 -999 -999 -999 -999 -999
IBTr 06P BOLA      880308 1800 341S 1710E -99 -99 0985 1010 0130 25 013 -999 -999 -999 -999 -999
IBTr 06P BOLA      880309 0000 345S 1706E -99 -99 0985 1010 0130 25 013 -999 -999 -999 -999 -999
IBTr 06P BOLA      880309 0600 349S 1702E -99 -99 0985 1010 0130 25 013 -999 -999 -999 -999 -999
IBTr 06P BOLA      880309 1200 358S 1701E -99 -99 0985 1010 0130 25 013 -999 -999 -999 -999 -999
IBTr 06P BOLA      880309 1800 370S 1700E -99 -99 0987 1010 0130 23 013 -999 -999 -999 -999 -999
IBTr 06P BOLA      880310 0000 380S 1690E -99 -99 0990 1010 0120 20 012 -999 -999 -999 -999 -999
IBTr 06P BOLA      880310 0600 390S 1684E -99 -99 0995 1010 0120 18 012 -999 -999 -999 -999 -999
IBTr 06P BOLA      880310 1200 392S 1685E -99 -99 0997 1010 0110 15 011 -999 -999 -999 -999 -999
IBTr 06P BOLA      880310 1800 394S 1687E -99 -99 0997 1010 0110 15 011 -999 -999 -999 -999 -999
IBTr 06P BOLA      880311 0000 395S 1688E -99 -99 0997 1010 0110 15 011 -999 -999 -999 -999 -999
IBTr 06P BOLA      880311 0600 410S 1700E -99 -99 0997 1010 0110 15 011 -999 -999 -999 -999 -999
IBTr 06P BOLA      880311 1200 418S 1708E -99 -99 0997 1010 0110 15 011 -999 -999 -999 -999 -999
