IBTr 06E FABIO     880728 1800 120N 1210W -99 -99 1011 1011 0080 12 008 -999 -999 -999 -999 -999 -999
IBTr 06E FABIO     880729 0000 120N 1220W -99 -99 1009 1010 0080 12 008 -999 -999 -999 -999 -999 -999
IBTr 06E FABIO     880729 0600 120N 1230W -99 -99 1008 1010 0080 15 008 -999 -999 -999 -999 -999 -999
IBTr 06E FABIO     880729 1200 120N 1240W -99 -99 1006 1010 0090 15 009 -999 -999 -999 -999 -999 -999
IBTr 06E FABIO     880729 1800 119N 1250W -99 -99 1003 1010 0090 20 009 -999 -999 -999 -999 -999 -999
IBTr 06E FABIO     880730 0000 119N 1260W -99 -99 0999 1010 0100 25 010 -999 -999 -999 -999 -999 -999
IBTr 06E FABIO     880730 0600 119N 1268W -99 -99 0994 1010 0100 28 010 -999 -999 -999 -999 -999 -999
IBTr 06E FABIO     880730 1200 119N 1277W -99 -99 0991 1010 0110 28 011 -999 -999 -999 -999 -999 -999
IBTr 06E FABIO     880730 1800 119N 1286W -99 -99 0988 1010 0110 30 011 -999 -999 -999 -999 -999 -999
IBTr 06E FABIO     880731 0000 120N 1296W -99 -99 0986 1010 0120 30 012 -999 -999 -999 -999 -999 -999
IBTr 06E FABIO     880731 0600 121N 1305W -99 -99 0984 1010 0120 30 012 -999 -999 -999 -999 -999 -999
IBTr 06E FABIO     880731 1200 122N 1314W -99 -99 0982 1010 0120 33 012 -999 -999 -999 -999 -999 -999
IBTr 06E FABIO     880731 1800 123N 1323W -99 -99 0981 1010 0120 33 012 -999 -999 -999 -999 -999 -999
IBTr 06E FABIO     880801 0000 125N 1333W -99 -99 0980 1010 0120 36 012 -999 -999 -999 -999 -999 -999
IBTr 06E FABIO     880801 0600 126N 1342W -99 -99 0978 1010 0120 36 012 -999 -999 -999 -999 -999 -999
IBTr 06E FABIO     880801 1200 128N 1353W -99 -99 0976 1010 0130 38 013 -999 -999 -999 -999 -999 -999
IBTr 06E FABIO     880801 1800 129N 1364W -99 -99 0974 1010 0130 38 013 -999 -999 -999 -999 -999 -999
IBTr 06E FABIO     880802 0000 130N 1375W -99 -99 0972 1010 0130 41 013 -999 -999 -999 -999 -999 -999
IBTr 06E FABIO     880802 0600 130N 1385W -99 -99 0970 1010 0130 43 013 -999 -999 -999 -999 -999 -999
IBTr 06E FABIO     880802 1200 132N 1396W -99 -99 0966 1010 0130 46 013 -999 -999 -999 -999 -999 -999
IBTr 06E FABIO     880802 1800 134N 1406W -99 -99 0960 1010 0130 48 013 -999 -999 -999 -999 -999 -999
IBTr 06E FABIO     880803 0000 137N 1417W -99 -99 0950 1010 0130 54 013 -999 -999 -999 -999 -999 -999
IBTr 06E FABIO     880803 0600 141N 1426W -99 -99 0944 1010 0130 59 013 -999 -999 -999 -999 -999 -999
IBTr 06E FABIO     880803 1200 147N 1437W -99 -99 0943 1010 0130 61 013 -999 -999 -999 -999 -999 -999
IBTr 06E FABIO     880803 1800 152N 1449W -99 -99 0959 1010 0130 56 013 -999 -999 -999 -999 -999 -999
IBTr 06E FABIO     880804 0000 157N 1462W -99 -99 0977 1010 0130 51 013 -999 -999 -999 -999 -999 -999
IBTr 06E FABIO     880804 0600 160N 1472W -99 -99 0981 1010 0120 46 012 -999 -999 -999 -999 -999 -999
IBTr 06E FABIO     880804 1200 162N 1483W -99 -99 0985 1010 0120 38 012 -999 -999 -999 -999 -999 -999
IBTr 06E FABIO     880804 1800 161N 1494W -99 -99 0993 1010 0110 33 011 -999 -999 -999 -999 -999 -999
IBTr 06E FABIO     880805 0000 159N 1506W -99 -99 0999 1010 0100 25 010 -999 -999 -999 -999 -999 -999
IBTr 06E FABIO     880805 0600 157N 1516W -99 -99 1002 1010 0090 23 009 -999 -999 -999 -999 -999 -999
IBTr 06E FABIO     880805 1200 156N 1526W -99 -99 1003 1010 0090 20 009 -999 -999 -999 -999 -999 -999
IBTr 06E FABIO     880805 1800 154N 1534W -99 -99 1005 1010 0090 18 009 -999 -999 -999 -999 -999 -999
IBTr 06E FABIO     880806 0000 155N 1542W -99 -99 1006 1010 0090 15 009 -999 -999 -999 -999 -999 -999
IBTr 06E FABIO     880806 0600 155N 1549W -99 -99 1007 1010 0090 15 009 -999 -999 -999 -999 -999 -999
IBTr 06E FABIO     880806 1200 155N 1557W -99 -99 1008 1010 0080 15 008 -999 -999 -999 -999 -999 -999
IBTr 06E FABIO     880806 1800 155N 1564W -99 -99 1008 1010 0080 15 008 -999 -999 -999 -999 -999 -999
IBTr 06E FABIO     880807 0000 155N 1572W -99 -99 1008 1010 0080 15 008 -999 -999 -999 -999 -999 -999
IBTr 06E FABIO     880807 0600 155N 1579W -99 -99 1009 1010 0080 15 008 -999 -999 -999 -999 -999 -999
IBTr 06E FABIO     880807 1200 156N 1586W -99 -99 1009 1010 0080 15 008 -999 -999 -999 -999 -999 -999
IBTr 06E FABIO     880807 1800 158N 1592W -99 -99 1009 1010 0080 15 008 -999 -999 -999 -999 -999 -999
IBTr 06E FABIO     880808 0000 161N 1599W -99 -99 1010 1010 0080 15 008 -999 -999 -999 -999 -999 -999
IBTr 06E FABIO     880808 0600 163N 1605W -99 -99 1010 1010 0080 15 008 -999 -999 -999 -999 -999 -999
IBTr 06E FABIO     880808 1200 166N 1611W -99 -99 1010 1010 0080 15 008 -999 -999 -999 -999 -999 -999
IBTr 06E FABIO     880808 1800 168N 1616W -99 -99 1011 1011 0080 12 008 -999 -999 -999 -999 -999 -999
IBTr 06E FABIO     880809 0000 170N 1622W -99 -99 1011 1011 0080 12 008 -999 -999 -999 -999 -999 -999
IBTr 06E FABIO     880809 0600 172N 1628W -99 -99 1012 1012 0080 12 008 -999 -999 -999 -999 -999 -999
IBTr 06E FABIO     880809 1200 176N 1634W -99 -99 1012 1012 0080 12 008 -999 -999 -999 -999 -999 -999
IBTr 06E FABIO     880809 1800 180N 1640W -99 -99 1012 1012 0080 10 008 -999 -999 -999 -999 -999 -999
