IBTr 08W AGNES     880726 0000 270N 1350E -99 -99 -999 1010 0000 10 000 -999 -999 -999 -999 -999 -999
IBTr 08W AGNES     880726 0600 261N 1355E -99 -99 -999 1010 0000 10 000 -999 -999 -999 -999 -999 -999
IBTr 08W AGNES     880726 1200 253N 1362E -99 -99 -999 1010 0000 10 000 -999 -999 -999 -999 -999 -999
IBTr 08W AGNES     880726 1800 246N 1370E -99 -99 -999 1010 0000 10 000 -999 -999 -999 -999 -999 -999
IBTr 08W AGNES     880727 0000 240N 1379E -99 -99 -999 1010 0000 10 000 -999 -999 -999 -999 -999 -999
IBTr 08W AGNES     880727 0600 235N 1392E -99 -99 -999 1010 0000 10 000 -999 -999 -999 -999 -999 -999
IBTr 08W AGNES     880727 1200 228N 1401E -99 -99 0996 1010 0110 10 011 -999 -999 -999 -999 -999 -999
IBTr 08W AGNES     880727 1800 220N 1405E -99 -99 0996 1010 0110 10 011 -999 -999 -999 -999 -999 -999
IBTr 08W AGNES     880728 0000 212N 1408E -99 -99 0996 1010 0110 10 011 -999 -999 -999 -999 -999 -999
IBTr 08W AGNES     880728 0600 203N 1409E -99 -99 0996 1010 0110 12 011 -999 -999 -999 -999 -999 -999
IBTr 08W AGNES     880728 1200 198N 1409E -99 -99 0996 1010 0110 12 011 -999 -999 -999 -999 -999 -999
IBTr 08W AGNES     880728 1800 203N 1408E -99 -99 0994 1010 0110 12 011 -999 -999 -999 -999 -999 -999
IBTr 08W AGNES     880729 0000 210N 1406E -99 -99 0994 1010 0110 15 011 -999 -999 -999 -999 -999 -999
IBTr 08W AGNES     880729 0600 217N 1407E -99 -99 0992 1010 0110 18 011 -999 -999 -999 -999 -999 -999
IBTr 08W AGNES     880729 1200 227N 1408E -99 -99 0990 1010 0110 20 011 -999 -999 -999 -999 -999 -999
IBTr 08W AGNES     880729 1800 239N 1412E -99 -99 0985 1010 0120 20 012 -999 -999 -999 -999 -999 -999
IBTr 08W AGNES     880730 0000 257N 1416E -99 -99 0980 1010 0130 25 013 -999 -999 -999 -999 -999 -999
IBTr 08W AGNES     880730 0600 277N 1419E -99 -99 0975 1010 0130 25 013 -999 -999 -999 -999 -999 -999
IBTr 08W AGNES     880730 1200 296N 1420E -99 -99 0980 1010 0130 25 013 -999 -999 -999 -999 -999 -999
IBTr 08W AGNES     880730 1800 313N 1424E -99 -99 0980 1010 0130 23 013 -999 -999 -999 -999 -999 -999
IBTr 08W AGNES     880731 0000 329N 1433E -99 -99 0980 1010 0130 23 013 -999 -999 -999 -999 -999 -999
IBTr 08W AGNES     880731 0600 350N 1454E -99 -99 0985 1010 0130 23 013 -999 -999 -999 -999 -999 -999
IBTr 08W AGNES     880731 1200 374N 1483E -99 -99 0985 1010 0130 23 013 -999 -999 -999 -999 -999 -999
IBTr 08W AGNES     880731 1800 399N 1515E -99 -99 0990 1010 0120 23 012 -999 -999 -999 -999 -999 -999
IBTr 08W AGNES     880801 0000 420N 1560E -99 -99 0992 1010 0120 20 012 -999 -999 -999 -999 -999 -999
IBTr 08W AGNES     880801 0600 440N 1600E -99 -99 0992 1010 0120 -9 012 -999 -999 -999 -999 -999 -999
IBTr 08W AGNES     880801 1200 470N 1640E -99 -99 0988 1010 0130 -9 013 -999 -999 -999 -999 -999 -999
IBTr 08W AGNES     880801 1800 510N 1650E -99 -99 0976 1010 0150 -9 015 -999 -999 -999 -999 -999 -999
IBTr 08W AGNES     880802 0000 520N 1655E -99 -99 0976 1010 0150 -9 015 -999 -999 -999 -999 -999 -999
IBTr 08W AGNES     880802 0600 525N 1660E -99 -99 0976 1010 0150 -9 015 -999 -999 -999 -999 -999 -999
IBTr 08W AGNES     880802 1200 525N 1665E -99 -99 0980 1010 0140 -9 014 -999 -999 -999 -999 -999 -999
IBTr 08W AGNES     880802 1800 530N 1680E -99 -99 0984 1010 0140 -9 014 -999 -999 -999 -999 -999 -999
IBTr 08W AGNES     880803 0000 530N 1690E -99 -99 0988 1010 0130 -9 013 -999 -999 -999 -999 -999 -999
IBTr 08W AGNES     880803 0600 530N 1710E -99 -99 0988 1010 0130 -9 013 -999 -999 -999 -999 -999 -999
IBTr 08W AGNES     880803 1200 540N 1730E -99 -99 0992 1010 0130 -9 013 -999 -999 -999 -999 -999 -999
IBTr 08W AGNES     880803 1800 550N 1750E -99 -99 0996 1010 0120 -9 012 -999 -999 -999 -999 -999 -999
IBTr 08W AGNES     880804 0000 555N 1775E -99 -99 0996 1010 0120 -9 012 -999 -999 -999 -999 -999 -999
IBTr 08W AGNES     880804 0600 560N 1790E -99 -99 0996 1010 0120 -9 012 -999 -999 -999 -999 -999 -999
