IBTr 02W SUSAN     880528 1800 190N 1185E -99 -99 1004 1010 0090 -9 009 -999 -999 -999 -999 -999
IBTr 02W SUSAN     880529 0000 190N 1197E -99 -99 1004 1010 0090 10 009 -999 -999 -999 -999 -999
IBTr 02W SUSAN     880529 0600 190N 1198E -99 -99 1004 1010 0090 10 009 -999 -999 -999 -999 -999
IBTr 02W SUSAN     880529 1200 190N 1196E -99 -99 1000 1010 0100 12 010 -999 -999 -999 -999 -999
IBTr 02W SUSAN     880529 1800 188N 1194E -99 -99 1000 1010 0100 12 010 -999 -999 -999 -999 -999
IBTr 02W SUSAN     880530 0000 185N 1193E -99 -99 1000 1010 0100 15 010 -999 -999 -999 -999 -999
IBTr 02W SUSAN     880530 0600 183N 1192E -99 -99 0996 1010 0100 20 010 -999 -999 -999 -999 -999
IBTr 02W SUSAN     880530 1200 182N 1190E -99 -99 0994 1010 0110 20 011 -999 -999 -999 -999 -999
IBTr 02W SUSAN     880530 1800 183N 1185E -99 -99 0992 1010 0110 23 011 -999 -999 -999 -999 -999
IBTr 02W SUSAN     880531 0000 185N 1182E -99 -99 0990 1010 0110 23 011 -999 -999 -999 -999 -999
IBTr 02W SUSAN     880531 0600 188N 1180E -99 -99 0985 1010 0120 25 012 -999 -999 -999 -999 -999
IBTr 02W SUSAN     880531 1200 194N 1178E -99 -99 0985 1010 0120 25 012 -999 -999 -999 -999 -999
IBTr 02W SUSAN     880531 1800 198N 1177E -99 -99 0980 1010 0130 28 013 -999 -999 -999 -999 -999
IBTr 02W SUSAN     880601 0000 202N 1177E -99 -99 0975 1010 0130 28 013 -999 -999 -999 -999 -999
IBTr 02W SUSAN     880601 0600 205N 1181E -99 -99 0975 1010 0130 30 013 -999 -999 -999 -999 -999
IBTr 02W SUSAN     880601 1200 210N 1187E -99 -99 0970 1010 0130 30 013 -999 -999 -999 -999 -999
IBTr 02W SUSAN     880601 1800 215N 1197E -99 -99 0970 1010 0130 33 013 -999 -999 -999 -999 -999
IBTr 02W SUSAN     880602 0000 222N 1210E -99 -99 0975 1010 0130 33 013 -999 -999 -999 -999 -999
IBTr 02W SUSAN     880602 0600 233N 1226E -99 -99 0975 1010 0130 33 013 -999 -999 -999 -999 -999
IBTr 02W SUSAN     880602 1200 244N 1245E -99 -99 0980 1010 0130 28 013 -999 -999 -999 -999 -999
IBTr 02W SUSAN     880602 1800 253N 1264E -99 -99 0985 1010 0120 25 012 -999 -999 -999 -999 -999
IBTr 02W SUSAN     880603 0000 258N 1285E -99 -99 0992 1010 0110 20 011 -999 -999 -999 -999 -999
IBTr 02W SUSAN     880603 0600 266N 1306E -99 -99 0998 1010 0100 12 010 -999 -999 -999 -999 -999
