IBTr 04E DANIEL    880719 1200 146N 1125W -99 -99 1009 1010 0080 12 008 -999 -999 -999 -999 -999
IBTr 04E DANIEL    880719 1800 149N 1129W -99 -99 1007 1010 0090 15 009 -999 -999 -999 -999 -999
IBTr 04E DANIEL    880720 0000 151N 1134W -99 -99 1005 1010 0090 18 009 -999 -999 -999 -999 -999
IBTr 04E DANIEL    880720 0600 152N 1137W -99 -99 1002 1010 0090 20 009 -999 -999 -999 -999 -999
IBTr 04E DANIEL    880720 1200 154N 1142W -99 -99 1000 1010 0100 23 010 -999 -999 -999 -999 -999
IBTr 04E DANIEL    880720 1800 157N 1147W -99 -99 1000 1010 0100 23 010 -999 -999 -999 -999 -999
IBTr 04E DANIEL    880721 0000 161N 1155W -99 -99 1000 1010 0100 23 010 -999 -999 -999 -999 -999
IBTr 04E DANIEL    880721 0600 166N 1163W -99 -99 1000 1010 0100 23 010 -999 -999 -999 -999 -999
IBTr 04E DANIEL    880721 1200 172N 1174W -99 -99 1000 1010 0100 23 010 -999 -999 -999 -999 -999
IBTr 04E DANIEL    880721 1800 178N 1184W -99 -99 0997 1010 0100 25 010 -999 -999 -999 -999 -999
IBTr 04E DANIEL    880722 0000 185N 1196W -99 -99 0997 1010 0100 25 010 -999 -999 -999 -999 -999
IBTr 04E DANIEL    880722 0600 188N 1208W -99 -99 0997 1010 0100 25 010 -999 -999 -999 -999 -999
IBTr 04E DANIEL    880722 1200 191N 1221W -99 -99 1000 1010 0100 23 010 -999 -999 -999 -999 -999
IBTr 04E DANIEL    880722 1800 192N 1233W -99 -99 1000 1010 0100 23 010 -999 -999 -999 -999 -999
IBTr 04E DANIEL    880723 0000 194N 1245W -99 -99 1000 1010 0100 23 010 -999 -999 -999 -999 -999
IBTr 04E DANIEL    880723 0600 197N 1256W -99 -99 1000 1010 0100 23 010 -999 -999 -999 -999 -999
IBTr 04E DANIEL    880723 1200 205N 1265W -99 -99 1000 1010 0100 23 010 -999 -999 -999 -999 -999
IBTr 04E DANIEL    880723 1800 213N 1272W -99 -99 0997 1010 0100 25 010 -999 -999 -999 -999 -999
IBTr 04E DANIEL    880724 0000 222N 1283W -99 -99 0994 1010 0110 28 011 -999 -999 -999 -999 -999
IBTr 04E DANIEL    880724 0600 227N 1291W -99 -99 0994 1010 0110 28 011 -999 -999 -999 -999 -999
IBTr 04E DANIEL    880724 1200 232N 1301W -99 -99 0997 1010 0110 25 011 -999 -999 -999 -999 -999
IBTr 04E DANIEL    880724 1800 237N 1311W -99 -99 1000 1010 0100 23 010 -999 -999 -999 -999 -999
IBTr 04E DANIEL    880725 0000 243N 1322W -99 -99 1002 1010 0100 20 010 -999 -999 -999 -999 -999
IBTr 04E DANIEL    880725 0600 247N 1331W -99 -99 1005 1010 0090 18 009 -999 -999 -999 -999 -999
IBTr 04E DANIEL    880725 1200 251N 1341W -99 -99 1005 1010 0090 18 009 -999 -999 -999 -999 -999
IBTr 04E DANIEL    880725 1800 255N 1350W -99 -99 1007 1010 0090 15 009 -999 -999 -999 -999 -999
IBTr 04E DANIEL    880726 0000 258N 1355W -99 -99 1007 1010 0090 15 009 -999 -999 -999 -999 -999
IBTr 04E DANIEL    880726 0600 257N 1357W -99 -99 1007 1010 0090 15 009 -999 -999 -999 -999 -999
IBTr 04E DANIEL    880726 1200 256N 1359W -99 -99 1009 1010 0090 12 009 -999 -999 -999 -999 -999
IBTr 04E DANIEL    880726 1800 255N 1360W -99 -99 1010 1010 0080 10 008 -999 -999 -999 -999 -999
