IBTr 03L BERYL     880808 0000 304N 0903W -99 -99 1010 1010 0090 12 009 -999 -999 -999 -999 -999 -999
IBTr 03L BERYL     880808 0600 297N 0897W -99 -99 1009 1010 0090 15 009 -999 -999 -999 -999 -999 -999
IBTr 03L BERYL     880808 1200 297N 0894W -99 -99 1007 1010 0090 18 009 -999 -999 -999 -999 -999 -999
IBTr 03L BERYL     880808 1800 294N 0892W -99 -99 1005 1010 0090 20 009 -999 -999 -999 -999 -999 -999
IBTr 03L BERYL     880809 0000 293N 0891W -99 -99 1002 1010 0100 23 010 -999 -999 -999 -999 -999 -999
IBTr 03L BERYL     880809 0600 296N 0895W -99 -99 1001 1010 0100 23 010 -999 -999 -999 -999 -999 -999
IBTr 03L BERYL     880809 1200 301N 0904W -99 -99 1002 1010 0100 23 010 -999 -999 -999 -999 -999 -999
IBTr 03L BERYL     880809 1800 301N 0909W -99 -99 1005 1010 0090 20 009 -999 -999 -999 -999 -999 -999
IBTr 03L BERYL     880810 0000 303N 0916W -99 -99 1006 1010 0090 15 009 -999 -999 -999 -999 -999 -999
IBTr 03L BERYL     880810 0600 307N 0922W -99 -99 1007 1010 0090 15 009 -999 -999 -999 -999 -999 -999
IBTr 03L BERYL     880810 1200 312N 0926W -99 -99 1008 1010 0090 12 009 -999 -999 -999 -999 -999 -999
IBTr 03L BERYL     880810 1800 317N 0932W -99 -99 1011 1011 0090 10 009 -999 -999 -999 -999 -999 -999
