IBTr 08L DEBBY     880831 1800 201N 0910W -99 -99 1006 1010 0090 12 009 -999 -999 -999 -999 -999 -999
IBTr 08L DEBBY     880901 0000 202N 0917W -99 -99 1005 1010 0090 12 009 -999 -999 -999 -999 -999 -999
IBTr 08L DEBBY     880901 0600 203N 0924W -99 -99 1005 1010 0090 12 009 -999 -999 -999 -999 -999 -999
IBTr 08L DEBBY     880901 1200 204N 0931W -99 -99 1004 1010 0090 12 009 -999 -999 -999 -999 -999 -999
IBTr 08L DEBBY     880901 1800 205N 0938W -99 -99 1003 1010 0090 15 009 -999 -999 -999 -999 -999 -999
IBTr 08L DEBBY     880902 0000 206N 0945W -99 -99 1003 1010 0090 15 009 -999 -999 -999 -999 -999 -999
IBTr 08L DEBBY     880902 0600 207N 0952W -99 -99 1001 1010 0100 20 010 -999 -999 -999 -999 -999 -999
IBTr 08L DEBBY     880902 1200 208N 0959W -99 -99 0998 1010 0100 25 010 -999 -999 -999 -999 -999 -999
IBTr 08L DEBBY     880902 1800 208N 0966W -99 -99 0992 1010 0110 33 011 -999 -999 -999 -999 -999 -999
IBTr 08L DEBBY     880903 0000 207N 0973W -99 -99 0987 1010 0120 33 012 -999 -999 -999 -999 -999 -999
IBTr 08L DEBBY     880903 0600 205N 0981W -99 -99 0995 1010 0110 25 011 -999 -999 -999 -999 -999 -999
IBTr 08L DEBBY     880903 1200 203N 0989W -99 -99 0998 1010 0100 18 010 -999 -999 -999 -999 -999 -999
IBTr 08L DEBBY     880903 1800 200N 0998W -99 -99 0999 1010 0100 15 010 -999 -999 -999 -999 -999 -999
IBTr 08L DEBBY     880904 0000 198N 1007W -99 -99 1000 1010 0100 15 010 -999 -999 -999 -999 -999 -999
IBTr 08L DEBBY     880904 0600 196N 1016W -99 -99 1000 1010 0100 15 010 -999 -999 -999 -999 -999 -999
IBTr 08L DEBBY     880904 1200 195N 1025W -99 -99 1000 1010 0100 15 010 -999 -999 -999 -999 -999 -999
IBTr 08L DEBBY     880904 1800 194N 1034W -99 -99 1001 1010 0100 15 010 -999 -999 -999 -999 -999 -999
IBTr 08L DEBBY     880905 0000 195N 1043W -99 -99 1001 1010 0100 15 010 -999 -999 -999 -999 -999 -999
IBTr 08L DEBBY     880905 0600 196N 1051W -99 -99 1002 1010 0100 15 010 -999 -999 -999 -999 -999 -999
