IBTr 04S BENANDRO  871224 0600 101S 0701E -99 -99 -999 1010 0000 -9 000 -999 -999 -999 -999 -999
IBTr 04S BENANDRO  871224 1200 103S 0693E -99 -99 -999 1010 0000 -9 000 -999 -999 -999 -999 -999
IBTr 04S BENANDRO  871224 1800 108S 0686E -99 -99 -999 1010 0000 -9 000 -999 -999 -999 -999 -999
IBTr 04S BENANDRO  871225 0000 116S 0681E -99 -99 -999 1010 0000 -9 000 -999 -999 -999 -999 -999
IBTr 04S BENANDRO  871225 0600 123S 0678E -99 -99 0997 1010 0100 14 010 -999 -999 -999 -999 -999
IBTr 04S BENANDRO  871225 1200 127S 0680E -99 -99 0997 1010 0100 14 010 -999 -999 -999 -999 -999
IBTr 04S BENANDRO  871225 1800 129S 0685E -99 -99 0997 1010 0100 14 010 -999 -999 -999 -999 -999
IBTr 04S BENANDRO  871226 0000 132S 0691E -99 -99 0991 1010 0110 18 011 -999 -999 -999 -999 -999
IBTr 04S BENANDRO  871226 0600 133S 0695E -99 -99 0991 1010 0110 18 011 -999 -999 -999 -999 -999
IBTr 04S BENANDRO  871226 1200 133S 0697E -99 -99 0991 1010 0110 18 011 -999 -999 -999 -999 -999
IBTr 04S BENANDRO  871226 1800 135S 0698E -99 -99 0991 1010 0110 18 011 -999 -999 -999 -999 -999
IBTr 04S BENANDRO  871227 0000 139S 0699E -99 -99 0997 1010 0100 14 010 -999 -999 -999 -999 -999
IBTr 04S BENANDRO  871227 0600 138S 0695E -99 -99 0997 1010 0100 14 010 -999 -999 -999 -999 -999
IBTr 04S BENANDRO  871227 1200 136S 0687E -99 -99 0997 1010 0100 14 010 -999 -999 -999 -999 -999
IBTr 04S BENANDRO  871227 1800 135S 0678E -99 -99 0997 1010 0100 14 010 -999 -999 -999 -999 -999
IBTr 04S BENANDRO  871228 0000 136S 0669E -99 -99 0997 1010 0100 14 010 -999 -999 -999 -999 -999
IBTr 04S BENANDRO  871228 0600 136S 0656E -99 -99 0991 1010 0110 18 011 -999 -999 -999 -999 -999
IBTr 04S BENANDRO  871228 1200 135S 0643E -99 -99 0991 1010 0110 18 011 -999 -999 -999 -999 -999
IBTr 04S BENANDRO  871228 1800 133S 0632E -99 -99 0991 1010 0110 18 011 -999 -999 -999 -999 -999
IBTr 04S BENANDRO  871229 0000 132S 0620E -99 -99 0991 1010 0110 18 011 -999 -999 -999 -999 -999
IBTr 04S BENANDRO  871229 0600 131S 0608E -99 -99 0991 1010 0110 18 011 -999 -999 -999 -999 -999
IBTr 04S BENANDRO  871229 1200 133S 0598E -99 -99 0991 1010 0110 18 011 -999 -999 -999 -999 -999
IBTr 04S BENANDRO  871229 1800 137S 0590E -99 -99 0997 1010 0100 14 010 -999 -999 -999 -999 -999
IBTr 04S BENANDRO  871230 0000 142S 0582E -99 -99 0997 1010 0100 14 010 -999 -999 -999 -999 -999
IBTr 04S BENANDRO  871230 0600 146S 0574E -99 -99 1000 1010 0100 12 010 -999 -999 -999 -999 -999
IBTr 04S BENANDRO  871230 1200 147S 0567E -99 -99 1000 1010 0100 12 010 -999 -999 -999 -999 -999
IBTr 04S BENANDRO  871230 1800 148S 0560E -99 -99 1000 1010 0100 12 010 -999 -999 -999 -999 -999
IBTr 04S BENANDRO  871231 0000 150S 0555E -99 -99 1000 1010 0100 12 010 -999 -999 -999 -999 -999
IBTr 04S BENANDRO  871231 0600 153S 0555E -99 -99 1000 1010 0100 12 010 -999 -999 -999 -999 -999
IBTr 04S BENANDRO  871231 1200 156S 0555E -99 -99 1000 1010 0100 12 010 -999 -999 -999 -999 -999
IBTr 04S BENANDRO  871231 1800 156S 0546E -99 -99 1000 1010 0100 12 010 -999 -999 -999 -999 -999
IBTr 04S BENANDRO  880101 0000 154S 0530E -99 -99 1000 1010 0100 12 010 -999 -999 -999 -999 -999
IBTr 04S BENANDRO  880101 0600 153S 0513E -99 -99 1000 1010 0100 12 010 -999 -999 -999 -999 -999
IBTr 04S BENANDRO  880101 1200 159S 0504E -99 -99 1003 1010 0090 10 009 -999 -999 -999 -999 -999
IBTr 04S BENANDRO  880101 1800 175S 0509E -99 -99 1003 1010 0090 10 009 -999 -999 -999 -999 -999
IBTr 04S BENANDRO  880102 0000 189S 0521E -99 -99 0000 1010 0000 18 000 -999 -999 -999 -999 -999
IBTr 04S BENANDRO  880102 0600 194S 0532E -99 -99 0000 1010 0000 18 000 -999 -999 -999 -999 -999
IBTr 04S BENANDRO  880102 1200 198S 0547E -99 -99 0000 1010 0000 18 000 -999 -999 -999 -999 -999
IBTr 04S BENANDRO  880102 1800 203S 0563E -99 -99 0000 1010 0000 18 000 -999 -999 -999 -999 -999
IBTr 04S BENANDRO  880103 0000 213S 0574E -99 -99 0000 1010 0000 18 000 -999 -999 -999 -999 -999
IBTr 04S BENANDRO  880103 0600 222S 0579E -99 -99 0000 1010 0000 18 000 -999 -999 -999 -999 -999
IBTr 04S BENANDRO  880103 1200 229S 0579E -99 -99 0000 1010 0000 18 000 -999 -999 -999 -999 -999
IBTr 04S BENANDRO  880103 1800 239S 0577E -99 -99 0000 1010 0000 18 000 -999 -999 -999 -999 -999
IBTr 04S BENANDRO  880104 0000 248S 0573E -99 -99 0000 1010 0000 18 000 -999 -999 -999 -999 -999
IBTr 04S BENANDRO  880104 0600 257S 0572E -99 -99 -999 1010 0000 -9 000 -999 -999 -999 -999 -999
IBTr 04S BENANDRO  880104 1200 265S 0573E -99 -99 -999 1010 0000 -9 000 -999 -999 -999 -999 -999
IBTr 04S BENANDRO  880104 1800 274S 0572E -99 -99 -999 1010 0000 -9 000 -999 -999 -999 -999 -999
IBTr 04S BENANDRO  880105 0000 280S 0571E -99 -99 -999 1010 0000 -9 000 -999 -999 -999 -999 -999
IBTr 04S BENANDRO  880105 0600 278S 0566E -99 -99 -999 1010 0000 -9 000 -999 -999 -999 -999 -999
IBTr 04S BENANDRO  880105 1200 272S 0562E -99 -99 -999 1010 0000 -9 000 -999 -999 -999 -999 -999
IBTr 04S BENANDRO  880105 1800 264S 0561E -99 -99 -999 1010 0000 -9 000 -999 -999 -999 -999 -999
IBTr 04S BENANDRO  880106 0000 260S 0560E -99 -99 -999 1010 0000 -9 000 -999 -999 -999 -999 -999
IBTr 04S BENANDRO  880106 0600 264S 0554E -99 -99 -999 1010 0000 -9 000 -999 -999 -999 -999 -999
IBTr 04S BENANDRO  880106 1200 274S 0550E -99 -99 -999 1010 0000 -9 000 -999 -999 -999 -999 -999
IBTr 04S BENANDRO  880106 1800 281S 0548E -99 -99 -999 1010 0000 -9 000 -999 -999 -999 -999 -999
IBTr 04S BENANDRO  880107 0000 290S 0550E -99 -99 -999 1010 0000 -9 000 -999 -999 -999 -999 -999
IBTr 04S BENANDRO  880107 0600 300S 0552E -99 -99 -999 1010 0000 -9 000 -999 -999 -999 -999 -999
IBTr 04S BENANDRO  880107 1200 312S 0555E -99 -99 -999 1010 0000 -9 000 -999 -999 -999 -999 -999
IBTr 04S BENANDRO  880107 1800 321S 0557E -99 -99 -999 1010 0000 -9 000 -999 -999 -999 -999 -999
IBTr 04S BENANDRO  880108 0000 330S 0560E -99 -99 -999 1010 0000 -9 000 -999 -999 -999 -999 -999
