IBTr 03E CARLOTTA  880708 1800 133N 1041W -99 -99 1010 1010 0080 15 008 -999 -999 -999 -999 -999
IBTr 03E CARLOTTA  880709 0000 134N 1047W -99 -99 1009 1010 0080 15 008 -999 -999 -999 -999 -999
IBTr 03E CARLOTTA  880709 0600 136N 1057W -99 -99 1007 1010 0090 15 009 -999 -999 -999 -999 -999
IBTr 03E CARLOTTA  880709 1200 139N 1070W -99 -99 1005 1010 0090 18 009 -999 -999 -999 -999 -999
IBTr 03E CARLOTTA  880709 1800 142N 1081W -99 -99 1002 1010 0090 20 009 -999 -999 -999 -999 -999
IBTr 03E CARLOTTA  880710 0000 146N 1092W -99 -99 1000 1010 0100 23 010 -999 -999 -999 -999 -999
IBTr 03E CARLOTTA  880710 0600 150N 1103W -99 -99 0997 1010 0100 25 010 -999 -999 -999 -999 -999
IBTr 03E CARLOTTA  880710 1200 155N 1114W -99 -99 0995 1010 0100 28 010 -999 -999 -999 -999 -999
IBTr 03E CARLOTTA  880710 1800 160N 1125W -99 -99 0994 1010 0110 28 011 -999 -999 -999 -999 -999
IBTr 03E CARLOTTA  880711 0000 166N 1135W -99 -99 0994 1010 0110 30 011 -999 -999 -999 -999 -999
IBTr 03E CARLOTTA  880711 0600 173N 1145W -99 -99 0994 1010 0110 33 011 -999 -999 -999 -999 -999
IBTr 03E CARLOTTA  880711 1200 179N 1154W -99 -99 0994 1010 0110 33 011 -999 -999 -999 -999 -999
IBTr 03E CARLOTTA  880711 1800 185N 1164W -99 -99 0994 1010 0110 33 011 -999 -999 -999 -999 -999
IBTr 03E CARLOTTA  880712 0000 191N 1174W -99 -99 0994 1010 0110 33 011 -999 -999 -999 -999 -999
IBTr 03E CARLOTTA  880712 0600 198N 1184W -99 -99 0995 1010 0110 30 011 -999 -999 -999 -999 -999
IBTr 03E CARLOTTA  880712 1200 204N 1195W -99 -99 0996 1010 0110 25 011 -999 -999 -999 -999 -999
IBTr 03E CARLOTTA  880712 1800 208N 1203W -99 -99 1000 1010 0100 23 010 -999 -999 -999 -999 -999
IBTr 03E CARLOTTA  880713 0000 211N 1211W -99 -99 1005 1010 0090 18 009 -999 -999 -999 -999 -999
IBTr 03E CARLOTTA  880713 0600 214N 1220W -99 -99 1009 1010 0080 15 008 -999 -999 -999 -999 -999
IBTr 03E CARLOTTA  880713 1200 216N 1229W -99 -99 1010 1010 0080 15 008 -999 -999 -999 -999 -999
IBTr 03E CARLOTTA  880713 1800 216N 1237W -99 -99 1010 1010 0080 15 008 -999 -999 -999 -999 -999
IBTr 03E CARLOTTA  880714 0000 215N 1244W -99 -99 1011 1011 0080 12 008 -999 -999 -999 -999 -999
IBTr 03E CARLOTTA  880714 0600 213N 1250W -99 -99 1011 1011 0080 12 008 -999 -999 -999 -999 -999
IBTr 03E CARLOTTA  880714 1200 212N 1257W -99 -99 1011 1011 0080 12 008 -999 -999 -999 -999 -999
IBTr 03E CARLOTTA  880714 1800 210N 1263W -99 -99 1011 1011 0080 12 008 -999 -999 -999 -999 -999
IBTr 03E CARLOTTA  880715 0000 210N 1270W -99 -99 1011 1011 0080 12 008 -999 -999 -999 -999 -999
IBTr 03E CARLOTTA  880715 0600 210N 1276W -99 -99 1011 1011 0080 12 008 -999 -999 -999 -999 -999
IBTr 03E CARLOTTA  880715 1200 210N 1282W -99 -99 1012 1012 0080 10 008 -999 -999 -999 -999 -999
