IBTr 07W WARREN    880711 0000 88N  1488E -99 -99 -999 1010 0000 10 000 -999 -999 -999 -999 -999 -999
IBTr 07W WARREN    880711 0600 90N  1482E -99 -99 -999 1010 0000 10 000 -999 -999 -999 -999 -999 -999
IBTr 07W WARREN    880711 1200 94N  1476E -99 -99 -999 1010 0000 12 000 -999 -999 -999 -999 -999 -999
IBTr 07W WARREN    880711 1800 96N  1470E -99 -99 -999 1010 0000 12 000 -999 -999 -999 -999 -999 -999
IBTr 07W WARREN    880712 0000 101N 1465E -99 -99 -999 1010 0000 12 000 -999 -999 -999 -999 -999 -999
IBTr 07W WARREN    880712 0600 108N 1461E -99 -99 1006 1010 0090 12 009 -999 -999 -999 -999 -999 -999
IBTr 07W WARREN    880712 1200 114N 1457E -99 -99 1006 1010 0090 15 009 -999 -999 -999 -999 -999 -999
IBTr 07W WARREN    880712 1800 118N 1451E -99 -99 1006 1010 0090 15 009 -999 -999 -999 -999 -999 -999
IBTr 07W WARREN    880713 0000 119N 1444E -99 -99 1004 1010 0090 18 009 -999 -999 -999 -999 -999 -999
IBTr 07W WARREN    880713 0600 120N 1436E -99 -99 1004 1010 0090 18 009 -999 -999 -999 -999 -999 -999
IBTr 07W WARREN    880713 1200 121N 1428E -99 -99 1002 1010 0090 18 009 -999 -999 -999 -999 -999 -999
IBTr 07W WARREN    880713 1800 122N 1420E -99 -99 1002 1010 0090 20 009 -999 -999 -999 -999 -999 -999
IBTr 07W WARREN    880714 0000 123N 1413E -99 -99 1000 1010 0100 18 010 -999 -999 -999 -999 -999 -999
IBTr 07W WARREN    880714 0600 124N 1404E -99 -99 0998 1010 0100 18 010 -999 -999 -999 -999 -999 -999
IBTr 07W WARREN    880714 1200 126N 1397E -99 -99 0996 1010 0100 18 010 -999 -999 -999 -999 -999 -999
IBTr 07W WARREN    880714 1800 126N 1389E -99 -99 0994 1010 0110 20 011 -999 -999 -999 -999 -999 -999
IBTr 07W WARREN    880715 0000 127N 1381E -99 -99 0990 1010 0110 23 011 -999 -999 -999 -999 -999 -999
IBTr 07W WARREN    880715 0600 129N 1373E -99 -99 0985 1010 0120 25 012 -999 -999 -999 -999 -999 -999
IBTr 07W WARREN    880715 1200 133N 1363E -99 -99 0980 1010 0120 28 012 -999 -999 -999 -999 -999 -999
IBTr 07W WARREN    880715 1800 137N 1349E -99 -99 0975 1010 0130 28 013 -999 -999 -999 -999 -999 -999
IBTr 07W WARREN    880716 0000 141N 1335E -99 -99 0970 1010 0130 30 013 -999 -999 -999 -999 -999 -999
IBTr 07W WARREN    880716 0600 147N 1319E -99 -99 0960 1010 0130 36 013 -999 -999 -999 -999 -999 -999
IBTr 07W WARREN    880716 1200 152N 1302E -99 -99 0955 1010 0130 38 013 -999 -999 -999 -999 -999 -999
IBTr 07W WARREN    880716 1800 158N 1286E -99 -99 0950 1010 0130 41 013 -999 -999 -999 -999 -999 -999
IBTr 07W WARREN    880717 0000 163N 1271E -99 -99 0945 1010 0130 43 013 -999 -999 -999 -999 -999 -999
IBTr 07W WARREN    880717 0600 169N 1255E -99 -99 0940 1010 0120 46 012 -999 -999 -999 -999 -999 -999
IBTr 07W WARREN    880717 1200 176N 1240E -99 -99 0940 1010 0120 46 012 -999 -999 -999 -999 -999 -999
IBTr 07W WARREN    880717 1800 182N 1226E -99 -99 0940 1010 0130 46 013 -999 -999 -999 -999 -999 -999
IBTr 07W WARREN    880718 0000 187N 1216E -99 -99 0955 1010 0130 41 013 -999 -999 -999 -999 -999 -999
IBTr 07W WARREN    880718 0600 192N 1205E -99 -99 0960 1010 0140 38 014 -999 -999 -999 -999 -999 -999
IBTr 07W WARREN    880718 1200 200N 1193E -99 -99 0965 1010 0140 36 014 -999 -999 -999 -999 -999 -999
IBTr 07W WARREN    880718 1800 207N 1181E -99 -99 0965 1010 0140 33 014 -999 -999 -999 -999 -999 -999
IBTr 07W WARREN    880719 0000 215N 1171E -99 -99 0970 1010 0130 33 013 -999 -999 -999 -999 -999 -999
IBTr 07W WARREN    880719 0600 225N 1163E -99 -99 0970 1010 0130 33 013 -999 -999 -999 -999 -999 -999
IBTr 07W WARREN    880719 1200 234N 1154E -99 -99 0980 1010 0130 25 013 -999 -999 -999 -999 -999 -999
IBTr 07W WARREN    880719 1800 243N 1144E -99 -99 0992 1010 0110 18 011 -999 -999 -999 -999 -999 -999
IBTr 07W WARREN    880720 0000 250N 1130E -99 -99 0998 1010 0100 -9 010 -999 -999 -999 -999 -999 -999
