IBTr 05S CALIDERAC 880111 1200 108S 0605E -99 -99 1000 1010 0100 12 010 -999 -999 -999 -999 -999
IBTr 05S CALIDERAC 880111 1800 106S 0592E -99 -99 1000 1010 0100 12 010 -999 -999 -999 -999 -999
IBTr 05S CALIDERAC 880112 0000 111S 0583E -99 -99 1000 1010 0100 12 010 -999 -999 -999 -999 -999
IBTr 05S CALIDERAC 880112 0600 117S 0574E -99 -99 1000 1010 0100 12 010 -999 -999 -999 -999 -999
IBTr 05S CALIDERAC 880112 1200 121S 0565E -99 -99 0997 1010 0100 14 010 -999 -999 -999 -999 -999
IBTr 05S CALIDERAC 880112 1800 124S 0556E -99 -99 0997 1010 0100 14 010 -999 -999 -999 -999 -999
IBTr 05S CALIDERAC 880113 0000 126S 0550E -99 -99 0997 1010 0100 14 010 -999 -999 -999 -999 -999
IBTr 05S CALIDERAC 880113 0600 129S 0544E -99 -99 0997 1010 0100 14 010 -999 -999 -999 -999 -999
IBTr 05S CALIDERAC 880113 1200 132S 0538E -99 -99 0991 1010 0110 18 011 -999 -999 -999 -999 -999
IBTr 05S CALIDERAC 880113 1800 136S 0530E -99 -99 0984 1010 0120 22 012 -999 -999 -999 -999 -999
IBTr 05S CALIDERAC 880114 0000 143S 0522E -99 -99 0976 1010 0130 26 013 -999 -999 -999 -999 -999
IBTr 05S CALIDERAC 880114 0600 148S 0515E -99 -99 0966 1010 0130 31 013 -999 -999 -999 -999 -999
IBTr 05S CALIDERAC 880114 1200 155S 0508E -99 -99 0966 1010 0130 31 013 -999 -999 -999 -999 -999
IBTr 05S CALIDERAC 880114 1800 158S 0505E -99 -99 0976 1010 0130 26 013 -999 -999 -999 -999 -999
IBTr 05S CALIDERAC 880115 0000 162S 0502E -99 -99 0976 1010 0130 26 013 -999 -999 -999 -999 -999
IBTr 05S CALIDERAC 880115 0600 165S 0498E -99 -99 0966 1010 0130 31 013 -999 -999 -999 -999 -999
IBTr 05S CALIDERAC 880115 1200 170S 0492E -99 -99 0966 1010 0130 31 013 -999 -999 -999 -999 -999
IBTr 05S CALIDERAC 880115 1800 175S 0489E -99 -99 0976 1010 0130 26 013 -999 -999 -999 -999 -999
IBTr 05S CALIDERAC 880116 0000 181S 0482E -99 -99 0984 1010 0120 22 012 -999 -999 -999 -999 -999
IBTr 05S CALIDERAC 880116 0600 184S 0473E -99 -99 0991 1010 0110 18 011 -999 -999 -999 -999 -999
IBTr 05S CALIDERAC 880116 1200 188S 0464E -99 -99 0991 1010 0110 18 011 -999 -999 -999 -999 -999
IBTr 05S CALIDERAC 880116 1800 191S 0456E -99 -99 0997 1010 0100 14 010 -999 -999 -999 -999 -999
IBTr 05S CALIDERAC 880117 0000 195S 0450E -99 -99 1000 1010 0100 12 010 -999 -999 -999 -999 -999
IBTr 05S CALIDERAC 880117 0600 202S 0445E -99 -99 1003 1010 0090 12 009 -999 -999 -999 -999 -999
IBTr 05S CALIDERAC 880117 1200 209S 0440E -99 -99 1003 1010 0090 10 009 -999 -999 -999 -999 -999
IBTr 05S CALIDERAC 880117 1800 214S 0439E -99 -99 1003 1010 0090 10 009 -999 -999 -999 -999 -999
IBTr 05S CALIDERAC 880118 0000 217S 0438E -99 -99 1003 1010 0090 10 009 -999 -999 -999 -999 -999
IBTr 05S CALIDERAC 880118 0600 222S 0436E -99 -99 1003 1010 0100 10 010 -999 -999 -999 -999 -999
IBTr 05S CALIDERAC 880118 1200 227S 0434E -99 -99 1000 1010 0100 12 010 -999 -999 -999 -999 -999
IBTr 05S CALIDERAC 880118 1800 234S 0434E -99 -99 0997 1010 0110 14 011 -999 -999 -999 -999 -999
IBTr 05S CALIDERAC 880119 0000 244S 0440E -99 -99 1000 1010 0100 12 010 -999 -999 -999 -999 -999
IBTr 05S CALIDERAC 880119 0600 255S 0447E -99 -99 1000 1010 0100 12 010 -999 -999 -999 -999 -999
IBTr 05S CALIDERAC 880119 1200 270S 0460E -99 -99 1000 1010 0100 12 010 -999 -999 -999 -999 -999
IBTr 05S CALIDERAC 880119 1800 277S 0471E -99 -99 1000 1010 0100 12 010 -999 -999 -999 -999 -999
IBTr 05S CALIDERAC 880120 0000 284S 0486E -99 -99 1003 1010 0100 10 010 -999 -999 -999 -999 -999
IBTr 05S CALIDERAC 880120 0600 290S 0506E -99 -99 0000 1010 0000 18 000 -999 -999 -999 -999 -999
IBTr 05S CALIDERAC 880120 1200 296S 0530E -99 -99 0000 1010 0000 18 000 -999 -999 -999 -999 -999
IBTr 05S CALIDERAC 880120 1800 298S 0550E -99 -99 0000 1010 0000 18 000 -999 -999 -999 -999 -999
IBTr 05S CALIDERAC 880121 0000 300S 0570E -99 -99 0000 1010 0000 18 000 -999 -999 -999 -999 -999
