IBTr 14E LANE      880921 0600 127N 0975W -99 -99 1010 1010 0080 12 008 -999 -999 -999 -999 -999 -999
IBTr 14E LANE      880921 1200 131N 0985W -99 -99 1008 1010 0080 15 008 -999 -999 -999 -999 -999 -999
IBTr 14E LANE      880921 1800 135N 0996W -99 -99 1005 1010 0090 18 009 -999 -999 -999 -999 -999 -999
IBTr 14E LANE      880922 0000 140N 1010W -99 -99 1003 1010 0090 20 009 -999 -999 -999 -999 -999 -999
IBTr 14E LANE      880922 0600 146N 1024W -99 -99 1000 1010 0100 23 010 -999 -999 -999 -999 -999 -999
IBTr 14E LANE      880922 1200 152N 1038W -99 -99 0998 1010 0100 25 010 -999 -999 -999 -999 -999 -999
IBTr 14E LANE      880922 1800 157N 1049W -99 -99 0994 1010 0110 28 011 -999 -999 -999 -999 -999 -999
IBTr 14E LANE      880923 0000 162N 1060W -99 -99 0991 1010 0110 30 011 -999 -999 -999 -999 -999 -999
IBTr 14E LANE      880923 0600 166N 1072W -99 -99 0987 1010 0120 33 012 -999 -999 -999 -999 -999 -999
IBTr 14E LANE      880923 1200 169N 1083W -99 -99 0980 1010 0120 38 012 -999 -999 -999 -999 -999 -999
IBTr 14E LANE      880923 1800 170N 1092W -99 -99 0974 1010 0130 43 013 -999 -999 -999 -999 -999 -999
IBTr 14E LANE      880924 0000 172N 1102W -99 -99 0970 1010 0130 46 013 -999 -999 -999 -999 -999 -999
IBTr 14E LANE      880924 0600 174N 1110W -99 -99 0970 1010 0130 46 013 -999 -999 -999 -999 -999 -999
IBTr 14E LANE      880924 1200 176N 1120W -99 -99 0971 1010 0130 43 013 -999 -999 -999 -999 -999 -999
IBTr 14E LANE      880924 1800 177N 1130W -99 -99 0974 1010 0130 41 013 -999 -999 -999 -999 -999 -999
IBTr 14E LANE      880925 0000 177N 1142W -99 -99 0977 1010 0130 41 013 -999 -999 -999 -999 -999 -999
IBTr 14E LANE      880925 0600 176N 1153W -99 -99 0979 1010 0130 38 013 -999 -999 -999 -999 -999 -999
IBTr 14E LANE      880925 1200 176N 1164W -99 -99 0981 1010 0120 38 012 -999 -999 -999 -999 -999 -999
IBTr 14E LANE      880925 1800 176N 1176W -99 -99 0983 1010 0120 36 012 -999 -999 -999 -999 -999 -999
IBTr 14E LANE      880926 0000 176N 1187W -99 -99 0984 1010 0120 36 012 -999 -999 -999 -999 -999 -999
IBTr 14E LANE      880926 0600 175N 1198W -99 -99 0985 1010 0120 36 012 -999 -999 -999 -999 -999 -999
IBTr 14E LANE      880926 1200 176N 1209W -99 -99 0986 1010 0120 33 012 -999 -999 -999 -999 -999 -999
IBTr 14E LANE      880926 1800 177N 1219W -99 -99 0988 1010 0120 33 012 -999 -999 -999 -999 -999 -999
IBTr 14E LANE      880927 0000 181N 1230W -99 -99 0989 1010 0110 33 011 -999 -999 -999 -999 -999 -999
IBTr 14E LANE      880927 0600 185N 1240W -99 -99 0991 1010 0110 30 011 -999 -999 -999 -999 -999 -999
IBTr 14E LANE      880927 1200 191N 1250W -99 -99 0994 1010 0110 28 011 -999 -999 -999 -999 -999 -999
IBTr 14E LANE      880927 1800 195N 1261W -99 -99 0996 1010 0110 25 011 -999 -999 -999 -999 -999 -999
IBTr 14E LANE      880928 0000 199N 1273W -99 -99 1000 1010 0100 23 010 -999 -999 -999 -999 -999 -999
IBTr 14E LANE      880928 0600 201N 1285W -99 -99 1003 1010 0090 20 009 -999 -999 -999 -999 -999 -999
IBTr 14E LANE      880928 1200 205N 1298W -99 -99 1006 1010 0090 18 009 -999 -999 -999 -999 -999 -999
IBTr 14E LANE      880928 1800 209N 1309W -99 -99 1008 1010 0090 15 009 -999 -999 -999 -999 -999 -999
IBTr 14E LANE      880929 0000 214N 1320W -99 -99 1010 1010 0080 15 008 -999 -999 -999 -999 -999 -999
IBTr 14E LANE      880929 0600 218N 1331W -99 -99 1012 1012 0080 15 008 -999 -999 -999 -999 -999 -999
IBTr 14E LANE      880929 1200 222N 1343W -99 -99 1012 1012 0080 12 008 -999 -999 -999 -999 -999 -999
IBTr 14E LANE      880929 1800 225N 1355W -99 -99 1014 1014 0080 12 008 -999 -999 -999 -999 -999 -999
IBTr 14E LANE      880930 0000 228N 1368W -99 -99 1014 1014 0080 10 008 -999 -999 -999 -999 -999 -999
IBTr 14E LANE      880930 0600 231N 1379W -99 -99 1015 1015 0080 10 008 -999 -999 -999 -999 -999 -999
IBTr 14E LANE      880930 1200 235N 1391W -99 -99 1015 1015 0080 10 008 -999 -999 -999 -999 -999 -999
