IBTr 11S GASITAO   880312 0000 76S  0880E -99 -99 -999 1010 0000 -9 000 -999 -999 -999 -999 -999
IBTr 11S GASITAO   880312 0600 80S  0868E -99 -99 -999 1010 0000 -9 000 -999 -999 -999 -999 -999
IBTr 11S GASITAO   880312 1200 87S  0858E -99 -99 -999 1010 0000 -9 000 -999 -999 -999 -999 -999
IBTr 11S GASITAO   880312 1800 94S  0849E -99 -99 -999 1010 0000 -9 000 -999 -999 -999 -999 -999
IBTr 11S GASITAO   880313 0000 100S 0840E -99 -99 -999 1010 0000 -9 000 -999 -999 -999 -999 -999
IBTr 11S GASITAO   880313 0600 104S 0829E -99 -99 -999 1010 0000 -9 000 -999 -999 -999 -999 -999
IBTr 11S GASITAO   880313 1200 108S 0820E -99 -99 -999 1010 0000 -9 000 -999 -999 -999 -999 -999
IBTr 11S GASITAO   880313 1800 111S 0812E -99 -99 -999 1010 0000 -9 000 -999 -999 -999 -999 -999
IBTr 11S GASITAO   880314 0000 114S 0804E -99 -99 -999 1010 0000 -9 000 -999 -999 -999 -999 -999
IBTr 11S GASITAO   880314 0600 117S 0796E -99 -99 -999 1010 0000 -9 000 -999 -999 -999 -999 -999
IBTr 11S GASITAO   880314 1200 120S 0788E -99 -99 -999 1010 0000 -9 000 -999 -999 -999 -999 -999
IBTr 11S GASITAO   880314 1800 123S 0780E -99 -99 -999 1010 0000 -9 000 -999 -999 -999 -999 -999
IBTr 11S GASITAO   880315 0000 127S 0768E -99 -99 -999 1010 0000 -9 000 -999 -999 -999 -999 -999
IBTr 11S GASITAO   880315 0600 131S 0754E -99 -99 -999 1010 0000 -9 000 -999 -999 -999 -999 -999
IBTr 11S GASITAO   880315 1200 136S 0738E -99 -99 0991 1010 0110 18 011 -999 -999 -999 -999 -999
IBTr 11S GASITAO   880315 1800 141S 0725E -99 -99 0991 1010 0110 18 011 -999 -999 -999 -999 -999
IBTr 11S GASITAO   880316 0000 144S 0712E -99 -99 0984 1010 0120 22 012 -999 -999 -999 -999 -999
IBTr 11S GASITAO   880316 0600 144S 0700E -99 -99 0984 1010 0120 22 012 -999 -999 -999 -999 -999
IBTr 11S GASITAO   880316 1200 142S 0689E -99 -99 0991 1010 0110 18 011 -999 -999 -999 -999 -999
IBTr 11S GASITAO   880316 1800 140S 0678E -99 -99 0991 1010 0110 18 011 -999 -999 -999 -999 -999
IBTr 11S GASITAO   880317 0000 140S 0668E -99 -99 0984 1010 0120 22 012 -999 -999 -999 -999 -999
IBTr 11S GASITAO   880317 0600 142S 0658E -99 -99 0984 1010 0120 22 012 -999 -999 -999 -999 -999
IBTr 11S GASITAO   880317 1200 145S 0652E -99 -99 0976 1010 0130 26 013 -999 -999 -999 -999 -999
IBTr 11S GASITAO   880317 1800 148S 0645E -99 -99 0976 1010 0130 26 013 -999 -999 -999 -999 -999
IBTr 11S GASITAO   880318 0000 151S 0640E -99 -99 0976 1010 0130 26 013 -999 -999 -999 -999 -999
IBTr 11S GASITAO   880318 0600 154S 0634E -99 -99 0966 1010 0130 31 013 -999 -999 -999 -999 -999
IBTr 11S GASITAO   880318 1200 156S 0631E -99 -99 0954 1010 0130 37 013 -999 -999 -999 -999 -999
IBTr 11S GASITAO   880318 1800 159S 0628E -99 -99 0954 1010 0130 37 013 -999 -999 -999 -999 -999
IBTr 11S GASITAO   880319 0000 162S 0628E -99 -99 0941 1010 0130 42 013 -999 -999 -999 -999 -999
IBTr 11S GASITAO   880319 0600 163S 0632E -99 -99 0941 1010 0130 42 013 -999 -999 -999 -999 -999
IBTr 11S GASITAO   880319 1200 164S 0641E -99 -99 0954 1010 0130 37 013 -999 -999 -999 -999 -999
IBTr 11S GASITAO   880319 1800 165S 0653E -99 -99 0954 1010 0130 37 013 -999 -999 -999 -999 -999
IBTr 11S GASITAO   880320 0000 167S 0667E -99 -99 0954 1010 0130 37 013 -999 -999 -999 -999 -999
IBTr 11S GASITAO   880320 0600 171S 0678E -99 -99 0941 1010 0130 42 013 -999 -999 -999 -999 -999
IBTr 11S GASITAO   880320 1200 179S 0690E -99 -99 0927 1010 0110 47 011 -999 -999 -999 -999 -999
IBTr 11S GASITAO   880320 1800 188S 0700E -99 -99 0941 1010 0130 42 013 -999 -999 -999 -999 -999
IBTr 11S GASITAO   880321 0000 198S 0706E -99 -99 0954 1010 0130 37 013 -999 -999 -999 -999 -999
IBTr 11S GASITAO   880321 0600 210S 0709E -99 -99 0966 1010 0140 31 014 -999 -999 -999 -999 -999
IBTr 11S GASITAO   880321 1200 218S 0709E -99 -99 0976 1010 0130 26 013 -999 -999 -999 -999 -999
IBTr 11S GASITAO   880321 1800 224S 0708E -99 -99 0984 1010 0120 22 012 -999 -999 -999 -999 -999
IBTr 11S GASITAO   880322 0000 229S 0708E -99 -99 0984 1010 0120 22 012 -999 -999 -999 -999 -999
IBTr 11S GASITAO   880322 0600 234S 0712E -99 -99 0984 1010 0120 22 012 -999 -999 -999 -999 -999
IBTr 11S GASITAO   880322 1200 244S 0715E -99 -99 0984 1010 0120 22 012 -999 -999 -999 -999 -999
IBTr 11S GASITAO   880322 1800 257S 0721E -99 -99 0991 1010 0110 18 011 -999 -999 -999 -999 -999
IBTr 11S GASITAO   880323 0000 270S 0729E -99 -99 0991 1010 0120 18 012 -999 -999 -999 -999 -999
IBTr 11S GASITAO   880323 0600 283S 0734E -99 -99 0991 1010 0120 18 012 -999 -999 -999 -999 -999
IBTr 11S GASITAO   880323 1200 297S 0742E -99 -99 0997 1010 0110 14 011 -999 -999 -999 -999 -999
IBTr 11S GASITAO   880323 1800 309S 0753E -99 -99 0000 1010 0000 18 000 -999 -999 -999 -999 -999
IBTr 11S GASITAO   880324 0000 318S 0766E -99 -99 0000 1010 0000 18 000 -999 -999 -999 -999 -999
IBTr 11S GASITAO   880324 0600 341S 0780E -99 -99 0000 1010 0000 18 000 -999 -999 -999 -999 -999
IBTr 11S GASITAO   880324 1200 350S 0800E -99 -99 0000 1010 0000 18 000 -999 -999 -999 -999 -999
IBTr 11S GASITAO   880324 1800 351S 0831E -99 -99 -999 1010 0000 -9 000 -999 -999 -999 -999 -999
IBTr 11S GASITAO   880325 0000 351S 0865E -99 -99 -999 1010 0000 -9 000 -999 -999 -999 -999 -999
IBTr 11S GASITAO   880325 0600 350S 0900E -99 -99 -999 1010 0000 -9 000 -999 -999 -999 -999 -999
