IBTr 19L KEITH     881117 1800 149N 0743W -99 -99 1008 1010 0080 15 008 -999 -999 -999 -999 -999 -999
IBTr 19L KEITH     881118 0000 150N 0755W -99 -99 1008 1010 0080 15 008 -999 -999 -999 -999 -999 -999
IBTr 19L KEITH     881118 0600 150N 0765W -99 -99 1008 1010 0080 15 008 -999 -999 -999 -999 -999 -999
IBTr 19L KEITH     881118 1200 150N 0777W -99 -99 1008 1010 0080 15 008 -999 -999 -999 -999 -999 -999
IBTr 19L KEITH     881118 1800 150N 0790W -99 -99 1008 1010 0080 15 008 -999 -999 -999 -999 -999 -999
IBTr 19L KEITH     881119 0000 150N 0799W -99 -99 1007 1010 0090 15 009 -999 -999 -999 -999 -999 -999
IBTr 19L KEITH     881119 0600 151N 0804W -99 -99 1007 1010 0090 15 009 -999 -999 -999 -999 -999 -999
IBTr 19L KEITH     881119 1200 152N 0812W -99 -99 1007 1010 0090 15 009 -999 -999 -999 -999 -999 -999
IBTr 19L KEITH     881119 1800 155N 0818W -99 -99 1006 1010 0090 15 009 -999 -999 -999 -999 -999 -999
IBTr 19L KEITH     881120 0000 158N 0826W -99 -99 1005 1010 0090 15 009 -999 -999 -999 -999 -999 -999
IBTr 19L KEITH     881120 0600 163N 0834W -99 -99 1004 1010 0090 18 009 -999 -999 -999 -999 -999 -999
IBTr 19L KEITH     881120 1200 178N 0845W -99 -99 1002 1010 0100 20 010 -999 -999 -999 -999 -999 -999
IBTr 19L KEITH     881120 1800 191N 0854W -99 -99 0997 1010 0100 23 010 -999 -999 -999 -999 -999 -999
IBTr 19L KEITH     881121 0000 198N 0861W -99 -99 0985 1010 0120 30 012 -999 -999 -999 -999 -999 -999
IBTr 19L KEITH     881121 0600 207N 0866W -99 -99 0993 1010 0110 30 011 -999 -999 -999 -999 -999 -999
IBTr 19L KEITH     881121 0800 212N 0868W -99 -99 0993 1010 0110 30 011 -999 -999 -999 -999 -999 -999
IBTr 19L KEITH     881121 1200 218N 0870W -99 -99 0993 1010 0110 30 011 -999 -999 -999 -999 -999 -999
IBTr 19L KEITH     881121 1800 224N 0872W -99 -99 0990 1010 0110 30 011 -999 -999 -999 -999 -999 -999
IBTr 19L KEITH     881122 0000 231N 0870W -99 -99 0993 1010 0110 30 011 -999 -999 -999 -999 -999 -999
IBTr 19L KEITH     881122 0600 238N 0868W -99 -99 0995 1010 0110 28 011 -999 -999 -999 -999 -999 -999
IBTr 19L KEITH     881122 1200 244N 0862W -99 -99 0995 1010 0110 28 011 -999 -999 -999 -999 -999 -999
IBTr 19L KEITH     881122 1800 255N 0851W -99 -99 0993 1010 0110 28 011 -999 -999 -999 -999 -999 -999
IBTr 19L KEITH     881123 0000 265N 0842W -99 -99 0994 1010 0110 28 011 -999 -999 -999 -999 -999 -999
IBTr 19L KEITH     881123 0600 273N 0828W -99 -99 0995 1010 0110 28 011 -999 -999 -999 -999 -999 -999
IBTr 19L KEITH     881123 0700 273N 0826W -99 -99 0995 1010 0110 28 011 -999 -999 -999 -999 -999 -999
IBTr 19L KEITH     881123 1200 279N 0813W -99 -99 0999 1010 0100 18 010 -999 -999 -999 -999 -999 -999
IBTr 19L KEITH     881123 1800 289N 0798W -99 -99 0998 1010 0110 20 011 -999 -999 -999 -999 -999 -999
IBTr 19L KEITH     881124 0000 297N 0777W -99 -99 0995 1010 0110 25 011 -999 -999 -999 -999 -999 -999
IBTr 19L KEITH     881124 0600 310N 0752W -99 -99 0992 1010 0120 28 012 -999 -999 -999 -999 -999 -999
IBTr 19L KEITH     881124 1200 325N 0705W -99 -99 0990 1010 0120 30 012 -999 -999 -999 -999 -999 -999
IBTr 19L KEITH     881124 1800 340N 0660W -99 -99 0985 1010 0130 28 013 -999 -999 -999 -999 -999 -999
IBTr 19L KEITH     881125 0000 360N 0600W -99 -99 0982 1010 0130 25 013 -999 -999 -999 -999 -999 -999
IBTr 19L KEITH     881125 0600 390N 0540W -99 -99 0976 1010 0140 25 014 -999 -999 -999 -999 -999 -999
IBTr 19L KEITH     881125 1200 400N 0490W -99 -99 0964 1010 0150 25 015 -999 -999 -999 -999 -999 -999
IBTr 19L KEITH     881125 1800 440N 0450W -99 -99 0960 1010 0150 28 015 -999 -999 -999 -999 -999 -999
IBTr 19L KEITH     881126 0000 480N 0430W -99 -99 0950 1010 0150 33 015 -999 -999 -999 -999 -999 -999
IBTr 19L KEITH     881126 0600 520N 0420W -99 -99 0945 1010 0150 33 015 -999 -999 -999 -999 -999 -999
IBTr 19L KEITH     881126 1200 525N 0440W -99 -99 0945 1010 0150 33 015 -999 -999 -999 -999 -999 -999
IBTr 19L KEITH     881126 1800 520N 0460W -99 -99 0950 1010 0150 33 015 -999 -999 -999 -999 -999 -999
