IBTr 13L GILBERT   880908 1800 120N 0540W -99 -99 1008 1010 0080 12 008 -999 -999 -999 -999 -999 -999
IBTr 13L GILBERT   880909 0000 127N 0556W -99 -99 1007 1010 0090 12 009 -999 -999 -999 -999 -999 -999
IBTr 13L GILBERT   880909 0600 133N 0571W -99 -99 1006 1010 0090 15 009 -999 -999 -999 -999 -999 -999
IBTr 13L GILBERT   880909 1200 140N 0586W -99 -99 1005 1010 0090 15 009 -999 -999 -999 -999 -999 -999
IBTr 13L GILBERT   880909 1800 145N 0601W -99 -99 1004 1010 0090 18 009 -999 -999 -999 -999 -999 -999
IBTr 13L GILBERT   880910 0000 148N 0615W -99 -99 1002 1010 0090 20 009 -999 -999 -999 -999 -999 -999
IBTr 13L GILBERT   880910 0600 150N 0628W -99 -99 0998 1010 0100 23 010 -999 -999 -999 -999 -999 -999
IBTr 13L GILBERT   880910 1200 153N 0641W -99 -99 0995 1010 0100 25 010 -999 -999 -999 -999 -999 -999
IBTr 13L GILBERT   880910 1800 157N 0654W -99 -99 0992 1010 0110 28 011 -999 -999 -999 -999 -999 -999
IBTr 13L GILBERT   880911 0000 159N 0668W -99 -99 0989 1010 0110 33 011 -999 -999 -999 -999 -999 -999
IBTr 13L GILBERT   880911 0600 162N 0680W -99 -99 0982 1010 0120 41 012 -999 -999 -999 -999 -999 -999
IBTr 13L GILBERT   880911 1200 161N 0695W -99 -99 0975 1010 0130 48 013 -999 -999 -999 -999 -999 -999
IBTr 13L GILBERT   880911 1800 162N 0707W -99 -99 0970 1010 0130 51 013 -999 -999 -999 -999 -999 -999
IBTr 13L GILBERT   880912 0000 168N 0720W -99 -99 0964 1010 0130 54 013 -999 -999 -999 -999 -999 -999
IBTr 13L GILBERT   880912 0600 173N 0737W -99 -99 0962 1010 0130 56 013 -999 -999 -999 -999 -999 -999
IBTr 13L GILBERT   880912 1200 176N 0753W -99 -99 0960 1010 0130 56 013 -999 -999 -999 -999 -999 -999
IBTr 13L GILBERT   880912 1700 178N 0768W -99 -99 0960 1010 0130 59 013 -999 -999 -999 -999 -999 -999
IBTr 13L GILBERT   880912 1800 179N 0769W -99 -99 0960 1010 0130 56 013 -999 -999 -999 -999 -999 -999
IBTr 13L GILBERT   880913 0000 182N 0785W -99 -99 0960 1010 0130 56 013 -999 -999 -999 -999 -999 -999
IBTr 13L GILBERT   880913 0600 185N 0797W -99 -99 0952 1010 0130 59 013 -999 -999 -999 -999 -999 -999
IBTr 13L GILBERT   880913 1200 188N 0811W -99 -99 0934 1010 0120 64 012 -999 -999 -999 -999 -999 -999
IBTr 13L GILBERT   880913 1800 194N 0825W -99 -99 0905 1010 0080 72 008 -999 -999 -999 -999 -999 -999
IBTr 13L GILBERT   880914 0000 197N 0838W -99 -99 0888 1010 0050 82 005 -999 -999 -999 -999 -999 -999
IBTr 13L GILBERT   880914 0600 199N 0853W -99 -99 0889 1010 0050 79 005 -999 -999 -999 -999 -999 -999
IBTr 13L GILBERT   880914 1200 204N 0865W -99 -99 0892 1010 0050 74 005 -999 -999 -999 -999 -999 -999
IBTr 13L GILBERT   880914 1500 207N 0870W -99 -99 0900 1010 0070 72 007 -999 -999 -999 -999 -999 -999
IBTr 13L GILBERT   880914 1800 209N 0878W -99 -99 0925 1010 0110 66 011 -999 -999 -999 -999 -999 -999
IBTr 13L GILBERT   880915 0000 213N 0895W -99 -99 0944 1010 0130 51 013 -999 -999 -999 -999 -999 -999
IBTr 13L GILBERT   880915 0600 216N 0907W -99 -99 0949 1010 0130 46 013 -999 -999 -999 -999 -999 -999
IBTr 13L GILBERT   880915 1200 219N 0917W -99 -99 0950 1010 0130 43 013 -999 -999 -999 -999 -999 -999
IBTr 13L GILBERT   880915 1800 221N 0928W -99 -99 0950 1010 0130 46 013 -999 -999 -999 -999 -999 -999
IBTr 13L GILBERT   880916 0000 225N 0938W -99 -99 0949 1010 0130 51 013 -999 -999 -999 -999 -999 -999
IBTr 13L GILBERT   880916 0600 229N 0948W -99 -99 0946 1010 0130 56 013 -999 -999 -999 -999 -999 -999
IBTr 13L GILBERT   880916 1200 237N 0959W -99 -99 0948 1010 0130 59 013 -999 -999 -999 -999 -999 -999
IBTr 13L GILBERT   880916 1800 239N 0970W -99 -99 0950 1010 0140 59 014 -999 -999 -999 -999 -999 -999
IBTr 13L GILBERT   880916 2200 242N 0978W -99 -99 0955 1010 0140 56 014 -999 -999 -999 -999 -999 -999
IBTr 13L GILBERT   880917 0000 244N 0982W -99 -99 0964 1010 0140 41 014 -999 -999 -999 -999 -999 -999
IBTr 13L GILBERT   880917 0600 248N 0993W -99 -99 0988 1010 0120 25 012 -999 -999 -999 -999 -999 -999
IBTr 13L GILBERT   880917 1200 250N 1005W -99 -99 0996 1010 0110 18 011 -999 -999 -999 -999 -999 -999
IBTr 13L GILBERT   880917 1800 254N 1019W -99 -99 1000 1010 0100 15 010 -999 -999 -999 -999 -999 -999
IBTr 13L GILBERT   880918 0000 260N 1032W -99 -99 1002 1010 0100 15 010 -999 -999 -999 -999 -999 -999
IBTr 13L GILBERT   880918 0600 276N 1037W -99 -99 1004 1010 0100 15 010 -999 -999 -999 -999 -999 -999
IBTr 13L GILBERT   880918 1200 293N 1026W -99 -99 1003 1010 0100 12 010 -999 -999 -999 -999 -999 -999
IBTr 13L GILBERT   880918 1800 315N 1013W -99 -99 1003 1010 0100 12 010 -999 -999 -999 -999 -999 -999
IBTr 13L GILBERT   880919 0000 332N 0997W -99 -99 1002 1010 0100 12 010 -999 -999 -999 -999 -999 -999
IBTr 13L GILBERT   880919 0600 358N 0977W -99 -99 1001 1010 0100 12 010 -999 -999 -999 -999 -999 -999
IBTr 13L GILBERT   880919 1200 377N 0932W -99 -99 0999 1010 0110 12 011 -999 -999 -999 -999 -999 -999
IBTr 13L GILBERT   880919 1800 402N 0899W -99 -99 0998 1010 0110 12 011 -999 -999 -999 -999 -999 -999
IBTr 13L GILBERT   880920 0000 434N 0865W -99 -99 0995 1010 0120 12 012 -999 -999 -999 -999 -999 -999
