IBTr 15S HERBIE    880517 0300 68S  0916E -99 -99 1000 1010 0090 13 009 -999 -999 -999 -999 -999
IBTr 15S HERBIE    880517 0600 70S  0920E -99 -99 0999 1010 0100 14 010 -999 -999 -999 -999 -999
IBTr 15S HERBIE    880517 1200 76S  0928E -99 -99 0998 1010 0100 14 010 -999 -999 -999 -999 -999
IBTr 15S HERBIE    880517 1800 86S  0922E -99 -99 0997 1010 0100 15 010 -999 -999 -999 -999 -999
IBTr 15S HERBIE    880518 0000 92S  0930E -99 -99 0995 1010 0100 18 010 -999 -999 -999 -999 -999
IBTr 15S HERBIE    880518 0600 99S  0942E -99 -99 0992 1010 0110 20 011 -999 -999 -999 -999 -999
IBTr 15S HERBIE    880518 1200 108S 0952E -99 -99 0990 1010 0110 21 011 -999 -999 -999 -999 -999
IBTr 15S HERBIE    880518 1800 117S 0959E -99 -99 0991 1010 0110 21 011 -999 -999 -999 -999 -999
IBTr 15S HERBIE    880519 0000 126S 0964E -99 -99 0992 1010 0110 20 011 -999 -999 -999 -999 -999
IBTr 15S HERBIE    880519 0600 141S 0969E -99 -99 0993 1010 0110 19 011 -999 -999 -999 -999 -999
IBTr 15S HERBIE    880519 0840 136S 0975E -99 -99 0995 1010 0100 18 010 -999 -999 -999 -999 -999
IBTr 15S HERBIE    880519 1200 160S 0979E -99 -99 -999 1010 0000 -9 000 -999 -999 -999 -999 -999
IBTr 15S HERBIE    880519 1800 175S 0993E -99 -99 -999 1010 0000 -9 000 -999 -999 -999 -999 -999
IBTr 15S HERBIE    880520 0000 192S 1011E -99 -99 -999 1010 0000 -9 000 -999 -999 -999 -999 -999
IBTr 15S HERBIE    880520 0600 209S 1029E -99 -99 -999 1010 0000 -9 000 -999 -999 -999 -999 -999
IBTr 15S HERBIE    880520 1200 229S 1050E -99 -99 -999 1010 0000 -9 000 -999 -999 -999 -999 -999
IBTr 15S HERBIE    880520 1800 253S 1080E -99 -99 -999 1010 0000 -9 000 -999 -999 -999 -999 -999
