IBTr 14W NOTNAMED  880806 1800 245N 1395E -99 -99 -999 1010 0000 -9 000 -999 -999 -999 -999 -999 -999
IBTr 14W NOTNAMED  880807 0000 242N 1392E -99 -99 -999 1010 0000 -9 000 -999 -999 -999 -999 -999 -999
IBTr 14W NOTNAMED  880807 0600 240N 1390E -99 -99 -999 1010 0000 -9 000 -999 -999 -999 -999 -999 -999
IBTr 14W NOTNAMED  880807 1200 236N 1388E -99 -99 -999 1010 0000 -9 000 -999 -999 -999 -999 -999 -999
IBTr 14W NOTNAMED  880807 1800 233N 1384E -99 -99 -999 1010 0000 -9 000 -999 -999 -999 -999 -999 -999
IBTr 14W NOTNAMED  880808 0000 235N 1379E -99 -99 -999 1010 0000 -9 000 -999 -999 -999 -999 -999 -999
IBTr 14W NOTNAMED  880808 0600 240N 1375E -99 -99 -999 1010 0000 -9 000 -999 -999 -999 -999 -999 -999
IBTr 14W NOTNAMED  880808 1200 247N 1372E -99 -99 -999 1010 0000 -9 000 -999 -999 -999 -999 -999 -999
IBTr 14W NOTNAMED  880808 1800 252N 1368E -99 -99 -999 1010 0000 -9 000 -999 -999 -999 -999 -999 -999
IBTr 14W NOTNAMED  880809 0000 260N 1364E -99 -99 -999 1010 0000 -9 000 -999 -999 -999 -999 -999 -999
IBTr 14W NOTNAMED  880809 0600 278N 1361E -99 -99 -999 1010 0000 -9 000 -999 -999 -999 -999 -999 -999
IBTr 14W NOTNAMED  880809 1200 275N 1355E -99 -99 -999 1010 0000 -9 000 -999 -999 -999 -999 -999 -999
IBTr 14W NOTNAMED  880809 1800 280N 1351E -99 -99 -999 1010 0000 -9 000 -999 -999 -999 -999 -999 -999
IBTr 14W NOTNAMED  880810 0000 285N 1350E -99 -99 -999 1010 0000 -9 000 -999 -999 -999 -999 -999 -999
IBTr 14W NOTNAMED  880810 0600 295N 1340E -99 -99 -999 1010 0000 -9 000 -999 -999 -999 -999 -999 -999
IBTr 14W NOTNAMED  880810 1200 305N 1334E -99 -99 -999 1010 0000 -9 000 -999 -999 -999 -999 -999 -999
IBTr 14W NOTNAMED  880810 1800 311N 1327E -99 -99 -999 1010 0000 -9 000 -999 -999 -999 -999 -999 -999
IBTr 14W NOTNAMED  880811 0000 313N 1315E -99 -99 -999 1010 0000 -9 000 -999 -999 -999 -999 -999 -999
IBTr 14W NOTNAMED  880811 0600 310N 1308E -99 -99 -999 1010 0000 -9 000 -999 -999 -999 -999 -999 -999
IBTr 14W NOTNAMED  880811 1200 306N 1300E -99 -99 -999 1010 0000 -9 000 -999 -999 -999 -999 -999 -999
IBTr 14W NOTNAMED  880811 1800 306N 1291E -99 -99 -999 1010 0000 -9 000 -999 -999 -999 -999 -999 -999
IBTr 14W NOTNAMED  880812 0000 310N 1287E -99 -99 -999 1010 0000 -9 000 -999 -999 -999 -999 -999 -999
IBTr 14W NOTNAMED  880812 0600 310N 1287E -99 -99 -999 1010 0000 -9 000 -999 -999 -999 -999 -999 -999
IBTr 14W NOTNAMED  880812 1200 312N 1283E -99 -99 -999 1010 0000 -9 000 -999 -999 -999 -999 -999 -999
IBTr 14W NOTNAMED  880812 1800 318N 1286E -99 -99 -999 1010 0000 -9 000 -999 -999 -999 -999 -999 -999
IBTr 14W NOTNAMED  880813 0000 322N 1295E -99 -99 -999 1010 0000 -9 000 -999 -999 -999 -999 -999 -999
