IBTr 12S HELY      880316 0600 135S 0555E -99 -99 0997 1010 0100 14 010 -999 -999 -999 -999 -999
IBTr 12S HELY      880316 1200 136S 0548E -99 -99 0997 1010 0100 14 010 -999 -999 -999 -999 -999
IBTr 12S HELY      880316 1800 135S 0539E -99 -99 0997 1010 0100 14 010 -999 -999 -999 -999 -999
IBTr 12S HELY      880317 0000 129S 0532E -99 -99 0997 1010 0100 14 010 -999 -999 -999 -999 -999
IBTr 12S HELY      880317 0600 124S 0526E -99 -99 0997 1010 0100 14 010 -999 -999 -999 -999 -999
IBTr 12S HELY      880317 1200 117S 0518E -99 -99 0997 1010 0100 14 010 -999 -999 -999 -999 -999
IBTr 12S HELY      880317 1800 110S 0510E -99 -99 0997 1010 0100 14 010 -999 -999 -999 -999 -999
IBTr 12S HELY      880318 0000 102S 0506E -99 -99 0991 1010 0110 18 011 -999 -999 -999 -999 -999
IBTr 12S HELY      880318 0600 99S  0510E -99 -99 0976 1010 0120 26 012 -999 -999 -999 -999 -999
IBTr 12S HELY      880318 1200 101S 0518E -99 -99 0984 1010 0120 22 012 -999 -999 -999 -999 -999
IBTr 12S HELY      880318 1800 106S 0522E -99 -99 0984 1010 0120 22 012 -999 -999 -999 -999 -999
IBTr 12S HELY      880319 0000 114S 0526E -99 -99 0984 1010 0120 22 012 -999 -999 -999 -999 -999
IBTr 12S HELY      880319 0600 124S 0526E -99 -99 0984 1010 0120 22 012 -999 -999 -999 -999 -999
IBTr 12S HELY      880319 1200 133S 0532E -99 -99 0991 1010 0110 18 011 -999 -999 -999 -999 -999
IBTr 12S HELY      880319 1800 135S 0541E -99 -99 0991 1010 0110 18 011 -999 -999 -999 -999 -999
IBTr 12S HELY      880320 0000 135S 0552E -99 -99 0991 1010 0110 18 011 -999 -999 -999 -999 -999
IBTr 12S HELY      880320 0600 137S 0557E -99 -99 0997 1010 0100 14 010 -999 -999 -999 -999 -999
IBTr 12S HELY      880320 1200 138S 0560E -99 -99 0997 1010 0100 14 010 -999 -999 -999 -999 -999
IBTr 12S HELY      880320 1800 139S 0562E -99 -99 0997 1010 0100 14 010 -999 -999 -999 -999 -999
IBTr 12S HELY      880321 0000 138S 0565E -99 -99 0991 1010 0110 18 011 -999 -999 -999 -999 -999
IBTr 12S HELY      880321 0600 136S 0574E -99 -99 0991 1010 0110 18 011 -999 -999 -999 -999 -999
IBTr 12S HELY      880321 1200 134S 0583E -99 -99 0997 1010 0100 14 010 -999 -999 -999 -999 -999
IBTr 12S HELY      880321 1800 128S 0593E -99 -99 1000 1010 0100 12 010 -999 -999 -999 -999 -999
IBTr 12S HELY      880322 0000 123S 0603E -99 -99 1000 1010 0100 12 010 -999 -999 -999 -999 -999
IBTr 12S HELY      880322 0600 122S 0611E -99 -99 1000 1010 0100 12 010 -999 -999 -999 -999 -999
IBTr 12S HELY      880322 1200 126S 0616E -99 -99 1000 1010 0100 12 010 -999 -999 -999 -999 -999
IBTr 12S HELY      880322 1800 130S 0624E -99 -99 1000 1010 0100 12 010 -999 -999 -999 -999 -999
IBTr 12S HELY      880323 0000 135S 0630E -99 -99 1000 1010 0100 12 010 -999 -999 -999 -999 -999
IBTr 12S HELY      880323 0600 140S 0632E -99 -99 1000 1010 0100 12 010 -999 -999 -999 -999 -999
IBTr 12S HELY      880323 1200 142S 0636E -99 -99 1000 1010 0100 10 010 -999 -999 -999 -999 -999
IBTr 12S HELY      880323 1800 147S 0640E -99 -99 1000 1010 0100 10 010 -999 -999 -999 -999 -999
IBTr 12S HELY      880324 0000 146S 0644E -99 -99 1003 1010 0090 10 009 -999 -999 -999 -999 -999
IBTr 12S HELY      880324 0600 141S 0640E -99 -99 1003 1010 0090 10 009 -999 -999 -999 -999 -999
IBTr 12S HELY      880324 1200 142S 0630E -99 -99 1000 1010 0100 10 010 -999 -999 -999 -999 -999
IBTr 12S HELY      880324 1800 145S 0619E -99 -99 1000 1010 0100 12 010 -999 -999 -999 -999 -999
IBTr 12S HELY      880325 0000 145S 0608E -99 -99 1000 1010 0100 12 010 -999 -999 -999 -999 -999
IBTr 12S HELY      880325 0600 148S 0592E -99 -99 0000 1010 0000 18 000 -999 -999 -999 -999 -999
IBTr 12S HELY      880325 1200 149S 0578E -99 -99 0000 1010 0000 18 000 -999 -999 -999 -999 -999
IBTr 12S HELY      880325 1800 148S 0563E -99 -99 0000 1010 0000 18 000 -999 -999 -999 -999 -999
IBTr 12S HELY      880326 0000 148S 0550E -99 -99 1000 1010 0100 12 010 -999 -999 -999 -999 -999
IBTr 12S HELY      880326 0600 147S 0543E -99 -99 0997 1010 0100 14 010 -999 -999 -999 -999 -999
IBTr 12S HELY      880326 1200 147S 0536E -99 -99 0997 1010 0100 14 010 -999 -999 -999 -999 -999
IBTr 12S HELY      880326 1800 148S 0528E -99 -99 0997 1010 0100 14 010 -999 -999 -999 -999 -999
IBTr 12S HELY      880327 0000 149S 0521E -99 -99 0991 1010 0110 18 011 -999 -999 -999 -999 -999
IBTr 12S HELY      880327 0600 151S 0513E -99 -99 0997 1010 0100 14 010 -999 -999 -999 -999 -999
IBTr 12S HELY      880327 1200 155S 0508E -99 -99 0997 1010 0100 14 010 -999 -999 -999 -999 -999
IBTr 12S HELY      880327 1800 158S 0502E -99 -99 0991 1010 0110 18 011 -999 -999 -999 -999 -999
IBTr 12S HELY      880328 0000 161S 0497E -99 -99 0984 1010 0120 22 012 -999 -999 -999 -999 -999
IBTr 12S HELY      880328 0600 162S 0492E -99 -99 0991 1010 0110 18 011 -999 -999 -999 -999 -999
IBTr 12S HELY      880328 1200 166S 0481E -99 -99 0000 1010 0000 18 000 -999 -999 -999 -999 -999
IBTr 12S HELY      880328 1800 168S 0471E -99 -99 0000 1010 0000 18 000 -999 -999 -999 -999 -999
IBTr 12S HELY      880329 0000 169S 0458E -99 -99 0000 1010 0000 18 000 -999 -999 -999 -999 -999
IBTr 12S HELY      880329 0600 169S 0444E -99 -99 0000 1010 0000 18 000 -999 -999 -999 -999 -999
IBTr 12S HELY      880329 1200 170S 0435E -99 -99 0000 1010 0000 18 000 -999 -999 -999 -999 -999
IBTr 12S HELY      880329 1800 172S 0422E -99 -99 1003 1010 0090 10 009 -999 -999 -999 -999 -999
IBTr 12S HELY      880330 0000 176S 0420E -99 -99 1000 1010 0100 11 010 -999 -999 -999 -999 -999
IBTr 12S HELY      880330 0600 186S 0412E -99 -99 0997 1010 0100 14 010 -999 -999 -999 -999 -999
IBTr 12S HELY      880330 1200 192S 0405E -99 -99 1000 1010 0100 12 010 -999 -999 -999 -999 -999
IBTr 12S HELY      880330 1800 193S 0398E -99 -99 1000 1010 0100 12 010 -999 -999 -999 -999 -999
IBTr 12S HELY      880331 0000 194S 0390E -99 -99 1000 1010 0100 12 010 -999 -999 -999 -999 -999
IBTr 12S HELY      880331 0600 195S 0378E -99 -99 1003 1010 0090 10 009 -999 -999 -999 -999 -999
IBTr 12S HELY      880331 1200 198S 0376E -99 -99 1003 1010 0090 10 009 -999 -999 -999 -999 -999
IBTr 12S HELY      880331 1800 206S 0376E -99 -99 1000 1010 0100 12 010 -999 -999 -999 -999 -999
IBTr 12S HELY      880401 0000 213S 0379E -99 -99 0997 1010 0100 14 010 -999 -999 -999 -999 -999
IBTr 12S HELY      880401 0600 221S 0384E -99 -99 0997 1010 0100 14 010 -999 -999 -999 -999 -999
IBTr 12S HELY      880401 1200 231S 0390E -99 -99 1000 1010 0100 12 010 -999 -999 -999 -999 -999
IBTr 12S HELY      880401 1800 239S 0397E -99 -99 1000 1010 0100 12 010 -999 -999 -999 -999 -999
IBTr 12S HELY      880402 0000 248S 0402E -99 -99 1000 1010 0100 12 010 -999 -999 -999 -999 -999
IBTr 12S HELY      880402 0600 254S 0409E -99 -99 1003 1010 0100 10 010 -999 -999 -999 -999 -999
IBTr 12S HELY      880402 1200 262S 0414E -99 -99 0000 1010 0000 18 000 -999 -999 -999 -999 -999
IBTr 12S HELY      880402 1800 267S 0420E -99 -99 0000 1010 0000 18 000 -999 -999 -999 -999 -999
