IBTr 10E JOHN      880816 1800 175N 1058W -99 -99 1012 1012 0080 12 008 -999 -999 -999 -999 -999 -999
IBTr 10E JOHN      880817 0000 178N 1063W -99 -99 1010 1010 0080 15 008 -999 -999 -999 -999 -999 -999
IBTr 10E JOHN      880817 0600 181N 1068W -99 -99 1009 1010 0080 15 008 -999 -999 -999 -999 -999 -999
IBTr 10E JOHN      880817 1200 186N 1074W -99 -99 1007 1010 0090 15 009 -999 -999 -999 -999 -999 -999
IBTr 10E JOHN      880817 1800 190N 1078W -99 -99 1006 1010 0090 18 009 -999 -999 -999 -999 -999 -999
IBTr 10E JOHN      880818 0000 195N 1082W -99 -99 1005 1010 0090 18 009 -999 -999 -999 -999 -999 -999
IBTr 10E JOHN      880818 0600 201N 1086W -99 -99 1004 1010 0090 18 009 -999 -999 -999 -999 -999 -999
IBTr 10E JOHN      880818 1200 207N 1092W -99 -99 1006 1010 0090 15 009 -999 -999 -999 -999 -999 -999
IBTr 10E JOHN      880818 1800 214N 1097W -99 -99 1007 1010 0090 15 009 -999 -999 -999 -999 -999 -999
IBTr 10E JOHN      880819 0000 217N 1103W -99 -99 1008 1010 0090 15 009 -999 -999 -999 -999 -999 -999
IBTr 10E JOHN      880819 0600 215N 1106W -99 -99 1009 1010 0090 15 009 -999 -999 -999 -999 -999 -999
IBTr 10E JOHN      880819 1200 214N 1107W -99 -99 1011 1011 0080 12 008 -999 -999 -999 -999 -999 -999
IBTr 10E JOHN      880819 1800 212N 1107W -99 -99 1012 1012 0080 12 008 -999 -999 -999 -999 -999 -999
IBTr 10E JOHN      880820 0000 211N 1107W -99 -99 1011 1011 0080 12 008 -999 -999 -999 -999 -999 -999
IBTr 10E JOHN      880820 0600 210N 1104W -99 -99 1009 1010 0080 15 008 -999 -999 -999 -999 -999 -999
IBTr 10E JOHN      880820 1200 212N 1101W -99 -99 1009 1010 0080 15 008 -999 -999 -999 -999 -999 -999
IBTr 10E JOHN      880820 1800 217N 1099W -99 -99 1011 1011 0080 12 008 -999 -999 -999 -999 -999 -999
IBTr 10E JOHN      880821 0000 223N 1102W -99 -99 1013 1013 0080 10 008 -999 -999 -999 -999 -999 -999
IBTr 10E JOHN      880821 0600 226N 1107W -99 -99 1014 1014 0080 10 008 -999 -999 -999 -999 -999 -999
