IBTr 15W DOYLE     880813 0000 220N 1730E -99 -99 1008 1010 0090 -9 009 -999 -999 -999 -999 -999 -999
IBTr 15W DOYLE     880813 0600 217N 1732E -99 -99 1008 1010 0090 10 009 -999 -999 -999 -999 -999 -999
IBTr 15W DOYLE     880813 1200 209N 1722E -99 -99 1008 1010 0090 12 009 -999 -999 -999 -999 -999 -999
IBTr 15W DOYLE     880813 1800 201N 1716E -99 -99 1008 1010 0090 12 009 -999 -999 -999 -999 -999 -999
IBTr 15W DOYLE     880814 0000 194N 1712E -99 -99 1006 1010 0090 12 009 -999 -999 -999 -999 -999 -999
IBTr 15W DOYLE     880814 0600 188N 1710E -99 -99 1004 1010 0090 15 009 -999 -999 -999 -999 -999 -999
IBTr 15W DOYLE     880814 1200 186N 1709E -99 -99 1000 1010 0100 15 010 -999 -999 -999 -999 -999 -999
IBTr 15W DOYLE     880814 1800 191N 1706E -99 -99 0996 1010 0100 23 010 -999 -999 -999 -999 -999 -999
IBTr 15W DOYLE     880815 0000 194N 1699E -99 -99 0985 1010 0120 25 012 -999 -999 -999 -999 -999 -999
IBTr 15W DOYLE     880815 0600 197N 1690E -99 -99 0980 1010 0130 28 013 -999 -999 -999 -999 -999 -999
IBTr 15W DOYLE     880815 1200 199N 1681E -99 -99 0980 1010 0130 28 013 -999 -999 -999 -999 -999 -999
IBTr 15W DOYLE     880815 1800 200N 1671E -99 -99 0980 1010 0130 28 013 -999 -999 -999 -999 -999 -999
IBTr 15W DOYLE     880816 0000 202N 1661E -99 -99 0975 1010 0130 30 013 -999 -999 -999 -999 -999 -999
IBTr 15W DOYLE     880816 0600 205N 1654E -99 -99 0970 1010 0130 33 013 -999 -999 -999 -999 -999 -999
IBTr 15W DOYLE     880816 1200 209N 1648E -99 -99 0960 1010 0140 38 014 -999 -999 -999 -999 -999 -999
IBTr 15W DOYLE     880816 1800 215N 1644E -99 -99 0940 1010 0130 41 013 -999 -999 -999 -999 -999 -999
IBTr 15W DOYLE     880817 0000 222N 1642E -99 -99 0930 1010 0120 43 012 -999 -999 -999 -999 -999 -999
IBTr 15W DOYLE     880817 0600 230N 1642E -99 -99 0930 1010 0120 46 012 -999 -999 -999 -999 -999 -999
IBTr 15W DOYLE     880817 1200 238N 1642E -99 -99 0930 1010 0120 46 012 -999 -999 -999 -999 -999 -999
IBTr 15W DOYLE     880817 1800 248N 1646E -99 -99 0930 1010 0120 46 012 -999 -999 -999 -999 -999 -999
IBTr 15W DOYLE     880818 0000 259N 1653E -99 -99 0935 1010 0120 46 012 -999 -999 -999 -999 -999 -999
IBTr 15W DOYLE     880818 0600 270N 1659E -99 -99 0940 1010 0130 46 013 -999 -999 -999 -999 -999 -999
IBTr 15W DOYLE     880818 1200 280N 1667E -99 -99 0945 1010 0130 46 013 -999 -999 -999 -999 -999 -999
IBTr 15W DOYLE     880818 1800 289N 1676E -99 -99 0950 1010 0140 41 014 -999 -999 -999 -999 -999 -999
IBTr 15W DOYLE     880819 0000 296N 1685E -99 -99 0955 1010 0140 36 014 -999 -999 -999 -999 -999 -999
IBTr 15W DOYLE     880819 0600 302N 1693E -99 -99 0960 1010 0140 36 014 -999 -999 -999 -999 -999 -999
IBTr 15W DOYLE     880819 1200 306N 1700E -99 -99 0960 1010 0140 33 014 -999 -999 -999 -999 -999 -999
IBTr 15W DOYLE     880819 1800 311N 1707E -99 -99 0965 1010 0140 33 014 -999 -999 -999 -999 -999 -999
IBTr 15W DOYLE     880820 0000 315N 1714E -99 -99 0970 1010 0140 33 014 -999 -999 -999 -999 -999 -999
IBTr 15W DOYLE     880820 0600 319N 1722E -99 -99 0970 1010 0140 33 014 -999 -999 -999 -999 -999 -999
IBTr 15W DOYLE     880820 1200 324N 1730E -99 -99 0975 1010 0140 30 014 -999 -999 -999 -999 -999 -999
IBTr 15W DOYLE     880820 1800 333N 1733E -99 -99 0980 1010 0130 28 013 -999 -999 -999 -999 -999 -999
IBTr 15W DOYLE     880821 0000 341N 1735E -99 -99 0985 1010 0130 25 013 -999 -999 -999 -999 -999 -999
IBTr 15W DOYLE     880821 0600 350N 1733E -99 -99 0985 1010 0130 25 013 -999 -999 -999 -999 -999 -999
IBTr 15W DOYLE     880821 1200 356N 1733E -99 -99 0990 1010 0120 25 012 -999 -999 -999 -999 -999 -999
IBTr 15W DOYLE     880821 1800 362N 1733E -99 -99 0990 1010 0120 23 012 -999 -999 -999 -999 -999 -999
IBTr 15W DOYLE     880822 0000 367N 1736E -99 -99 0992 1010 0120 23 012 -999 -999 -999 -999 -999 -999
IBTr 15W DOYLE     880822 0600 372N 1740E -99 -99 0996 1010 0110 20 011 -999 -999 -999 -999 -999 -999
IBTr 15W DOYLE     880822 1200 375N 1744E -99 -99 1000 1010 0110 18 011 -999 -999 -999 -999 -999 -999
IBTr 15W DOYLE     880822 1800 374N 1748E -99 -99 1002 1010 0100 18 010 -999 -999 -999 -999 -999 -999
IBTr 15W DOYLE     880823 0000 372N 1752E -99 -99 1004 1010 0100 18 010 -999 -999 -999 -999 -999 -999
IBTr 15W DOYLE     880823 0600 370N 1755E -99 -99 1008 1010 0090 -9 009 -999 -999 -999 -999 -999 -999
IBTr 15W DOYLE     880823 1200 369N 1760E -99 -99 1016 1016 0090 -9 009 -999 -999 -999 -999 -999 -999
IBTr 15W DOYLE     880823 1800 373N 1761E -99 -99 1016 1016 0090 -9 009 -999 -999 -999 -999 -999 -999
IBTr 15W DOYLE     880824 0000 380N 1760E -99 -99 1018 1018 0090 -9 009 -999 -999 -999 -999 -999 -999
IBTr 15W DOYLE     880824 0600 380N 1760E -99 -99 1018 1018 0090 -9 009 -999 -999 -999 -999 -999 -999
IBTr 15W DOYLE     880824 1200 375N 1765E -99 -99 1018 1018 0090 -9 009 -999 -999 -999 -999 -999 -999
IBTr 15W DOYLE     880824 1800 375N 1765E -99 -99 1018 1018 0090 -9 009 -999 -999 -999 -999 -999 -999
IBTr 15W DOYLE     880825 0000 380N 1770E -99 -99 1016 1016 0090 -9 009 -999 -999 -999 -999 -999 -999
IBTr 15W DOYLE     880825 0600 380N 1780E -99 -99 1016 1016 0090 -9 009 -999 -999 -999 -999 -999 -999
IBTr 15W DOYLE     880825 1200 380N 1780E -99 -99 1016 1016 0090 -9 009 -999 -999 -999 -999 -999 -999
