IBTr 14L HELENE    880919 1800 134N 0316W -99 -99 1009 1010 0080 15 008 -999 -999 -999 -999 -999 -999
IBTr 14L HELENE    880920 0000 133N 0327W -99 -99 1008 1010 0080 16 008 -999 -999 -999 -999 -999 -999
IBTr 14L HELENE    880920 0600 132N 0338W -99 -99 1008 1010 0080 18 008 -999 -999 -999 -999 -999 -999
IBTr 14L HELENE    880920 1200 130N 0348W -99 -99 1004 1010 0090 20 009 -999 -999 -999 -999 -999 -999
IBTr 14L HELENE    880920 1800 124N 0357W -99 -99 1002 1010 0090 23 009 -999 -999 -999 -999 -999 -999
IBTr 14L HELENE    880921 0000 122N 0367W -99 -99 0998 1010 0100 25 010 -999 -999 -999 -999 -999 -999
IBTr 14L HELENE    880921 0600 120N 0377W -99 -99 0993 1010 0110 30 011 -999 -999 -999 -999 -999 -999
IBTr 14L HELENE    880921 1200 121N 0388W -99 -99 0998 1010 0100 36 010 -999 -999 -999 -999 -999 -999
IBTr 14L HELENE    880921 1800 124N 0399W -99 -99 0983 1010 0120 38 012 -999 -999 -999 -999 -999 -999
IBTr 14L HELENE    880922 0000 127N 0406W -99 -99 0978 1010 0120 41 012 -999 -999 -999 -999 -999 -999
IBTr 14L HELENE    880922 0600 130N 0415W -99 -99 0972 1010 0130 46 013 -999 -999 -999 -999 -999 -999
IBTr 14L HELENE    880922 1200 132N 0423W -99 -99 0965 1010 0130 48 013 -999 -999 -999 -999 -999 -999
IBTr 14L HELENE    880922 1800 135N 0431W -99 -99 0959 1010 0130 51 013 -999 -999 -999 -999 -999 -999
IBTr 14L HELENE    880923 0000 139N 0440W -99 -99 0953 1010 0130 56 013 -999 -999 -999 -999 -999 -999
IBTr 14L HELENE    880923 0600 141N 0449W -99 -99 0945 1010 0130 59 013 -999 -999 -999 -999 -999 -999
IBTr 14L HELENE    880923 1200 147N 0455W -99 -99 0939 1010 0120 61 012 -999 -999 -999 -999 -999 -999
IBTr 14L HELENE    880923 1800 153N 0461W -99 -99 0938 1010 0120 64 012 -999 -999 -999 -999 -999 -999
IBTr 14L HELENE    880924 0000 159N 0469W -99 -99 0940 1010 0120 61 012 -999 -999 -999 -999 -999 -999
IBTr 14L HELENE    880924 0600 166N 0475W -99 -99 0944 1010 0130 61 013 -999 -999 -999 -999 -999 -999
IBTr 14L HELENE    880924 1200 174N 0480W -99 -99 0948 1010 0130 59 013 -999 -999 -999 -999 -999 -999
IBTr 14L HELENE    880924 1800 181N 0485W -99 -99 0954 1010 0130 56 013 -999 -999 -999 -999 -999 -999
IBTr 14L HELENE    880925 0000 187N 0489W -99 -99 0959 1010 0140 51 014 -999 -999 -999 -999 -999 -999
IBTr 14L HELENE    880925 0600 194N 0490W -99 -99 0963 1010 0140 51 014 -999 -999 -999 -999 -999 -999
IBTr 14L HELENE    880925 1200 200N 0491W -99 -99 0966 1010 0130 48 013 -999 -999 -999 -999 -999 -999
IBTr 14L HELENE    880925 1800 209N 0493W -99 -99 0968 1010 0130 46 013 -999 -999 -999 -999 -999 -999
IBTr 14L HELENE    880926 0000 222N 0495W -99 -99 0971 1010 0130 43 013 -999 -999 -999 -999 -999 -999
IBTr 14L HELENE    880926 0600 234N 0497W -99 -99 0973 1010 0130 43 013 -999 -999 -999 -999 -999 -999
IBTr 14L HELENE    880926 1200 245N 0499W -99 -99 0975 1010 0130 41 013 -999 -999 -999 -999 -999 -999
IBTr 14L HELENE    880926 1800 258N 0503W -99 -99 0976 1010 0130 41 013 -999 -999 -999 -999 -999 -999
IBTr 14L HELENE    880927 0000 271N 0511W -99 -99 0977 1010 0130 38 013 -999 -999 -999 -999 -999 -999
IBTr 14L HELENE    880927 0600 282N 0519W -99 -99 0979 1010 0130 38 013 -999 -999 -999 -999 -999 -999
IBTr 14L HELENE    880927 1200 298N 0520W -99 -99 0979 1010 0130 38 013 -999 -999 -999 -999 -999 -999
IBTr 14L HELENE    880927 1800 309N 0519W -99 -99 0979 1010 0130 38 013 -999 -999 -999 -999 -999 -999
IBTr 14L HELENE    880928 0000 319N 0515W -99 -99 0979 1010 0130 38 013 -999 -999 -999 -999 -999 -999
IBTr 14L HELENE    880928 0600 328N 0510W -99 -99 0977 1010 0130 41 013 -999 -999 -999 -999 -999 -999
IBTr 14L HELENE    880928 1200 335N 0503W -99 -99 0975 1010 0140 41 014 -999 -999 -999 -999 -999 -999
IBTr 14L HELENE    880928 1800 347N 0495W -99 -99 0972 1010 0140 43 014 -999 -999 -999 -999 -999 -999
IBTr 14L HELENE    880929 0000 361N 0485W -99 -99 0970 1010 0140 46 014 -999 -999 -999 -999 -999 -999
IBTr 14L HELENE    880929 0600 380N 0465W -99 -99 0970 1010 0140 46 014 -999 -999 -999 -999 -999 -999
IBTr 14L HELENE    880929 1200 402N 0444W -99 -99 0973 1010 0140 43 014 -999 -999 -999 -999 -999 -999
IBTr 14L HELENE    880929 1800 429N 0420W -99 -99 0979 1010 0140 38 014 -999 -999 -999 -999 -999 -999
IBTr 14L HELENE    880930 0000 462N 0388W -99 -99 0985 1010 0130 33 013 -999 -999 -999 -999 -999 -999
IBTr 14L HELENE    880930 0600 502N 0345W -99 -99 0990 1010 0130 33 013 -999 -999 -999 -999 -999 -999
IBTr 14L HELENE    880930 1200 550N 0300W -99 -99 0992 1010 0130 30 013 -999 -999 -999 -999 -999 -999
