IBTr 17L JOANMIRIA 881010 1800 89N  0422W -99 -99 1010 1010 0080 12 008 -999 -999 -999 -999 -999 -999
IBTr 17L JOANMIRIA 881011 0000 95N  0436W -99 -99 1008 1010 0080 15 008 -999 -999 -999 -999 -999 -999
IBTr 17L JOANMIRIA 881011 0600 101N 0450W -99 -99 1005 1010 0090 18 009 -999 -999 -999 -999 -999 -999
IBTr 17L JOANMIRIA 881011 1200 107N 0464W -99 -99 1003 1010 0090 20 009 -999 -999 -999 -999 -999 -999
IBTr 17L JOANMIRIA 881011 1800 112N 0479W -99 -99 1000 1010 0100 23 010 -999 -999 -999 -999 -999 -999
IBTr 17L JOANMIRIA 881012 0000 115N 0490W -99 -99 0999 1010 0100 25 010 -999 -999 -999 -999 -999 -999
IBTr 17L JOANMIRIA 881012 0600 118N 0501W -99 -99 1000 1010 0100 23 010 -999 -999 -999 -999 -999 -999
IBTr 17L JOANMIRIA 881012 1200 121N 0513W -99 -99 1003 1010 0090 23 009 -999 -999 -999 -999 -999 -999
IBTr 17L JOANMIRIA 881012 1800 123N 0525W -99 -99 1006 1010 0090 20 009 -999 -999 -999 -999 -999 -999
IBTr 17L JOANMIRIA 881013 0000 124N 0538W -99 -99 1007 1010 0090 20 009 -999 -999 -999 -999 -999 -999
IBTr 17L JOANMIRIA 881013 0600 125N 0549W -99 -99 1007 1010 0090 20 009 -999 -999 -999 -999 -999 -999
IBTr 17L JOANMIRIA 881013 1200 126N 0560W -99 -99 1006 1010 0090 20 009 -999 -999 -999 -999 -999 -999
IBTr 17L JOANMIRIA 881013 1800 127N 0571W -99 -99 1005 1010 0090 20 009 -999 -999 -999 -999 -999 -999
IBTr 17L JOANMIRIA 881014 0000 126N 0583W -99 -99 1003 1010 0090 20 009 -999 -999 -999 -999 -999 -999
IBTr 17L JOANMIRIA 881014 0600 124N 0594W -99 -99 1002 1010 0090 20 009 -999 -999 -999 -999 -999 -999
IBTr 17L JOANMIRIA 881014 1200 122N 0600W -99 -99 1001 1010 0090 23 009 -999 -999 -999 -999 -999 -999
IBTr 17L JOANMIRIA 881014 1800 120N 0608W -99 -99 1001 1010 0090 23 009 -999 -999 -999 -999 -999 -999
IBTr 17L JOANMIRIA 881015 0000 121N 0615W -99 -99 1003 1010 0090 23 009 -999 -999 -999 -999 -999 -999
IBTr 17L JOANMIRIA 881015 0100 121N 0618W -99 -99 1003 1010 0090 23 009 -999 -999 -999 -999 -999 -999
IBTr 17L JOANMIRIA 881015 0600 121N 0628W -99 -99 1004 1010 0090 23 009 -999 -999 -999 -999 -999 -999
IBTr 17L JOANMIRIA 881015 1200 120N 0638W -99 -99 1004 1010 0090 23 009 -999 -999 -999 -999 -999 -999
IBTr 17L JOANMIRIA 881015 1800 119N 0649W -99 -99 1003 1010 0090 23 009 -999 -999 -999 -999 -999 -999
IBTr 17L JOANMIRIA 881016 0000 120N 0661W -99 -99 1002 1010 0090 23 009 -999 -999 -999 -999 -999 -999
IBTr 17L JOANMIRIA 881016 0600 120N 0672W -99 -99 1001 1010 0090 25 009 -999 -999 -999 -999 -999 -999
IBTr 17L JOANMIRIA 881016 1200 119N 0682W -99 -99 1000 1010 0100 25 010 -999 -999 -999 -999 -999 -999
IBTr 17L JOANMIRIA 881016 1800 120N 0692W -99 -99 0999 1010 0100 25 010 -999 -999 -999 -999 -999 -999
IBTr 17L JOANMIRIA 881017 0000 120N 0702W -99 -99 0998 1010 0100 28 010 -999 -999 -999 -999 -999 -999
IBTr 17L JOANMIRIA 881017 0600 120N 0712W -99 -99 0997 1010 0100 28 010 -999 -999 -999 -999 -999 -999
IBTr 17L JOANMIRIA 881017 1200 119N 0721W -99 -99 0995 1010 0100 30 010 -999 -999 -999 -999 -999 -999
IBTr 17L JOANMIRIA 881017 1800 118N 0730W -99 -99 0993 1010 0110 30 011 -999 -999 -999 -999 -999 -999
IBTr 17L JOANMIRIA 881018 0000 118N 0740W -99 -99 0990 1010 0110 33 011 -999 -999 -999 -999 -999 -999
IBTr 17L JOANMIRIA 881018 0600 117N 0750W -99 -99 0987 1010 0110 36 011 -999 -999 -999 -999 -999 -999
IBTr 17L JOANMIRIA 881018 1200 115N 0758W -99 -99 0984 1010 0120 38 012 -999 -999 -999 -999 -999 -999
IBTr 17L JOANMIRIA 881018 1800 113N 0765W -99 -99 0980 1010 0120 41 012 -999 -999 -999 -999 -999 -999
IBTr 17L JOANMIRIA 881019 0000 112N 0772W -99 -99 0976 1010 0120 46 012 -999 -999 -999 -999 -999 -999
IBTr 17L JOANMIRIA 881019 0600 113N 0778W -99 -99 0970 1010 0130 48 013 -999 -999 -999 -999 -999 -999
IBTr 17L JOANMIRIA 881019 1200 114N 0783W -99 -99 0960 1010 0130 54 013 -999 -999 -999 -999 -999 -999
IBTr 17L JOANMIRIA 881019 1800 113N 0789W -99 -99 0953 1010 0130 56 013 -999 -999 -999 -999 -999 -999
IBTr 17L JOANMIRIA 881020 0000 113N 0793W -99 -99 0956 1010 0130 54 013 -999 -999 -999 -999 -999 -999
IBTr 17L JOANMIRIA 881020 0600 111N 0798W -99 -99 0967 1010 0130 43 013 -999 -999 -999 -999 -999 -999
IBTr 17L JOANMIRIA 881020 1200 111N 0795W -99 -99 0971 1010 0130 36 013 -999 -999 -999 -999 -999 -999
IBTr 17L JOANMIRIA 881020 1800 113N 0799W -99 -99 0973 1010 0130 36 013 -999 -999 -999 -999 -999 -999
IBTr 17L JOANMIRIA 881021 0000 115N 0803W -99 -99 0972 1010 0130 38 013 -999 -999 -999 -999 -999 -999
IBTr 17L JOANMIRIA 881021 0600 115N 0807W -99 -99 0970 1010 0130 46 013 -999 -999 -999 -999 -999 -999
IBTr 17L JOANMIRIA 881021 1200 116N 0812W -99 -99 0964 1010 0130 51 013 -999 -999 -999 -999 -999 -999
IBTr 17L JOANMIRIA 881021 1800 118N 0818W -99 -99 0952 1010 0130 56 013 -999 -999 -999 -999 -999 -999
IBTr 17L JOANMIRIA 881022 0000 119N 0825W -99 -99 0937 1010 0120 61 012 -999 -999 -999 -999 -999 -999
IBTr 17L JOANMIRIA 881022 0600 119N 0832W -99 -99 0932 1010 0110 64 011 -999 -999 -999 -999 -999 -999
IBTr 17L JOANMIRIA 881022 1000 119N 0837W -99 -99 0932 1010 0110 64 011 -999 -999 -999 -999 -999 -999
IBTr 17L JOANMIRIA 881022 1200 119N 0839W -99 -99 0936 1010 0120 61 012 -999 -999 -999 -999 -999 -999
IBTr 17L JOANMIRIA 881022 1800 120N 0850W -99 -99 0983 1010 0120 36 012 -999 -999 -999 -999 -999 -999
IBTr 17L JOANMIRIA 881023 0000 121N 0859W -99 -99 0993 1010 0110 28 011 -999 -999 -999 -999 -999 -999
