IBTr 16L ISAAC     880928 1800 90N  0455W -99 -99 1009 1010 0080 12 008 -999 -999 -999 -999 -999 -999
IBTr 16L ISAAC     880929 0000 91N  0470W -99 -99 1008 1010 0080 12 008 -999 -999 -999 -999 -999 -999
IBTr 16L ISAAC     880929 0600 93N  0487W -99 -99 1007 1010 0080 12 008 -999 -999 -999 -999 -999 -999
IBTr 16L ISAAC     880929 1200 95N  0500W -99 -99 1007 1010 0080 12 008 -999 -999 -999 -999 -999 -999
IBTr 16L ISAAC     880929 1800 96N  0513W -99 -99 1006 1010 0090 15 009 -999 -999 -999 -999 -999 -999
IBTr 16L ISAAC     880930 0000 98N  0522W -99 -99 1006 1010 0090 15 009 -999 -999 -999 -999 -999 -999
IBTr 16L ISAAC     880930 0600 102N 0531W -99 -99 1006 1010 0090 15 009 -999 -999 -999 -999 -999 -999
IBTr 16L ISAAC     880930 1200 108N 0545W -99 -99 1005 1010 0090 15 009 -999 -999 -999 -999 -999 -999
IBTr 16L ISAAC     880930 1800 114N 0560W -99 -99 1005 1010 0090 18 009 -999 -999 -999 -999 -999 -999
IBTr 16L ISAAC     881001 0000 118N 0577W -99 -99 1005 1010 0090 20 009 -999 -999 -999 -999 -999 -999
IBTr 16L ISAAC     881001 0600 120N 0595W -99 -99 1005 1010 0090 18 009 -999 -999 -999 -999 -999 -999
IBTr 16L ISAAC     881001 1200 120N 0612W -99 -99 1006 1010 0090 15 009 -999 -999 -999 -999 -999 -999
