IBTr 11W NOTNAMED  880731 1800 175N 1160E -99 -99 -999 1010 0000 -9 000 -999 -999 -999 -999 -999 -999
IBTr 11W NOTNAMED  880801 0000 178N 1155E -99 -99 -999 1010 0000 -9 000 -999 -999 -999 -999 -999 -999
IBTr 11W NOTNAMED  880801 0600 187N 1150E -99 -99 -999 1010 0000 -9 000 -999 -999 -999 -999 -999 -999
IBTr 11W NOTNAMED  880801 1200 190N 1140E -99 -99 -999 1010 0000 -9 000 -999 -999 -999 -999 -999 -999
IBTr 11W NOTNAMED  880801 1800 191N 1130E -99 -99 -999 1010 0000 -9 000 -999 -999 -999 -999 -999 -999
IBTr 11W NOTNAMED  880802 0000 190N 1120E -99 -99 -999 1010 0000 -9 000 -999 -999 -999 -999 -999 -999
IBTr 11W NOTNAMED  880802 0600 194N 1111E -99 -99 -999 1010 0000 -9 000 -999 -999 -999 -999 -999 -999
IBTr 11W NOTNAMED  880802 1200 195N 1105E -99 -99 -999 1010 0000 -9 000 -999 -999 -999 -999 -999 -999
IBTr 11W NOTNAMED  880802 1800 198N 1088E -99 -99 -999 1010 0000 -9 000 -999 -999 -999 -999 -999 -999
IBTr 11W NOTNAMED  880803 0000 205N 1080E -99 -99 -999 1010 0000 -9 000 -999 -999 -999 -999 -999 -999
IBTr 11W NOTNAMED  880803 0600 212N 1075E -99 -99 -999 1010 0000 -9 000 -999 -999 -999 -999 -999 -999
IBTr 11W NOTNAMED  880803 1200 213N 1074E -99 -99 -999 1010 0000 -9 000 -999 -999 -999 -999 -999 -999
IBTr 11W NOTNAMED  880803 1800 214N 1073E -99 -99 -999 1010 0000 -9 000 -999 -999 -999 -999 -999 -999
IBTr 11W NOTNAMED  880804 0000 214N 1072E -99 -99 -999 1010 0000 -9 000 -999 -999 -999 -999 -999 -999
IBTr 11W NOTNAMED  880804 0600 215N 1070E -99 -99 -999 1010 0000 -9 000 -999 -999 -999 -999 -999 -999
IBTr 11W ULEKI     880908 1200 255N 1787E -99 -99 0945 1010 0130 43 013 -999 -999 -999 -999 -999 -999
IBTr 11W ULEKI     880908 1800 261N 1774E -99 -99 0945 1010 0130 43 013 -999 -999 -999 -999 -999 -999
IBTr 11W ULEKI     880909 0000 266N 1762E -99 -99 0945 1010 0130 41 013 -999 -999 -999 -999 -999 -999
IBTr 11W ULEKI     880909 0600 271N 1752E -99 -99 0950 1010 0140 41 014 -999 -999 -999 -999 -999 -999
IBTr 11W ULEKI     880909 1200 274N 1743E -99 -99 0950 1010 0140 41 014 -999 -999 -999 -999 -999 -999
IBTr 11W ULEKI     880909 1800 275N 1735E -99 -99 0950 1010 0140 38 014 -999 -999 -999 -999 -999 -999
IBTr 11W ULEKI     880910 0000 275N 1728E -99 -99 0950 1010 0140 38 014 -999 -999 -999 -999 -999 -999
IBTr 11W ULEKI     880910 0600 277N 1721E -99 -99 0950 1010 0140 38 014 -999 -999 -999 -999 -999 -999
IBTr 11W ULEKI     880910 1200 281N 1715E -99 -99 0950 1010 0140 36 014 -999 -999 -999 -999 -999 -999
IBTr 11W ULEKI     880910 1800 287N 1709E -99 -99 0955 1010 0140 36 014 -999 -999 -999 -999 -999 -999
IBTr 11W ULEKI     880911 0000 293N 1704E -99 -99 0960 1010 0140 38 014 -999 -999 -999 -999 -999 -999
IBTr 11W ULEKI     880911 0600 298N 1698E -99 -99 0965 1010 0140 38 014 -999 -999 -999 -999 -999 -999
IBTr 11W ULEKI     880911 1200 302N 1694E -99 -99 0970 1010 0140 38 014 -999 -999 -999 -999 -999 -999
IBTr 11W ULEKI     880911 1800 305N 1691E -99 -99 0975 1010 0140 36 014 -999 -999 -999 -999 -999 -999
IBTr 11W ULEKI     880912 0000 309N 1687E -99 -99 0980 1010 0130 33 013 -999 -999 -999 -999 -999 -999
IBTr 11W ULEKI     880912 0600 311N 1683E -99 -99 0985 1010 0130 30 013 -999 -999 -999 -999 -999 -999
IBTr 11W ULEKI     880912 1200 312N 1677E -99 -99 0990 1010 0120 30 012 -999 -999 -999 -999 -999 -999
IBTr 11W ULEKI     880912 1800 313N 1671E -99 -99 0992 1010 0120 30 012 -999 -999 -999 -999 -999 -999
IBTr 11W ULEKI     880913 0000 311N 1663E -99 -99 0996 1010 0110 28 011 -999 -999 -999 -999 -999 -999
IBTr 11W ULEKI     880913 0600 310N 1653E -99 -99 1000 1010 0100 25 010 -999 -999 -999 -999 -999 -999
IBTr 11W ULEKI     880913 1200 321N 1650E -99 -99 1004 1010 0100 23 010 -999 -999 -999 -999 -999 -999
IBTr 11W ULEKI     880913 1800 335N 1640E -99 -99 1006 1010 0090 -9 009 -999 -999 -999 -999 -999 -999
IBTr 11W ULEKI     880914 0000 335N 1630E -99 -99 1008 1010 0090 -9 009 -999 -999 -999 -999 -999 -999
IBTr 11W ULEKI     880914 0600 340N 1625E -99 -99 1012 1012 0090 -9 009 -999 -999 -999 -999 -999 -999
IBTr 11W ULEKI     880914 1200 345N 1620E -99 -99 1014 1014 0090 -9 009 -999 -999 -999 -999 -999 -999
IBTr 11W ULEKI     880914 1800 355N 1615E -99 -99 1014 1014 0090 -9 009 -999 -999 -999 -999 -999 -999
IBTr 11W ULEKI     880915 0000 365N 1610E -99 -99 1014 1014 0090 -9 009 -999 -999 -999 -999 -999 -999
IBTr 11W ULEKI     880915 0600 380N 1615E -99 -99 1014 1014 0090 -9 009 -999 -999 -999 -999 -999 -999
IBTr 11W ULEKI     880915 1200 390N 1630E -99 -99 1014 1014 0090 -9 009 -999 -999 -999 -999 -999 -999
IBTr 11W ULEKI     880915 1800 395N 1650E -99 -99 1012 1012 0090 -9 009 -999 -999 -999 -999 -999 -999
IBTr 11W ULEKI     880916 0000 400N 1680E -99 -99 1012 1012 0090 -9 009 -999 -999 -999 -999 -999 -999
IBTr 11W ULEKI     880916 0600 405N 1705E -99 -99 1008 1010 0090 -9 009 -999 -999 -999 -999 -999 -999
IBTr 11W ULEKI     880916 1200 410N 1720E -99 -99 1008 1010 0090 -9 009 -999 -999 -999 -999 -999 -999
IBTr 11W ULEKI     880916 1800 410N 1750E -99 -99 1008 1010 0090 -9 009 -999 -999 -999 -999 -999 -999
IBTr 11W ULEKI     880917 0000 410N 1780E -99 -99 1008 1010 0090 -9 009 -999 -999 -999 -999 -999 -999
