IBTr 10S FILAO     880223 1200 103S 0510E -99 -99 1003 1010 0090 10 009 -999 -999 -999 -999 -999
IBTr 10S FILAO     880223 1800 110S 0508E -99 -99 1003 1010 0090 10 009 -999 -999 -999 -999 -999
IBTr 10S FILAO     880224 0000 113S 0505E -99 -99 1000 1010 0100 12 010 -999 -999 -999 -999 -999
IBTr 10S FILAO     880224 0600 114S 0500E -99 -99 0997 1010 0100 14 010 -999 -999 -999 -999 -999
IBTr 10S FILAO     880224 1200 118S 0497E -99 -99 0997 1010 0100 14 010 -999 -999 -999 -999 -999
IBTr 10S FILAO     880224 1800 124S 0491E -99 -99 1000 1010 0100 12 010 -999 -999 -999 -999 -999
IBTr 10S FILAO     880225 0000 131S 0482E -99 -99 1000 1010 0100 12 010 -999 -999 -999 -999 -999
IBTr 10S FILAO     880225 0600 139S 0476E -99 -99 1000 1010 0100 12 010 -999 -999 -999 -999 -999
IBTr 10S FILAO     880225 1200 145S 0470E -99 -99 1000 1010 0100 12 010 -999 -999 -999 -999 -999
IBTr 10S FILAO     880225 1800 149S 0463E -99 -99 1000 1010 0100 12 010 -999 -999 -999 -999 -999
IBTr 10S FILAO     880226 0000 153S 0456E -99 -99 1000 1010 0100 12 010 -999 -999 -999 -999 -999
IBTr 10S FILAO     880226 0600 156S 0448E -99 -99 1000 1010 0100 12 010 -999 -999 -999 -999 -999
IBTr 10S FILAO     880226 1200 158S 0441E -99 -99 1000 1010 0100 12 010 -999 -999 -999 -999 -999
IBTr 10S FILAO     880226 1800 162S 0435E -99 -99 0997 1010 0100 14 010 -999 -999 -999 -999 -999
IBTr 10S FILAO     880227 0000 166S 0428E -99 -99 0991 1010 0110 18 011 -999 -999 -999 -999 -999
IBTr 10S FILAO     880227 0600 170S 0422E -99 -99 0991 1010 0110 18 011 -999 -999 -999 -999 -999
IBTr 10S FILAO     880227 1200 173S 0416E -99 -99 0991 1010 0110 18 011 -999 -999 -999 -999 -999
IBTr 10S FILAO     880227 1800 178S 0408E -99 -99 0991 1010 0110 18 011 -999 -999 -999 -999 -999
IBTr 10S FILAO     880228 0000 182S 0403E -99 -99 0991 1010 0110 18 011 -999 -999 -999 -999 -999
IBTr 10S FILAO     880228 0600 187S 0399E -99 -99 0991 1010 0110 18 011 -999 -999 -999 -999 -999
IBTr 10S FILAO     880228 1200 189S 0399E -99 -99 0991 1010 0110 18 011 -999 -999 -999 -999 -999
IBTr 10S FILAO     880228 1800 191S 0400E -99 -99 0984 1010 0120 22 012 -999 -999 -999 -999 -999
IBTr 10S FILAO     880229 0000 192S 0399E -99 -99 0976 1010 0130 26 013 -999 -999 -999 -999 -999
IBTr 10S FILAO     880229 0600 193S 0397E -99 -99 0966 1010 0130 31 013 -999 -999 -999 -999 -999
IBTr 10S FILAO     880229 1200 193S 0395E -99 -99 0954 1010 0130 37 013 -999 -999 -999 -999 -999
IBTr 10S FILAO     880229 1800 192S 0393E -99 -99 0966 1010 0130 31 013 -999 -999 -999 -999 -999
IBTr 10S FILAO     880301 0000 190S 0389E -99 -99 0966 1010 0130 31 013 -999 -999 -999 -999 -999
IBTr 10S FILAO     880301 0600 189S 0384E -99 -99 0954 1010 0130 37 013 -999 -999 -999 -999 -999
IBTr 10S FILAO     880301 1200 187S 0378E -99 -99 0954 1010 0130 37 013 -999 -999 -999 -999 -999
IBTr 10S FILAO     880301 1800 184S 0371E -99 -99 0954 1010 0130 37 013 -999 -999 -999 -999 -999
IBTr 10S FILAO     880302 0000 180S 0365E -99 -99 0000 1010 0000 18 000 -999 -999 -999 -999 -999
IBTr 10S FILAO     880302 0600 177S 0360E -99 -99 -999 1010 0000 -9 000 -999 -999 -999 -999 -999
