IBTr 29W NELSON    880930 0600 118N 1417E -99 -99 -999 1010 0000 10 000 -999 -999 -999 -999 -999 -999
IBTr 29W NELSON    880930 1200 121N 1402E -99 -99 -999 1010 0000 10 000 -999 -999 -999 -999 -999 -999
IBTr 29W NELSON    880930 1800 121N 1390E -99 -99 1004 1010 0090 12 009 -999 -999 -999 -999 -999 -999
IBTr 29W NELSON    881001 0000 122N 1380E -99 -99 1004 1010 0090 15 009 -999 -999 -999 -999 -999 -999
IBTr 29W NELSON    881001 0600 123N 1371E -99 -99 1000 1010 0100 18 010 -999 -999 -999 -999 -999 -999
IBTr 29W NELSON    881001 1200 124N 1361E -99 -99 1000 1010 0100 23 010 -999 -999 -999 -999 -999 -999
IBTr 29W NELSON    881001 1800 127N 1351E -99 -99 0996 1010 0100 20 010 -999 -999 -999 -999 -999 -999
IBTr 29W NELSON    881002 0000 131N 1341E -99 -99 0992 1010 0110 23 011 -999 -999 -999 -999 -999 -999
IBTr 29W NELSON    881002 0600 137N 1329E -99 -99 0990 1010 0110 23 011 -999 -999 -999 -999 -999 -999
IBTr 29W NELSON    881002 1200 142N 1319E -99 -99 0985 1010 0120 25 012 -999 -999 -999 -999 -999 -999
IBTr 29W NELSON    881002 1800 148N 1307E -99 -99 0980 1010 0120 28 012 -999 -999 -999 -999 -999 -999
IBTr 29W NELSON    881003 0000 153N 1294E -99 -99 0970 1010 0130 30 013 -999 -999 -999 -999 -999 -999
IBTr 29W NELSON    881003 0600 161N 1284E -99 -99 0960 1010 0130 36 013 -999 -999 -999 -999 -999 -999
IBTr 29W NELSON    881003 1200 167N 1274E -99 -99 0950 1010 0130 38 013 -999 -999 -999 -999 -999 -999
IBTr 29W NELSON    881003 1800 175N 1265E -99 -99 0940 1010 0120 41 012 -999 -999 -999 -999 -999 -999
IBTr 29W NELSON    881004 0000 184N 1258E -99 -99 0925 1010 0110 46 011 -999 -999 -999 -999 -999 -999
IBTr 29W NELSON    881004 0600 193N 1251E -99 -99 0915 1010 0090 48 009 -999 -999 -999 -999 -999 -999
IBTr 29W NELSON    881004 1200 200N 1247E -99 -99 0915 1010 0090 51 009 -999 -999 -999 -999 -999 -999
IBTr 29W NELSON    881004 1800 207N 1243E -99 -99 0915 1010 0090 51 009 -999 -999 -999 -999 -999 -999
IBTr 29W NELSON    881005 0000 213N 1243E -99 -99 0915 1010 0090 51 009 -999 -999 -999 -999 -999 -999
IBTr 29W NELSON    881005 0600 219N 1245E -99 -99 0920 1010 0100 51 010 -999 -999 -999 -999 -999 -999
IBTr 29W NELSON    881005 1200 225N 1251E -99 -99 0925 1010 0110 51 011 -999 -999 -999 -999 -999 -999
IBTr 29W NELSON    881005 1800 233N 1258E -99 -99 0930 1010 0120 48 012 -999 -999 -999 -999 -999 -999
IBTr 29W NELSON    881006 0000 239N 1267E -99 -99 0940 1010 0130 46 013 -999 -999 -999 -999 -999 -999
IBTr 29W NELSON    881006 0600 246N 1277E -99 -99 0945 1010 0130 43 013 -999 -999 -999 -999 -999 -999
IBTr 29W NELSON    881006 1200 252N 1287E -99 -99 0950 1010 0140 43 014 -999 -999 -999 -999 -999 -999
IBTr 29W NELSON    881006 1800 258N 1298E -99 -99 0950 1010 0140 41 014 -999 -999 -999 -999 -999 -999
IBTr 29W NELSON    881007 0000 265N 1310E -99 -99 0950 1010 0140 41 014 -999 -999 -999 -999 -999 -999
IBTr 29W NELSON    881007 0600 275N 1322E -99 -99 0950 1010 0140 41 014 -999 -999 -999 -999 -999 -999
IBTr 29W NELSON    881007 1200 285N 1335E -99 -99 0950 1010 0140 41 014 -999 -999 -999 -999 -999 -999
IBTr 29W NELSON    881007 1800 294N 1348E -99 -99 0955 1010 0140 41 014 -999 -999 -999 -999 -999 -999
IBTr 29W NELSON    881008 0000 303N 1364E -99 -99 0955 1010 0140 41 014 -999 -999 -999 -999 -999 -999
IBTr 29W NELSON    881008 0600 314N 1382E -99 -99 0960 1010 0140 38 014 -999 -999 -999 -999 -999 -999
IBTr 29W NELSON    881008 1200 325N 1405E -99 -99 0965 1010 0140 36 014 -999 -999 -999 -999 -999 -999
IBTr 29W NELSON    881008 1800 334N 1433E -99 -99 0970 1010 0140 33 014 -999 -999 -999 -999 -999 -999
IBTr 29W NELSON    881009 0000 350N 1470E -99 -99 0985 1010 0130 28 013 -999 -999 -999 -999 -999 -999
IBTr 29W NELSON    881009 0600 360N 1520E -99 -99 0990 1010 0120 -9 012 -999 -999 -999 -999 -999 -999
IBTr 29W NELSON    881009 1200 370N 1570E -99 -99 0992 1010 0120 -9 012 -999 -999 -999 -999 -999 -999
IBTr 29W NELSON    881009 1800 380N 1630E -99 -99 0990 1010 0120 -9 012 -999 -999 -999 -999 -999 -999
IBTr 29W NELSON    881010 0000 410N 1690E -99 -99 0988 1010 0130 -9 013 -999 -999 -999 -999 -999 -999
IBTr 29W NELSON    881010 0600 440N 1730E -99 -99 0980 1010 0140 -9 014 -999 -999 -999 -999 -999 -999
IBTr 29W NELSON    881010 1200 460N 1740E -99 -99 0972 1010 0150 -9 015 -999 -999 -999 -999 -999 -999
IBTr 29W NELSON    881010 1800 470N 1740E -99 -99 0970 1010 0150 -9 015 -999 -999 -999 -999 -999 -999
IBTr 29W NELSON    881011 0000 480N 1740E -99 -99 0970 1010 0150 -9 015 -999 -999 -999 -999 -999 -999
IBTr 29W NELSON    881011 0600 490N 1740E -99 -99 0972 1010 0150 -9 015 -999 -999 -999 -999 -999 -999
IBTr 29W NELSON    881011 1200 490N 1745E -99 -99 0976 1010 0140 -9 014 -999 -999 -999 -999 -999 -999
IBTr 29W NELSON    881011 1800 490N 1750E -99 -99 0980 1010 0140 -9 014 -999 -999 -999 -999 -999 -999
IBTr 29W NELSON    881012 0000 490N 1760E -99 -99 0984 1010 0140 -9 014 -999 -999 -999 -999 -999 -999
IBTr 29W NELSON    881012 0600 490N 1770E -99 -99 0984 1010 0140 -9 014 -999 -999 -999 -999 -999 -999
IBTr 29W NELSON    881012 1200 490N 1780E -99 -99 0988 1010 0130 -9 013 -999 -999 -999 -999 -999 -999
