IBTr 27W MAMIEMIMI 880919 0000 182N 1154E -99 -99 1008 1010 0090 12 009 -999 -999 -999 -999 -999 -999
IBTr 27W MAMIEMIMI 880919 0600 177N 1145E -99 -99 1004 1010 0090 12 009 -999 -999 -999 -999 -999 -999
IBTr 27W MAMIEMIMI 880919 1200 173N 1136E -99 -99 1004 1010 0090 12 009 -999 -999 -999 -999 -999 -999
IBTr 27W MAMIEMIMI 880919 1800 167N 1128E -99 -99 1004 1010 0090 12 009 -999 -999 -999 -999 -999 -999
IBTr 27W MAMIEMIMI 880920 0000 162N 1120E -99 -99 1004 1010 0090 15 009 -999 -999 -999 -999 -999 -999
IBTr 27W MAMIEMIMI 880920 0600 157N 1113E -99 -99 1002 1010 0090 15 009 -999 -999 -999 -999 -999 -999
IBTr 27W MAMIEMIMI 880920 1200 152N 1109E -99 -99 1002 1010 0090 15 009 -999 -999 -999 -999 -999 -999
IBTr 27W MAMIEMIMI 880920 1800 148N 1105E -99 -99 1000 1010 0100 15 010 -999 -999 -999 -999 -999 -999
IBTr 27W MAMIEMIMI 880921 0000 145N 1106E -99 -99 1000 1010 0100 15 010 -999 -999 -999 -999 -999 -999
IBTr 27W MAMIEMIMI 880921 0600 144N 1110E -99 -99 1000 1010 0100 15 010 -999 -999 -999 -999 -999 -999
IBTr 27W MAMIEMIMI 880921 1200 146N 1114E -99 -99 0998 1010 0100 15 010 -999 -999 -999 -999 -999 -999
IBTr 27W MAMIEMIMI 880921 1800 150N 1118E -99 -99 0996 1010 0100 23 010 -999 -999 -999 -999 -999 -999
IBTr 27W MAMIEMIMI 880922 0000 155N 1121E -99 -99 0992 1010 0110 23 011 -999 -999 -999 -999 -999 -999
IBTr 27W MAMIEMIMI 880922 0600 166N 1125E -99 -99 0990 1010 0110 23 011 -999 -999 -999 -999 -999 -999
IBTr 27W MAMIEMIMI 880922 1200 177N 1128E -99 -99 0990 1010 0110 23 011 -999 -999 -999 -999 -999 -999
IBTr 27W MAMIEMIMI 880922 1800 189N 1130E -99 -99 0990 1010 0110 23 011 -999 -999 -999 -999 -999 -999
IBTr 27W MAMIEMIMI 880923 0000 198N 1134E -99 -99 0990 1010 0110 23 011 -999 -999 -999 -999 -999 -999
IBTr 27W MAMIEMIMI 880923 0600 207N 1146E -99 -99 0992 1010 0110 23 011 -999 -999 -999 -999 -999 -999
IBTr 27W MAMIEMIMI 880923 1200 219N 1150E -99 -99 0996 1010 0110 20 011 -999 -999 -999 -999 -999 -999
IBTr 27W MAMIEMIMI 880923 1800 224N 1152E -99 -99 1000 1010 0100 -9 010 -999 -999 -999 -999 -999 -999
IBTr 27W MAMIEMIMI 880924 0000 229N 1153E -99 -99 1006 1010 0090 -9 009 -999 -999 -999 -999 -999 -999
IBTr 27W MAMIEMIMI 880924 0600 231N 1155E -99 -99 1006 1010 0090 -9 009 -999 -999 -999 -999 -999 -999
