IBTr 21W HAL       880905 0600 183N 1634E -99 -99 -999 1010 0000 10 000 -999 -999 -999 -999 -999 -999
IBTr 21W HAL       880905 1200 181N 1629E -99 -99 -999 1010 0000 10 000 -999 -999 -999 -999 -999 -999
IBTr 21W HAL       880905 1800 178N 1624E -99 -99 -999 1010 0000 10 000 -999 -999 -999 -999 -999 -999
IBTr 21W HAL       880906 0000 175N 1621E -99 -99 -999 1010 0000 10 000 -999 -999 -999 -999 -999 -999
IBTr 21W HAL       880906 0600 172N 1617E -99 -99 -999 1010 0000 10 000 -999 -999 -999 -999 -999 -999
IBTr 21W HAL       880906 1200 171N 1613E -99 -99 -999 1010 0000 10 000 -999 -999 -999 -999 -999 -999
IBTr 21W HAL       880906 1800 169N 1609E -99 -99 -999 1010 0000 10 000 -999 -999 -999 -999 -999 -999
IBTr 21W HAL       880907 0000 168N 1605E -99 -99 -999 1010 0000 10 000 -999 -999 -999 -999 -999 -999
IBTr 21W HAL       880907 0600 167N 1599E -99 -99 -999 1010 0000 12 000 -999 -999 -999 -999 -999 -999
IBTr 21W HAL       880907 1200 169N 1593E -99 -99 -999 1010 0000 12 000 -999 -999 -999 -999 -999 -999
IBTr 21W HAL       880907 1800 171N 1586E -99 -99 -999 1010 0000 12 000 -999 -999 -999 -999 -999 -999
IBTr 21W HAL       880908 0000 174N 1578E -99 -99 1004 1010 0090 15 009 -999 -999 -999 -999 -999 -999
IBTr 21W HAL       880908 0600 179N 1568E -99 -99 1004 1010 0090 15 009 -999 -999 -999 -999 -999 -999
IBTr 21W HAL       880908 1200 183N 1558E -99 -99 1002 1010 0100 18 010 -999 -999 -999 -999 -999 -999
IBTr 21W HAL       880908 1800 189N 1546E -99 -99 1000 1010 0100 20 010 -999 -999 -999 -999 -999 -999
IBTr 21W HAL       880909 0000 195N 1533E -99 -99 0998 1010 0100 18 010 -999 -999 -999 -999 -999 -999
IBTr 21W HAL       880909 0600 202N 1519E -99 -99 0996 1010 0110 20 011 -999 -999 -999 -999 -999 -999
IBTr 21W HAL       880909 1200 208N 1509E -99 -99 0992 1010 0110 23 011 -999 -999 -999 -999 -999 -999
IBTr 21W HAL       880909 1800 210N 1499E -99 -99 0990 1010 0110 25 011 -999 -999 -999 -999 -999 -999
IBTr 21W HAL       880910 0000 211N 1491E -99 -99 0985 1010 0120 25 012 -999 -999 -999 -999 -999 -999
IBTr 21W HAL       880910 0600 210N 1484E -99 -99 0980 1010 0130 28 013 -999 -999 -999 -999 -999 -999
IBTr 21W HAL       880910 1200 209N 1477E -99 -99 0980 1010 0130 30 013 -999 -999 -999 -999 -999 -999
IBTr 21W HAL       880910 1800 208N 1471E -99 -99 0975 1010 0130 30 013 -999 -999 -999 -999 -999 -999
IBTr 21W HAL       880911 0000 205N 1466E -99 -99 0970 1010 0130 33 013 -999 -999 -999 -999 -999 -999
IBTr 21W HAL       880911 0600 200N 1461E -99 -99 0970 1010 0130 36 013 -999 -999 -999 -999 -999 -999
IBTr 21W HAL       880911 1200 197N 1458E -99 -99 0965 1010 0140 36 014 -999 -999 -999 -999 -999 -999
IBTr 21W HAL       880911 1800 198N 1456E -99 -99 0960 1010 0140 38 014 -999 -999 -999 -999 -999 -999
IBTr 21W HAL       880912 0000 200N 1457E -99 -99 0955 1010 0140 38 014 -999 -999 -999 -999 -999 -999
IBTr 21W HAL       880912 0600 206N 1459E -99 -99 0955 1010 0140 41 014 -999 -999 -999 -999 -999 -999
IBTr 21W HAL       880912 1200 214N 1456E -99 -99 0950 1010 0130 41 013 -999 -999 -999 -999 -999 -999
IBTr 21W HAL       880912 1800 222N 1452E -99 -99 0945 1010 0130 43 013 -999 -999 -999 -999 -999 -999
IBTr 21W HAL       880913 0000 230N 1447E -99 -99 0945 1010 0130 43 013 -999 -999 -999 -999 -999 -999
IBTr 21W HAL       880913 0600 240N 1443E -99 -99 0945 1010 0130 43 013 -999 -999 -999 -999 -999 -999
IBTr 21W HAL       880913 1200 249N 1439E -99 -99 0950 1010 0140 41 014 -999 -999 -999 -999 -999 -999
IBTr 21W HAL       880913 1800 260N 1436E -99 -99 0950 1010 0140 41 014 -999 -999 -999 -999 -999 -999
IBTr 21W HAL       880914 0000 270N 1433E -99 -99 0950 1010 0140 41 014 -999 -999 -999 -999 -999 -999
IBTr 21W HAL       880914 0600 282N 1432E -99 -99 0950 1010 0140 41 014 -999 -999 -999 -999 -999 -999
IBTr 21W HAL       880914 1200 293N 1429E -99 -99 0950 1010 0140 41 014 -999 -999 -999 -999 -999 -999
IBTr 21W HAL       880914 1800 305N 1423E -99 -99 0955 1010 0140 38 014 -999 -999 -999 -999 -999 -999
IBTr 21W HAL       880915 0000 313N 1420E -99 -99 0955 1010 0140 38 014 -999 -999 -999 -999 -999 -999
IBTr 21W HAL       880915 0600 321N 1423E -99 -99 0960 1010 0140 36 014 -999 -999 -999 -999 -999 -999
IBTr 21W HAL       880915 1200 331N 1429E -99 -99 0965 1010 0140 36 014 -999 -999 -999 -999 -999 -999
IBTr 21W HAL       880915 1800 342N 1436E -99 -99 0965 1010 0140 36 014 -999 -999 -999 -999 -999 -999
IBTr 21W HAL       880916 0000 356N 1448E -99 -99 0970 1010 0140 33 014 -999 -999 -999 -999 -999 -999
IBTr 21W HAL       880916 0600 370N 1462E -99 -99 0970 1010 0140 33 014 -999 -999 -999 -999 -999 -999
IBTr 21W HAL       880916 1200 384N 1487E -99 -99 0975 1010 0140 30 014 -999 -999 -999 -999 -999 -999
IBTr 21W HAL       880916 1800 399N 1521E -99 -99 0980 1010 0140 28 014 -999 -999 -999 -999 -999 -999
IBTr 21W HAL       880917 0000 412N 1556E -99 -99 0980 1010 0140 25 014 -999 -999 -999 -999 -999 -999
IBTr 21W HAL       880917 0600 425N 1592E -99 -99 0980 1010 0140 -9 014 -999 -999 -999 -999 -999 -999
IBTr 21W HAL       880917 1200 430N 1640E -99 -99 0980 1010 0140 -9 014 -999 -999 -999 -999 -999 -999
IBTr 21W HAL       880917 1800 435N 1680E -99 -99 0980 1010 0140 -9 014 -999 -999 -999 -999 -999 -999
IBTr 21W HAL       880918 0000 440N 1730E -99 -99 0980 1010 0140 -9 014 -999 -999 -999 -999 -999 -999
