IBTr 22W JEFF      880911 0600 150N 1320E -99 -99 1004 1010 0090 -9 009 -999 -999 -999 -999 -999 -999
IBTr 22W JEFF      880911 1200 150N 1320E -99 -99 1004 1010 0090 -9 009 -999 -999 -999 -999 -999 -999
IBTr 22W JEFF      880911 1800 155N 1320E -99 -99 1002 1010 0090 -9 009 -999 -999 -999 -999 -999 -999
IBTr 22W JEFF      880912 0000 155N 1320E -99 -99 1002 1010 0090 -9 009 -999 -999 -999 -999 -999 -999
IBTr 22W JEFF      880912 0600 160N 1320E -99 -99 1002 1010 0090 12 009 -999 -999 -999 -999 -999 -999
IBTr 22W JEFF      880912 1200 160N 1321E -99 -99 1000 1010 0100 12 010 -999 -999 -999 -999 -999 -999
IBTr 22W JEFF      880912 1800 160N 1323E -99 -99 1000 1010 0100 15 010 -999 -999 -999 -999 -999 -999
IBTr 22W JEFF      880913 0000 157N 1329E -99 -99 1000 1010 0100 15 010 -999 -999 -999 -999 -999 -999
IBTr 22W JEFF      880913 0600 156N 1339E -99 -99 1000 1010 0100 15 010 -999 -999 -999 -999 -999 -999
IBTr 22W JEFF      880913 1200 155N 1349E -99 -99 0998 1010 0100 15 010 -999 -999 -999 -999 -999 -999
IBTr 22W JEFF      880913 1800 159N 1358E -99 -99 0996 1010 0100 18 010 -999 -999 -999 -999 -999 -999
IBTr 22W JEFF      880914 0000 164N 1367E -99 -99 0996 1010 0100 18 010 -999 -999 -999 -999 -999 -999
IBTr 22W JEFF      880914 0600 172N 1374E -99 -99 0994 1010 0110 23 011 -999 -999 -999 -999 -999 -999
IBTr 22W JEFF      880914 1200 181N 1381E -99 -99 0994 1010 0110 23 011 -999 -999 -999 -999 -999 -999
IBTr 22W JEFF      880914 1800 192N 1389E -99 -99 0994 1010 0110 23 011 -999 -999 -999 -999 -999 -999
IBTr 22W JEFF      880915 0000 204N 1395E -99 -99 0994 1010 0110 23 011 -999 -999 -999 -999 -999 -999
IBTr 22W JEFF      880915 0600 217N 1401E -99 -99 0996 1010 0110 23 011 -999 -999 -999 -999 -999 -999
IBTr 22W JEFF      880915 1200 229N 1405E -99 -99 0996 1010 0110 23 011 -999 -999 -999 -999 -999 -999
IBTr 22W JEFF      880915 1800 241N 1410E -99 -99 0998 1010 0100 23 010 -999 -999 -999 -999 -999 -999
IBTr 22W JEFF      880916 0000 254N 1415E -99 -99 1000 1010 0100 18 010 -999 -999 -999 -999 -999 -999
IBTr 22W JEFF      880916 0600 269N 1429E -99 -99 1004 1010 0100 -9 010 -999 -999 -999 -999 -999 -999
IBTr 22W JEFF      880916 1200 285N 1445E -99 -99 1008 1010 0090 -9 009 -999 -999 -999 -999 -999 -999
IBTr 22W JEFF      880916 1800 298N 1460E -99 -99 1010 1010 0090 -9 009 -999 -999 -999 -999 -999 -999
IBTr 22W JEFF      880917 0000 310N 1475E -99 -99 1012 1012 0090 -9 009 -999 -999 -999 -999 -999 -999
