IBTr 28W TD0930    880927 0000 160N 1250E -99 -99 -999 1010 0000 -9 000 -999 -999 -999 -999 -999 -999
IBTr 28W TD0930    880927 0600 170N 1225E -99 -99 -999 1010 0000 -9 000 -999 -999 -999 -999 -999 -999
IBTr 28W TD0930    880927 1200 175N 1210E -99 -99 -999 1010 0000 -9 000 -999 -999 -999 -999 -999 -999
IBTr 28W TD0930    880927 1800 165N 1197E -99 -99 -999 1010 0000 -9 000 -999 -999 -999 -999 -999 -999
IBTr 28W TD0930    880928 0000 158N 1185E -99 -99 -999 1010 0000 -9 000 -999 -999 -999 -999 -999 -999
IBTr 28W TD0930    880928 0600 170N 1185E -99 -99 -999 1010 0000 -9 000 -999 -999 -999 -999 -999 -999
IBTr 28W TD0930    880928 1200 165N 1175E -99 -99 -999 1010 0000 -9 000 -999 -999 -999 -999 -999 -999
IBTr 28W TD0930    880928 1800 160N 1168E -99 -99 -999 1010 0000 -9 000 -999 -999 -999 -999 -999 -999
IBTr 28W TD0930    880929 0000 155N 1160E -99 -99 -999 1010 0000 -9 000 -999 -999 -999 -999 -999 -999
IBTr 28W TD0930    880929 0600 150N 1155E -99 -99 -999 1010 0000 -9 000 -999 -999 -999 -999 -999 -999
IBTr 28W TD0930    880929 1200 147N 1147E -99 -99 -999 1010 0000 -9 000 -999 -999 -999 -999 -999 -999
IBTr 28W TD0930    880929 1800 145N 1140E -99 -99 -999 1010 0000 -9 000 -999 -999 -999 -999 -999 -999
IBTr 28W TD0930    880930 0000 145N 1132E -99 -99 -999 1010 0000 -9 000 -999 -999 -999 -999 -999 -999
IBTr 28W TD0930    880930 0600 150N 1125E -99 -99 -999 1010 0000 -9 000 -999 -999 -999 -999 -999 -999
IBTr 28W TD0930    880930 1200 150N 1125E -99 -99 -999 1010 0000 -9 000 -999 -999 -999 -999 -999 -999
IBTr 28W TD0930    880930 1800 156N 1120E -99 -99 -999 1010 0000 -9 000 -999 -999 -999 -999 -999 -999
IBTr 28W TD0930    881001 0000 167N 1114E -99 -99 -999 1010 0000 -9 000 -999 -999 -999 -999 -999 -999
IBTr 28W TD0930    881001 0600 175N 1110E -99 -99 -999 1010 0000 -9 000 -999 -999 -999 -999 -999 -999
IBTr 28W TD0930    881001 1200 182N 1105E -99 -99 -999 1010 0000 -9 000 -999 -999 -999 -999 -999 -999
IBTr 28W TD0930    881001 1800 183N 1099E -99 -99 -999 1010 0000 -9 000 -999 -999 -999 -999 -999 -999
IBTr 28W TD0930    881002 0000 185N 1094E -99 -99 -999 1010 0000 -9 000 -999 -999 -999 -999 -999 -999
IBTr 28W TD0930    881002 0600 188N 1091E -99 -99 -999 1010 0000 -9 000 -999 -999 -999 -999 -999 -999
IBTr 28W TD0930    881002 1200 190N 1088E -99 -99 -999 1010 0000 -9 000 -999 -999 -999 -999 -999 -999
IBTr 28W TD0930    881002 1800 193N 1086E -99 -99 -999 1010 0000 -9 000 -999 -999 -999 -999 -999 -999
IBTr 28W TD0930    881003 0000 196N 1079E -99 -99 -999 1010 0000 -9 000 -999 -999 -999 -999 -999 -999
IBTr 28W TD0930    881003 0600 197N 1075E -99 -99 -999 1010 0000 -9 000 -999 -999 -999 -999 -999 -999
IBTr 28W TD0930    881003 1200 195N 1070E -99 -99 -999 1010 0000 -9 000 -999 -999 -999 -999 -999 -999
IBTr 28W TD0930    881003 1800 195N 1065E -99 -99 -999 1010 0000 -9 000 -999 -999 -999 -999 -999 -999
IBTr 28W TD0930    881004 0000 195N 1060E -99 -99 -999 1010 0000 -9 000 -999 -999 -999 -999 -999 -999
IBTr 28W TD0930    881004 0600 193N 1055E -99 -99 -999 1010 0000 -9 000 -999 -999 -999 -999 -999 -999
