IBTr 24W LEE       880916 0600 150N 1570E -99 -99 -999 1010 0000 12 000 -999 -999 -999 -999 -999 -999
IBTr 24W LEE       880916 1200 158N 1552E -99 -99 -999 1010 0000 12 000 -999 -999 -999 -999 -999 -999
IBTr 24W LEE       880916 1800 168N 1532E -99 -99 -999 1010 0000 12 000 -999 -999 -999 -999 -999 -999
IBTr 24W LEE       880917 0000 178N 1513E -99 -99 -999 1010 0000 12 000 -999 -999 -999 -999 -999 -999
IBTr 24W LEE       880917 0600 180N 1500E -99 -99 -999 1010 0000 12 000 -999 -999 -999 -999 -999 -999
IBTr 24W LEE       880917 1200 180N 1495E -99 -99 -999 1010 0000 12 000 -999 -999 -999 -999 -999 -999
IBTr 24W LEE       880917 1800 180N 1489E -99 -99 -999 1010 0000 12 000 -999 -999 -999 -999 -999 -999
IBTr 24W LEE       880918 0000 180N 1484E -99 -99 -999 1010 0000 12 000 -999 -999 -999 -999 -999 -999
IBTr 24W LEE       880918 0600 178N 1476E -99 -99 -999 1010 0000 12 000 -999 -999 -999 -999 -999 -999
IBTr 24W LEE       880918 1200 177N 1470E -99 -99 -999 1010 0000 12 000 -999 -999 -999 -999 -999 -999
IBTr 24W LEE       880918 1800 177N 1463E -99 -99 -999 1010 0000 12 000 -999 -999 -999 -999 -999 -999
IBTr 24W LEE       880919 0000 178N 1452E -99 -99 -999 1010 0000 12 000 -999 -999 -999 -999 -999 -999
IBTr 24W LEE       880919 0600 178N 1434E -99 -99 1008 1010 0090 12 009 -999 -999 -999 -999 -999 -999
IBTr 24W LEE       880919 1200 179N 1416E -99 -99 1008 1010 0090 12 009 -999 -999 -999 -999 -999 -999
IBTr 24W LEE       880919 1800 180N 1402E -99 -99 1006 1010 0090 12 009 -999 -999 -999 -999 -999 -999
IBTr 24W LEE       880920 0000 181N 1390E -99 -99 1006 1010 0090 12 009 -999 -999 -999 -999 -999 -999
IBTr 24W LEE       880920 0600 182N 1378E -99 -99 1004 1010 0090 12 009 -999 -999 -999 -999 -999 -999
IBTr 24W LEE       880920 1200 183N 1365E -99 -99 1002 1010 0100 15 010 -999 -999 -999 -999 -999 -999
IBTr 24W LEE       880920 1800 183N 1353E -99 -99 1000 1010 0100 15 010 -999 -999 -999 -999 -999 -999
IBTr 24W LEE       880921 0000 182N 1343E -99 -99 0996 1010 0100 18 010 -999 -999 -999 -999 -999 -999
IBTr 24W LEE       880921 0600 183N 1333E -99 -99 0996 1010 0100 18 010 -999 -999 -999 -999 -999 -999
IBTr 24W LEE       880921 1200 184N 1323E -99 -99 0992 1010 0110 20 011 -999 -999 -999 -999 -999 -999
IBTr 24W LEE       880921 1800 187N 1313E -99 -99 0990 1010 0110 23 011 -999 -999 -999 -999 -999 -999
IBTr 24W LEE       880922 0000 192N 1305E -99 -99 0990 1010 0110 23 011 -999 -999 -999 -999 -999 -999
IBTr 24W LEE       880922 0600 196N 1296E -99 -99 0990 1010 0110 23 011 -999 -999 -999 -999 -999 -999
IBTr 24W LEE       880922 1200 200N 1288E -99 -99 0990 1010 0110 23 011 -999 -999 -999 -999 -999 -999
IBTr 24W LEE       880922 1800 205N 1279E -99 -99 0990 1010 0110 23 011 -999 -999 -999 -999 -999 -999
IBTr 24W LEE       880923 0000 212N 1274E -99 -99 0990 1010 0110 25 011 -999 -999 -999 -999 -999 -999
IBTr 24W LEE       880923 0600 220N 1269E -99 -99 0990 1010 0110 23 011 -999 -999 -999 -999 -999 -999
IBTr 24W LEE       880923 1200 227N 1265E -99 -99 0992 1010 0110 23 011 -999 -999 -999 -999 -999 -999
IBTr 24W LEE       880923 1800 237N 1267E -99 -99 0994 1010 0110 20 011 -999 -999 -999 -999 -999 -999
IBTr 24W LEE       880924 0000 245N 1276E -99 -99 0996 1010 0110 20 011 -999 -999 -999 -999 -999 -999
IBTr 24W LEE       880924 0600 257N 1285E -99 -99 0996 1010 0110 18 011 -999 -999 -999 -999 -999 -999
IBTr 24W LEE       880924 1200 267N 1296E -99 -99 0996 1010 0110 18 011 -999 -999 -999 -999 -999 -999
IBTr 24W LEE       880924 1800 280N 1310E -99 -99 0998 1010 0110 18 011 -999 -999 -999 -999 -999 -999
IBTr 24W LEE       880925 0000 300N 1330E -99 -99 1000 1010 0100 -9 010 -999 -999 -999 -999 -999 -999
