IBTr 26W KIT       880918 1800 146N 1262E -99 -99 -999 1010 0000 12 000 -999 -999 -999 -999 -999 -999
IBTr 26W KIT       880919 0000 158N 1253E -99 -99 1006 1010 0090 12 009 -999 -999 -999 -999 -999 -999
IBTr 26W KIT       880919 0600 168N 1240E -99 -99 1004 1010 0090 15 009 -999 -999 -999 -999 -999 -999
IBTr 26W KIT       880919 1200 174N 1229E -99 -99 1004 1010 0090 15 009 -999 -999 -999 -999 -999 -999
IBTr 26W KIT       880919 1800 178N 1218E -99 -99 1002 1010 0100 18 010 -999 -999 -999 -999 -999 -999
IBTr 26W KIT       880920 0000 183N 1207E -99 -99 1000 1010 0100 18 010 -999 -999 -999 -999 -999 -999
IBTr 26W KIT       880920 0600 189N 1199E -99 -99 0998 1010 0100 18 010 -999 -999 -999 -999 -999 -999
IBTr 26W KIT       880920 1200 194N 1192E -99 -99 0994 1010 0110 20 011 -999 -999 -999 -999 -999 -999
IBTr 26W KIT       880920 1800 198N 1186E -99 -99 0992 1010 0110 23 011 -999 -999 -999 -999 -999 -999
IBTr 26W KIT       880921 0000 203N 1181E -99 -99 0990 1010 0110 25 011 -999 -999 -999 -999 -999 -999
IBTr 26W KIT       880921 0600 208N 1176E -99 -99 0985 1010 0120 28 012 -999 -999 -999 -999 -999 -999
IBTr 26W KIT       880921 1200 215N 1171E -99 -99 0980 1010 0130 28 013 -999 -999 -999 -999 -999 -999
IBTr 26W KIT       880921 1800 223N 1165E -99 -99 0985 1010 0120 28 012 -999 -999 -999 -999 -999 -999
IBTr 26W KIT       880922 0000 231N 1160E -99 -99 0992 1010 0110 23 011 -999 -999 -999 -999 -999 -999
IBTr 26W KIT       880922 0600 238N 1159E -99 -99 1000 1010 0100 -9 010 -999 -999 -999 -999 -999 -999
