IBTr 32W NOTNAMED  881013 1200 138N 1150E -99 -99 -999 1010 0000 -9 000 -999 -999 -999 -999 -999 -999
IBTr 32W NOTNAMED  881013 1800 137N 1143E -99 -99 -999 1010 0000 -9 000 -999 -999 -999 -999 -999 -999
IBTr 32W NOTNAMED  881014 0000 135N 1135E -99 -99 -999 1010 0000 -9 000 -999 -999 -999 -999 -999 -999
IBTr 32W NOTNAMED  881014 0600 130N 1133E -99 -99 -999 1010 0000 -9 000 -999 -999 -999 -999 -999 -999
IBTr 32W NOTNAMED  881014 1200 125N 1130E -99 -99 -999 1010 0000 -9 000 -999 -999 -999 -999 -999 -999
IBTr 32W NOTNAMED  881014 1800 127N 1123E -99 -99 -999 1010 0000 -9 000 -999 -999 -999 -999 -999 -999
IBTr 32W NOTNAMED  881015 0000 130N 1115E -99 -99 -999 1010 0000 -9 000 -999 -999 -999 -999 -999 -999
IBTr 32W NOTNAMED  881015 0600 135N 1110E -99 -99 -999 1010 0000 -9 000 -999 -999 -999 -999 -999 -999
IBTr 32W NOTNAMED  881015 1200 140N 1100E -99 -99 -999 1010 0000 -9 000 -999 -999 -999 -999 -999 -999
IBTr 32W NOTNAMED  881015 1800 143N 1090E -99 -99 -999 1010 0000 -9 000 -999 -999 -999 -999 -999 -999
IBTr 32W NOTNAMED  881016 0000 145N 1080E -99 -99 -999 1010 0000 -9 000 -999 -999 -999 -999 -999 -999
IBTr 32W NOTNAMED  881016 0600 147N 1065E -99 -99 -999 1010 0000 -9 000 -999 -999 -999 -999 -999 -999
