IBTr 35W RUBY      881020 1200 100N 1380E -99 -99 -999 1010 0000 12 000 -999 -999 -999 -999 -999 -999
IBTr 35W RUBY      881020 1800 100N 1374E -99 -99 1004 1010 0090 15 009 -999 -999 -999 -999 -999 -999
IBTr 35W RUBY      881021 0000 100N 1369E -99 -99 1004 1010 0090 15 009 -999 -999 -999 -999 -999 -999
IBTr 35W RUBY      881021 0600 100N 1364E -99 -99 1000 1010 0100 15 010 -999 -999 -999 -999 -999 -999
IBTr 35W RUBY      881021 1200 99N  1357E -99 -99 0996 1010 0100 20 010 -999 -999 -999 -999 -999 -999
IBTr 35W RUBY      881021 1800 96N  1353E -99 -99 0992 1010 0110 20 011 -999 -999 -999 -999 -999 -999
IBTr 35W RUBY      881022 0000 93N  1349E -99 -99 0990 1010 0110 23 011 -999 -999 -999 -999 -999 -999
IBTr 35W RUBY      881022 0600 92N  1341E -99 -99 0985 1010 0120 25 012 -999 -999 -999 -999 -999 -999
IBTr 35W RUBY      881022 1200 95N  1333E -99 -99 0980 1010 0120 28 012 -999 -999 -999 -999 -999 -999
IBTr 35W RUBY      881022 1800 100N 1324E -99 -99 0975 1010 0120 30 012 -999 -999 -999 -999 -999 -999
IBTr 35W RUBY      881023 0000 106N 1310E -99 -99 0970 1010 0130 33 013 -999 -999 -999 -999 -999 -999
IBTr 35W RUBY      881023 0600 109N 1296E -99 -99 0970 1010 0130 33 013 -999 -999 -999 -999 -999 -999
IBTr 35W RUBY      881023 1200 114N 1282E -99 -99 0965 1010 0130 36 013 -999 -999 -999 -999 -999 -999
IBTr 35W RUBY      881023 1800 120N 1268E -99 -99 0965 1010 0130 36 013 -999 -999 -999 -999 -999 -999
IBTr 35W RUBY      881024 0000 127N 1255E -99 -99 0965 1010 0130 36 013 -999 -999 -999 -999 -999 -999
IBTr 35W RUBY      881024 0600 138N 1242E -99 -99 0960 1010 0130 36 013 -999 -999 -999 -999 -999 -999
IBTr 35W RUBY      881024 1200 146N 1229E -99 -99 0950 1010 0130 38 013 -999 -999 -999 -999 -999 -999
IBTr 35W RUBY      881024 1800 152N 1217E -99 -99 0955 1010 0130 38 013 -999 -999 -999 -999 -999 -999
IBTr 35W RUBY      881025 0000 159N 1202E -99 -99 0960 1010 0130 38 013 -999 -999 -999 -999 -999 -999
IBTr 35W RUBY      881025 0600 162N 1190E -99 -99 0965 1010 0130 38 013 -999 -999 -999 -999 -999 -999
IBTr 35W RUBY      881025 1200 162N 1180E -99 -99 0970 1010 0130 38 013 -999 -999 -999 -999 -999 -999
IBTr 35W RUBY      881025 1800 162N 1177E -99 -99 0970 1010 0130 36 013 -999 -999 -999 -999 -999 -999
IBTr 35W RUBY      881026 0000 165N 1172E -99 -99 0970 1010 0130 33 013 -999 -999 -999 -999 -999 -999
IBTr 35W RUBY      881026 0600 168N 1167E -99 -99 0970 1010 0130 33 013 -999 -999 -999 -999 -999 -999
IBTr 35W RUBY      881026 1200 172N 1161E -99 -99 0975 1010 0130 30 013 -999 -999 -999 -999 -999 -999
IBTr 35W RUBY      881026 1800 175N 1153E -99 -99 0975 1010 0130 30 013 -999 -999 -999 -999 -999 -999
IBTr 35W RUBY      881027 0000 178N 1143E -99 -99 0980 1010 0120 28 012 -999 -999 -999 -999 -999 -999
IBTr 35W RUBY      881027 0600 180N 1133E -99 -99 0985 1010 0120 28 012 -999 -999 -999 -999 -999 -999
IBTr 35W RUBY      881027 1200 182N 1124E -99 -99 0985 1010 0120 25 012 -999 -999 -999 -999 -999 -999
IBTr 35W RUBY      881027 1800 184N 1116E -99 -99 0990 1010 0110 25 011 -999 -999 -999 -999 -999 -999
IBTr 35W RUBY      881028 0000 187N 1109E -99 -99 0992 1010 0110 25 011 -999 -999 -999 -999 -999 -999
IBTr 35W RUBY      881028 0600 187N 1102E -99 -99 0994 1010 0110 23 011 -999 -999 -999 -999 -999 -999
IBTr 35W RUBY      881028 1200 187N 1096E -99 -99 0996 1010 0100 20 010 -999 -999 -999 -999 -999 -999
IBTr 35W RUBY      881028 1800 183N 1093E -99 -99 1004 1010 0090 12 009 -999 -999 -999 -999 -999 -999
IBTr 35W RUBY      881029 0000 179N 1097E -99 -99 1008 1010 0090 -9 009 -999 -999 -999 -999 -999 -999
IBTr 35W RUBY      881029 0600 175N 1098E -99 -99 1008 1010 0090 -9 009 -999 -999 -999 -999 -999 -999
IBTr 35W RUBY      881029 1200 175N 1105E -99 -99 1008 1010 0090 -9 009 -999 -999 -999 -999 -999 -999
