IBTr 38W SKIP      881103 0000 88N  1403E -99 -99 1004 1010 0090 12 009 -999 -999 -999 -999 -999 -999
IBTr 38W SKIP      881103 0600 88N  1400E -99 -99 1000 1010 0090 15 009 -999 -999 -999 -999 -999 -999
IBTr 38W SKIP      881103 1200 88N  1397E -99 -99 0998 1010 0100 15 010 -999 -999 -999 -999 -999 -999
IBTr 38W SKIP      881103 1800 88N  1394E -99 -99 0994 1010 0100 18 010 -999 -999 -999 -999 -999 -999
IBTr 38W SKIP      881104 0000 87N  1391E -99 -99 0990 1010 0110 25 011 -999 -999 -999 -999 -999 -999
IBTr 38W SKIP      881104 0600 86N  1385E -99 -99 0985 1010 0110 28 011 -999 -999 -999 -999 -999 -999
IBTr 38W SKIP      881104 1200 86N  1377E -99 -99 0985 1010 0110 28 011 -999 -999 -999 -999 -999 -999
IBTr 38W SKIP      881104 1800 87N  1368E -99 -99 0980 1010 0120 30 012 -999 -999 -999 -999 -999 -999
IBTr 38W SKIP      881105 0000 88N  1357E -99 -99 0975 1010 0120 30 012 -999 -999 -999 -999 -999 -999
IBTr 38W SKIP      881105 0600 91N  1346E -99 -99 0970 1010 0130 33 013 -999 -999 -999 -999 -999 -999
IBTr 38W SKIP      881105 1200 93N  1334E -99 -99 0965 1010 0130 36 013 -999 -999 -999 -999 -999 -999
IBTr 38W SKIP      881105 1800 94N  1322E -99 -99 0960 1010 0130 38 013 -999 -999 -999 -999 -999 -999
IBTr 38W SKIP      881106 0000 96N  1310E -99 -99 0955 1010 0130 38 013 -999 -999 -999 -999 -999 -999
IBTr 38W SKIP      881106 0600 99N  1299E -99 -99 0950 1010 0130 41 013 -999 -999 -999 -999 -999 -999
IBTr 38W SKIP      881106 1200 102N 1286E -99 -99 0950 1010 0130 41 013 -999 -999 -999 -999 -999 -999
IBTr 38W SKIP      881106 1800 105N 1273E -99 -99 0950 1010 0130 38 013 -999 -999 -999 -999 -999 -999
IBTr 38W SKIP      881107 0000 109N 1260E -99 -99 0955 1010 0130 36 013 -999 -999 -999 -999 -999 -999
IBTr 38W SKIP      881107 0600 115N 1245E -99 -99 0975 1010 0130 30 013 -999 -999 -999 -999 -999 -999
IBTr 38W SKIP      881107 1200 123N 1230E -99 -99 0975 1010 0130 33 013 -999 -999 -999 -999 -999 -999
IBTr 38W SKIP      881107 1800 126N 1213E -99 -99 0980 1010 0120 28 012 -999 -999 -999 -999 -999 -999
IBTr 38W SKIP      881108 0000 129N 1197E -99 -99 0980 1010 0120 28 012 -999 -999 -999 -999 -999 -999
IBTr 38W SKIP      881108 0600 131N 1183E -99 -99 0980 1010 0120 28 012 -999 -999 -999 -999 -999 -999
IBTr 38W SKIP      881108 1200 135N 1172E -99 -99 0980 1010 0120 28 012 -999 -999 -999 -999 -999 -999
IBTr 38W SKIP      881108 1800 139N 1162E -99 -99 0980 1010 0120 28 012 -999 -999 -999 -999 -999 -999
IBTr 38W SKIP      881109 0000 143N 1155E -99 -99 0980 1010 0120 28 012 -999 -999 -999 -999 -999 -999
IBTr 38W SKIP      881109 0600 147N 1149E -99 -99 0985 1010 0120 25 012 -999 -999 -999 -999 -999 -999
IBTr 38W SKIP      881109 1200 149N 1141E -99 -99 0985 1010 0120 25 012 -999 -999 -999 -999 -999 -999
IBTr 38W SKIP      881109 1800 151N 1135E -99 -99 0985 1010 0120 25 012 -999 -999 -999 -999 -999 -999
IBTr 38W SKIP      881110 0000 152N 1131E -99 -99 0985 1010 0120 25 012 -999 -999 -999 -999 -999 -999
IBTr 38W SKIP      881110 0600 153N 1127E -99 -99 0985 1010 0120 25 012 -999 -999 -999 -999 -999 -999
IBTr 38W SKIP      881110 1200 154N 1123E -99 -99 0990 1010 0110 23 011 -999 -999 -999 -999 -999 -999
IBTr 38W SKIP      881110 1800 154N 1119E -99 -99 0992 1010 0110 23 011 -999 -999 -999 -999 -999 -999
IBTr 38W SKIP      881111 0000 154N 1115E -99 -99 0994 1010 0110 20 011 -999 -999 -999 -999 -999 -999
IBTr 38W SKIP      881111 0600 154N 1111E -99 -99 0994 1010 0110 20 011 -999 -999 -999 -999 -999 -999
IBTr 38W SKIP      881111 1200 154N 1107E -99 -99 0996 1010 0100 20 010 -999 -999 -999 -999 -999 -999
IBTr 38W SKIP      881111 1800 154N 1103E -99 -99 0998 1010 0100 20 010 -999 -999 -999 -999 -999 -999
IBTr 38W SKIP      881112 0000 155N 1100E -99 -99 1000 1010 0100 20 010 -999 -999 -999 -999 -999 -999
IBTr 38W SKIP      881112 0600 156N 1094E -99 -99 1004 1010 0090 -9 009 -999 -999 -999 -999 -999 -999
IBTr 38W SKIP      881112 1200 159N 1088E -99 -99 1008 1010 0080 -9 008 -999 -999 -999 -999 -999 -999
IBTr 38W SKIP      881112 1800 163N 1087E -99 -99 1012 1012 0080 -9 008 -999 -999 -999 -999 -999 -999
