IBTr 39W VAL       881221 0600 50N  1415E -99 -99 -999 1010 0000 10 000 -999 -999 -999 -999 -999 -999
IBTr 39W VAL       881221 1200 63N  1401E -99 -99 -999 1010 0000 10 000 -999 -999 -999 -999 -999 -999
IBTr 39W VAL       881221 1800 73N  1384E -99 -99 -999 1010 0000 10 000 -999 -999 -999 -999 -999 -999
IBTr 39W VAL       881222 0000 86N  1363E -99 -99 -999 1010 0000 10 000 -999 -999 -999 -999 -999 -999
IBTr 39W VAL       881222 0600 99N  1340E -99 -99 1002 1010 0090 12 009 -999 -999 -999 -999 -999 -999
IBTr 39W VAL       881222 1200 109N 1316E -99 -99 1002 1010 0090 12 009 -999 -999 -999 -999 -999 -999
IBTr 39W VAL       881222 1800 118N 1296E -99 -99 1002 1010 0090 15 009 -999 -999 -999 -999 -999 -999
IBTr 39W VAL       881223 0000 126N 1279E -99 -99 1000 1010 0100 15 010 -999 -999 -999 -999 -999 -999
IBTr 39W VAL       881223 0600 133N 1267E -99 -99 0998 1010 0100 18 010 -999 -999 -999 -999 -999 -999
IBTr 39W VAL       881223 1200 139N 1258E -99 -99 0998 1010 0100 20 010 -999 -999 -999 -999 -999 -999
IBTr 39W VAL       881223 1800 143N 1251E -99 -99 0998 1010 0100 23 010 -999 -999 -999 -999 -999 -999
IBTr 39W VAL       881224 0000 147N 1246E -99 -99 0996 1010 0100 20 010 -999 -999 -999 -999 -999 -999
IBTr 39W VAL       881224 0600 149N 1241E -99 -99 0992 1010 0110 23 011 -999 -999 -999 -999 -999 -999
IBTr 39W VAL       881224 1200 151N 1238E -99 -99 0992 1010 0110 23 011 -999 -999 -999 -999 -999 -999
IBTr 39W VAL       881224 1800 154N 1237E -99 -99 0994 1010 0110 23 011 -999 -999 -999 -999 -999 -999
IBTr 39W VAL       881225 0000 155N 1237E -99 -99 0996 1010 0100 20 010 -999 -999 -999 -999 -999 -999
IBTr 39W VAL       881225 0600 158N 1238E -99 -99 0998 1010 0100 -9 010 -999 -999 -999 -999 -999 -999
IBTr 39W VAL       881225 1200 159N 1239E -99 -99 1000 1010 0100 -9 010 -999 -999 -999 -999 -999 -999
IBTr 39W VAL       881225 1800 159N 1239E -99 -99 1002 1010 0090 -9 009 -999 -999 -999 -999 -999 -999
IBTr 39W VAL       881226 0000 155N 1240E -99 -99 1004 1010 0090 -9 009 -999 -999 -999 -999 -999 -999
IBTr 39W VAL       881226 0600 152N 1241E -99 -99 1004 1010 0090 -9 009 -999 -999 -999 -999 -999 -999
IBTr 39W VAL       881226 1200 150N 1240E -99 -99 1006 1010 0090 -9 009 -999 -999 -999 -999 -999 -999
IBTr 39W VAL       881226 1800 150N 1240E -99 -99 1006 1010 0090 -9 009 -999 -999 -999 -999 -999 -999
IBTr 39W VAL       881227 0000 150N 1240E -99 -99 1008 1010 0080 -9 008 -999 -999 -999 -999 -999 -999
IBTr 39W VAL       881227 0600 145N 1230E -99 -99 1008 1010 0080 -9 008 -999 -999 -999 -999 -999 -999
IBTr 39W VAL       881227 1200 140N 1220E -99 -99 1010 1010 0080 -9 008 -999 -999 -999 -999 -999 -999
