NHC  03E THREE     010713 1200 158N 1100W 302 072 1005 1011 0324 15 093 -999 -999 -999 -999 -999 -999
NHC  03E COSME     010713 1800 163N 1115W 298 077 1001 1011 0324 21 074 0185 0139 0139 01859 -999 -999 -999
NHC  03E COSME     010714 0000 165N 1122W 295 062 1000 1011 0324 23 065 0185 0139 0139 01859 -999 -999 -999
NHC  03E COSME     010714 0600 173N 1132W 297 057 1002 1011 0324 21 065 0185 0139 0139 01859 -999 -999 -999
NHC  03E COSME     010714 1200 178N 1141W 301 051 1003 1011 0324 18 093 0185 0139 0139 01859 -999 -999 -999
NHC  03E COSME     010714 1800 182N 1151W 300 057 1003 1011 0324 15 093 -999 -999 -999 -999 -999 -999
NHC  03E COSME     010715 0000 190N 1159W 305 057 1005 1011 0324 13 093 -999 -999 -999 -999 -999 -999
NHC  03E COSME     010715 0600 190N 1166W 299 046 1006 1011 0324 13 093 -999 -999 -999 -999 -999 -999
NHC  03E COSME     010715 1200 193N 1173W 290 036 1007 1011 0324 13 093 -999 -999 -999 -999 -999 -999
NHC  03E COSME     010715 1800 194N 1180W 280 031 1007 1011 0324 13 093 -999 -999 -999 -999 -999 -999
