NHC  03L BARRY     010802 1800 263N 0847W 320 036 1010 1015 0278 18 056 -999 -999 -999 -999 -999 -999
NHC  03L BARRY     010803 0000 266N 0853W 305 026 1007 1015 0278 21 111 0167 -999 -999 01399 -999 -999 -999
NHC  03L BARRY     010803 0600 267N 0863W 298 026 1008 1015 0278 21 111 0167 -999 -999 01399 -999 -999 -999
NHC  03L BARRY     010803 1200 269N 0871W 289 036 1007 1015 0278 21 111 0167 -999 -999 01399 -999 -999 -999
NHC  03L BARRY     010803 1800 269N 0872W 280 010 1007 1015 0278 18 093 0167 -999 -999 01399 -999 -999 -999
NHC  03L BARRY     010804 0000 268N 0875W 260 015 1005 1013 0278 18 056 0167 -999 -999 01399 -999 -999 -999
NHC  03L BARRY     010804 0600 266N 0878W 245 010 1005 1013 0278 18 056 0167 -999 -999 01399 -999 -999 -999
NHC  03L BARRY     010804 1200 269N 0877W 270 005 1006 1013 0324 18 056 -999 0139 0139 -999 -999 -999
NHC  03L BARRY     010804 1800 271N 0875W 343 005 1005 1013 0324 18 056 -999 0139 0139 -999 -999 -999
NHC  03L BARRY     010805 0000 273N 0873W 015 010 1003 1013 0324 18 056 -999 0093 0093 -999 -999 -999
NHC  03L BARRY     010805 0600 275N 0868W 050 015 1003 1013 0324 21 056 0148 0093 0093 -999 -999 -999
NHC  03L BARRY     010805 1200 281N 0864W 020 031 0990 1013 0324 26 056 0148 0167 0093 -999 0056 0056
NHC  03L BARRY     010805 1800 286N 0865W 000 026 0991 1015 0324 31 028 0148 0222 0111 00747 0037 0037 0037
NHC  03L BARRY     010806 0000 295N 0864W 000 036 0991 1015 0324 31 028 0093 0222 0111 00836 0111 0056 0037
NHC  03L BARRY     010806 0600 306N 0863W 004 041 0990 1015 0324 33 028 0074 0185 0093 00657 0083 0037 0037
NHC  03L BARRY     010806 1200 317N 0871W 330 067 1007 1014 0083 13 074 -999 -999 -999 -999 -999 -999
