JTWC 03W NAMELESS  010507 0600 102N 1270E 320 031 1002 1007 022  15 074 -999 -999 -999 -999
JTWC 03W NAMELESS  010507 1200 106N 1264E 313 031 0997 1007 022  18 074 -999 -999 -999 -999
JTWC 03W NAMELESS  010507 1800 107N 1256E 298 031 1000 1006 022  15 056 -999 -999 -999 -999
JTWC 03W NAMELESS  010508 0600 118N 1243E 299 036 1002 1006 022  13 056 -999 -999 -999 -999
JTWC 03W NAMELESS  010508 1200 129N 1236E 314 046 1002 1006 022  13 056 -999 -999 -999 -999
JTWC 03W NAMELESS  010508 1800 119N 1228E 281 036 1002 1006 022  13 056 -999 -999 -999 -999
JTWC 03W NAMELESS  010509 0000 119N 1218E 273 041 1002 1006 022  13 056 -999 -999 -999 -999
JTWC 03W NAMELESS  010509 0600 119N 1202E 276 051 1000 1006 022  15 056 -999 -999 -999 -999
JTWC 03W NAMELESS  010509 1200 126N 1193E 290 051 1000 1006 022  15 056 -999 -999 -999 -999
JTWC 03W NAMELESS  010509 1800 129N 1193E 304 036 1000 1006 022  15 056 -999 -999 -999 -999
JTWC 03W NAMELESS  010510 0600 146N 1191E 351 031 0997 1006 025  18 065 -999 -999 -999 -999
JTWC 03W NAMELESS  010510 1200 151N 1193E 360 036 0994 1006 012  21 065 0083 0083 0074 0074
JTWC 03W NAMELESS  010510 1800 161N 1190E 355 041 0994 1005 022  21 065 0083 0083 0083 0083
JTWC 03W NAMELESS  010511 0000 167N 1190E 360 036 0991 1005 022  23 074 0093 0093 0093 0093
JTWC 03W CIMARON   010511 0600 178N 1189E 356 046 0994 1005 025  21 074 0102 0102 0083 0083
JTWC 03W CIMARON   010511 1200 189N 1194E   8 046 0994 1005 024  21 074 0102 0102 0083 0083
JTWC 03W CIMARON   010511 1800 187N 1194E   9 031 0991 1005 025  23 074 0102 0102 0083 0083
JTWC 03W CIMARON   010512 0600 190N 1204E  40 021 0994 1006 033  21 065 0130 0093 0093 0130
JTWC 03W CIMARON   010512 1200 200N 1210E  35 036 0994 1006 029  21 065 0130 0130 0093 0093
JTWC 03W CIMARON   010512 1800 208N 1213E  29 041 0991 1005 019  23 065 0130 0130 0093 0093
JTWC 03W CIMARON   010513 0600 221N 1227E  39 046 0987 1005 033  26 046 0130 0130 0093 0093
JTWC 03W CIMARON   010513 1800 243N 1251E  45 072 0984 1007 033  28 056 0130 0130 0093 0093
JTWC 03W CIMARON   010514 0600 264N 1279E  48 088 0991 1007 033  23 056 0111 0111 0074 0074
JTWC 03W CIMARON   010514 1200 275N 1297E  50 093 0997 1007 033  18 056 0056 0056 0056 0056
