NHC  04L INVEST    010815 1200 123N 0440W 267 108 1009 1013 0278 15 111 -999 -999 -999 -999 -999 -999
NHC  04L FOUR      010815 1800 123N 0462W 270 113 1009 1013 0278 15 111 -999 -999 -999 -999 -999 -999
NHC  04L FOUR      010816 0000 125N 0487W 270 113 1007 1013 0278 15 093 -999 -999 -999 -999 -999 -999
NHC  04L FOUR      010816 0600 126N 0514W 270 124 1007 1013 0278 15 093 -999 -999 -999 -999 -999 -999
NHC  04L FOUR      010816 1200 131N 0541W 275 129 1005 1014 0278 18 093 0185 0093 0093 01859 -999 -999 -999
NHC  04L CHANTAL   010816 1800 128N 0563W 273 124 1005 1014 0278 18 056 0185 0093 0093 01859 -999 -999 -999
NHC  04L CHANTAL   010817 0000 130N 0600W 274 129 1011 1014 0278 15 093 -999 -999 -999 -999 -999 -999
NHC  04L CHANTAL   010817 1200 135N 0645W 275 118 1009 1014 0278 15 093 -999 -999 -999 -999 -999 -999
NHC  04L CHANTAL   010817 1800 142N 0664W 275 103 1006 1014 0278 18 093 0185 0139 -999 01859 -999 -999 -999
NHC  04L CHANTAL   010818 0000 144N 0682W 281 103 1004 1014 0278 18 093 0185 0139 -999 01859 -999 -999 -999
NHC  04L CHANTAL   010818 0600 147N 0704W 275 103 1003 1012 0278 26 056 0185 0139 -999 01859 -999 -999 -999
NHC  04L CHANTAL   010818 1200 148N 0729W 276 108 1005 1012 0278 26 056 0232 0139 -999 01853 0056 -999 -999
NHC  04L CHANTAL   010818 1800 154N 0751W 279 113 1003 1012 0278 26 046 0232 0093 -999 01393 -999 -999 -999
NHC  04L CHANTAL   010819 0000 156N 0773W 279 113 1002 1011 0278 26 139 0232 0232 -999 02329 -999 -999 -999
NHC  04L CHANTAL   010819 0600 154N 0781W 277 062 0994 1011 0278 28 037 0232 0232 -999 02323 0037 -999 -999
NHC  04L CHANTAL   010819 1200 155N 0795W 280 062 1002 1011 0334 31 056 0232 0232 -999 02329 0056 -999 -999
NHC  04L CHANTAL   010819 1800 162N 0812W 285 072 1005 1011 0222 31 056 0278 0185 -999 01399 -999 -999 -999
NHC  04L CHANTAL   010820 0000 168N 0828W 290 082 1005 1011 0278 31 232 0324 0278 -999 -999 -999 -999
NHC  04L CHANTAL   010820 0600 172N 0841W 291 067 1008 1011 0278 28 185 0324 0278 -999 -999 -999 -999
NHC  04L CHANTAL   010820 1200 174N 0854W 287 067 1008 1011 0278 28 185 0324 0278 -999 -999 -999 -999
NHC  04L CHANTAL   010820 1800 179N 0867W 290 062 1006 1012 0222 28 167 0324 0278 -999 -999 -999 -999
NHC  04L CHANTAL   010821 0000 182N 0878W 288 057 1001 1010 0222 31 056 0324 0232 -999 01857 -999 -999 -999
NHC  04L CHANTAL   010821 0600 184N 0884W 289 036 1003 1010 0222 28 056 0324 0232 -999 01857 -999 -999 -999
NHC  04L CHANTAL   010821 1200 184N 0888W 285 026 1004 1012 0222 26 056 0278 0232 -999 -999 -999 -999
NHC  04L CHANTAL   010821 1800 186N 0894W 285 031 1005 1012 0222 18 056 0232 0139 -999 -999 -999 -999
NHC  04L CHANTAL   010822 0000 187N 0901W 280 031 1006 1010 0185 13 056 -999 -999 -999 -999 -999 -999
NHC  04L CHANTAL   010822 0600 189N 0907W 286 031 1007 1010 0185 13 056 -999 -999 -999 -999 -999 -999
NHC  04L CHANTAL   010822 1200 179N 0922W 255 046 1009 1014 0185 13 111 -999 -999 -999 -999 -999 -999
