JTWC 04S NAMELESS  010103 0000 114S 0601E 256 026 0997 1010 022  18 111 -999 -999 -999 -999
JTWC 04S ANDO      010103 0600 118S 0598E 244 026 0997 1010 015  18 111 -999 -999 -999 -999
JTWC 04S ANDO      010103 1200 119S 0592E 244 026 0976 1008 015  33 111 -999 -999 -999 -999
JTWC 04S ANDO      010103 1800 128S 0587E 220 036 0967 1008 033  39 074 0222 0222 0222 0222
JTWC 04S ANDO      010104 1200 141S 0569E 226 041 0954 1006 041  46 065 0278 0278 0278 0278
JTWC 04S ANDO      010104 1800 147S 0566E 220 036 0954 1006 041  46 065 0278 0278 0278 0222
JTWC 04S ANDO      010105 0000 156S 0561E 215 041 0922 1006 050  62 056 0333 0333 0333 0278
JTWC 04S ANDO      010105 1200 170S 0549E 218 046 0927 1004 050  59 056 0333 0333 0333 0333
JTWC 04S ANDO      010105 1800 179S 0548E 204 041 0922 1006 041  62 056 0167 0167 0167 0278
JTWC 04S ANDO      010106 0000 185S 0543E 212 041 0916 1006 041  64 056 0167 0167 0167 0278
JTWC 04S ANDO      010106 0600 191S 0537E 212 041 0916 1006 041  64 056 0167 0167 0167 0278
JTWC 04S ANDO      010106 1200 202S 0534E 207 046 0927 1006 041  59 056 0222 0222 0222 0278
JTWC 04S ANDO      010106 1800 209S 0532E 201 046 0916 1006 033  64 056 0222 0222 0148 0148
JTWC 04S ANDO      010107 0000 216S 0527E 205 041 0927 1006 033  59 056 0222 0222 0148 0148
JTWC 04S ANDO      010107 0600 223S 0522E 210 041 0927 1006 033  59 056 0148 0222 0222 0148
JTWC 04S ANDO      010107 1200 229S 0519E 209 041 0927 1006 033  59 056 0148 0222 0148 0148
JTWC 04S ANDO      010107 1800 239S 0520E 196 041 0927 1006 033  59 056 0222 0222 0148 0148
JTWC 04S ANDO      010108 0000 242S 0516E 199 036 0954 1008 033  46 056 0222 0222 0148 0148
JTWC 04S ANDO      010108 0600 247S 0511E 210 031 0967 1008 033  39 056 0148 0222 0148 0148
JTWC 04S ANDO      010108 1200 249S 0509E 217 026 0976 1008 033  33 056 0148 0222 0148 0148
JTWC 04S ANDO      010108 1800 251S 0509E 211 021 0976 1004 033  39 056 0222 0222 0222 0222
JTWC 04S ANDO      010109 0600 269S 0504E 196 041 0991 1004 020  23 065 0139 0139 0139 0111
JTWC 04S ANDO      010109 1200 274S 0506E 189 041 0997 1008 022  18 074 -999 -999 -999 -999
JTWC 04S ANDO      010109 1800 282S 0507E 187 036 1000 1005 033  15 065 -999 -999 -999 -999
JTWC 04S ANDO      010110 0000 285S 0509E 173 026 1000 1005 022  15 056 -999 -999 -999 -999
JTWC 04S ANDO      010110 0600 304S 0519E 157 051 1002 1008 022  13 093 -999 -999 -999 -999
