NHC  05E FIVE      010721 0600 119N 0949W 295 062 1006 1011 0185 15 093 -999 -999 -999 -999 -999 -999
NHC  05E FIVE      010721 1200 122N 0965W 291 062 1004 1010 0185 18 139 0139 0139 0139 01399 -999 -999 -999
NHC  05E DALILA    010721 1800 132N 0969W 303 062 1000 1010 0185 23 093 0139 0139 0139 01399 -999 -999 -999
NHC  05E DALILA    010722 0000 138N 0980W 302 057 0994 1010 0185 28 093 0139 0139 0139 01399 -999 -999 -999
NHC  05E DALILA    010722 0600 143N 0995W 297 067 0994 1008 0185 28 046 0139 0139 0139 01396 0056 0056 0056
NHC  05E DALILA    010722 1200 149N 1008W 295 067 0991 1008 0185 31 046 0139 0139 0139 01396 0056 0056 0056
NHC  05E DALILA    010722 1800 156N 1019W 298 067 0991 1008 0185 31 046 0185 0185 0185 01856 0056 0056 0056
NHC  05E DALILA    010723 0000 163N 1032W 300 072 0991 1008 0185 31 046 0185 0185 0185 01856 0056 0056 0056
NHC  05E DALILA    010723 0600 170N 1045W 301 077 0994 1008 0185 28 046 0111 0111 0111 01116 0056 0056 0056
NHC  05E DALILA    010723 1200 176N 1055W 301 067 0994 1008 0185 28 046 0111 0111 0111 01116 0056 0056 0056
NHC  05E DALILA    010723 1800 175N 1064W 285 057 0994 1008 0185 28 046 0111 0111 0111 01116 0056 0056 0056
NHC  05E DALILA    010724 0000 178N 1072W 290 046 0990 1008 0185 31 046 0111 0111 0111 01116 0056 0056 0056
NHC  05E DALILA    010724 0600 181N 1081W 288 046 0989 1008 0185 33 037 0093 0093 0093 00936 0056 0056 0056
NHC  05E DALILA    010724 1200 182N 1092W 280 046 0984 1008 0185 36 037 0111 0111 0111 01116 0056 0056 0056
NHC  05E DALILA    010724 1800 187N 1099W 290 046 0987 1008 0185 33 037 0111 0111 0111 01116 0056 0056 0056
NHC  05E DALILA    010725 0000 187N 1107W 284 041 0990 1008 0185 31 037 0111 0111 0111 01116 0056 0056 0056
NHC  05E DALILA    010725 0600 190N 1112W 286 036 0997 1008 0185 28 037 0093 0093 0093 00936 0046 0046 0046
NHC  05E DALILA    010725 1200 191N 1115W 285 026 0997 1008 0185 28 037 0093 0093 0093 00936 0046 0046 0046
NHC  05E DALILA    010725 1800 192N 1123W 285 031 0997 1008 0185 28 037 0111 0111 0111 01116 0046 0046 0046
NHC  05E DALILA    010726 0000 193N 1129W 284 031 0994 1008 0185 31 037 0111 0111 0111 01116 0046 0046 0046
NHC  05E DALILA    010726 0600 195N 1130W 291 021 0994 1008 0185 31 028 0056 0139 0139 00567 0037 0037 0037
NHC  05E DALILA    010726 1200 198N 1138W 290 026 0994 1008 0185 31 028 0056 0139 0139 00567 0037 0037 0037
NHC  05E DALILA    010726 1800 201N 1146W 290 036 0997 1008 0185 28 028 0056 0139 0139 00567 0037 0037 0037
NHC  05E DALILA    010727 0000 201N 1155W 285 041 0997 1008 0185 28 028 0083 0139 0139 00837 0037 0037 0037
NHC  05E DALILA    010727 0600 201N 1165W 285 041 0997 1008 0185 28 028 0111 0111 0111 01117 0037 0037 0037
NHC  05E DALILA    010727 1200 206N 1176W 284 051 1000 1008 0185 23 028 0093 0093 0093 00939 -999 -999 -999
NHC  05E DALILA    010727 1800 211N 1178W 297 041 1004 1008 0185 18 028 0093 0093 0093 00939 -999 -999 -999
NHC  05E DALILA    010728 0000 216N 1188W 295 046 1005 1009 0185 18 028 0093 0093 0093 00939 -999 -999 -999
NHC  05E DALILA    010728 0600 220N 1198W 297 036 1007 1011 0232 15 083 -999 -999 -999 -999 -999 -999
NHC  05E DALILA    010728 1200 225N 1215W 292 051 1004 1011 0232 15 083 -999 -999 -999 -999 -999 -999
