NHC  05L INVEST    010822 1200 179N 0643W 295 113 1014 1016 0167 13 074 -999 -999 -999 -999 -999 -999
NHC  05L DEAN      010822 1800 191N 0659W 295 103 1010 1016 0167 26 028 0222 0111 -999 01676 -999 -999 0056
NHC  05L DEAN      010823 0000 198N 0674W 300 088 1010 1016 0167 26 056 0278 0111 -999 01676 -999 -999 0056
NHC  05L DEAN      010823 0600 207N 0689W 304 082 1010 1016 0167 26 056 0278 0111 -999 01676 -999 -999 0056
NHC  05L DEAN      010823 1200 216N 0698W 305 077 1012 1015 0167 23 056 0278 0167 -999 00569 -999 -999 -999
NHC  05L DEAN      010827 0600 377N 0620W 050 082 1000 1012 0334 26 056 0167 0167 0093 00934 0074 -999 -999
NHC  05L DEAN      010827 1200 389N 0607W 044 082 1000 1012 0334 26 056 0278 0167 0093 00934 0074 -999 -999
NHC  05L DEAN      010827 1800 406N 0594W 034 093 0992 1012 0334 31 056 0278 0167 0093 00934 0074 -999 -999
NHC  05L DEAN      010828 0000 424N 0582W 031 093 0994 1012 0334 31 056 0324 0324 0167 01113 0093 0074 0056
NHC  05L DEAN      010828 0600 432N 0560W 045 103 0995 1012 0334 28 056 0324 0324 0167 01113 0093 0074 0056
NHC  05L DEAN      010828 1200 438N 0534W 052 093 0997 1012 0334 26 056 0324 0324 0167 01113 0093 0074 0056
