JTWC 05S NAMELESS  010108 0000 121S 0732E 255 046 0997 1004 022  18 111 -999 -999 -999 -999
JTWC 05S BINDU     010108 0600 127S 0727E 247 046 0984 1004 020  28 083 0139 0139 0139 0139
JTWC 05S BINDU     010108 1200 144S 0732E 201 046 0976 1004 020  33 083 0139 0139 0139 0139
JTWC 05S BINDU     010108 1800 149S 0732E 192 041 0976 1006 022  33 083 0139 0139 0139 0139
JTWC 05S BINDU     010109 0600 158S 0722E 227 021 0967 1006 033  39 056 0148 0222 0222 0185
JTWC 05S BINDU     010109 1200 158S 0725E 224 015 0954 1008 033  46 037 0185 0222 0222 0176
JTWC 05S BINDU     010109 1800 162S 0727E 180 010 0954 1006 033  46 056 0222 0222 0222 0222
JTWC 05S BINDU     010110 0000 165S 0725E 180 010 0954 1006 050  46 056 0222 0222 0222 0222
JTWC 05S BINDU     010110 0600 163S 0730E 136 005 0967 1008 033  39 056 0222 0222 0222 0222
JTWC 05S BINDU     010110 1200 163S 0728E 180 -99 0967 1008 033  39 056 0222 0222 0222 0222
JTWC 05S BINDU     010111 0000 166S 0721E 242 010 0976 1004 027  33 046 0185 0185 0130 0130
JTWC 05S BINDU     010111 0600 168S 0715E 251 021 0976 1004 027  33 046 0185 0185 0185 0185
JTWC 05S BINDU     010111 1200 168S 0709E 257 026 0976 1004 027  33 046 0185 0185 0185 0185
JTWC 05S BINDU     010111 1800 169S 0701E 256 031 0976 1006 044  33 037 0296 0296 0148 0148
JTWC 05S BINDU     010112 0000 171S 0696E 253 031 0967 1006 044  39 037 0296 0296 0148 0148
JTWC 05S BINDU     010112 0600 174S 0687E 250 036 0967 1006 044  39 037 0296 0296 0148 0148
JTWC 05S BINDU     010112 1200 175S 0687E 244 026 0954 1006 050  46 037 0333 0333 0167 0167
JTWC 05S BINDU     010112 1800 181S 0692E 201 021 0944 1006 044  51 037 0167 0333 0333 0167
JTWC 05S BINDU     010113 0000 183S 0684E 220 021 0927 1006 050  59 037 0296 0333 0333 0296
JTWC 05S BINDU     010113 0600 187S 0688E 199 021 0944 1006 050  51 046 0333 0333 0333 0296
JTWC 05S BINDU     010113 1200 196S 0684E 202 031 0954 1006 044  46 056 0241 0296 0296 0241
JTWC 05S BINDU     010114 0000 195S 0688E 193 005 0954 1006 044  46 056 0241 0296 0296 0241
JTWC 05S BINDU     010114 0600 199S 0689E 172 010 0963 1006 044  41 056 0296 0296 0296 0241
JTWC 05S BINDU     010114 1200 197S 0681E 239 015 0976 1006 038  33 065 0259 0259 0259 0222
JTWC 05S BINDU     010114 1800 198S 0686E 212 005 0976 1006 044  33 065 0204 0259 0259 0204
JTWC 05S BINDU     010115 0000 205S 0680E 223 015 0984 1006 025  28 037 0167 0167 0167 0167
JTWC 05S BINDU     010115 0600 204S 0674E 238 021 0994 1006 025  21 074 0157 0167 0167 0139
JTWC 05S BINDU     010115 1200 205S 0650E 257 051 0991 1006 025  23 074 0167 0167 0167 0167
JTWC 05S BINDU     010115 1800 204S 0641E 262 051 0991 1006 025  23 074 0167 0167 0167 0167
JTWC 05S BINDU     010116 0000 212S 0639E 243 041 0991 1006 025  23 074 0167 0167 0167 0167
JTWC 05S BINDU     010116 0600 218S 0622E 241 057 0997 1008 033  18 130 -999 -999 -999 -999
JTWC 05S BINDU     010116 1200 223S 0612E 240 057 0997 1008 033  18 111 -999 -999 -999 -999
JTWC 05S BINDU     010116 1800 227S 0605E 239 046 1000 1008 033  15 111 -999 -999 -999 -999
