JTWC 06W NAMELESS  010701 1200 078N 1376E  15 021 1000 1005 033  15 093 -999 -999 -999 -999
JTWC 06W NAMELESS  010701 1800 086N 1378E  13 031 1000 1004 038  18 083 0111 0222 0167 0111
JTWC 06W UTOR      010702 0600 113N 1362E 338 062 0997 1003 038  18 083 0278 0278 0222 0278
JTWC 06W UTOR      010702 1200 124N 1350E 324 077 0991 1003 041  23 083 0278 0278 0204 0204
JTWC 06W UTOR      010702 1800 133N 1337E 308 077 0991 1002 046  23 093 0370 0370 0315 0370
JTWC 06W UTOR      010703 0000 140N 1319E 303 088 0980 1001 055  31 093 0370 0370 0370 0370
JTWC 06W UTOR      010703 0600 149N 1300E 299 093 0976 1002 038  33 093 0389 0389 0370 0389
JTWC 06W UTOR      010703 1200 161N 1282E 300 103 0976 1002 038  33 074 0352 0407 0352 0407
JTWC 06W UTOR      010703 1800 174N 1262E 304 108 0972 1001 063  36 074 0352 0426 0426 0426
JTWC 06W UTOR      010704 0000 187N 1244E 306 108 0967 1000 046  39 083 0352 0426 0426 0426
JTWC 06W UTOR      010704 0600 193N 1224E 301 108 0967 1000 046  39 065 0444 0482 0444 0370
JTWC 06W UTOR      010704 1200 196N 1202E 293 103 0958 1000 046  44 065 0444 0482 0444 0370
JTWC 06W UTOR      010704 1800 192N 1199E 285 072 0967 1000 046  39 065 0444 0482 0444 0370
JTWC 06W UTOR      010705 0000 204N 1186E 298 062 0972 1000 046  36 065 0444 0444 0407 0278
JTWC 06W UTOR      010705 0600 210N 1176E 305 057 0976 1000 058  33 065 0389 0352 0389 0352
JTWC 06W UTOR      010705 1200 213N 1168E 303 057 0984 1000 038  28 046 0352 0315 0352 0315
JTWC 06W UTOR      010705 1800 217N 1159E 298 046 0976 1000 038  33 046 0333 0333 0333 0167
JTWC 06W UTOR      010706 0000 227N 1151E 308 051 0976 1000 044  33 046 0278 0278 0278 0167
