NHC  07E SEVEN     010826 0600 189N 1084W 290 051 1004 1008 0222 15 093 -999 -999 -999 -999 -999 -999
NHC  07E SEVEN     010826 1200 196N 1093W 297 057 1004 1008 0222 15 074 -999 -999 -999 -999 -999 -999
NHC  07E FLOSSIE   010826 1800 201N 1107W 298 062 1002 1008 0222 18 065 0093 0074 0074 00939 -999 -999 -999
NHC  07E FLOSSIE   010827 0000 201N 1117W 289 057 1002 1008 0278 18 065 0139 0111 0111 01399 -999 -999 -999
NHC  07E FLOSSIE   010827 0600 200N 1126W 270 046 1000 1008 0278 23 046 0111 0111 0111 01119 -999 -999 -999
NHC  07E FLOSSIE   010827 1200 202N 1133W 275 041 0997 1008 0278 26 046 0111 0111 0111 01119 -999 -999 -999
NHC  07E FLOSSIE   010827 1800 199N 1138W 245 031 0989 1008 0278 33 028 0111 0111 0111 01116 0046 0046 0046
NHC  07E FLOSSIE   010828 0000 195N 1141W 245 031 0989 1008 0278 33 028 0139 0139 0139 01394 0074 0074 0074
NHC  07E FLOSSIE   010828 0600 192N 1143W 220 021 0989 1008 0278 33 028 0139 0139 0139 01394 0074 0074 0074
NHC  07E FLOSSIE   010828 1200 191N 1143W 180 010 0985 1008 0278 36 028 0139 0139 0139 01394 0074 0074 0074
NHC  07E FLOSSIE   010828 1800 193N 1146W 275 010 0985 1008 0278 36 028 0139 0139 0139 01394 0074 0074 0074
NHC  07E FLOSSIE   010829 0000 198N 1151W 310 026 0985 1008 0278 36 028 0139 0139 0139 01394 0074 0074 0074
NHC  07E FLOSSIE   010829 0600 201N 1154W 310 026 0985 1008 0278 36 028 0139 0139 0139 01394 0074 0074 0074
NHC  07E FLOSSIE   010829 1200 206N 1163W 309 031 0977 1008 0278 44 028 0139 0139 0139 01394 0074 0074 0074
NHC  07E FLOSSIE   010829 1800 209N 1166W 308 031 0972 1008 0278 46 028 0139 0139 0139 01394 0074 0074 0074
NHC  07E FLOSSIE   010830 0000 215N 1171W 312 036 0975 1008 0278 44 028 0139 0139 0139 01394 0074 0074 0074
NHC  07E FLOSSIE   010830 0600 219N 1177W 310 031 0975 1008 0278 41 028 0139 0139 0139 01394 0074 0074 0074
NHC  07E FLOSSIE   010830 1200 224N 1180W 319 036 0983 1008 0278 36 028 0139 0139 0139 01394 0074 0074 0074
NHC  07E FLOSSIE   010830 1800 229N 1181W 340 026 0987 1008 0278 33 028 0139 0139 0139 01394 0074 0074 0074
NHC  07E FLOSSIE   010831 0000 234N 1184W 337 031 0989 1008 0278 33 028 0139 0139 0139 01394 0074 0074 0074
NHC  07E FLOSSIE   010831 0600 235N 1186W 330 021 0991 1008 0278 31 046 0139 0139 0139 01394 0074 0074 0074
NHC  07E FLOSSIE   010831 1200 239N 1189W 324 021 0998 1008 0278 26 065 0139 0139 0139 01394 0074 0074 0074
NHC  07E FLOSSIE   010831 1800 243N 1192W 321 021 0999 1008 0278 26 065 0139 0139 0139 01394 0074 0074 0074
NHC  07E FLOSSIE   010901 0000 251N 1192W 355 041 1002 1008 0278 21 065 0139 0139 0139 01399 -999 -999 -999
NHC  07E FLOSSIE   010901 0600 255N 1190W 010 031 1005 1009 0278 18 065 0111 0111 0111 01119 -999 -999 -999
NHC  07E FLOSSIE   010901 1200 255N 1190W 009 021 1005 1009 0185 15 093 -999 -999 -999 -999 -999 -999
NHC  07E FLOSSIE   010901 1800 260N 1186W 028 026 1006 1010 0185 15 093 -999 -999 -999 -999 -999 -999
