JTWC 07W NAMELESS  010709 0600 184N 1254E 327 072 1002 1008 022  13 148 -999 -999 -999 -999
JTWC 07W NAMELESS  010709 1200 187N 1256E 332 046 1002 1008 022  13 148 -999 -999 -999 -999
JTWC 07W NAMELESS  010709 1800 194N 1247E 329 041 1002 1007 022  13 148 -999 -999 -999 -999
JTWC 07W NAMELESS  010710 0000 200N 1242E 325 041 1000 1007 022  15 148 -999 -999 -999 -999
JTWC 07W TRAMI     010710 0600 204N 1236E 319 041 0997 1007 022  18 148 -999 -999 -999 -999
JTWC 07W TRAMI     010710 1200 209N 1228E 310 041 0997 1007 022  18 148 -999 -999 -999 -999
JTWC 07W TRAMI     010710 1800 214N 1220E 305 041 0997 1007 022  18 148 -999 -999 -999 -999
JTWC 07W TRAMI     010711 0000 225N 1221E 325 041 0997 1004 022  18 148 -999 -999 -999 -999
JTWC 07W TRAMI     010711 0600 220N 1220E 317 021 0997 1003 022  18 148 -999 -999 -999 -999
JTWC 07W TRAMI     010711 1200 229N 1217E 329 026 0997 1003 022  18 148 -999 -999 -999 -999
JTWC 07W TRAMI     010711 1800 232N 1213E 327 031 1000 1002 024  15 093 -999 -999 -999 -999
JTWC 07W TRAMI     010712 0000 242N 1203E 321 041 0998 1002 024  13 074 -999 -999 -999 -999
