NHC  08E EIGHT     010904 1200 155N 1231W 285 026 1005 1010 0278 15 083 -999 -999 -999 -999 -999 -999
NHC  08E GIL       010904 1800 155N 1242W 284 036 1002 1010 0278 21 083 0093 0093 0139 01679 -999 -999 -999
NHC  08E GIL       010905 0000 154N 1246W 273 026 0994 1010 0278 28 056 0185 0185 0185 01856 0056 0056 0056
NHC  08E GIL       010905 0600 154N 1247W 270 010 0994 1010 0278 28 056 0185 0185 0185 01856 0056 0056 0056
NHC  08E GIL       010905 1200 154N 1247W 270 010 0994 1010 0278 28 046 0185 0185 0185 01856 0056 0056 0056
NHC  08E GIL       010905 1800 153N 1255W 264 015 0990 1010 0278 31 046 0111 0111 0111 01676 0056 0056 0056
NHC  08E GIL       010906 0000 150N 1260W 260 021 0990 1010 0278 31 037 0111 0111 0111 01116 0056 0056 0056
NHC  08E GIL       010906 0600 152N 1265W 270 026 0980 1010 0278 39 028 0111 0111 0111 01116 0056 0056 0056
NHC  08E GIL       010906 1200 152N 1274W 270 026 0979 1010 0278 39 028 0185 0185 0185 01854 0074 0074 0074
NHC  08E GIL       010906 1800 148N 1280W 261 036 0979 1010 0278 39 028 0185 0185 0185 01854 0074 0074 0074
NHC  08E GIL       010907 0000 150N 1284W 275 031 0975 1008 0278 44 028 0185 0185 0185 01854 0074 0074 0074
NHC  08E GIL       010907 0600 155N 1287W 315 026 0975 1008 0278 44 028 0185 0417 0185 01854 0074 0074 0074
NHC  08E GIL       010907 1200 158N 1295W 310 031 0979 1008 0278 39 028 0185 0417 0417 01854 0074 0074 0074
NHC  08E GIL       010907 1800 165N 1294W 330 031 0979 1008 0278 39 028 0185 0185 0222 01114 0074 0074 0074
NHC  08E GIL       010908 0000 173N 1296W 345 036 0987 1009 0371 33 028 0185 0185 0222 01114 0074 0074 0074
NHC  08E GIL       010908 0600 186N 1301W 345 051 0987 1009 0371 33 028 0185 0185 0185 01114 0074 0074 0074
NHC  08E GIL       010908 1200 210N 1306W 340 124 0995 1009 0278 28 028 0185 0185 0139 01117 0037 -999 -999
NHC  08E GIL       010908 1800 221N 1321W 334 093 1003 1010 0278 21 037 0222 0222 0111 01119 -999 -999 -999
NHC  08E GIL       010909 0000 224N 1345W 265 113 1006 1010 0222 15 056 -999 -999 -999 -999 -999 -999
NHC  08E GIL       010909 0600 215N 1362W 245 093 1008 1010 0222 13 056 -999 -999 -999 -999 -999 -999
NHC  08E GIL       010909 1200 206N 1373W 254 077 1008 1010 0222 15 056 -999 -999 -999 -999 -999 -999
NHC  08E GIL       010909 1800 204N 1379W 255 062 1008 1010 0222 13 056 -999 -999 -999 -999 -999 -999
