NHC  08L EIGHT     010911 1800 255N 0840W 250 021 1010 1014 0278 13 056 -999 -999 -999 -999 -999 -999
NHC  08L EIGHT     010912 0000 254N 0844W 250 026 1009 1014 0278 13 056 -999 -999 -999 -999 -999 -999
NHC  08L EIGHT     010912 0600 256N 0855W 267 031 1008 1012 0278 13 056 -999 -999 -999 -999 -999 -999
NHC  08L EIGHT     010912 1200 256N 0857W 274 026 1008 1011 0278 13 056 -999 -999 -999 -999 -999 -999
NHC  08L EIGHT     010912 1800 255N 0854W 000 000 1008 1011 0278 15 056 -999 -999 -999 -999 -999 -999
NHC  08L EIGHT     010913 0000 252N 0857W 250 010 1005 1010 0371 15 111 -999 -999 -999 -999 -999 -999
NHC  08L EIGHT     010913 0600 252N 0859W 270 010 1005 1010 0371 15 111 -999 -999 -999 -999 -999 -999
NHC  08L EIGHT     010913 1200 252N 0852W 000 000 1004 1009 0334 18 111 0139 0232 -999 -999 -999 -999
NHC  08L GABRIELLE 010913 1800 254N 0844W 050 026 1000 1009 0334 23 111 0185 0185 -999 -999 -999 -999
NHC  08L GABRIELLE 010914 0000 254N 0841W 060 021 0997 1009 0334 23 111 0232 0185 0139 01399 -999 -999 -999
NHC  08L GABRIELLE 010914 0600 258N 0836W 057 026 0992 1009 0334 26 093 0232 0185 0139 01399 -999 -999 -999
NHC  08L GABRIELLE 010914 1200 272N 0826W 040 067 0983 1009 0334 31 046 0232 0185 0093 01393 0056 -999 0056
NHC  08L GABRIELLE 010914 1800 280N 0818W 040 051 0992 1009 0334 23 093 0232 0185 0093 00939 -999 -999 -999
NHC  08L GABRIELLE 010915 0000 290N 0813W 032 067 0995 1006 0371 21 093 0232 -999 -999 -999 -999 -999
NHC  08L GABRIELLE 010915 0600 285N 0810W 047 031 0995 1006 0371 21 093 0232 -999 -999 -999 -999 -999
NHC  08L GABRIELLE 010915 1200 287N 0803W 070 026 0998 1006 0371 21 139 0232 0139 -999 02329 -999 -999 -999
NHC  08L GABRIELLE 010915 1800 297N 0790W 055 067 0999 1010 0334 21 139 0232 0139 -999 02329 -999 -999 -999
NHC  08L GABRIELLE 010916 0000 304N 0779W 055 062 0998 1010 0334 26 185 0278 0278 0185 03249 -999 -999 0232
NHC  08L GABRIELLE 010916 0600 308N 0768W 060 057 0998 1010 0334 26 185 0278 0278 0185 02782 0232 -999 0232
NHC  08L GABRIELLE 010916 1200 316N 0750W 060 067 0995 1010 0334 26 185 0278 0278 0185 02782 0232 -999 0232
NHC  08L GABRIELLE 010916 1800 321N 0734W 064 072 0995 1010 0334 28 185 0324 0324 0278 03242 0232 -999 0232
NHC  08L GABRIELLE 010917 0000 331N 0713W 062 088 0991 1010 0417 33 046 0371 0445 0278 03712 0232 0093 0232
NHC  08L GABRIELLE 010917 0600 342N 0680W 064 093 0991 1010 0417 33 046 0371 0463 0278 03712 0232 0093 0232
NHC  08L GABRIELLE 010917 1200 354N 0666W 058 113 0983 1010 0417 36 046 0371 0463 0278 03712 0232 0093 0232
NHC  08L GABRIELLE 010917 1800 361N 0649W 060 103 0983 1010 0417 36 046 0371 0463 0278 03712 0232 0093 0232
NHC  08L GABRIELLE 010918 0000 368N 0627W 058 082 0987 1010 0417 33 046 0371 0463 0278 03712 0232 0093 0232
NHC  08L GABRIELLE 010918 0600 379N 0618W 045 077 0990 1010 0417 28 046 0371 0371 0185 03719 0139 0093 0139
NHC  08L GABRIELLE 010918 1200 390N 0604W 050 077 0990 1012 0463 28 046 0417 0463 0185 03719 0139 0093 0139
NHC  08L GABRIELLE 010918 1800 400N 0592W 041 072 0980 1012 0463 31 222 0417 0463 -999 03719 -999 -999 -999
NHC  08L GABRIELLE 010919 0000 415N 0575W 041 082 0983 1012 0463 28 278 0417 0463 -999 03719 -999 -999 -999
