NHC  11E JULIETTE  010921 1800 135N 0943W 286 088 0998 1008 0278 23 037 -999 -999 -999 -999 -999 -999
NHC  11E JULIETTE  010922 0000 138N 0958W 284 088 0996 1008 0278 26 037 0185 0185 0139 01396 0056 -999 -999
NHC  11E JULIETTE  010922 0600 141N 0971W 283 077 0996 1008 0278 26 046 0139 0139 0139 01859 -999 0046 0046
NHC  11E JULIETTE  010922 1200 136N 0992W 272 082 0996 1008 0185 26 046 0139 0139 0139 01396 0046 0046 0046
NHC  11E JULIETTE  010922 1800 135N 0997W 269 046 0996 1010 0185 26 046 0139 0139 0139 01396 0046 0046 0046
NHC  11E JULIETTE  010923 0000 141N 1003W 282 046 0992 1010 0185 28 046 0139 0139 0139 01396 0046 0046 0046
NHC  11E JULIETTE  010923 0600 146N 1013W 295 046 0989 1010 0185 31 046 0139 0139 0139 01396 0046 0046 0046
NHC  11E JULIETTE  010923 1200 149N 1024W 298 051 0979 1010 0185 39 046 0139 0139 0139 01396 0056 0056 0056
NHC  11E JULIETTE  010923 1800 149N 1029W 286 041 0966 1010 0185 41 037 0139 0139 0139 01396 0056 0056 0056
NHC  11E JULIETTE  010924 0000 148N 1032W 274 015 0949 1010 0185 59 037 0241 0241 0241 02411 0111 0111 0111
NHC  11E JULIETTE  010924 0600 148N 1032W 270 015 0936 1010 0185 64 028 0241 0241 0241 02410 0130 0130 0130
NHC  11E JULIETTE  010924 1200 151N 1037W 285 015 0936 1010 0185 64 028 0259 0259 0259 02598 0148 0148 0148
NHC  11E JULIETTE  010924 1800 152N 1042W 280 021 0957 1010 0185 51 028 0334 0334 0334 03348 0148 0148 0148
NHC  11E JULIETTE  010925 0000 155N 1047W 298 026 0957 1010 0185 51 028 0334 0334 0334 03348 0148 0148 0148
NHC  11E JULIETTE  010925 0600 160N 1052W 310 036 0952 1010 0185 57 028 0334 0371 0371 03348 0148 0148 0148
NHC  11E JULIETTE  010925 1200 162N 1063W 285 046 0948 1008 0371 59 028 0334 0371 0371 03348 0148 0148 0148
NHC  11E JULIETTE  010925 1800 164N 1073W 285 051 0923 1008 0371 62 028 0371 0371 0334 03347 0167 0167 0167
NHC  11E JULIETTE  010926 0000 168N 1079W 290 041 0923 1008 0371 64 019 0417 0371 0334 03347 0167 0167 0167
NHC  11E JULIETTE  010926 0600 174N 1084W 310 041 0929 1008 0371 62 019 0417 0371 0334 03347 0167 0167 0167
NHC  11E JULIETTE  010926 1200 182N 1090W 318 041 0940 1007 0371 59 019 0417 0371 0334 03347 0167 0167 0167
NHC  11E JULIETTE  010926 1800 188N 1098W 318 041 0940 1007 0371 57 019 0371 0417 0417 03345 0278 0185 0139
NHC  11E JULIETTE  010927 0000 195N 1104W 315 046 0942 1009 0556 54 093 0371 0417 0417 03345 0278 0185 0139
NHC  11E JULIETTE  010927 0600 201N 1105W 340 036 0945 1009 0556 46 093 0278 0371 0278 02785 0222 0185 0185
NHC  11E JULIETTE  010927 1200 208N 1108W 335 036 0948 1009 0556 46 093 0278 0371 0278 02785 0222 0185 0185
NHC  11E JULIETTE  010927 1800 214N 1109W 350 036 0974 1009 0556 44 093 0278 0371 0278 02785 0222 0185 0185
NHC  11E JULIETTE  010928 0000 223N 1107W 000 041 0977 1009 0556 41 093 0278 0371 0278 02785 0222 0185 0185
NHC  11E JULIETTE  010928 0600 228N 1110W 340 031 0971 1009 0556 36 139 0324 0371 0324 03242 0222 0222 0222
NHC  11E JULIETTE  010928 1200 232N 1111W 350 031 0980 1009 0556 33 139 0324 0371 0324 03242 0222 0222 0222
NHC  11E JULIETTE  010928 1800 233N 1111W 350 010 0987 1009 0556 31 093 0324 0371 0324 03242 0222 0222 0222
NHC  11E JULIETTE  010929 0000 234N 1109W 000 000 0988 1006 0445 31 093 0324 0324 0278 03242 0185 0185 0222
NHC  11E JULIETTE  010929 0600 234N 1109W 043 005 0987 1006 0371 33 093 0278 0232 0278 02325 0185 0185 0185
NHC  11E JULIETTE  010929 1200 237N 1106W 049 010 0987 1006 0371 33 093 0185 0185 0139 01393 0093 -999 -999
NHC  11E JULIETTE  010929 1800 240N 1117W 309 015 0996 1006 0371 23 093 0185 0185 0093 00939 -999 -999 -999
NHC  11E JULIETTE  010930 0000 243N 1120W 320 026 0997 1007 0324 21 093 0139 0139 0093 00939 -999 -999 -999
NHC  11E JULIETTE  010930 0600 247N 1121W 335 021 0998 1007 0324 18 093 0139 0139 0093 00939 -999 -999 -999
NHC  11E JULIETTE  010930 1200 253N 1120W 000 026 1000 1006 0324 15 093 -999 -999 -999 -999 -999 -999
NHC  11E JULIETTE  010930 1800 280N 1120W 360 062 1001 1006 0324 15 093 -999 -999 -999 -999 -999 -999
NHC  11E JULIETTE  011001 0000 295N 1123W 357 082 1005 1007 0324 13 093 -999 -999 -999 -999 -999 -999
NHC  11E JULIETTE  011001 1800 302N 1135W 304 000 1006 1010 0232 15 056 -999 -999 -999 -999 -999 -999
NHC  11E JULIETTE  011002 0000 304N 1133W 040 015 1006 1010 0185 15 056 -999 -999 -999 -999 -999 -999
NHC  11E JULIETTE  011002 0600 306N 1136W 350 010 1006 1010 0185 15 056 -999 -999 -999 -999 -999 -999
NHC  11E JULIETTE  011002 1200 307N 1140W 275 015 1006 1010 0185 15 037 -999 -999 -999 -999 -999 -999
NHC  11E JULIETTE  011002 1800 304N 1144W 230 026 1007 1012 0130 15 037 -999 -999 -999 -999 -999 -999
NHC  11E JULIETTE  011003 0000 299N 1146W 200 026 1008 1012 0139 13 037 -999 -999 -999 -999 -999 -999
