NHC  12E TWELVE    010922 0000 157N 1174W 274 082 1005 1012 0278 15 056 -999 -999 -999 -999 -999 -999
NHC  12E TWELVE    010922 0600 160N 1184W 276 072 1005 1012 0278 15 056 -999 -999 -999 -999 -999 -999
NHC  12E TWELVE    010922 1200 168N 1193W 290 057 1005 1012 0278 15 056 -999 -999 -999 -999 -999 -999
NHC  12E TWELVE    010922 1800 178N 1203W 310 067 1002 1010 0278 21 056 0111 0111 0111 01119 -999 -999 -999
NHC  12E KIKO      010923 0000 180N 1212W 303 057 1000 1010 0278 23 056 0111 0111 0111 01119 -999 -999 -999
NHC  12E KIKO      010923 0600 182N 1222W 293 051 0997 1010 0278 26 056 0111 0111 0111 01119 -999 -999 -999
NHC  12E KIKO      010923 1200 184N 1233W 284 051 0995 1010 0278 26 056 0111 0111 0111 01119 -999 -999 -999
NHC  12E KIKO      010923 1800 183N 1245W 276 057 0995 1010 0278 28 037 0111 0111 0111 01116 0046 0046 0046
NHC  12E KIKO      010924 0000 185N 1253W 278 041 0995 1010 0278 28 037 0111 0111 0111 01116 0046 0046 0046
NHC  12E KIKO      010924 0600 190N 1255W 289 036 0991 1010 0278 31 037 0111 0111 0111 01116 0046 0046 0046
NHC  12E KIKO      010924 1200 191N 1262W 285 036 0990 1010 0278 31 037 0111 0111 0111 01116 0046 0046 0046
NHC  12E KIKO      010924 1800 192N 1267W 280 036 0994 1010 0278 26 037 0111 0111 0111 01119 -999 -999 -999
NHC  12E KIKO      010925 0000 192N 1273W 277 031 0997 1010 0278 23 037 0111 0111 0111 01119 -999 -999 -999
NHC  12E KIKO      010925 0600 191N 1274W 270 021 1000 1010 0278 21 037 0111 0111 0111 01119 -999 -999 -999
NHC  12E KIKO      010925 1200 192N 1287W 270 036 1004 1009 0334 18 037 0111 0111 0111 01119 -999 -999 -999
NHC  12E KIKO      010925 1800 192N 1293W 270 036 1006 1009 0334 13 074 -999 -999 -999 -999 -999 -999
