JTWC 14W PABUK     010814 1200 188N 1454E 350 021 0997 1005 038  18 093 -999 -999 -999 -999
JTWC 14W PABUK     010814 1800 190N 1449E 311 015 0994 1005 023  21 083 0157 0157 0120 0120
JTWC 14W PABUK     010815 0000 193N 1430E 288 041 0991 1005 066  23 083 0444 0444 0259 0259
JTWC 14W PABUK     010815 0600 196N 1423E 288 046 0987 1004 055  26 093 0444 0444 0296 0296
JTWC 14W PABUK     010815 1200 200N 1414E 292 046 0980 1004 055  31 093 0407 0407 0296 0333
JTWC 14W PABUK     010815 1800 204N 1407E 295 041 0976 1004 055  33 093 0407 0407 0296 0333
JTWC 14W PABUK     010816 0000 208N 1402E 302 041 0976 1004 055  33 093 0407 0407 0296 0333
JTWC 14W PABUK     010816 0600 211N 1395E 302 036 0972 1004 055  36 102 0426 0426 0315 0370
JTWC 14W PABUK     010816 1200 213N 1391E 301 031 0967  996 066  39 111 0444 0444 0315 0370
JTWC 14W PABUK     010816 1800 213N 1386E 289 026 0967 1002 055  39 111 0444 0444 0315 0370
JTWC 14W PABUK     010817 0000 215N 1381E 287 026 0958 1002 055  44 111 0417 0435 0370 0482
JTWC 14W PABUK     010817 0600 218N 1377E 291 026 0958  997 066  44 111 0444 0444 0370 0444
JTWC 14W PABUK     010817 1200 219N 1375E 301 021 0967  997 055  39 111 0444 0444 0370 0444
JTWC 14W PABUK     010817 1800 221N 1370E 301 021 0972  997 066  36 111 0444 0315 0315 0444
JTWC 14W PABUK     010818 0000 226N 1366E 308 021 0972  997 066  36 111 0444 0315 0315 0444
JTWC 14W PABUK     010818 0600 234N 1363E 324 031 0972  997 054  36 111 0361 0361 0361 0324
JTWC 14W PABUK     010818 1200 242N 1358E 330 036 0967  996 055  39 111 0389 0361 0324 0389
JTWC 14W PABUK     010818 1800 247N 1351E 327 041 0963  996 055  41 111 0389 0361 0324 0389
JTWC 14W PABUK     010819 0000 254N 1344E 321 046 0954  996 063  46 111 0426 0426 0389 0389
JTWC 14W PABUK     010819 0600 263N 1338E 321 046 0949  997 053  49 093 0426 0426 0389 0426
JTWC 14W PABUK     010819 1200 269N 1332E 323 046 0949  997 055  49 111 0444 0426 0343 0389
JTWC 14W PABUK     010819 1800 277N 1329E 330 046 0949  997 055  49 065 0444 0426 0343 0389
JTWC 14W PABUK     010820 0000 285N 1328E 341 041 0949  997 055  49 065 0444 0426 0343 0389
JTWC 14W PABUK     010820 0600 294N 1330E 356 041 0954 1000 055  46 065 0444 0426 0343 0389
JTWC 14W PABUK     010820 1200 308N 1343E  21 057 0972 1003 058  36 083 0389 0389 0315 0389
JTWC 14W PABUK     010820 1800 308N 1343E  29 046 0972 1003 058  36 083 0389 0389 0315 0389
JTWC 14W PABUK     010821 0000 317N 1350E  36 046 0972 1003 058  36 083 0389 0389 0315 0389
JTWC 14W PABUK     010821 0600 329N 1350E  23 051 0972 1000 055  33 065 0259 0370 0259 0259
JTWC 14W PABUK     010821 1200 335N 1357E  23 051 0972 1000 050  28 037 0333 0333 0259 0259
JTWC 14W PABUK     010821 1800 348N 1369E  29 057 0991 1000 055  23 093 0333 0333 0259 0259
JTWC 14W PABUK     010822 0000 349N 1378E  52 051 0991 1000 055  23 093 0333 0333 0259 0259
JTWC 14W PABUK     010822 0600 355N 1398E  60 067 0984 1000 050  21 093 0259 0333 0259 0259
JTWC 14W PABUK     010822 1200 369N 1414E  56 077 0986  997 008  18 056 0056 0056 0056 0056
