NHC  15L FIFTEEN   011029 1800 130N 0835W 000 000 1005 1012 0278 15 185 -999 -999 -999 -999 -999 -999
NHC  15L FIFTEEN   011030 0000 137N 0835W 348 015 1005 1012 0334 15 185 -999 -999 -999 -999 -999 -999
NHC  15L FIFTEEN   011030 0600 139N 0840W 000 000 1007 1012 0334 15 185 -999 -999 -999 -999 -999 -999
NHC  15L FIFTEEN   011030 1200 139N 0840W 000 000 1005 1012 0334 15 185 -999 -999 -999 -999 -999 -999
NHC  15L FIFTEEN   011030 1800 129N 0834W 000 000 1006 1012 0334 15 185 -999 -999 -999 -999 -999 -999
NHC  15L FIFTEEN   011031 0000 138N 0836W 345 021 1004 1012 0334 15 139 -999 -999 -999 -999 -999 -999
NHC  15L FIFTEEN   011031 0600 139N 0836W 000 000 1006 1012 0334 15 139 -999 -999 -999 -999 -999 -999
NHC  15L FIFTEEN   011031 1200 146N 0836W 350 026 1006 1012 0334 15 139 -999 -999 -999 -999 -999 -999
NHC  15L FIFTEEN   011031 1800 150N 0833W 000 026 1004 1012 0334 15 139 -999 -999 -999 -999 -999 -999
NHC  15L MICHELLE  011101 0000 158N 0831W 355 026 1001 1012 0334 18 111 -999 -999 -999 -999 -999 -999
NHC  15L MICHELLE  011101 0600 165N 0835W 350 031 0999 1008 0278 21 028 0139 0139 -999 01399 -999 -999 -999
NHC  15L MICHELLE  011101 1200 170N 0838W 339 031 0995 1008 0278 28 028 0167 0139 0093 01676 0056 0056 0093
NHC  15L MICHELLE  011101 1800 170N 0838W 331 021 0993 1008 0278 28 056 0139 0139 0139 01679 0056 0056 0093
NHC  15L MICHELLE  011102 0000 174N 0839W 340 021 0991 1008 0278 28 056 0139 0139 0139 01679 0056 0056 0093
NHC  15L MICHELLE  011102 0600 175N 0839W 345 015 0988 1008 0278 31 028 0139 0139 0139 01396 0056 0056 0056
NHC  15L MICHELLE  011102 1200 178N 0839W 360 015 0980 1008 0324 33 028 0185 0139 0111 01396 0056 0056 0056
NHC  15L MICHELLE  011102 1800 180N 0841W 345 015 0969 1008 0324 41 028 0185 0185 0111 01396 0056 0056 0056
NHC  15L MICHELLE  011103 0000 185N 0840W 000 026 0957 1008 0324 44 028 0232 0232 0167 01674 0074 0074 0074
NHC  15L MICHELLE  011103 0600 188N 0843W 350 021 0942 1008 0324 54 028 0232 0232 0167 02324 0074 0074 0093
NHC  15L MICHELLE  011103 1200 189N 0843W 000 000 0937 1008 0324 57 028 0232 0232 0185 02324 0074 0074 0093
NHC  15L MICHELLE  011103 1800 193N 0841W 010 015 0934 1008 0324 59 028 0232 0232 0232 02329 0139 0139 0139
NHC  15L MICHELLE  011104 0000 198N 0838W 025 021 0933 1008 0324 59 028 0232 0232 0232 02329 0139 0139 0139
NHC  15L MICHELLE  011104 0600 201N 0833W 038 026 0944 1008 0324 59 028 0232 0232 0232 02329 0139 0139 0139
NHC  15L MICHELLE  011104 1200 210N 0826W 039 051 0944 1008 0324 59 028 0259 0232 0232 02599 0139 0139 0139
NHC  15L MICHELLE  011104 1800 218N 0817W 041 051 0949 1008 0324 59 028 0334 0232 0232 03349 0139 0139 0139
NHC  15L MICHELLE  011105 0000 225N 0809W 043 057 0960 1008 0324 54 028 0278 0232 0232 02789 0139 0139 0139
NHC  15L MICHELLE  011105 0600 231N 0798W 047 057 0971 1008 0324 44 028 0278 0232 0232 02789 0139 0139 0139
NHC  15L MICHELLE  011105 1200 243N 0780W 055 082 0974 1008 0417 36 139 0324 0232 0232 02788 0185 -999 0278
NHC  15L MICHELLE  011105 1800 254N 0764W 053 088 0980 1008 0417 36 111 0324 0278 0278 03718 0185 -999 0278
NHC  15L MICHELLE  011106 0000 263N 0745W 060 093 0979 1006 0463 39 111 0324 0278 0278 03718 0185 0185 0278
NHC  15L MICHELLE  011106 0600 269N 0727W 060 093 0977 1006 0463 39 167 0371 0371 0324 03718 0278 0185 0278
NHC  15L MICHELLE  011106 1200 271N 0695W 074 108 0980 1006 0463 33 167 0463 0463 0324 03718 0278 0185 0278
NHC  15L MICHELLE  011106 1800 285N 0670W 070 118 0989 1006 0463 31 167 0463 0463 0324 03718 0278 0185 0278
