JTWC 15S NAMELESS  010309 0600 190S 0401E 178 036 0997 1009 007  18 056 -999 -999 -999 -999
JTWC 15S NAMELESS  010309 1200 209S 0403E 175 057 0984 1008 011  28 037 0074 0074 0074 0074
JTWC 15S DERA      010309 1800 220S 0412E 162 062 0984 1009 025  28 046 0167 0167 0139 0139
JTWC 15S DERA      010310 0000 231S 0409E 168 062 0976 1010 025  33 046 0167 0167 0139 0139
JTWC 15S DERA      010310 0600 236S 0406E 178 046 0980 1010 025  31 046 0167 0167 0139 0139
JTWC 15S DERA      010310 1200 243S 0402E 189 041 0972 1008 033  36 046 0222 0222 0167 0167
JTWC 15S DERA      010310 1800 254S 0410E 174 046 0976 1008 027  33 046 0185 0185 0167 0139
JTWC 15S DERA      010311 0600 268S 0407E 176 041 0976 1008 041  33 046 0222 0278 0222 0185
JTWC 15S DERA      010311 1200 273S 0403E 190 036 0976 1008 033  33 046 0204 0222 0204 0185
JTWC 15S DERA      010311 1800 281S 0403E 182 036 0972 1007 033  36 037 0204 0222 0204 0167
JTWC 15S DERA      010312 0000 297S 0409E 170 051 0972 1008 033  36 037 0222 0222 0185 0167
JTWC 15S DERA      010312 0600 316S 0422E 159 077 0967 1008 033  39 037 0222 0222 0185 0167
JTWC 15S DERA      010312 1200 345S 0437E 158 113 0980 1004 033  31 046 0222 0222 0185 0167
JTWC 15S DERA      010312 1800 377S 0461E 155 160 0976 1004 033  33 056 0222 0222 0185 0185
