NHC  17L TWO       011125 0000 312N 0502W 320 046 0990 1010 0556 26 111 0788 0167 0167 07881 0111 0111 0371
NHC  17L TWO       011125 0600 319N 0518W 325 051 0990 1010 0556 26 111 0788 0167 0167 07881 0111 0111 0371
NHC  17L TWO       011125 1200 318N 0535W 280 067 0989 1010 0556 28 111 1019 0185 0185 09271 0111 0111 0371
NHC  17L TWO       011125 1800 311N 0551W 255 072 0989 1010 0556 28 111 1019 0185 0278 09270 -999 -999 0278
NHC  17L TWO       011126 0000 301N 0555W 225 051 0979 1008 0556 31 111 1112 0185 0185 11129 0111 0111 0667
NHC  17L TWO       011126 0600 301N 0556W 000 000 0979 1008 0741 31 111 1112 0185 0185 11129 0111 0111 0667
NHC  17L TWO       011126 1200 306N 0559W 325 031 0979 1008 0741 31 083 0445 0222 0222 08902 0111 0111 0334
NHC  17L OLGA      011126 1800 311N 0560W 350 026 0977 1008 0741 33 028 0389 0222 0222 05009 0111 0111 0139
NHC  17L OLGA      011127 0000 321N 0562W 350 041 0975 1008 0667 39 028 0371 0371 0222 05569 0139 0111 0139
NHC  17L OLGA      011127 0600 328N 0571W 280 051 0975 1010 0788 39 028 0371 0371 0222 05569 0139 0111 0139
NHC  17L OLGA      011127 1200 316N 0572W 180 005 0975 1010 0788 39 028 0371 0371 0222 05569 0139 0111 0139
NHC  17L OLGA      011127 1800 320N 0558W 025 051 0975 1010 0788 39 028 0371 0371 0222 05569 0139 0111 0139
NHC  17L OLGA      011128 0000 323N 0559W 000 000 0973 1010 0788 41 028 0371 0371 0222 05569 0139 0111 0139
NHC  17L OLGA      011128 0600 326N 0557W 350 021 0975 1010 0788 39 028 0371 0371 0222 05569 0139 0111 0139
NHC  17L OLGA      011128 1200 323N 0562W 235 026 0977 1010 0788 39 028 0222 0222 0222 05569 0139 0111 0139
NHC  17L OLGA      011128 1800 314N 0570W 225 041 0979 1012 0788 36 028 0222 0222 0222 05109 0139 0111 0139
NHC  17L OLGA      011129 0000 303N 0576W 216 051 0987 1010 0649 33 028 0222 0222 0222 04639 0139 0111 0139
NHC  17L OLGA      011129 0600 293N 0587W 216 062 0990 1010 0649 31 028 0185 0185 0185 05106 0046 0046 0139
NHC  17L OLGA      011129 1200 284N 0601W 230 077 0992 1014 0602 31 037 0185 0185 0185 04636 0046 0046 0139
NHC  17L OLGA      011129 1800 273N 0618W 235 088 0994 1014 0556 28 037 0185 0185 0185 03716 0046 0046 0139
NHC  17L OLGA      011130 0000 262N 0632W 233 088 0998 1010 0371 23 037 0222 0222 0222 03719 -999 -999 -999
NHC  17L OLGA      011130 0600 254N 0650W 237 093 1001 1010 0371 21 037 0259 0185 0185 03249 -999 -999 -999
NHC  17L OLGA      011130 1200 245N 0662W 240 082 1003 1008 0324 15 111 -999 -999 -999 -999 -999 -999
NHC  17L OLGA      011130 1800 237N 0671W 236 067 1003 1010 0324 15 111 -999 -999 -999 -999 -999 -999
NHC  17L OLGA      011201 0000 235N 0677W 250 031 1004 1010 0324 15 111 -999 -999 -999 -999 -999 -999
NHC  17L OLGA      011201 0600 230N 0685W 240 036 1005 1010 0324 15 111 -999 -999 -999 -999 -999 -999
NHC  17L OLGA      011201 1200 228N 0683W 231 026 1004 1010 0324 15 111 -999 -999 -999 -999 -999 -999
NHC  17L OLGA      011201 1800 228N 0686W 234 015 1004 1010 0324 15 139 -999 -999 -999 -999 -999 -999
NHC  17L OLGA      011202 0000 235N 0689W 296 015 1003 1010 0324 18 111 0111 0111 -999 -999 -999 -999
NHC  17L OLGA      011202 0600 243N 0689W 000 031 1003 1010 0324 18 111 0139 0139 -999 -999 -999 -999
NHC  17L OLGA      011202 1200 256N 0693W 346 046 1001 1010 0324 21 111 0139 0139 -999 01119 -999 -999 -999
NHC  17L OLGA      011202 1800 264N 0695W 345 046 1001 1010 0324 21 111 0139 0139 -999 01119 -999 -999 -999
NHC  17L OLGA      011203 0000 270N 0697W 345 036 1004 1013 0222 18 111 0139 0139 -999 01119 -999 -999 -999
NHC  17L OLGA      011203 0600 274N 0699W 342 036 1004 1013 0222 18 083 0083 0083 -999 -999 -999 -999
NHC  17L OLGA      011203 1200 278N 0699W 000 021 1005 1013 0222 18 083 0111 0111 -999 -999 -999 -999
NHC  17L OLGA      011203 1800 277N 0696W 360 000 1005 1013 0222 18 083 0111 0111 -999 -999 -999 -999
NHC  17L OLGA      011204 0000 278N 0691W 060 015 1006 1013 0222 15 083 -999 -999 -999 -999 -999 -999
NHC  17L OLGA      011204 0600 278N 0683W 090 036 1006 1013 0222 15 083 -999 -999 -999 -999 -999 -999
NHC  17L OLGA      011204 1200 278N 0681W 000 000 1006 1013 0222 15 083 -999 -999 -999 -999 -999 -999
NHC  17L OLGA      011204 1800 269N 0674W 118 026 1006 1013 0222 15 083 -999 -999 -999 -999 -999 -999
