JTWC 18S NAMELESS  010404 0600 109S 0625E 154 015 0997 1007 027  18 065 -999 -999 -999 -999
JTWC 18S NAMELESS  010404 1200 132S 0639E 147 051 0997 1007 027  18 065 -999 -999 -999 -999
JTWC 18S NAMELESS  010404 1800 131S 0629E 183 036 0997 1008 033  18 074 -999 -999 -999 -999
JTWC 18S NAMELESS  010405 0000 129S 0617E 236 036 0991 1008 018  23 074 0083 0120 0120 0083
JTWC 18S NAMELESS  010405 0600 136S 0609E 243 041 0980 1008 033  31 056 0120 0167 0167 0120
JTWC 18S EVARISTE  010405 1200 143S 0612E 218 031 0980 1006 033  31 056 0120 0167 0167 0120
JTWC 18S EVARISTE  010405 1800 148S 0613E 197 031 0967 1008 025  39 056 0120 0167 0167 0120
JTWC 18S EVARISTE  010406 1800 173S 0604E 200 031 0972 1007 033  36 046 0185 0185 0185 0185
JTWC 18S EVARISTE  010407 0000 180S 0609E 180 031 0976 1007 033  33 046 0185 0185 0185 0185
JTWC 18S EVARISTE  010407 0600 208S 0614E 174 072 0991 1008 027  23 046 0148 0185 0148 0148
JTWC 18S EVARISTE  010407 1200 235S 0629E 163 108 0987 1008 033  26 046 0185 0222 0185 0185
JTWC 18S EVARISTE  010407 1800 231S 0604E 193 077 0994 1008 030  21 046 0204 0204 0157 0157
JTWC 18S EVARISTE  010408 0600 243S 0618E 174 026 0997 1008 022  18 074 -999 -999 -999 -999
JTWC 18S EVARISTE  010408 1200 259S 0634E 146 062 1002 1008 022  13 074 -999 -999 -999 -999
