JTWC 19W NAMELESS  010903 0600 191N 1556E 277 026 1002 1006 022  13 185 -999 -999 -999 -999
JTWC 19W NAMELESS  010903 1200 192N 1549E 280 031 1000 1006 022  15 093 -999 -999 -999 -999
JTWC 19W NAMELESS  010903 1800 186N 1544E 258 031 1000 1006 033  15 093 -999 -999 -999 -999
JTWC 19W NAMELESS  010904 0000 185N 1528E 258 046 0997 1006 037  18 093 -999 -999 -999 -999
JTWC 19W DANAS     010904 0600 188N 1521E 268 046 0991 1007 044  23 074 0167 0130 0130 0167
JTWC 19W DANAS     010904 1200 188N 1517E 279 036 0980 1007 044  31 074 0222 0194 0194 0222
JTWC 19W DANAS     010904 1800 192N 1512E 295 031 0976 1007 051  33 056 0222 0222 0194 0194
JTWC 19W DANAS     010905 0000 198N 1511E 320 026 0963 1006 051  41 056 0130 0278 0204 0130
JTWC 19W DANAS     010905 0600 207N 1510E 341 036 0963 1006 051  41 056 0130 0278 0204 0130
JTWC 19W DANAS     010905 1200 215N 1508E 351 041 0963 1007 051  41 056 0130 0278 0204 0130
JTWC 19W DANAS     010905 1800 224N 1505E 348 046 0958 1006 041  44 056 0157 0278 0204 0157
JTWC 19W DANAS     010906 0000 230N 1505E 349 041 0958 1002 042  44 046 0213 0278 0204 0157
JTWC 19W DANAS     010906 0600 237N 1505E 353 036 0954 1002 044  46 037 0296 0296 0185 0185
JTWC 19W DANAS     010906 1200 247N 1502E 351 041 0944 1002 044  51 037 0296 0296 0185 0185
JTWC 19W DANAS     010906 1800 255N 1495E 340 046 0938 1002 044  54 037 0296 0296 0222 0222
JTWC 19W DANAS     010907 0000 263N 1487E 328 051 0927 1007 044  59 037 0333 0333 0222 0222
JTWC 19W DANAS     010907 0600 273N 1476E 319 062 0927 1007 037  59 037 0315 0315 0204 0204
JTWC 19W DANAS     010907 1200 278N 1461E 308 067 0927 1007 037  59 037 0315 0315 0204 0204
JTWC 19W DANAS     010907 1800 284N 1448E 302 072 0938 1007 037  54 037 0333 0333 0204 0204
JTWC 19W DANAS     010908 0000 284N 1436E 288 062 0938 1006 058  54 037 0389 0389 0222 0222
JTWC 19W DANAS     010908 0600 283N 1426E 280 057 0944 1006 014  51 037 0389 0389 0222 0222
JTWC 19W DANAS     010908 1200 283N 1419E 269 046 0938 1006 014  54 037 0389 0389 0222 0222
JTWC 19W DANAS     010908 1800 287N 1416E 280 031 0938 1006 014  54 037 0389 0389 0222 0222
JTWC 19W DANAS     010909 0000 296N 1406E 307 036 0944 1006 016  51 037 0389 0389 0222 0222
JTWC 19W DANAS     010909 0600 304N 1391E 311 057 0949 1006 016  49 037 0389 0389 0222 0222
JTWC 19W DANAS     010909 1200 311N 1384E 312 062 0944 1006 016  51 046 0389 0389 0222 0222
JTWC 19W DANAS     010909 1800 317N 1375E 308 057 0944 1002 016  51 046 0407 0407 0278 0278
JTWC 19W DANAS     010910 0000 324N 1373E 320 041 0958 1002 066  44 037 0444 0444 0370 0315
JTWC 19W DANAS     010910 0600 329N 1372E 331 036 0972 1002 016  36 037 0444 0444 0333 0333
JTWC 19W DANAS     010910 1200 336N 1378E   7 031 0967 1002 016  39 037 0333 0333 0259 0333
JTWC 19W DANAS     010910 1800 342N 1385E  29 036 0972 1000 016  36 046 0333 0333 0259 0333
JTWC 19W DANAS     010911 0000 351N 1395E  39 046 0972 1000 016  36 046 0333 0333 0259 0333
JTWC 19W DANAS     010911 0600 364N 1404E  37 062 0980 1000 022  31 065 0315 0315 0259 0333
JTWC 19W DANAS     010911 1200 375N 1419E  39 072 0984 1000 047  28 065 0315 0315 0250 0250
JTWC 19W DANAS     010911 1800 395N 1436E  35 093 0987 1000 050  26 046 0185 0296 0213 0333
JTWC 19W DANAS     010912 0000 419N 1458E  36 118 0991 1000 029  23 083 0185 0296 0213 0333
