JTWC 20S NAMELESS  010416 1200 072S 1335E 260 031 0997 1008 033  18 093 -999 -999 -999 -999
JTWC 20S NAMELESS  010416 1800 093S 1328E 259 046 0997 1008 033  18 111 -999 -999 -999 -999
JTWC 20S ALISTAIR  010417 0000 101S 1312E 250 062 0991 1008 027  23 083 0111 0167 0167 0111
JTWC 20S ALISTAIR  010417 0600 105S 1309E 248 051 0997 1008 033  18 083 0111 0167 0167 0111
JTWC 20S ALISTAIR  010417 1200 111S 1293E 248 062 0997 1008 033  18 065 0111 0167 0167 0111
JTWC 20S ALISTAIR  010418 0600 134S 1261E 233 067 0991 1008 033  23 065 0093 0130 0130 0093
JTWC 20S ALISTAIR  010418 1200 142S 1243E 236 077 0984 1008 033  28 046 0130 0167 0167 0130
JTWC 20S ALISTAIR  010418 1800 151S 1233E 235 077 0976 1008 033  33 028 0148 0176 0176 0148
JTWC 20S ALISTAIR  010419 0000 158S 1221E 236 072 0976 1008 033  33 028 0148 0176 0176 0148
JTWC 20S ALISTAIR  010419 0600 168S 1211E 230 072 0976 1008 022  33 028 -999 0120 0120 0083
JTWC 20S ALISTAIR  010419 1200 178S 1201E 226 072 0980 1007 022  31 028 0093 0130 0130 0093
JTWC 20S ALISTAIR  010419 1800 173S 1189E 245 057 0984 1007 018  28 037 0083 0120 0120 0083
JTWC 20S ALISTAIR  010420 0600 180S 1148E 258 082 0991 1007 027  23 074 0093 0185 0185 0093
JTWC 20S ALISTAIR  010420 1200 188S 1137E 253 072 0991 1007 027  23 074 0093 0185 0185 0093
JTWC 20S ALISTAIR  010420 1800 190S 1128E 253 062 0994 1007 022  21 074 0093 0148 0148 0093
JTWC 20S ALISTAIR  010421 0000 203S 1119E 235 057 0997 1007 022  18 093 -999 -999 -999 -999
JTWC 20S ALISTAIR  010421 0600 203S 1106E 241 057 0997 1009 022  18 074 0074 0074 0074 0074
JTWC 20S ALISTAIR  010421 1200 209S 1100E 237 051 0997 1008 022  18 074 0074 0074 0074 0074
JTWC 20S ALISTAIR  010421 1800 214S 1094E 240 046 1000 1009 022  15 074 -999 -999 -999 -999
