JTWC 21W NAMELESS  010917 0600 228N 1401E  19 031 1000 1003 022  15 093 -999 -999 -999 -999
JTWC 21W NAMELESS  010917 1200 238N 1402E   6 031 0997 1002 022  18 083 -999 -999 -999 -999
JTWC 21W NAMELESS  010917 1800 243N 1398E 355 036 0997 1004 022  18 056 -999 -999 -999 -999
JTWC 21W NAMELESS  010918 0000 251N 1396E 350 036 0997 1004 022  18 056 -999 -999 -999 -999
JTWC 21W VIPA      010918 0600 264N 1388E 340 051 0997 1004 022  18 056 -999 -999 -999 -999
JTWC 21W VIPA      010918 1200 275N 1386E 343 057 0991 1004 022  26 037 0185 0167 0111 0056
JTWC 21W VIPA      010918 1800 289N 1381E 343 067 0976 1004 022  33 046 0185 0167 0111 0056
JTWC 21W VIPA      010919 0000 300N 1381E 350 062 0967 1004 022  39 046 0204 0204 0130 0130
JTWC 21W VIPA      010919 0600 309N 1384E 357 057 0967 1004 022  39 028 0167 0167 0111 0111
JTWC 21W VIPA      010919 1200 318N 1388E  10 051 0967 1004 022  39 028 0167 0167 0111 0111
JTWC 21W VIPA      010919 1800 326N 1396E  26 051 0972 1004 018  36 037 0167 0167 0111 0111
JTWC 21W VIPA      010920 0000 334N 1406E  37 057 0972 1004 018  36 037 0167 0167 0111 0111
JTWC 21W VIPA      010920 0600 342N 1420E  47 062 0976 1002 018  33 056 0167 0167 0111 0111
JTWC 21W VIPA      010920 1200 349N 1437E  55 072 0967 1002 018  39 028 0167 0167 0111 0111
JTWC 21W VIPA      010920 1800 361N 1458E  56 088 0967 1002 018  39 028 0167 0167 0111 0111
JTWC 21W VIPA      010921 0000 377N 1485E  54 108 0967 1002 018  39 028 0167 0167 0111 0111
JTWC 21W VIPA      010921 0600 401N 1524E  50 149 0972 1004 024  36 037 0213 0194 0111 0148
