JTWC 22W NAMELESS  010919 0000 150N 1616E 282 036 1000 1004 018  15 065 -999 -999 -999 -999
JTWC 22W NAMELESS  010919 0600 150N 1620E 285 021 1000 1004 018  15 065 -999 -999 -999 -999
JTWC 22W NAMELESS  010919 1200 144N 1616E 277 031 0997 1004 018  18 046 -999 -999 -999 -999
JTWC 22W NAMELESS  010919 1800 149N 1606E 287 031 0997 1004 016  18 093 0102 -999 -999 0102
JTWC 22W NAMELESS  010920 0000 151N 1598E 282 036 0997 1004 016  18 093 0102 -999 -999 0102
JTWC 22W FRANCISCO 010920 0600 157N 1584E 289 046 0997 1004 016  18 065 0102 0074 0074 0102
JTWC 22W FRANCISCO 010920 1200 167N 1572E 299 062 0991 1004 023  23 065 0157 0157 0130 0130
JTWC 22W FRANCISCO 010920 1800 173N 1556E 299 057 0987 1004 022  26 056 0176 0120 0120 0176
JTWC 22W FRANCISCO 010921 0000 184N 1540E 301 067 0984 1004 022  28 056 0176 0120 0120 0176
JTWC 22W FRANCISCO 010921 0600 185N 1526E 294 077 0980 1004 022  31 056 0176 0120 0120 0176
JTWC 22W FRANCISCO 010921 1200 192N 1516E 296 067 0976 1004 033  33 056 0222 0176 0120 0222
JTWC 22W FRANCISCO 010921 1800 202N 1513E 310 057 0967 1004 024  39 065 0232 0185 0130 0232
JTWC 22W FRANCISCO 010922 0000 209N 1499E 314 062 0954 1004 024  46 065 0259 0259 0222 0241
JTWC 22W FRANCISCO 010922 0600 214N 1493E 316 051 0958 1004 024  44 065 0259 0259 0222 0222
JTWC 22W FRANCISCO 010922 1200 226N 1489E 326 051 0954 1004 024  46 037 0259 0259 0222 0222
JTWC 22W FRANCISCO 010922 1800 235N 1484E 332 051 0954 1004 024  46 037 0259 0259 0222 0222
JTWC 22W FRANCISCO 010923 0000 245N 1481E 341 057 0954 1004 024  46 037 0259 0259 0222 0222
JTWC 22W FRANCISCO 010923 0600 255N 1476E 338 051 0954 1003 025  46 037 0296 0222 0222 0296
JTWC 22W FRANCISCO 010923 1200 264N 1475E 343 051 0944 1003 025  51 037 0315 0185 0185 0315
JTWC 22W FRANCISCO 010923 1800 272N 1476E 351 046 0944 1003 025  51 037 0315 0185 0185 0315
JTWC 22W FRANCISCO 010924 0000 284N 1478E   3 051 0944 1003 025  51 037 0315 0185 0185 0315
JTWC 22W FRANCISCO 010924 0600 299N 1481E   8 062 0944 1003 025  51 037 0315 0185 0185 0315
JTWC 22W FRANCISCO 010924 1200 314N 1487E  13 072 0949 1003 025  49 037 0315 0185 0185 0315
JTWC 22W FRANCISCO 010924 1800 334N 1480E   2 088 0972 1003 047  36 037 0315 0204 0148 0287
JTWC 22W FRANCISCO 010925 0000 353N 1481E 360 093 0976 1003 027  33 056 0315 0204 0167 0287
JTWC 22W FRANCISCO 010925 0600 372N 1494E  10 098 0980 1003 027  31 056 0333 0222 0111 0093
JTWC 22W FRANCISCO 010925 1200 396N 1527E  30 124 0980 1003 027  28 056 0333 0222 0111 0093
