JTWC 26W NAMELESS  011019 0600 056N 1560E 270 005 1000 1006 022  15 083 -999 -999 -999 -999
JTWC 26W NAMELESS  011019 1200 057N 1563E  45 -99 0997 1006 022  18 074 -999 -999 -999 -999
JTWC 26W NAMELESS  011019 1800 061N 1562E 360 010 0997 1006 022  18 074 -999 -999 -999 -999
JTWC 26W NAMELESS  011020 0000 065N 1561E 360 015 0991 1006 022  23 074 0111 0111 0111 0111
JTWC 26W PODUL     011020 0600 073N 1562E 356 026 0991 1006 022  23 074 0111 0111 0111 0111
JTWC 26W PODUL     011020 1200 087N 1568E  13 046 0991 1006 022  23 074 0120 0120 0120 0120
JTWC 26W PODUL     011020 1800 098N 1567E  10 057 0984 1006 022  28 065 0130 0130 0130 0130
JTWC 26W PODUL     011021 0000 109N 1565E   5 062 0976 1004 025  33 046 0167 0167 0167 0167
JTWC 26W PODUL     011021 0600 118N 1563E 353 057 0976 1002 022  33 046 0167 0167 0167 0167
JTWC 26W PODUL     011021 1200 123N 1566E 360 041 0967 1002 022  39 037 0176 0176 0176 0176
JTWC 26W PODUL     011021 1800 131N 1565E 360 036 0967 1002 022  39 037 0176 0176 0176 0176
JTWC 26W PODUL     011022 0000 136N 1566E   6 031 0967 1002 022  39 037 0176 0176 0176 0176
JTWC 26W PODUL     011022 0600 139N 1567E 360 026 0963 1002 022  41 037 0185 0185 0157 0185
JTWC 26W PODUL     011022 1200 146N 1569E   6 031 0954 1001 022  46 037 0194 0194 0157 0194
JTWC 26W PODUL     011022 1800 149N 1572E  20 026 0954 1001 027  46 037 0259 0259 0185 0222
JTWC 26W PODUL     011023 0000 151N 1576E  33 026 0944 1001 029  51 037 0324 0296 0222 0296
JTWC 26W PODUL     011023 1200 161N 1578E  20 026 0916 1001 024  64 056 0278 0185 0278 0296
JTWC 26W PODUL     011023 1800 163N 1575E 360 021 0904 1001 027  69 056 0278 0185 0278 0278
JTWC 26W PODUL     011024 0000 167N 1572E 327 026 0904 1001 029  69 056 0315 0278 0278 0296
JTWC 26W PODUL     011024 0600 172N 1569E 322 026 0898 1001 029  72 056 0287 0241 0315 0287
JTWC 26W PODUL     011024 1200 175N 1564E 316 026 0898 1001 025  72 065 0296 0259 0278 0315
JTWC 26W PODUL     011024 1800 178N 1558E 308 031 0898 1001 025  72 065 0296 0259 0278 0315
JTWC 26W PODUL     011025 0000 184N 1551E 305 036 0898 1001 029  72 065 0296 0259 0278 0315
JTWC 26W PODUL     011025 0600 193N 1545E 315 041 0910 1000 027  67 056 0315 0259 0315 0315
JTWC 26W PODUL     011025 1200 200N 1540E 321 046 0898 1000 027  72 056 0315 0315 0315 0315
JTWC 26W PODUL     011025 1800 209N 1539E 337 046 0898 1000 027  72 056 0315 0315 0315 0315
JTWC 26W PODUL     011026 0000 217N 1540E 349 041 0898 1000 027  72 056 0315 0315 0315 0315
JTWC 26W PODUL     011027 0000 286N 1566E  20 103 0949  999 031  49 056 0389 0417 0315 0370
JTWC 26W PODUL     011027 0600 306N 1582E  25 113 0954  999 029  46 056 0241 0222 0111 0148
JTWC 26W PODUL     011027 1200 340N 1608E  29 149 0976  999 024  41 056 0278 0222 0167 0222
