NHC  80E NAMELESS  010531 1800 164N 1114W 270 031 0990 1008 0278 31 056 0185 0185 0185 01851 0111 0111 0111
NHC  80E FLOSSIE   010828 0600 191N 1143W 221 026 0989 1008 0278 33 000 0139 0139 0139 01394 0074 0074 0074
NHC  80E FLOSSIE   010828 1200 193N 1142W 223 010 0985 1008 0278 36 019 0139 0139 0139 01394 0074 0074 0074
NHC  80E FLOSSIE   010828 1800 194N 1144W 270 005 0990 1008 0278 36 056 0139 0120 0120 01394 0065 0065 0074
NHC  80E FLOSSIE   010829 0000 196N 1150W 283 015 0990 1008 0278 36 028 0139 0120 0120 01394 0065 0065 0074
NHC  80E FLOSSIE   010829 1800 209N 1165W 313 031 0975 1008 0278 39 028 0139 0120 0120 01394 0065 0065 0074
NHC  80E FLOSSIE   010830 0000 216N 1171W 315 041 0967 1008 0278 39 028 0139 0120 0120 01394 0065 0065 0074
NHC  80E FLOSSIE   010830 0600 219N 1176W 312 036 0972 1008 0278 36 028 0139 0120 0120 01394
NHC  80E FLOSSIE   010830 1200 225N 1180W 319 036 0976 1008 0278 33 028 0139 0120 0120 01394 0065 0065 0074
NHC  80E FLOSSIE   010830 1800 234N 1185W 325 036 0978 1008 0259 33 028 0120 0111 0111 01305 0056 0056 0065
NHC  80E FLOSSIE   010831 0600 236N 1186W 335 021 0995 1008 0259 26 028 0120 0111 0111 01305 0056 0056 0065
