NHC  87E NONAME    010721 0600 150N 1187W 308 041 1006 1012 0278 15 083 -999 -999 -999 -999 -999 -999
NHC  87E NONAME    010721 1200 155N 1200W 304 062 1002 1012 0278 15 083 -999 -999 -999 -999 -999 -999
NHC  87E NONAME    010721 1800 159N 1206W 294 051 1002 1012 0278 15 111 -999 -999 -999 -999 -999 -999
NHC  87E NONAME    010722 0000 171N 1215W 308 057 1002 1012 0278 18 111 -999 0185 0185 -999 -999 -999
NHC  87E NONAME    010722 0600 178N 1217W 325 046 1005 1012 0278 21 111 -999 0185 0185 -999 -999 -999
NHC  87E NONAME    010722 1200 190N 1235W 319 072 1005 1012 0278 21 111 -999 0185 0185 -999 -999 -999
NHC  87E NONAME    010722 1800 194N 1248W 307 067 1005 1012 0278 21 111 -999 0185 0185 -999 -999 -999
NHC  87E NONAME    010723 0000 195N 1258W 294 072 1002 1012 0278 18 111 0232 0185 0139 02329 -999 -999 -999
NHC  87E NONAME    010723 0600 198N 1265W 286 051 1006 1012 0278 15 111 -999 -999 -999 -999 -999 -999
NHC  87E NONAME    010723 1200 203N 1273W 291 041 1006 1012 0278 15 111 -999 -999 -999 -999 -999 -999
NHC  87E NONAME    010724 0000 212N 1286W 306 041 1008 1012 0278 15 111 -999 -999 -999 -999 -999 -999
