NHC  88E NONAME    010621 1200 100N 1200W 280 062 1005 1013 0278 18 000 0093 0093 0093 00939 -999 -999 -999
NHC  88E NONAME    010724 0600 179N 1085W 282 036 0989 1008 0278 33 000 0093 0093 0093 00936 0056 0056 0056
NHC  88E NONAME    010724 1200 181N 1097W 279 046 0989 1008 0278 33 000 0093 0093 0093 00936 0056 0056 0056
NHC  88E NONAME    010724 1800 183N 1100W 283 041 0990 1008 0278 33 000 0093 0093 0093 00936 0056 0056 0056
NHC  88E NONAME    010725 0000 186N 1107W 289 036 0987 1008 0278 33 046 0093 0093 0093 00936 0056 0056 0056
NHC  88E NONAME    010725 0600 189N 1111W 294 036 0990 1008 0278 31 046 0111 0111 0111 01116 0056 0056 0056
NHC  88E NONAME    010725 1200 190N 1117W 294 031 0997 1008 0278 28 046 0093 0093 0093 00936 0046 0046 0046
NHC  88E NONAME    010725 1800 192N 1123W 292 026 0997 1008 0278 28 046 0111 0111 0111 01116 0046 0046 0046
NHC  88E NONAME    010726 0000 194N 1130W 289 031 0998 1008 0278 13 046 -999 -999 -999 -999 -999 -999
NHC  88E NONAME    010726 0600 196N 1135W 289 031 0995 1008 0278 28 046 0111 0111 0111 01119 -999 -999 -999
NHC  88E NONAME    010726 1200 198N 1141W 290 031 0995 1008 0278 26 046 0111 0111 0111 01119 -999 -999 -999
NHC  88E NONAME    010726 1800 200N 1147W 291 031 0997 1008 0278 28 046 0056 0139 0139 00569 -999 -999 -999
NHC  88E NONAME    010727 0000 202N 1156W 287 036 0997 1008 0278 28 046 0056 0139 0139 00569 -999 -999 -999
NHC  88E NONAME    010727 0600 204N 1164W 286 036 0997 1008 0278 28 046 0139 0093 0093 01399 -999 -999 -999
NHC  88E NONAME    010727 1200 208N 1176W 287 046 0999 1008 0278 23 046 0139 0093 0093 01399 -999 -999 -999
NHC  88E NONAME    010727 1800 212N 1180W 294 041 1002 1008 0278 21 046 0139 0093 0093 01399 -999 -999 -999
NHC  88E NONAME    010728 0000 216N 1189W 296 046 1005 1012 0371 18 093 0139 0093 0093 01399 -999 -999 -999
NHC  88E NONAME    010728 0600 219N 1198W 295 046 0997 1012 0352 18 074 0093 -999 -999 00939 -999 -999 -999
NHC  88E NONAME    010728 1200 224N 1215W 291 062 1007 1012 0315 13 074 -999 -999 -999 -999 -999 -999
NHC  88E NONAME    010728 1800 228N 1224W 292 062 1010 1012 0315 13 074 -999 -999 -999 -999 -999 -999
