NHC  88L NAMELESS  010220 1200 210N 0700W 281 046 1005 1013 0278 18 093 0093 0093 0093 00939 -999 -999 -999
NHC  88L NAMELESS  010220 1800 213N 0710W 283 051 1002 1013 0278 21 093 0111 0111 0111 01119 -999 -999 -999
NHC  88L NAMELESS  010320 1200 230N 0850W 032 046 1005 1015 0278 18 093 0093 0093 0093 00939 -999 -999 -999
NHC  88L NAMELESS  010413 1200 230N 0750W 281 057 1005 1013 0278 18 093 0093 0093 0093 00939 -999 -999 -999
NHC  88L NAMELESS  010422 0000 210N 0672W 289 103 0990 1008 0278 31 222 -999 -999 -999 -999 -999 -999
NHC  88L NAMELESS  010422 0600 674N 0684W 357 824 0987 1008 0278 88 222 -999 -999 -999 -999 -999 -999
NHC  88L NAMELESS  010508 1200 150N 1150W 286 062 1005 1013 0278 18 093 0093 0093 0093 00939 -999 -999 -999
NHC  88L NAMELESS  010508 1800 158N 1162W 294 067 1002 1013 0278 21 093 0093 0093 0093 00939 -999 -999 -999
NHC  88L NAMELESS  010509 0000 173N 1173W 309 072 0997 1013 0324 26 056 0111 0111 0111 01116 0056 0056 0056
NHC  88L NAMELESS  010509 0600 194N 1173W 334 082 0994 1013 0371 28 056 0111 0111 0111 01115 0065 0065 0065
NHC  88L NAMELESS  010509 1200 216N 1166W 356 098 0990 1013 0371 31 056 0111 0111 0111 01115 0065 0065 0065
NHC  88L NAMELESS  010509 1800 232N 1153W 017 108 0981 1013 0371 39 056 0148 0148 0148 01484 0074 0074 0074
NHC  88L NONAME    010710 1200 230N 0750W 278 041 1005 1013 0278 18 093 0093 0093 0093 00939 -999 -999 -999
NHC  88L NONAME    010907 0000 278N 0957W 312 051 0962 1008 0371 51 046 0222 0222 0222 02221 0111 0111 0111
NHC  88L NONAME    010919 1200 150N 0550W 275 057 1005 1013 0278 18 093 0093 0093 0093 00939 -999 -999 -999
