NHC  90L NAMELESS  010522 1200 125N 0955W 277 057 1009 1011 0278 10 074 -999 -999 -999 -999 -999 -999
NHC  90L NAMELESS  010522 1800 120N 0955W 270 041 1009 1011 0278 13 074 -999 -999 -999 -999 -999 -999
NHC  90L NAMELESS  010523 1200 115N 0995W 279 062 1009 1011 0334 10 074 -999 -999 -999 -999 -999 -999
NHC  90L INVEST    010605 0600 260N 0948W 340 036 1009 1010 0278 13 111 -999 -999 -999 -999 -999 -999
NHC  90L INVEST    010605 1200 269N 0950W 344 041 1008 1011 0222 15 093 -999 -999 -999 -999 -999 -999
NHC  90L INVEST    010819 0600 127N 0380W 275 062 1011 1012 0278 13 000 -999 -999 -999 -999 -999 -999
NHC  90L INVEST    010819 1200 130N 0393W 278 062 1010 1012 0278 13 000 -999 -999 -999 -999 -999 -999
NHC  90L INVEST    010819 1800 130N 0405W 277 062 1010 1012 0185 13 056 -999 -999 -999 -999 -999 -999
NHC  90L INVEST    010820 0000 130N 0421W 275 067 1010 1012 0185 13 111 -999 -999 -999 -999 -999 -999
NHC  90L INVEST    010820 0600 131N 0448W 273 103 1010 1012 0185 13 111 -999 -999 -999 -999 -999 -999
NHC  90L INVEST    010820 1200 132N 0472W 273 108 1010 1012 0185 13 111 -999 -999 -999 -999 -999 -999
NHC  90L INVEST    010820 1800 134N 0492W 275 108 1010 1012 0185 13 111 -999 -999 -999 -999 -999 -999
NHC  90L INVEST    010821 0000 136N 0509W 280 098 1012 1014 0167 10 111 -999 -999 -999 -999 -999 -999
NHC  90L INVEST    010821 0600 140N 0531W 280 103 1011 1014 0167 13 111 -999 -999 -999 -999 -999 -999
NHC  90L INVEST    010821 1200 140N 0545W 278 093 1010 1014 0167 13 056 -999 -999 -999 -999 -999 -999
NHC  90L INVEST    010821 1800 155N 0587W 280 113 1014 1018 0167 15 056 -999 -999 -999 -999 -999 -999
NHC  90L INVEST    010822 0000 157N 0601W 286 113 1014 1016 0167 13 056 -999 -999 -999 -999 -999 -999
NHC  90L INVEST    010822 0600 170N 0623W 292 118 1013 1016 0167 13 056 -999 -999 -999 -999 -999 -999
NHC  90L INVEST    010822 1200 179N 0643W 295 113 1014 1016 0167 13 074 -999 -999 -999 -999 -999 -999
NHC  90L INVEST    010917 1200 103N 0650W 285 072 1011 1013 0278 10 111 -999 -999 -999 -999 -999 -999
NHC  90L INVEST    010918 0600 117N 0711W 283 088 1010 1013 0278 10 111 -999 -999 -999 -999 -999 -999
