NHC  95E INVEST    010708 0000 134N 1185W 329 046 1009 1011 0278 13 000 -999 -999 -999 -999 -999 -999
NHC  95E INVEST    010708 0600 138N 1191W 324 041 1009 1011 0278 13 000 -999 -999 -999 -999 -999 -999
NHC  95E INVEST    010708 1200 130N 1210W 287 057 1010 1012 0278 13 111 -999 -999 -999 -999 -999 -999
NHC  95E INVEST    010708 1800 147N 1219W 297 062 1009 1012 0278 13 111 -999 -999 -999 -999 -999 -999
NHC  95E INVEST    010709 0000 158N 1237W 300 077 1009 1012 0278 13 111 -999 -999 -999 -999 -999 -999
NHC  95E INVEST    010709 1200 160N 1260W 285 067 1009 1012 0278 13 111 -999 -999 -999 -999 -999 -999
NHC  95E INVEST    010709 1800 161N 1269W 283 062 1009 1012 0278 13 111 -999 -999 -999 -999 -999 -999
NHC  95E INVEST    010710 0000 163N 1277W 281 051 1009 1012 0278 13 111 -999 -999 -999 -999 -999 -999
NHC  95E INVEST    011029 1800 140N 1084W 300 051 1008 1012 0334 15 056 -999 -999 -999 -999 -999 -999
NHC  95E INVEST    011030 0000 137N 1103W 284 046 1008 1012 0334 13 056 -999 -999 -999 -999 -999 -999
NHC  95E INVEST    011030 1200 158N 1132W 303 072 1008 1012 0185 13 056 -999 -999 -999 -999 -999 -999
NHC  95E INVEST    011030 1800 117N 1215W 280 072 1008 1012 0185 13 056 -999 -999 -999 -999 -999 -999
NHC  95E INVEST    011031 0000 121N 1227W 283 067 1007 1012 0185 15 056 -999 -999 -999 -999 -999 -999
