NHC  96E INVEST    010711 1800 126N 1025W 321 041 1008 1011 0278 13 000 -999 -999 -999 -999 -999 -999
NHC  96E INVEST    010712 0000 131N 1035W 305 051 1008 1011 0389 13 074 -999 -999 -999 -999 -999 -999
NHC  96E INVEST    010712 0600 134N 1040W 303 046 1008 1011 0389 13 074 -999 -999 -999 -999 -999 -999
NHC  96E INVEST    010712 1200 132N 1052W 283 046 1009 1011 0371 13 074 -999 -999 -999 -999 -999 -999
NHC  96E INVEST    010712 1800 133N 1061W 277 046 1008 1011 0371 13 074 -999 -999 -999 -999 -999 -999
NHC  96E INVEST    010713 0000 136N 1064W 282 036 1008 1011 0371 13 074 -999 -999 -999 -999 -999 -999
NHC  96E INVEST    010713 0600 147N 1082W 298 057 1007 1011 0371 13 074 -999 -999 -999 -999 -999 -999
NHC  96E INVEST    010920 1200 128N 0887W 284 098 1007 1009 0278 13 083 -999 -999 -999 -999 -999 -999
NHC  96E INVEST    010920 1800 122N 0885W 280 041 1007 1010 0278 13 056 -999 -999 -999 -999 -999 -999
NHC  96E INVEST    010921 0000 121N 0894W 270 046 1006 1010 0278 13 056 -999 -999 -999 -999 -999 -999
NHC  96E INVEST    010921 0600 121N 0907W 270 057 1005 1010 0278 15 056 -999 -999 -999 -999 -999 -999
NHC  96E INVEST    010921 1200 121N 0918W 270 057 1007 1010 0232 13 056 -999 -999 -999 -999 -999 -999
