NHC  97L INVEST    010804 1800 115N 0213W 285 067 1008 1014 0278 15 083 -999 -999 -999 -999 -999 -999
NHC  97L INVEST    010805 0000 116N 0231W 280 072 1008 1014 0278 15 083 -999 -999 -999 -999 -999 -999
NHC  97L INVEST    010805 0600 120N 0252W 279 088 1008 1014 0278 15 083 -999 -999 -999 -999 -999 -999
NHC  97L INVEST    010805 1200 120N 0280W 276 103 1011 1014 0278 13 083 -999 -999 -999 -999 -999 -999
NHC  97L INVEST    010806 0000 124N 0317W 276 113 1010 1014 0278 13 083 -999 -999 -999 -999 -999 -999
NHC  97L INVEST    010806 0600 129N 0346W 278 118 1010 1013 0278 13 083 -999 -999 -999 -999 -999 -999
NHC  97L INVEST    010906 1800 118N 0339W 282 051 1008 1010 0222 13 093 -999 -999 -999 -999 -999 -999
NHC  97L INVEST    010907 0600 118N 0362W 272 051 1008 1011 0222 13 093 -999 -999 -999 -999 -999 -999
NHC  97L INVEST    010907 1200 114N 0383W 265 072 1007 1012 0222 15 093 -999 -999 -999 -999 -999 -999
NHC  97L INVEST    011011 1800 308N 0635W 320 067 1001 1014 0389 21 139 0278 -999 -999 02789 -999 -999 -999
NHC  97L INVEST    011012 0000 320N 0650W 339 082 0991 1014 0408 26 139 0278 -999 -999 02789 -999 -999 -999
NHC  97L INVEST    011012 0600 322N 0658W 305 062 0988 1014 0408 28 111 0324 0185 0185 03249 -999 -999 0139
NHC  97L INVEST    011012 1200 328N 0658W 000 031 0988 1014 0417 28 111 0232 0278 0278 03711 0111 -999 0111
NHC  97L INVEST    011117 1200 337N 0600W 078 041 1007 1012 0324 15 139 -999 -999 -999 -999 -999 -999
NHC  97L INVEST    011117 1800 340N 0587W 072 067 1006 1012 0324 15 139 -999 -999 -999 -999 -999 -999
NHC  97L INVEST    011118 0000 340N 0570W 079 067 1000 1012 0324 23 139 -999 -999 -999 -999 -999 -999
NHC  97L INVEST    011118 1200 336N 0542W 094 062 0996 1012 0324 23 139 -999 -999 -999 -999 -999 -999
