IBTr 09L ISIDORE   960924 1200 86N  0233W -99 -99 1008 1010 0080 12 008 -999 -999 -999 -999 -999 -999
IBTr 09L ISIDORE   960924 1800 92N  0252W -99 -99 1008 1010 0080 15 008 -999 -999 -999 -999 -999 -999
IBTr 09L ISIDORE   960925 0000 99N  0269W -99 -99 1006 1010 0090 15 009 -999 -999 -999 -999 -999 -999
IBTr 09L ISIDORE   960925 0600 103N 0285W -99 -99 1004 1010 0090 18 009 -999 -999 -999 -999 -999 -999
IBTr 09L ISIDORE   960925 1200 107N 0300W -99 -99 1000 1010 0100 23 010 -999 -999 -999 -999 -999 -999
IBTr 09L ISIDORE   960925 1800 110N 0317W -99 -99 0994 1010 0100 25 010 -999 -999 -999 -999 -999 -999
IBTr 09L ISIDORE   960926 0000 112N 0328W -99 -99 0988 1010 0110 30 011 -999 -999 -999 -999 -999 -999
IBTr 09L ISIDORE   960926 0600 117N 0342W -99 -99 0984 1010 0120 36 012 -999 -999 -999 -999 -999 -999
IBTr 09L ISIDORE   960926 1200 124N 0358W -99 -99 0980 1010 0120 36 012 -999 -999 -999 -999 -999 -999
IBTr 09L ISIDORE   960926 1800 128N 0371W -99 -99 0977 1010 0120 38 012 -999 -999 -999 -999 -999 -999
IBTr 09L ISIDORE   960927 0000 131N 0386W -99 -99 0974 1010 0130 41 013 -999 -999 -999 -999 -999 -999
IBTr 09L ISIDORE   960927 0600 137N 0398W -99 -99 0972 1010 0130 43 013 -999 -999 -999 -999 -999 -999
IBTr 09L ISIDORE   960927 1200 141N 0411W -99 -99 0968 1010 0130 46 013 -999 -999 -999 -999 -999 -999
IBTr 09L ISIDORE   960927 1800 149N 0422W -99 -99 0963 1010 0130 48 013 -999 -999 -999 -999 -999 -999
IBTr 09L ISIDORE   960928 0000 158N 0429W -99 -99 0960 1010 0130 51 013 -999 -999 -999 -999 -999 -999
IBTr 09L ISIDORE   960928 0600 167N 0431W -99 -99 0961 1010 0130 51 013 -999 -999 -999 -999 -999 -999
IBTr 09L ISIDORE   960928 1200 178N 0432W -99 -99 0965 1010 0130 48 013 -999 -999 -999 -999 -999 -999
IBTr 09L ISIDORE   960928 1800 190N 0432W -99 -99 0968 1010 0130 46 013 -999 -999 -999 -999 -999 -999
IBTr 09L ISIDORE   960929 0000 200N 0429W -99 -99 0973 1010 0130 43 013 -999 -999 -999 -999 -999 -999
IBTr 09L ISIDORE   960929 0600 208N 0422W -99 -99 0979 1010 0130 38 013 -999 -999 -999 -999 -999 -999
IBTr 09L ISIDORE   960929 1200 218N 0413W -99 -99 0982 1010 0120 36 012 -999 -999 -999 -999 -999 -999
IBTr 09L ISIDORE   960929 1800 226N 0409W -99 -99 0986 1010 0120 33 012 -999 -999 -999 -999 -999 -999
IBTr 09L ISIDORE   960930 0000 238N 0404W -99 -99 0989 1010 0120 30 012 -999 -999 -999 -999 -999 -999
IBTr 09L ISIDORE   960930 0600 253N 0401W -99 -99 0992 1010 0110 30 011 -999 -999 -999 -999 -999 -999
IBTr 09L ISIDORE   960930 1200 267N 0400W -99 -99 0995 1010 0110 25 011 -999 -999 -999 -999 -999 -999
IBTr 09L ISIDORE   960930 1800 282N 0401W -99 -99 0997 1010 0110 23 011 -999 -999 -999 -999 -999 -999
IBTr 09L ISIDORE   961001 0000 299N 0403W -99 -99 1000 1010 0100 18 010 -999 -999 -999 -999 -999 -999
IBTr 09L ISIDORE   961001 0600 316N 0404W -99 -99 1002 1010 0100 18 010 -999 -999 -999 -999 -999 -999
IBTr 09L ISIDORE   961001 1200 336N 0404W -99 -99 1005 1010 0100 15 010 -999 -999 -999 -999 -999 -999
IBTr 09L ISIDORE   961001 1800 358N 0403W -99 -99 1008 1010 0090 15 009 -999 -999 -999 -999 -999 -999
IBTr 09L ISIDORE   961002 0000 381N 0402W -99 -99 1010 1010 0090 12 009 -999 -999 -999 -999 -999 -999
IBTr 09L ISIDORE   961002 0600 403N 0396W -99 -99 1013 1013 0090 10 009 -999 -999 -999 -999 -999 -999
IBTr 09L ISIDORE   961002 1200 430N 0360W -99 -99 1015 1015 0090 10 009 -999 -999 -999 -999 -999 -999
