IBTr 04L DOLLY     960819 0600 173N 0802W -99 -99 1009 1010 0080 12 008 -999 -999 -999 -999 -999 -999
IBTr 04L DOLLY     960819 1200 178N 0817W -99 -99 1008 1010 0090 15 009 -999 -999 -999 -999 -999 -999
IBTr 04L DOLLY     960819 1800 182N 0830W -99 -99 1006 1010 0090 23 009 -999 -999 -999 -999 -999 -999
IBTr 04L DOLLY     960820 0000 186N 0844W -99 -99 1006 1010 0090 23 009 -999 -999 -999 -999 -999 -999
IBTr 04L DOLLY     960820 0600 188N 0857W -99 -99 1005 1010 0090 28 009 -999 -999 -999 -999 -999 -999
IBTr 04L DOLLY     960820 1200 190N 0869W -99 -99 1002 1010 0100 30 010 -999 -999 -999 -999 -999 -999
IBTr 04L DOLLY     960820 1730 191N 0877W -99 -99 0999 1010 0100 33 010 -999 -999 -999 -999 -999 -999
IBTr 04L DOLLY     960820 1800 192N 0878W -99 -99 0999 1010 0100 33 010 -999 -999 -999 -999 -999 -999
IBTr 04L DOLLY     960821 0000 192N 0887W -99 -99 1001 1010 0100 20 010 -999 -999 -999 -999 -999 -999
IBTr 04L DOLLY     960821 0600 193N 0895W -99 -99 1002 1010 0100 18 010 -999 -999 -999 -999 -999 -999
IBTr 04L DOLLY     960821 1200 194N 0901W -99 -99 1002 1010 0100 15 010 -999 -999 -999 -999 -999 -999
IBTr 04L DOLLY     960821 1800 195N 0907W -99 -99 1002 1010 0100 15 010 -999 -999 -999 -999 -999 -999
IBTr 04L DOLLY     960822 0000 197N 0914W -99 -99 1002 1010 0100 18 010 -999 -999 -999 -999 -999 -999
IBTr 04L DOLLY     960822 0600 201N 0926W -99 -99 1002 1010 0100 23 010 -999 -999 -999 -999 -999 -999
IBTr 04L DOLLY     960822 1200 204N 0937W -99 -99 0999 1010 0100 23 010 -999 -999 -999 -999 -999 -999
IBTr 04L DOLLY     960822 1800 206N 0942W -99 -99 0993 1010 0110 25 011 -999 -999 -999 -999 -999 -999
IBTr 04L DOLLY     960823 0000 209N 0949W -99 -99 0990 1010 0110 28 011 -999 -999 -999 -999 -999 -999
IBTr 04L DOLLY     960823 0600 213N 0961W -99 -99 0991 1010 0110 30 011 -999 -999 -999 -999 -999 -999
IBTr 04L DOLLY     960823 1200 216N 0977W -99 -99 0989 1010 0120 36 012 -999 -999 -999 -999 -999 -999
IBTr 04L DOLLY     960823 1800 216N 0993W -99 -99 0997 1010 0100 23 010 -999 -999 -999 -999 -999 -999
IBTr 04L DOLLY     960824 0000 216N 1009W -99 -99 1002 1010 0100 15 010 -999 -999 -999 -999 -999 -999
IBTr 04L DOLLY     960824 0600 216N 1025W -99 -99 1004 1010 0090 12 009 -999 -999 -999 -999 -999 -999
IBTr 04L DOLLY     960824 1200 217N 1040W -99 -99 1005 1010 0090 10 009 -999 -999 -999 -999 -999 -999
