IBTr 06P ETHELETHY 960307 0600 156S 1375E -99 -99 -999 1010 0000 -9 000 -999 -999 -999 -999 -999 -999
IBTr 06P ETHELETHY 960307 1200 154S 1380E -99 -99 -999 1010 0000 -9 000 -999 -999 -999 -999 -999 -999
IBTr 06P ETHELETHY 960307 1800 153S 1384E -99 -99 -999 1010 0000 -9 000 -999 -999 -999 -999 -999 -999
IBTr 06P ETHELETHY 960308 0000 154S 1388E -99 -99 -999 1010 0000 -9 000 -999 -999 -999 -999 -999 -999
IBTr 06P ETHELETHY 960308 0600 151S 1391E -99 -99 0998 1010 0100 21 010 -999 -999 -999 -999 -999 -999
IBTr 06P ETHELETHY 960308 1200 148S 1397E -99 -99 0995 1010 0100 21 010 -999 -999 -999 -999 -999 -999
IBTr 06P ETHELETHY 960308 1800 141S 1401E -99 -99 0993 1010 0110 24 011 -999 -999 -999 -999 -999 -999
IBTr 06P ETHELETHY 960309 0000 134S 1402E -99 -99 0990 1010 0110 24 011 -999 -999 -999 -999 -999 -999
IBTr 06P ETHELETHY 960309 0600 131S 1406E -99 -99 0987 1010 0110 24 011 -999 -999 -999 -999 -999 -999
IBTr 06P ETHELETHY 960309 1200 128S 1413E -99 -99 0985 1010 0120 24 012 -999 -999 -999 -999 -999 -999
IBTr 06P ETHELETHY 960309 1800 125S 1418E -99 -99 0980 1010 0120 -9 012 -999 -999 -999 -999 -999 -999
IBTr 06P ETHELETHY 960310 0000 124S 1427E -99 -99 0993 1010 0110 21 011 -999 -999 -999 -999 -999 -999
IBTr 06P ETHELETHY 960310 0600 126S 1438E -99 -99 0990 1010 0110 24 011 -999 -999 -999 -999 -999 -999
IBTr 06P ETHELETHY 960310 1200 128S 1446E -99 -99 0990 1010 0110 24 011 -999 -999 -999 -999 -999 -999
IBTr 06P ETHELETHY 960310 1800 131S 1451E -99 -99 0990 1010 0110 24 011 -999 -999 -999 -999 -999 -999
IBTr 06P ETHELETHY 960311 0000 132S 1455E -99 -99 0990 1010 0110 24 011 -999 -999 -999 -999 -999 -999
IBTr 06P ETHELETHY 960311 0600 138S 1459E -99 -99 0990 1010 0110 24 011 -999 -999 -999 -999 -999 -999
IBTr 06P ETHELETHY 960311 1200 142S 1458E -99 -99 0988 1010 0110 25 011 -999 -999 -999 -999 -999 -999
IBTr 06P ETHELETHY 960311 1800 145S 1453E -99 -99 0982 1010 0120 27 012 -999 -999 -999 -999 -999 -999
IBTr 06P ETHELETHY 960312 0000 145S 1436E -99 -99 0985 1010 0120 21 012 -999 -999 -999 -999 -999 -999
IBTr 06P ETHELETHY 960312 0600 147S 1425E -99 -99 0995 1010 0100 18 010 -999 -999 -999 -999 -999 -999
IBTr 06P ETHELETHY 960312 1200 148S 1411E -99 -99 0992 1010 0110 21 011 -999 -999 -999 -999 -999 -999
IBTr 06P ETHELETHY 960312 1800 152S 1395E -99 -99 0988 1010 0110 21 011 -999 -999 -999 -999 -999 -999
IBTr 06P ETHELETHY 960313 0000 159S 1378E -99 -99 0985 1010 0120 21 012 -999 -999 -999 -999 -999 -999
IBTr 06P ETHELETHY 960313 0600 168S 1360E -99 -99 0995 1010 0110 18 011 -999 -999 -999 -999 -999 -999
IBTr 06P ETHELETHY 960314 1200 234S 1353E -99 -99 -999 1010 0000 -9 000 -999 -999 -999 -999 -999 -999
IBTr 06P ETHELETHY 960314 1800 241S 1370E -99 -99 -999 1010 0000 -9 000 -999 -999 -999 -999 -999 -999
IBTr 06P ETHELETHY 960315 0000 245S 1386E -99 -99 -999 1010 0000 -9 000 -999 -999 -999 -999 -999 -999
IBTr 06P ETHELETHY 960315 0600 249S 1402E -99 -99 -999 1010 0000 -9 000 -999 -999 -999 -999 -999 -999
IBTr 06P ETHELETHY 960315 1200 249S 1423E -99 -99 -999 1010 0000 -9 000 -999 -999 -999 -999 -999 -999
IBTr 06P ETHELETHY 960315 1800 246S 1443E -99 -99 -999 1010 0000 -9 000 -999 -999 -999 -999 -999 -999
IBTr 06P ETHELETHY 960316 0000 239S 1461E -99 -99 -999 1010 0000 -9 000 -999 -999 -999 -999 -999 -999
IBTr 06P ETHELETHY 960316 0600 232S 1474E -99 -99 -999 1010 0000 -9 000 -999 -999 -999 -999 -999 -999
IBTr 06P ETHELETHY 960316 1200 223S 1486E -99 -99 -999 1010 0000 -9 000 -999 -999 -999 -999 -999 -999
IBTr 06P ETHELETHY 960316 1800 211S 1502E -99 -99 -999 1010 0000 -9 000 -999 -999 -999 -999 -999 -999
IBTr 06P ETHELETHY 960317 0000 198S 1520E -99 -99 -999 1010 0000 -9 000 -999 -999 -999 -999 -999 -999
