IBTr 07W BART      960507 0000 66N  1378E -99 -99 -999 1010 0000 07 000 -999 -999 -999 -999 -999 -999
IBTr 07W BART      960507 0600 68N  1380E -99 -99 -999 1010 0000 07 000 -999 -999 -999 -999 -999 -999
IBTr 07W BART      960507 1200 69N  1384E -99 -99 -999 1010 0000 07 000 -999 -999 -999 -999 -999 -999
IBTr 07W BART      960507 1800 70N  1389E -99 -99 -999 1010 0000 07 000 -999 -999 -999 -999 -999 -999
IBTr 07W BART      960508 0000 71N  1392E -99 -99 -999 1010 0000 07 000 -999 -999 -999 -999 -999 -999
IBTr 07W BART      960508 0600 71N  1394E -99 -99 -999 1010 0000 07 000 -999 -999 -999 -999 -999 -999
IBTr 07W BART      960508 1200 71N  1397E -99 -99 -999 1010 0000 10 000 -999 -999 -999 -999 -999 -999
IBTr 07W BART      960508 1800 73N  1399E -99 -99 1006 1010 0080 10 008 -999 -999 -999 -999 -999 -999
IBTr 07W BART      960509 0000 72N  1399E -99 -99 1006 1010 0080 10 008 -999 -999 -999 -999 -999 -999
IBTr 07W BART      960509 0600 73N  1398E -99 -99 1006 1010 0080 12 008 -999 -999 -999 -999 -999 -999
IBTr 07W BART      960509 1200 74N  1392E -99 -99 1006 1010 0090 12 009 -999 -999 -999 -999 -999 -999
IBTr 07W BART      960509 1800 81N  1389E -99 -99 1006 1010 0090 15 009 -999 -999 -999 -999 -999 -999
IBTr 07W BART      960510 0000 86N  1385E -99 -99 1006 1010 0090 18 009 -999 -999 -999 -999 -999 -999
IBTr 07W BART      960510 0600 93N  1373E -99 -99 1002 1010 0090 18 009 -999 -999 -999 -999 -999 -999
IBTr 07W BART      960510 1200 96N  1360E -99 -99 1002 1010 0090 18 009 -999 -999 -999 -999 -999 -999
IBTr 07W BART      960510 1800 100N 1344E -99 -99 1000 1010 0100 18 010 -999 -999 -999 -999 -999 -999
IBTr 07W BART      960511 0000 105N 1329E -99 -99 0998 1010 0100 18 010 -999 -999 -999 -999 -999 -999
IBTr 07W BART      960511 0600 109N 1318E -99 -99 0996 1010 0100 18 010 -999 -999 -999 -999 -999 -999
IBTr 07W BART      960511 1200 112N 1310E -99 -99 0994 1010 0100 18 010 -999 -999 -999 -999 -999 -999
IBTr 07W BART      960511 1800 116N 1302E -99 -99 0994 1010 0100 18 010 -999 -999 -999 -999 -999 -999
IBTr 07W BART      960512 0000 121N 1294E -99 -99 0990 1010 0110 23 011 -999 -999 -999 -999 -999 -999
IBTr 07W BART      960512 0600 127N 1287E -99 -99 0985 1010 0120 25 012 -999 -999 -999 -999 -999 -999
IBTr 07W BART      960512 1200 133N 1281E -99 -99 0980 1010 0120 28 012 -999 -999 -999 -999 -999 -999
IBTr 07W BART      960512 1800 138N 1277E -99 -99 0975 1010 0130 30 013 -999 -999 -999 -999 -999 -999
IBTr 07W BART      960513 0000 142N 1273E -99 -99 0970 1010 0130 33 013 -999 -999 -999 -999 -999 -999
IBTr 07W BART      960513 0600 146N 1269E -99 -99 0965 1010 0130 33 013 -999 -999 -999 -999 -999 -999
IBTr 07W BART      960513 1200 151N 1265E -99 -99 0960 1010 0130 36 013 -999 -999 -999 -999 -999 -999
IBTr 07W BART      960513 1800 153N 1261E -99 -99 0950 1010 0130 41 013 -999 -999 -999 -999 -999 -999
IBTr 07W BART      960514 0000 157N 1257E -99 -99 0935 1010 0120 46 012 -999 -999 -999 -999 -999 -999
IBTr 07W BART      960514 0600 161N 1254E -99 -99 0930 1010 0110 48 011 -999 -999 -999 -999 -999 -999
IBTr 07W BART      960514 1200 166N 1251E -99 -99 0930 1010 0110 48 011 -999 -999 -999 -999 -999 -999
IBTr 07W BART      960514 1800 172N 1249E -99 -99 0930 1010 0110 48 011 -999 -999 -999 -999 -999 -999
IBTr 07W BART      960515 0000 177N 1247E -99 -99 0930 1010 0110 48 011 -999 -999 -999 -999 -999 -999
IBTr 07W BART      960515 0600 181N 1247E -99 -99 0935 1010 0120 46 012 -999 -999 -999 -999 -999 -999
IBTr 07W BART      960515 1200 186N 1249E -99 -99 0945 1010 0130 43 013 -999 -999 -999 -999 -999 -999
IBTr 07W BART      960515 1800 190N 1252E -99 -99 0950 1010 0130 38 013 -999 -999 -999 -999 -999 -999
IBTr 07W BART      960516 0000 193N 1257E -99 -99 0950 1010 0130 41 013 -999 -999 -999 -999 -999 -999
IBTr 07W BART      960516 0600 197N 1264E -99 -99 0955 1010 0140 38 014 -999 -999 -999 -999 -999 -999
IBTr 07W BART      960516 1200 199N 1275E -99 -99 0955 1010 0140 38 014 -999 -999 -999 -999 -999 -999
IBTr 07W BART      960516 1800 203N 1288E -99 -99 0960 1010 0140 36 014 -999 -999 -999 -999 -999 -999
IBTr 07W BART      960517 0000 211N 1303E -99 -99 0970 1010 0130 33 013 -999 -999 -999 -999 -999 -999
IBTr 07W BART      960517 0600 224N 1318E -99 -99 0975 1010 0130 30 013 -999 -999 -999 -999 -999 -999
IBTr 07W BART      960517 1200 234N 1334E -99 -99 0980 1010 0130 28 013 -999 -999 -999 -999 -999 -999
IBTr 07W BART      960517 1800 247N 1352E -99 -99 0985 1010 0120 28 012 -999 -999 -999 -999 -999 -999
IBTr 07W BART      960518 0000 257N 1368E -99 -99 0985 1010 0120 25 012 -999 -999 -999 -999 -999 -999
IBTr 07W BART      960518 0600 266N 1384E -99 -99 0990 1010 0120 23 012 -999 -999 -999 -999 -999 -999
IBTr 07W BART      960518 1200 274N 1405E -99 -99 0990 1010 0120 20 012 -999 -999 -999 -999 -999 -999
IBTr 07W BART      960518 1800 280N 1423E -99 -99 0992 1010 0110 23 011 -999 -999 -999 -999 -999 -999
IBTr 07W BART      960519 0000 287N 1444E -99 -99 0996 1010 0110 23 011 -999 -999 -999 -999 -999 -999
IBTr 07W BART      960519 0600 293N 1474E -99 -99 1002 1010 0100 23 010 -999 -999 -999 -999 -999 -999
IBTr 07W BART      960519 1200 300N 1503E -99 -99 1006 1010 0090 23 009 -999 -999 -999 -999 -999 -999
IBTr 07W BART      960519 1800 320N 1550E -99 -99 1008 1010 0090 -9 009 -999 -999 -999 -999 -999 -999
IBTr 07W BART      960520 0000 320N 1560E -99 -99 1008 1010 0090 -9 009 -999 -999 -999 -999 -999 -999
IBTr 07W BART      960520 0600 320N 1600E -99 -99 1010 1010 0090 -9 009 -999 -999 -999 -999 -999 -999
IBTr 07W BART      960520 1200 320N 1710E -99 -99 1012 1012 0090 -9 009 -999 -999 -999 -999 -999 -999
