IBTr 08S CORYNAHUB 960106 2200 102S 0996E -99 -99 1006 1010 0090 -9 009 -999 -999 -999 -999 -999 -999
IBTr 08S CORYNAHUB 960107 0000 104S 0992E -99 -99 -999 1010 0000 -9 000 -999 -999 -999 -999 -999 -999
IBTr 08S CORYNAHUB 960107 0100 103S 0991E -99 -99 1004 1010 0090 10 009 -999 -999 -999 -999 -999 -999
IBTr 08S CORYNAHUB 960107 0400 105S 0988E -99 -99 1002 1010 0090 11 009 -999 -999 -999 -999 -999 -999
IBTr 08S CORYNAHUB 960107 0600 106S 0987E -99 -99 -999 1010 0000 -9 000 -999 -999 -999 -999 -999 -999
IBTr 08S CORYNAHUB 960107 0700 107S 0985E -99 -99 1000 1010 0100 13 010 -999 -999 -999 -999 -999 -999
IBTr 08S CORYNAHUB 960107 1000 109S 0982E -99 -99 0998 1010 0100 14 010 -999 -999 -999 -999 -999 -999
IBTr 08S CORYNAHUB 960107 1200 108S 0981E -99 -99 -999 1010 0000 -9 000 -999 -999 -999 -999 -999 -999
IBTr 08S CORYNAHUB 960107 1300 110S 0978E -99 -99 0995 1010 0100 18 010 -999 -999 -999 -999 -999 -999
IBTr 08S CORYNAHUB 960107 1600 111S 0975E -99 -99 0990 1010 0110 21 011 -999 -999 -999 -999 -999 -999
IBTr 08S CORYNAHUB 960107 1800 111S 0973E -99 -99 -999 1010 0000 -9 000 -999 -999 -999 -999 -999 -999
IBTr 08S CORYNAHUB 960107 1900 112S 0971E -99 -99 0985 1010 0120 24 012 -999 -999 -999 -999 -999 -999
IBTr 08S CORYNAHUB 960107 2200 113S 0967E -99 -99 0980 1010 0120 27 012 -999 -999 -999 -999 -999 -999
IBTr 08S CORYNAHUB 960108 0000 113S 0965E -99 -99 -999 1010 0000 -9 000 -999 -999 -999 -999 -999 -999
IBTr 08S CORYNAHUB 960108 0100 114S 0964E -99 -99 0975 1010 0130 30 013 -999 -999 -999 -999 -999 -999
IBTr 08S CORYNAHUB 960108 0400 115S 0960E -99 -99 0970 1010 0130 33 013 -999 -999 -999 -999 -999 -999
IBTr 08S CORYNAHUB 960108 0600 117S 0956E -99 -99 -999 1010 0000 -9 000 -999 -999 -999 -999 -999 -999
IBTr 08S CORYNAHUB 960108 0700 118S 0956E -99 -99 0970 1010 0130 33 013 -999 -999 -999 -999 -999 -999
IBTr 08S CORYNAHUB 960108 1000 120S 0952E -99 -99 0965 1010 0130 36 013 -999 -999 -999 -999 -999 -999
IBTr 08S CORYNAHUB 960108 1200 121S 0946E -99 -99 -999 1010 0000 -9 000 -999 -999 -999 -999 -999 -999
IBTr 08S CORYNAHUB 960108 1300 122S 0945E -99 -99 0965 1010 0130 36 013 -999 -999 -999 -999 -999 -999
IBTr 08S CORYNAHUB 960108 1600 125S 0940E -99 -99 0965 1010 0130 36 013 -999 -999 -999 -999 -999 -999
IBTr 08S CORYNAHUB 960108 1800 127S 0935E -99 -99 -999 1010 0000 -9 000 -999 -999 -999 -999 -999 -999
IBTr 08S CORYNAHUB 960108 1900 129S 0935E -99 -99 0965 1010 0130 36 013 -999 -999 -999 -999 -999 -999
IBTr 08S CORYNAHUB 960108 2200 132S 0929E -99 -99 0960 1010 0130 39 013 -999 -999 -999 -999 -999 -999
IBTr 08S CORYNAHUB 960109 0000 133S 0924E -99 -99 -999 1010 0000 -9 000 -999 -999 -999 -999 -999 -999
IBTr 08S CORYNAHUB 960109 0100 136S 0924E -99 -99 0960 1010 0130 39 013 -999 -999 -999 -999 -999 -999
IBTr 08S CORYNAHUB 960109 0400 137S 0918E -99 -99 0960 1010 0130 39 013 -999 -999 -999 -999 -999 -999
IBTr 08S CORYNAHUB 960109 0600 138S 0913E -99 -99 -999 1010 0000 -9 000 -999 -999 -999 -999 -999 -999
IBTr 08S CORYNAHUB 960109 0700 138S 0913E -99 -99 0955 1010 0130 41 013 -999 -999 -999 -999 -999 -999
IBTr 08S CORYNAHUB 960109 1000 138S 0908E -99 -99 0960 1010 0130 39 013 -999 -999 -999 -999 -999 -999
IBTr 08S CORYNAHUB 960109 1200 141S 0902E -99 -99 -999 1010 0000 -9 000 -999 -999 -999 -999 -999 -999
IBTr 08S CORYNAHUB 960109 1300 138S 0903E -99 -99 0965 1010 0130 36 013 -999 -999 -999 -999 -999 -999
IBTr 08S CORYNAHUB 960109 1800 143S 0893E -99 -99 0975 1010 0130 28 013 -999 -999 -999 -999 -999 -999
IBTr 08S CORYNAHUB 960110 0000 147S 0884E -99 -99 0980 1010 0120 25 012 -999 -999 -999 -999 -999 -999
IBTr 08S CORYNAHUB 960110 0600 148S 0875E -99 -99 0985 1010 0120 23 012 -999 -999 -999 -999 -999 -999
IBTr 08S CORYNAHUB 960110 1200 147S 0864E -99 -99 0987 1010 0120 20 012 -999 -999 -999 -999 -999 -999
IBTr 08S CORYNAHUB 960110 1800 145S 0852E -99 -99 0991 1010 0110 18 011 -999 -999 -999 -999 -999 -999
IBTr 08S CORYNAHUB 960111 0000 143S 0841E -99 -99 0995 1010 0100 15 010 -999 -999 -999 -999 -999 -999
IBTr 08S CORYNAHUB 960111 0600 144S 0829E -99 -99 0997 1010 0100 15 010 -999 -999 -999 -999 -999 -999
IBTr 08S CORYNAHUB 960111 1200 146S 0814E -99 -99 0998 1010 0100 15 010 -999 -999 -999 -999 -999 -999
IBTr 08S CORYNAHUB 960111 1800 147S 0799E -99 -99 0998 1010 0100 15 010 -999 -999 -999 -999 -999 -999
IBTr 08S CORYNAHUB 960112 0000 148S 0784E -99 -99 1000 1010 0100 15 010 -999 -999 -999 -999 -999 -999
IBTr 08S CORYNAHUB 960112 0600 150S 0771E -99 -99 -999 1010 0000 -9 000 -999 -999 -999 -999 -999 -999
IBTr 08S CORYNAHUB 960112 1200 150S 0757E -99 -99 -999 1010 0000 -9 000 -999 -999 -999 -999 -999 -999
