IBTr 01B NOTNAMED  960501 0600 75N  0915E -99 -99 -999 1010 0000 -9 000 -999 -999 -999 -999 -999 -999
IBTr 01B NOTNAMED  960501 1200 79N  0914E -99 -99 -999 1010 0000 -9 000 -999 -999 -999 -999 -999 -999
IBTr 01B NOTNAMED  960501 1800 84N  0913E -99 -99 -999 1010 0000 -9 000 -999 -999 -999 -999 -999 -999
IBTr 01B NOTNAMED  960502 0000 89N  0912E -99 -99 -999 1010 0000 -9 000 -999 -999 -999 -999 -999 -999
IBTr 01B NOTNAMED  960502 0600 94N  0912E -99 -99 -999 1010 0000 -9 000 -999 -999 -999 -999 -999 -999
IBTr 01B NOTNAMED  960502 1200 99N  0911E -99 -99 -999 1010 0000 -9 000 -999 -999 -999 -999 -999 -999
IBTr 01B NOTNAMED  960502 1800 105N 0911E -99 -99 -999 1010 0000 -9 000 -999 -999 -999 -999 -999 -999
IBTr 01B NOTNAMED  960503 0000 110N 0910E -99 -99 -999 1010 0000 -9 000 -999 -999 -999 -999 -999 -999
IBTr 01B NOTNAMED  960503 0600 115N 0909E -99 -99 -999 1010 0000 -9 000 -999 -999 -999 -999 -999 -999
IBTr 01B NOTNAMED  960503 1200 121N 0908E -99 -99 -999 1010 0000 -9 000 -999 -999 -999 -999 -999 -999
IBTr 01B NOTNAMED  960503 1800 125N 0906E -99 -99 -999 1010 0000 -9 000 -999 -999 -999 -999 -999 -999
IBTr 01B NOTNAMED  960504 0000 129N 0903E -99 -99 -999 1010 0000 -9 000 -999 -999 -999 -999 -999 -999
IBTr 01B NOTNAMED  960504 0600 133N 0900E -99 -99 -999 1010 0000 -9 000 -999 -999 -999 -999 -999 -999
IBTr 01B NOTNAMED  960504 1200 136N 0896E -99 -99 -999 1010 0000 -9 000 -999 -999 -999 -999 -999 -999
IBTr 01B NOTNAMED  960504 1800 139N 0893E -99 -99 -999 1010 0000 -9 000 -999 -999 -999 -999 -999 -999
IBTr 01B NOTNAMED  960505 0000 142N 0890E -99 -99 -999 1010 0000 -9 000 -999 -999 -999 -999 -999 -999
IBTr 01B NOTNAMED  960505 0600 146N 0887E -99 -99 -999 1010 0000 -9 000 -999 -999 -999 -999 -999 -999
IBTr 01B NOTNAMED  960505 1200 149N 0885E -99 -99 -999 1010 0000 -9 000 -999 -999 -999 -999 -999 -999
IBTr 01B NOTNAMED  960505 1800 154N 0883E -99 -99 -999 1010 0000 -9 000 -999 -999 -999 -999 -999 -999
IBTr 01B NOTNAMED  960506 0000 159N 0882E -99 -99 -999 1010 0000 -9 000 -999 -999 -999 -999 -999 -999
IBTr 01B NOTNAMED  960506 0600 166N 0882E -99 -99 -999 1010 0000 -9 000 -999 -999 -999 -999 -999 -999
IBTr 01B NOTNAMED  960506 1200 173N 0883E -99 -99 -999 1010 0000 -9 000 -999 -999 -999 -999 -999 -999
IBTr 01B NOTNAMED  960506 1800 178N 0885E -99 -99 -999 1010 0000 -9 000 -999 -999 -999 -999 -999 -999
IBTr 01B NOTNAMED  960507 0000 183N 0889E -99 -99 -999 1010 0000 -9 000 -999 -999 -999 -999 -999 -999
IBTr 01B NOTNAMED  960507 0300 190N 0890E -99 -99 1004 1010 0090 07 009 -999 -999 -999 -999 -999 -999
IBTr 01B NOTNAMED  960507 0600 188N 0892E -99 -99 1002 1010 0100 12 010 -999 -999 -999 -999 -999 -999
IBTr 01B NOTNAMED  960507 1200 196N 0897E -99 -99 1002 1010 0100 12 010 -999 -999 -999 -999 -999 -999
IBTr 01B NOTNAMED  960507 1800 204N 0907E -99 -99 1000 1010 0100 15 010 -999 -999 -999 -999 -999 -999
IBTr 01B NOTNAMED  960508 0000 213N 0921E -99 -99 1000 1010 0100 15 010 -999 -999 -999 -999 -999 -999
IBTr 01B NOTNAMED  960508 0600 222N 0934E -99 -99 -999 1010 0000 -9 000 -999 -999 -999 -999 -999 -999
IBTr 01B NOTNAMED  960508 1200 230N 0948E -99 -99 -999 1010 0000 -9 000 -999 -999 -999 -999 -999 -999
IBTr 01B NOTNAMED  960508 1800 237N 0962E -99 -99 -999 1010 0000 -9 000 -999 -999 -999 -999 -999 -999
