IBTr 03P JACOB     960125 1200 140S 1427E -99 -99 -999 1010 0000 -9 000 -999 -999 -999 -999 -999 -999
IBTr 03P JACOB     960125 1800 140S 1424E -99 -99 -999 1010 0000 -9 000 -999 -999 -999 -999 -999 -999
IBTr 03P JACOB     960126 0000 140S 1420E -99 -99 -999 1010 0000 -9 000 -999 -999 -999 -999 -999 -999
IBTr 03P JACOB     960126 0600 140S 1413E -99 -99 -999 1010 0000 -9 000 -999 -999 -999 -999 -999 -999
IBTr 03P JACOB     960126 1200 140S 1409E -99 -99 -999 1010 0000 -9 000 -999 -999 -999 -999 -999 -999
IBTr 03P JACOB     960126 1800 140S 1405E -99 -99 -999 1010 0000 -9 000 -999 -999 -999 -999 -999 -999
IBTr 03P JACOB     960127 0000 140S 1402E -99 -99 -999 1010 0000 -9 000 -999 -999 -999 -999 -999 -999
IBTr 03P JACOB     960127 0600 142S 1397E -99 -99 -999 1010 0000 -9 000 -999 -999 -999 -999 -999 -999
IBTr 03P JACOB     960127 1200 147S 1390E -99 -99 -999 1010 0000 -9 000 -999 -999 -999 -999 -999 -999
IBTr 03P JACOB     960127 1800 150S 1383E -99 -99 0997 1010 0100 18 010 -999 -999 -999 -999 -999 -999
IBTr 03P JACOB     960128 0000 153S 1377E -99 -99 0992 1010 0110 20 011 -999 -999 -999 -999 -999 -999
IBTr 03P JACOB     960128 0600 156S 1370E -99 -99 0986 1010 0120 23 012 -999 -999 -999 -999 -999 -999
IBTr 03P JACOB     960128 1200 158S 1365E -99 -99 0992 1010 0110 20 011 -999 -999 -999 -999 -999 -999
IBTr 03P JACOB     960128 1800 161S 1359E -99 -99 0994 1010 0110 18 011 -999 -999 -999 -999 -999 -999
IBTr 03P JACOB     960129 0000 166S 1350E -99 -99 -001 1010 0000 -9 000 -999 -999 -999 -999 -999 -999
