IBTr 03E ALMA      960620 0000 131N 0987W -99 -99 1009 1010 0080 15 008 -999 -999 -999 -999 -999 -999
IBTr 03E ALMA      960620 0600 135N 0993W -99 -99 1009 1010 0080 15 008 -999 -999 -999 -999 -999 -999
IBTr 03E ALMA      960620 1200 139N 0999W -99 -99 1007 1010 0090 15 009 -999 -999 -999 -999 -999 -999
IBTr 03E ALMA      960620 1800 144N 1003W -99 -99 1005 1010 0090 18 009 -999 -999 -999 -999 -999 -999
IBTr 03E ALMA      960621 0000 149N 1007W -99 -99 1002 1010 0090 20 009 -999 -999 -999 -999 -999 -999
IBTr 03E ALMA      960621 0600 154N 1011W -99 -99 1000 1010 0100 23 010 -999 -999 -999 -999 -999 -999
IBTr 03E ALMA      960621 1200 157N 1015W -99 -99 0997 1010 0100 25 010 -999 -999 -999 -999 -999 -999
IBTr 03E ALMA      960621 1800 158N 1020W -99 -99 0994 1010 0110 28 011 -999 -999 -999 -999 -999 -999
IBTr 03E ALMA      960622 0000 158N 1024W -99 -99 0987 1010 0120 33 012 -999 -999 -999 -999 -999 -999
IBTr 03E ALMA      960622 0600 159N 1027W -99 -99 0985 1010 0120 38 012 -999 -999 -999 -999 -999 -999
IBTr 03E ALMA      960622 1200 162N 1026W -99 -99 0978 1010 0130 43 013 -999 -999 -999 -999 -999 -999
IBTr 03E ALMA      960622 1800 166N 1026W -99 -99 0975 1010 0130 43 013 -999 -999 -999 -999 -999 -999
IBTr 03E ALMA      960623 0000 167N 1028W -99 -99 0972 1010 0130 43 013 -999 -999 -999 -999 -999 -999
IBTr 03E ALMA      960623 0600 169N 1029W -99 -99 0970 1010 0130 43 013 -999 -999 -999 -999 -999 -999
IBTr 03E ALMA      960623 1200 172N 1028W -99 -99 0969 1010 0130 46 013 -999 -999 -999 -999 -999 -999
IBTr 03E ALMA      960623 1800 175N 1026W -99 -99 0970 1010 0130 46 013 -999 -999 -999 -999 -999 -999
IBTr 03E ALMA      960624 0000 180N 1024W -99 -99 0973 1010 0130 46 013 -999 -999 -999 -999 -999 -999
IBTr 03E ALMA      960624 0600 178N 1026W -99 -99 0975 1010 0130 41 013 -999 -999 -999 -999 -999 -999
IBTr 03E ALMA      960624 1200 177N 1028W -99 -99 0979 1010 0130 33 013 -999 -999 -999 -999 -999 -999
IBTr 03E ALMA      960624 1800 177N 1028W -99 -99 0985 1010 0120 30 012 -999 -999 -999 -999 -999 -999
IBTr 03E ALMA      960625 0000 176N 1027W -99 -99 0995 1010 0110 28 011 -999 -999 -999 -999 -999 -999
IBTr 03E ALMA      960625 0600 175N 1024W -99 -99 1000 1010 0100 23 010 -999 -999 -999 -999 -999 -999
IBTr 03E ALMA      960625 1200 173N 1025W -99 -99 1005 1010 0090 18 009 -999 -999 -999 -999 -999 -999
IBTr 03E ALMA      960625 1800 173N 1027W -99 -99 1009 1010 0080 15 008 -999 -999 -999 -999 -999 -999
IBTr 03E ALMA      960626 0000 174N 1029W -99 -99 1009 1010 0080 15 008 -999 -999 -999 -999 -999 -999
IBTr 03E ALMA      960626 0600 175N 1035W -99 -99 1009 1010 0080 15 008 -999 -999 -999 -999 -999 -999
IBTr 03E ALMA      960626 1200 177N 1040W -99 -99 1009 1010 0080 15 008 -999 -999 -999 -999 -999 -999
IBTr 03E ALMA      960626 1800 180N 1045W -99 -99 1009 1010 0080 15 008 -999 -999 -999 -999 -999 -999
IBTr 03E ALMA      960627 0000 184N 1050W -99 -99 1009 1010 0080 12 008 -999 -999 -999 -999 -999 -999
IBTr 03E ALMA      960627 0600 187N 1055W -99 -99 1009 1010 0080 12 008 -999 -999 -999 -999 -999 -999
IBTr 03E ALMA      960627 1200 189N 1062W -99 -99 -999 1010 0000 -9 000 -999 -999 -999 -999 -999 -999
IBTr 03E CESAR     960728 1800 131N 0879W -99 -99 1004 1010 0090 18 009 -999 -999 -999 -999 -999 -999
