IBTr 05W NOTNAMED  960402 0600 92N  1421E -99 -99 -999 1010 0000 18 000 -999 -999 -999 -999 -999 -999
IBTr 05W NOTNAMED  960402 1200 93N  1415E -99 -99 -999 1010 0000 18 000 -999 -999 -999 -999 -999 -999
IBTr 05W NOTNAMED  960402 1800 94N  1408E -99 -99 -999 1010 0000 18 000 -999 -999 -999 -999 -999 -999
IBTr 05W NOTNAMED  960403 0000 95N  1399E -99 -99 -999 1010 0000 18 000 -999 -999 -999 -999 -999 -999
IBTr 05W NOTNAMED  960403 0600 96N  1393E -99 -99 -999 1010 0000 18 000 -999 -999 -999 -999 -999 -999
IBTr 05W NOTNAMED  960403 1200 96N  1385E -99 -99 -999 1010 0000 18 000 -999 -999 -999 -999 -999 -999
IBTr 05W NOTNAMED  960403 1800 96N  1378E -99 -99 -999 1010 0000 18 000 -999 -999 -999 -999 -999 -999
IBTr 05W NOTNAMED  960404 0000 97N  1372E -99 -99 -999 1010 0000 15 000 -999 -999 -999 -999 -999 -999
IBTr 05W NOTNAMED  960404 0600 97N  1363E -99 -99 -999 1010 0000 12 000 -999 -999 -999 -999 -999 -999
IBTr 05W NOTNAMED  960404 1200 97N  1355E -99 -99 -999 1010 0000 12 000 -999 -999 -999 -999 -999 -999
