IBTr 07E DOUGLAS   960729 0000 130N 0897W -99 -99 1004 1010 0090 18 009 -999 -999 -999 -999 -999 -999
IBTr 07E DOUGLAS   960729 0600 131N 0916W -99 -99 1001 1010 0090 20 009 -999 -999 -999 -999 -999 -999
IBTr 07E DOUGLAS   960729 1200 133N 0934W -99 -99 0987 1010 0110 33 011 -999 -999 -999 -999 -999 -999
IBTr 07E DOUGLAS   960729 1800 134N 0952W -99 -99 0982 1010 0120 33 012 -999 -999 -999 -999 -999 -999
IBTr 07E DOUGLAS   960730 0000 136N 0969W -99 -99 0980 1010 0120 36 012 -999 -999 -999 -999 -999 -999
IBTr 07E DOUGLAS   960730 0600 139N 0987W -99 -99 0977 1010 0130 38 013 -999 -999 -999 -999 -999 -999
IBTr 07E DOUGLAS   960730 1200 143N 1004W -99 -99 0975 1010 0130 41 013 -999 -999 -999 -999 -999 -999
IBTr 07E DOUGLAS   960730 1800 149N 1020W -99 -99 0970 1010 0130 43 013 -999 -999 -999 -999 -999 -999
IBTr 07E DOUGLAS   960731 0000 155N 1034W -99 -99 0968 1010 0130 46 013 -999 -999 -999 -999 -999 -999
IBTr 07E DOUGLAS   960731 0600 160N 1047W -99 -99 0965 1010 0130 48 013 -999 -999 -999 -999 -999 -999
IBTr 07E DOUGLAS   960731 1200 165N 1059W -99 -99 0960 1010 0130 51 013 -999 -999 -999 -999 -999 -999
IBTr 07E DOUGLAS   960731 1800 170N 1070W -99 -99 0958 1010 0130 54 013 -999 -999 -999 -999 -999 -999
IBTr 07E DOUGLAS   960801 0000 176N 1080W -99 -99 0952 1010 0130 59 013 -999 -999 -999 -999 -999 -999
IBTr 07E DOUGLAS   960801 0600 182N 1090W -99 -99 0948 1010 0130 59 013 -999 -999 -999 -999 -999 -999
IBTr 07E DOUGLAS   960801 1200 189N 1100W -99 -99 0946 1010 0130 59 013 -999 -999 -999 -999 -999 -999
IBTr 07E DOUGLAS   960801 1800 195N 1112W -99 -99 0947 1010 0130 59 013 -999 -999 -999 -999 -999 -999
IBTr 07E DOUGLAS   960802 0000 200N 1126W -99 -99 0948 1010 0130 59 013 -999 -999 -999 -999 -999 -999
IBTr 07E DOUGLAS   960802 0600 204N 1139W -99 -99 0950 1010 0130 59 013 -999 -999 -999 -999 -999 -999
IBTr 07E DOUGLAS   960802 1200 206N 1154W -99 -99 0955 1010 0140 56 014 -999 -999 -999 -999 -999 -999
IBTr 07E DOUGLAS   960802 1800 208N 1168W -99 -99 0965 1010 0140 51 014 -999 -999 -999 -999 -999 -999
IBTr 07E DOUGLAS   960803 0000 209N 1181W -99 -99 0970 1010 0130 41 013 -999 -999 -999 -999 -999 -999
IBTr 07E DOUGLAS   960803 0600 211N 1193W -99 -99 0975 1010 0130 33 013 -999 -999 -999 -999 -999 -999
IBTr 07E DOUGLAS   960803 1200 211N 1203W -99 -99 0980 1010 0130 30 013 -999 -999 -999 -999 -999 -999
IBTr 07E DOUGLAS   960803 1800 212N 1213W -99 -99 0988 1010 0120 28 012 -999 -999 -999 -999 -999 -999
IBTr 07E DOUGLAS   960804 0000 214N 1223W -99 -99 0993 1010 0110 25 011 -999 -999 -999 -999 -999 -999
IBTr 07E DOUGLAS   960804 0600 216N 1232W -99 -99 0995 1010 0110 23 011 -999 -999 -999 -999 -999 -999
IBTr 07E DOUGLAS   960804 1200 217N 1242W -99 -99 1000 1010 0100 20 010 -999 -999 -999 -999 -999 -999
IBTr 07E DOUGLAS   960804 1800 219N 1253W -99 -99 1003 1010 0100 18 010 -999 -999 -999 -999 -999 -999
IBTr 07E DOUGLAS   960805 0000 221N 1264W -99 -99 1005 1010 0090 15 009 -999 -999 -999 -999 -999 -999
IBTr 07E DOUGLAS   960805 0600 223N 1275W -99 -99 1009 1010 0090 15 009 -999 -999 -999 -999 -999 -999
IBTr 07E DOUGLAS   960805 1200 224N 1287W -99 -99 1009 1010 0090 15 009 -999 -999 -999 -999 -999 -999
IBTr 07E DOUGLAS   960805 1800 225N 1299W -99 -99 1009 1010 0090 12 009 -999 -999 -999 -999 -999 -999
IBTr 07E DOUGLAS   960806 0000 225N 1300W -99 -99 1009 1010 0090 10 009 -999 -999 -999 -999 -999 -999
