IBTr 08L HORTENSE  960903 1200 149N 0410W -99 -99 1006 1010 0090 12 009 -999 -999 -999 -999 -999 -999
IBTr 08L HORTENSE  960903 1800 149N 0427W -99 -99 1006 1010 0090 15 009 -999 -999 -999 -999 -999 -999
IBTr 08L HORTENSE  960904 0000 148N 0441W -99 -99 1006 1010 0090 15 009 -999 -999 -999 -999 -999 -999
IBTr 08L HORTENSE  960904 0600 147N 0454W -99 -99 1006 1010 0090 15 009 -999 -999 -999 -999 -999 -999
IBTr 08L HORTENSE  960904 1200 146N 0466W -99 -99 1006 1010 0090 15 009 -999 -999 -999 -999 -999 -999
IBTr 08L HORTENSE  960904 1800 147N 0475W -99 -99 1006 1010 0090 15 009 -999 -999 -999 -999 -999 -999
IBTr 08L HORTENSE  960905 0000 149N 0484W -99 -99 1006 1010 0090 15 009 -999 -999 -999 -999 -999 -999
IBTr 08L HORTENSE  960905 0600 148N 0495W -99 -99 1006 1010 0090 15 009 -999 -999 -999 -999 -999 -999
IBTr 08L HORTENSE  960905 1200 145N 0511W -99 -99 1006 1010 0090 15 009 -999 -999 -999 -999 -999 -999
IBTr 08L HORTENSE  960905 1800 143N 0526W -99 -99 1006 1010 0090 15 009 -999 -999 -999 -999 -999 -999
IBTr 08L HORTENSE  960906 0000 144N 0536W -99 -99 1006 1010 0090 15 009 -999 -999 -999 -999 -999 -999
IBTr 08L HORTENSE  960906 0600 146N 0543W -99 -99 1006 1010 0090 15 009 -999 -999 -999 -999 -999 -999
IBTr 08L HORTENSE  960906 1200 147N 0551W -99 -99 1006 1010 0090 15 009 -999 -999 -999 -999 -999 -999
IBTr 08L HORTENSE  960906 1800 149N 0557W -99 -99 1006 1010 0090 15 009 -999 -999 -999 -999 -999 -999
IBTr 08L HORTENSE  960907 0000 152N 0570W -99 -99 1006 1010 0090 15 009 -999 -999 -999 -999 -999 -999
IBTr 08L HORTENSE  960907 0600 154N 0583W -99 -99 1005 1010 0090 18 009 -999 -999 -999 -999 -999 -999
IBTr 08L HORTENSE  960907 1200 156N 0596W -99 -99 1004 1010 0090 20 009 -999 -999 -999 -999 -999 -999
IBTr 08L HORTENSE  960907 1800 158N 0604W -99 -99 1000 1010 0100 20 010 -999 -999 -999 -999 -999 -999
IBTr 08L HORTENSE  960908 0000 161N 0612W -99 -99 0996 1010 0100 25 010 -999 -999 -999 -999 -999 -999
IBTr 08L HORTENSE  960908 0600 161N 0620W -99 -99 0996 1010 0100 28 010 -999 -999 -999 -999 -999 -999
IBTr 08L HORTENSE  960908 1200 161N 0628W -99 -99 0996 1010 0100 30 010 -999 -999 -999 -999 -999 -999
IBTr 08L HORTENSE  960908 1800 161N 0636W -99 -99 0991 1010 0110 30 011 -999 -999 -999 -999 -999 -999
IBTr 08L HORTENSE  960909 0000 161N 0641W -99 -99 0990 1010 0110 30 011 -999 -999 -999 -999 -999 -999
IBTr 08L HORTENSE  960909 0600 161N 0645W -99 -99 0987 1010 0120 36 012 -999 -999 -999 -999 -999 -999
IBTr 08L HORTENSE  960909 1200 163N 0650W -99 -99 0985 1010 0120 36 012 -999 -999 -999 -999 -999 -999
IBTr 08L HORTENSE  960909 1800 166N 0656W -99 -99 0990 1010 0110 36 011 -999 -999 -999 -999 -999 -999
IBTr 08L HORTENSE  960910 0000 171N 0661W -99 -99 0989 1010 0110 36 011 -999 -999 -999 -999 -999 -999
IBTr 08L HORTENSE  960910 0600 180N 0669W -99 -99 0989 1010 0110 36 011 -999 -999 -999 -999 -999 -999
IBTr 08L HORTENSE  960910 1200 183N 0678W -99 -99 0989 1010 0110 33 011 -999 -999 -999 -999 -999 -999
IBTr 08L HORTENSE  960910 1800 189N 0684W -99 -99 0990 1010 0110 33 011 -999 -999 -999 -999 -999 -999
IBTr 08L HORTENSE  960911 0000 195N 0689W -99 -99 0982 1010 0120 36 012 -999 -999 -999 -999 -999 -999
IBTr 08L HORTENSE  960911 0600 201N 0695W -99 -99 0975 1010 0130 38 013 -999 -999 -999 -999 -999 -999
IBTr 08L HORTENSE  960911 1200 209N 0701W -99 -99 0971 1010 0130 46 013 -999 -999 -999 -999 -999 -999
IBTr 08L HORTENSE  960911 1800 216N 0706W -99 -99 0970 1010 0130 48 013 -999 -999 -999 -999 -999 -999
IBTr 08L HORTENSE  960912 0000 223N 0711W -99 -99 0967 1010 0140 51 014 -999 -999 -999 -999 -999 -999
IBTr 08L HORTENSE  960912 0600 230N 0714W -99 -99 0962 1010 0140 54 014 -999 -999 -999 -999 -999 -999
IBTr 08L HORTENSE  960912 1200 239N 0718W -99 -99 0959 1010 0140 59 014 -999 -999 -999 -999 -999 -999
IBTr 08L HORTENSE  960912 1800 247N 0718W -99 -99 0946 1010 0130 59 013 -999 -999 -999 -999 -999 -999
IBTr 08L HORTENSE  960913 0000 259N 0715W -99 -99 0935 1010 0120 61 012 -999 -999 -999 -999 -999 -999
IBTr 08L HORTENSE  960913 0600 272N 0714W -99 -99 0942 1010 0130 59 013 -999 -999 -999 -999 -999 -999
IBTr 08L HORTENSE  960913 1200 290N 0709W -99 -99 0948 1010 0140 51 014 -999 -999 -999 -999 -999 -999
IBTr 08L HORTENSE  960913 1800 310N 0703W -99 -99 0948 1010 0140 51 014 -999 -999 -999 -999 -999 -999
IBTr 08L HORTENSE  960914 0000 333N 0695W -99 -99 0948 1010 0140 46 014 -999 -999 -999 -999 -999 -999
IBTr 08L HORTENSE  960914 0600 359N 0684W -99 -99 0955 1010 0140 46 014 -999 -999 -999 -999 -999 -999
IBTr 08L HORTENSE  960914 1200 385N 0671W -99 -99 0960 1010 0150 43 015 -999 -999 -999 -999 -999 -999
IBTr 08L HORTENSE  960914 1800 420N 0652W -99 -99 0960 1010 0150 38 015 -999 -999 -999 -999 -999 -999
IBTr 08L HORTENSE  960915 0000 443N 0633W -99 -99 0970 1010 0150 36 015 -999 -999 -999 -999 -999 -999
IBTr 08L HORTENSE  960915 0300 448N 0625W -99 -99 0978 1010 0140 36 014 -999 -999 -999 -999 -999 -999
IBTr 08L HORTENSE  960915 0600 455N 0615W -99 -99 0980 1010 0140 33 014 -999 -999 -999 -999 -999 -999
IBTr 08L HORTENSE  960915 1200 463N 0591W -99 -99 0982 1010 0140 30 014 -999 -999 -999 -999 -999 -999
IBTr 08L HORTENSE  960915 1800 460N 0550W -99 -99 0996 1010 0120 20 012 -999 -999 -999 -999 -999 -999
IBTr 08L HORTENSE  960916 0000 460N 0540W -99 -99 0998 1010 0110 20 011 -999 -999 -999 -999 -999 -999
IBTr 08L HORTENSE  960916 0600 450N 0500W -99 -99 0999 1010 0110 18 011 -999 -999 -999 -999 -999 -999
