IBTr 05L EDOUARD   960819 1800 124N 0199W -99 -99 1007 1010 0090 12 009 -999 -999 -999 -999 -999 -999
IBTr 05L EDOUARD   960820 0000 124N 0207W -99 -99 1007 1010 0090 12 009 -999 -999 -999 -999 -999 -999
IBTr 05L EDOUARD   960820 0600 124N 0216W -99 -99 1007 1010 0090 12 009 -999 -999 -999 -999 -999 -999
IBTr 05L EDOUARD   960820 1200 125N 0226W -99 -99 1007 1010 0090 12 009 -999 -999 -999 -999 -999 -999
IBTr 05L EDOUARD   960820 1800 126N 0238W -99 -99 1007 1010 0090 12 009 -999 -999 -999 -999 -999 -999
IBTr 05L EDOUARD   960821 0000 126N 0253W -99 -99 1007 1010 0090 12 009 -999 -999 -999 -999 -999 -999
IBTr 05L EDOUARD   960821 0600 128N 0267W -99 -99 1007 1010 0090 12 009 -999 -999 -999 -999 -999 -999
IBTr 05L EDOUARD   960821 1200 129N 0279W -99 -99 1007 1010 0090 12 009 -999 -999 -999 -999 -999 -999
IBTr 05L EDOUARD   960821 1800 130N 0292W -99 -99 1006 1010 0090 12 009 -999 -999 -999 -999 -999 -999
IBTr 05L EDOUARD   960822 0000 131N 0303W -99 -99 1006 1010 0090 15 009 -999 -999 -999 -999 -999 -999
IBTr 05L EDOUARD   960822 0600 132N 0316W -99 -99 1005 1010 0090 18 009 -999 -999 -999 -999 -999 -999
IBTr 05L EDOUARD   960822 1200 134N 0329W -99 -99 1003 1010 0090 20 009 -999 -999 -999 -999 -999 -999
IBTr 05L EDOUARD   960822 1800 135N 0344W -99 -99 1002 1010 0090 20 009 -999 -999 -999 -999 -999 -999
IBTr 05L EDOUARD   960823 0000 137N 0358W -99 -99 1000 1010 0100 23 010 -999 -999 -999 -999 -999 -999
IBTr 05L EDOUARD   960823 0600 138N 0370W -99 -99 0996 1010 0100 25 010 -999 -999 -999 -999 -999 -999
IBTr 05L EDOUARD   960823 1200 139N 0383W -99 -99 0988 1010 0110 33 011 -999 -999 -999 -999 -999 -999
IBTr 05L EDOUARD   960823 1800 140N 0398W -99 -99 0986 1010 0120 33 012 -999 -999 -999 -999 -999 -999
IBTr 05L EDOUARD   960824 0000 141N 0411W -99 -99 0983 1010 0120 36 012 -999 -999 -999 -999 -999 -999
IBTr 05L EDOUARD   960824 0600 141N 0424W -99 -99 0980 1010 0120 38 012 -999 -999 -999 -999 -999 -999
IBTr 05L EDOUARD   960824 1200 144N 0436W -99 -99 0970 1010 0130 46 013 -999 -999 -999 -999 -999 -999
IBTr 05L EDOUARD   960824 1800 146N 0447W -99 -99 0960 1010 0130 51 013 -999 -999 -999 -999 -999 -999
IBTr 05L EDOUARD   960825 0000 150N 0458W -99 -99 0942 1010 0130 61 013 -999 -999 -999 -999 -999 -999
IBTr 05L EDOUARD   960825 0600 154N 0470W -99 -99 0933 1010 0120 64 012 -999 -999 -999 -999 -999 -999
IBTr 05L EDOUARD   960825 1200 159N 0483W -99 -99 0934 1010 0120 64 012 -999 -999 -999 -999 -999 -999
IBTr 05L EDOUARD   960825 1800 165N 0496W -99 -99 0935 1010 0120 64 012 -999 -999 -999 -999 -999 -999
IBTr 05L EDOUARD   960826 0000 170N 0509W -99 -99 0936 1010 0120 64 012 -999 -999 -999 -999 -999 -999
IBTr 05L EDOUARD   960826 0600 175N 0520W -99 -99 0936 1010 0120 64 012 -999 -999 -999 -999 -999 -999
IBTr 05L EDOUARD   960826 1200 179N 0532W -99 -99 0937 1010 0120 64 012 -999 -999 -999 -999 -999 -999
IBTr 05L EDOUARD   960826 1800 184N 0545W -99 -99 0938 1010 0120 64 012 -999 -999 -999 -999 -999 -999
IBTr 05L EDOUARD   960827 0000 189N 0556W -99 -99 0942 1010 0130 64 013 -999 -999 -999 -999 -999 -999
IBTr 05L EDOUARD   960827 0600 195N 0569W -99 -99 0948 1010 0130 61 013 -999 -999 -999 -999 -999 -999
IBTr 05L EDOUARD   960827 1200 200N 0581W -99 -99 0952 1010 0130 59 013 -999 -999 -999 -999 -999 -999
IBTr 05L EDOUARD   960827 1800 204N 0593W -99 -99 0951 1010 0130 59 013 -999 -999 -999 -999 -999 -999
IBTr 05L EDOUARD   960828 0000 209N 0604W -99 -99 0944 1010 0130 64 013 -999 -999 -999 -999 -999 -999
IBTr 05L EDOUARD   960828 0600 213N 0617W -99 -99 0952 1010 0140 59 014 -999 -999 -999 -999 -999 -999
IBTr 05L EDOUARD   960828 1200 219N 0632W -99 -99 0960 1010 0140 56 014 -999 -999 -999 -999 -999 -999
IBTr 05L EDOUARD   960828 1800 223N 0646W -99 -99 0956 1010 0140 56 014 -999 -999 -999 -999 -999 -999
IBTr 05L EDOUARD   960829 0000 229N 0659W -99 -99 0957 1010 0140 56 014 -999 -999 -999 -999 -999 -999
IBTr 05L EDOUARD   960829 0600 234N 0671W -99 -99 0961 1010 0140 56 014 -999 -999 -999 -999 -999 -999
IBTr 05L EDOUARD   960829 1200 240N 0681W -99 -99 0950 1010 0140 59 014 -999 -999 -999 -999 -999 -999
IBTr 05L EDOUARD   960829 1800 247N 0690W -99 -99 0948 1010 0130 61 013 -999 -999 -999 -999 -999 -999
IBTr 05L EDOUARD   960830 0000 255N 0695W -99 -99 0941 1010 0130 61 013 -999 -999 -999 -999 -999 -999
IBTr 05L EDOUARD   960830 0600 264N 0699W -99 -99 0939 1010 0130 61 013 -999 -999 -999 -999 -999 -999
IBTr 05L EDOUARD   960830 1200 274N 0702W -99 -99 0938 1010 0130 61 013 -999 -999 -999 -999 -999 -999
IBTr 05L EDOUARD   960830 1800 285N 0705W -99 -99 0934 1010 0120 61 012 -999 -999 -999 -999 -999 -999
IBTr 05L EDOUARD   960831 0000 295N 0705W -99 -99 0944 1010 0130 56 013 -999 -999 -999 -999 -999 -999
IBTr 05L EDOUARD   960831 0600 304N 0706W -99 -99 0950 1010 0140 54 014 -999 -999 -999 -999 -999 -999
IBTr 05L EDOUARD   960831 1200 316N 0703W -99 -99 0952 1010 0140 54 014 -999 -999 -999 -999 -999 -999
IBTr 05L EDOUARD   960831 1800 327N 0701W -99 -99 0953 1010 0140 51 014 -999 -999 -999 -999 -999 -999
IBTr 05L EDOUARD   960901 0000 340N 0701W -99 -99 0959 1010 0140 51 014 -999 -999 -999 -999 -999 -999
IBTr 05L EDOUARD   960901 0600 352N 0701W -99 -99 0958 1010 0140 51 014 -999 -999 -999 -999 -999 -999
IBTr 05L EDOUARD   960901 1200 365N 0702W -99 -99 0958 1010 0140 48 014 -999 -999 -999 -999 -999 -999
IBTr 05L EDOUARD   960901 1800 375N 0700W -99 -99 0960 1010 0150 43 015 -999 -999 -999 -999 -999 -999
IBTr 05L EDOUARD   960902 0000 387N 0695W -99 -99 0964 1010 0150 41 015 -999 -999 -999 -999 -999 -999
IBTr 05L EDOUARD   960902 0600 398N 0694W -99 -99 0961 1010 0150 36 015 -999 -999 -999 -999 -999 -999
IBTr 05L EDOUARD   960902 1200 405N 0683W -99 -99 0962 1010 0150 36 015 -999 -999 -999 -999 -999 -999
IBTr 05L EDOUARD   960902 1800 413N 0673W -99 -99 0972 1010 0140 33 014 -999 -999 -999 -999 -999 -999
IBTr 05L EDOUARD   960903 0000 420N 0668W -99 -99 0978 1010 0140 30 014 -999 -999 -999 -999 -999 -999
IBTr 05L EDOUARD   960903 0600 422N 0660W -99 -99 0985 1010 0130 28 013 -999 -999 -999 -999 -999 -999
IBTr 05L EDOUARD   960903 1200 425N 0650W -99 -99 0992 1010 0120 25 012 -999 -999 -999 -999 -999 -999
IBTr 05L EDOUARD   960903 1800 427N 0630W -99 -99 0995 1010 0120 25 012 -999 -999 -999 -999 -999 -999
IBTr 05L EDOUARD   960904 0000 432N 0598W -99 -99 0997 1010 0110 25 011 -999 -999 -999 -999 -999 -999
IBTr 05L EDOUARD   960904 0600 433N 0575W -99 -99 0994 1010 0120 25 012 -999 -999 -999 -999 -999 -999
IBTr 05L EDOUARD   960904 1200 434N 0555W -99 -99 0994 1010 0120 25 012 -999 -999 -999 -999 -999 -999
IBTr 05L EDOUARD   960904 1800 435N 0535W -99 -99 0995 1010 0120 25 012 -999 -999 -999 -999 -999 -999
IBTr 05L EDOUARD   960905 0000 435N 0515W -99 -99 0995 1010 0120 25 012 -999 -999 -999 -999 -999 -999
IBTr 05L EDOUARD   960905 0600 435N 0500W -99 -99 0994 1010 0120 23 012 -999 -999 -999 -999 -999 -999
IBTr 05L EDOUARD   960905 1200 435N 0485W -99 -99 0994 1010 0120 23 012 -999 -999 -999 -999 -999 -999
IBTr 05L EDOUARD   960905 1800 437N 0475W -99 -99 0995 1010 0120 23 012 -999 -999 -999 -999 -999 -999
IBTr 05L EDOUARD   960906 0000 445N 0460W -99 -99 0995 1010 0120 20 012 -999 -999 -999 -999 -999 -999
IBTr 05L EDOUARD   960906 0600 460N 0440W -99 -99 0994 1010 0120 20 012 -999 -999 -999 -999 -999 -999
IBTr 05L EDOUARD   960906 1200 480N 0430W -99 -99 0992 1010 0120 20 012 -999 -999 -999 -999 -999 -999
IBTr 05L EDOUARD   960906 1800 500N 0410W -99 -99 0990 1010 0130 20 013 -999 -999 -999 -999 -999 -999
