IBTr 02E UNNAMED   960515 1200 128N 1087W -99 -99 0000 1010 0000 15 000 -999 -999 -999 -999 -999 -999
IBTr 02E UNNAMED   960515 1800 128N 1085W -99 -99 0000 1010 0000 15 000 -999 -999 -999 -999 -999 -999
IBTr 02E UNNAMED   960516 0000 129N 1083W -99 -99 0000 1010 0000 15 000 -999 -999 -999 -999 -999 -999
IBTr 02E UNNAMED   960516 0600 130N 1084W -99 -99 0000 1010 0000 15 000 -999 -999 -999 -999 -999 -999
IBTr 02E UNNAMED   960516 1200 130N 1086W -99 -99 0000 1010 0000 15 000 -999 -999 -999 -999 -999 -999
IBTr 02E UNNAMED   960516 1800 131N 1090W -99 -99 0000 1010 0000 15 000 -999 -999 -999 -999 -999 -999
IBTr 02E UNNAMED   960517 0000 132N 1095W -99 -99 0000 1010 0000 15 000 -999 -999 -999 -999 -999 -999
IBTr 02E UNNAMED   960517 0600 132N 1100W -99 -99 0000 1010 0000 15 000 -999 -999 -999 -999 -999 -999
IBTr 02E UNNAMED   960517 1200 131N 1104W -99 -99 0000 1010 0000 15 000 -999 -999 -999 -999 -999 -999
IBTr 02E UNNAMED   960517 1800 130N 1110W -99 -99 0000 1010 0000 15 000 -999 -999 -999 -999 -999 -999
IBTr 02E UNNAMED   960518 0000 130N 1118W -99 -99 0000 1010 0000 15 000 -999 -999 -999 -999 -999 -999
IBTr 02E UNNAMED   960518 0600 131N 1125W -99 -99 0000 1010 0000 15 000 -999 -999 -999 -999 -999 -999
IBTr 02E UNNAMED   960518 1200 133N 1132W -99 -99 0000 1010 0000 12 000 -999 -999 -999 -999 -999 -999
IBTr 02E UNNAMED   960518 1800 135N 1138W -99 -99 0000 1010 0000 12 000 -999 -999 -999 -999 -999 -999
IBTr 02E UNNAMED   960519 0000 136N 1144W -99 -99 0000 1010 0000 10 000 -999 -999 -999 -999 -999 -999
