IBTr 08P BETI      960319 0600 119S 1699E -99 -99 -999 1010 0000 -9 000 -999 -999 -999 -999 -999 -999
IBTr 08P BETI      960319 1200 120S 1701E -99 -99 -999 1010 0000 -9 000 -999 -999 -999 -999 -999 -999
IBTr 08P BETI      960319 1800 121S 1703E -99 -99 -999 1010 0000 -9 000 -999 -999 -999 -999 -999 -999
IBTr 08P BETI      960320 0000 122S 1705E -99 -99 -999 1010 0000 -9 000 -999 -999 -999 -999 -999 -999
IBTr 08P BETI      960320 0600 123S 1705E -99 -99 -999 1010 0000 -9 000 -999 -999 -999 -999 -999 -999
IBTr 08P BETI      960320 1200 124S 1705E -99 -99 -999 1010 0000 -9 000 -999 -999 -999 -999 -999 -999
IBTr 08P BETI      960320 1800 125S 1703E -99 -99 -999 1010 0000 -9 000 -999 -999 -999 -999 -999 -999
IBTr 08P BETI      960321 0000 126S 1702E -99 -99 0998 1010 0100 15 010 -999 -999 -999 -999 -999 -999
IBTr 08P BETI      960321 0600 127S 1701E -99 -99 0998 1010 0100 15 010 -999 -999 -999 -999 -999 -999
IBTr 08P BETI      960321 1200 128S 1699E -99 -99 0997 1010 0100 15 010 -999 -999 -999 -999 -999 -999
IBTr 08P BETI      960321 1800 129S 1698E -99 -99 0997 1010 0100 15 010 -999 -999 -999 -999 -999 -999
IBTr 08P BETI      960322 0000 129S 1697E -99 -99 0997 1010 0100 15 010 -999 -999 -999 -999 -999 -999
IBTr 08P BETI      960322 0600 129S 1695E -99 -99 0997 1010 0100 15 010 -999 -999 -999 -999 -999 -999
IBTr 08P BETI      960322 1200 131S 1694E -99 -99 0996 1010 0100 18 010 -999 -999 -999 -999 -999 -999
IBTr 08P BETI      960322 1800 136S 1694E -99 -99 0996 1010 0100 18 010 -999 -999 -999 -999 -999 -999
IBTr 08P BETI      960323 0000 143S 1693E -99 -99 0996 1010 0100 18 010 -999 -999 -999 -999 -999 -999
IBTr 08P BETI      960323 0600 148S 1692E -99 -99 0996 1010 0100 18 010 -999 -999 -999 -999 -999 -999
IBTr 08P BETI      960323 1200 152S 1691E -99 -99 0995 1010 0100 18 010 -999 -999 -999 -999 -999 -999
IBTr 08P BETI      960323 1800 155S 1688E -99 -99 0995 1010 0100 18 010 -999 -999 -999 -999 -999 -999
IBTr 08P BETI      960324 0000 157S 1685E -99 -99 0990 1010 0110 20 011 -999 -999 -999 -999 -999 -999
IBTr 08P BETI      960324 0600 161S 1679E -99 -99 0987 1010 0120 23 012 -999 -999 -999 -999 -999 -999
IBTr 08P BETI      960324 1200 163S 1674E -99 -99 0987 1010 0120 23 012 -999 -999 -999 -999 -999 -999
IBTr 08P BETI      960324 1800 166S 1667E -99 -99 0985 1010 0120 25 012 -999 -999 -999 -999 -999 -999
IBTr 08P BETI      960325 0000 170S 1659E -99 -99 0980 1010 0120 28 012 -999 -999 -999 -999 -999 -999
IBTr 08P BETI      960325 0600 172S 1652E -99 -99 0975 1010 0130 30 013 -999 -999 -999 -999 -999 -999
IBTr 08P BETI      960325 1200 174S 1646E -99 -99 0970 1010 0130 33 013 -999 -999 -999 -999 -999 -999
IBTr 08P BETI      960325 1800 177S 1642E -99 -99 0965 1010 0130 36 013 -999 -999 -999 -999 -999 -999
IBTr 08P BETI      960326 0000 181S 1642E -99 -99 0965 1010 0130 36 013 -999 -999 -999 -999 -999 -999
IBTr 08P BETI      960326 0600 184S 1642E -99 -99 0960 1010 0140 38 014 -999 -999 -999 -999 -999 -999
IBTr 08P BETI      960326 1200 189S 1643E -99 -99 0955 1010 0130 41 013 -999 -999 -999 -999 -999 -999
IBTr 08P BETI      960326 1800 197S 1647E -99 -99 0945 1010 0130 43 013 -999 -999 -999 -999 -999 -999
IBTr 08P BETI      960327 0000 206S 1651E -99 -99 0940 1010 0130 46 013 -999 -999 -999 -999 -999 -999
IBTr 08P BETI      960327 0600 219S 1658E -99 -99 0935 1010 0120 46 012 -999 -999 -999 -999 -999 -999
IBTr 08P BETI      960327 1200 225S 1661E -99 -99 0950 1010 0130 41 013 -999 -999 -999 -999 -999 -999
IBTr 08P BETI      960327 1800 233S 1666E -99 -99 0975 1010 0130 30 013 -999 -999 -999 -999 -999 -999
IBTr 08P BETI      960328 0000 242S 1671E -99 -99 0980 1010 0130 28 013 -999 -999 -999 -999 -999 -999
IBTr 08P BETI      960328 0600 252S 1681E -99 -99 0980 1010 0130 28 013 -999 -999 -999 -999 -999 -999
IBTr 08P BETI      960328 1200 261S 1690E -99 -99 0980 1010 0130 28 013 -999 -999 -999 -999 -999 -999
IBTr 08P BETI      960328 1800 272S 1707E -99 -99 0980 1010 0130 28 013 -999 -999 -999 -999 -999 -999
IBTr 08P BETI      960329 0000 281S 1720E -99 -99 0985 1010 0120 25 012 -999 -999 -999 -999 -999 -999
IBTr 08P BETI      960329 0600 294S 1737E -99 -99 0985 1010 0120 25 012 -999 -999 -999 -999 -999 -999
IBTr 08P BETI      960329 1200 308S 1756E -99 -99 0987 1010 0120 23 012 -999 -999 -999 -999 -999 -999
IBTr 08P BETI      960329 1800 316S 1775E -99 -99 0990 1010 0120 20 012 -999 -999 -999 -999 -999 -999
IBTr 08P BETI      960330 0000 325S 1790E -99 -99 0990 1010 0120 20 012 -999 -999 -999 -999 -999 -999
IBTr 08P BETI      960330 0600 334S 1799E -99 -99 0990 1010 0120 20 012 -999 -999 -999 -999 -999 -999
IBTr 08P BETI      960330 1200 348S 1800E -99 -99 0990 1010 0120 20 012 -999 -999 -999 -999 -999 -999
IBTr 08P BETI      960330 1800 360S 1795E -99 -99 0990 1010 0120 20 012 -999 -999 -999 -999 -999 -999
IBTr 08P BETI      960331 0000 365S 1790E -99 -99 0990 1010 0120 20 012 -999 -999 -999 -999 -999 -999
IBTr 08P BETI      960331 0600 373S 1795E -99 -99 0990 1010 0120 20 012 -999 -999 -999 -999 -999 -999
IBTr 08P BETI      960331 1200 378S 1798E -99 -99 0990 1010 0120 20 012 -999 -999 -999 -999 -999 -999
IBTr 08P BETI      960331 1800 382S 1799W -99 -99 0990 1010 0120 20 012 -999 -999 -999 -999 -999 -999
IBTr 08P BETI      960401 0000 389S 1794W -99 -99 0995 1010 0120 18 012 -999 -999 -999 -999 -999 -999
IBTr 08P BETI      960401 0600 400S 1786W -99 -99 0997 1010 0110 15 011 -999 -999 -999 -999 -999 -999
IBTr 08P BETI      960401 1200 410S 1780W -99 -99 0997 1010 0110 15 011 -999 -999 -999 -999 -999 -999
IBTr 08P BETI      960401 1800 423S 1773W -99 -99 0997 1010 0110 15 011 -999 -999 -999 -999 -999 -999
IBTr 08P BETI      960402 0000 445S 1760W -99 -99 0997 1010 0110 15 011 -999 -999 -999 -999 -999 -999
IBTr 08P BETI      960402 0600 460S 1755W -99 -99 0997 1010 0120 15 012 -999 -999 -999 -999 -999 -999
IBTr 08P BETI      960402 1200 485S 1752W -99 -99 0997 1010 0120 15 012 -999 -999 -999 -999 -999 -999
IBTr 08P BETI      960402 1800 520S 1750W -99 -99 0997 1010 0120 15 012 -999 -999 -999 -999 -999 -999
