IBTr 03S FRANK     951206 0000 103S 1158E -99 -99 -999 1010 0000 -9 000 -999 -999 -999 -999 -999 -999
IBTr 03S FRANK     951206 0400 104S 1168E -99 -99 1005 1010 0090 09 009 -999 -999 -999 -999 -999 -999
IBTr 03S FRANK     951206 0600 106S 1166E -99 -99 -999 1010 0000 -9 000 -999 -999 -999 -999 -999 -999
IBTr 03S FRANK     951206 0700 105S 1170E -99 -99 1003 1010 0090 10 009 -999 -999 -999 -999 -999 -999
IBTr 03S FRANK     951206 1000 107S 1173E -99 -99 1002 1010 0090 11 009 -999 -999 -999 -999 -999 -999
IBTr 03S FRANK     951206 1200 111S 1175E -99 -99 -999 1010 0000 -9 000 -999 -999 -999 -999 -999 -999
IBTr 03S FRANK     951206 1300 109S 1176E -99 -99 1002 1010 0090 11 009 -999 -999 -999 -999 -999 -999
IBTr 03S FRANK     951206 1600 111S 1179E -99 -99 1000 1010 0100 13 010 -999 -999 -999 -999 -999 -999
IBTr 03S FRANK     951206 1800 115S 1180E -99 -99 -999 1010 0000 -9 000 -999 -999 -999 -999 -999 -999
IBTr 03S FRANK     951206 1900 113S 1181E -99 -99 0998 1010 0100 14 010 -999 -999 -999 -999 -999 -999
IBTr 03S FRANK     951206 2200 115S 1185E -99 -99 0996 1010 0100 16 010 -999 -999 -999 -999 -999 -999
IBTr 03S FRANK     951207 0000 118S 1185E -99 -99 -999 1010 0000 -9 000 -999 -999 -999 -999 -999 -999
IBTr 03S FRANK     951207 0100 118S 1187E -99 -99 0996 1010 0100 16 010 -999 -999 -999 -999 -999 -999
IBTr 03S FRANK     951207 0400 123S 1188E -99 -99 0995 1010 0100 18 010 -999 -999 -999 -999 -999 -999
IBTr 03S FRANK     951207 0600 125S 1186E -99 -99 -999 1010 0000 -9 000 -999 -999 -999 -999 -999 -999
IBTr 03S FRANK     951207 0700 126S 1188E -99 -99 0995 1010 0100 18 010 -999 -999 -999 -999 -999 -999
IBTr 03S FRANK     951207 1000 129S 1187E -99 -99 0995 1010 0100 18 010 -999 -999 -999 -999 -999 -999
IBTr 03S FRANK     951207 1200 130S 1184E -99 -99 -999 1010 0000 -9 000 -999 -999 -999 -999 -999 -999
IBTr 03S FRANK     951207 1300 131S 1186E -99 -99 0990 1010 0110 21 011 -999 -999 -999 -999 -999 -999
IBTr 03S FRANK     951207 1600 134S 1184E -99 -99 0990 1010 0110 21 011 -999 -999 -999 -999 -999 -999
IBTr 03S FRANK     951207 1800 135S 1180E -99 -99 -999 1010 0000 -9 000 -999 -999 -999 -999 -999 -999
IBTr 03S FRANK     951207 1900 136S 1182E -99 -99 0990 1010 0110 21 011 -999 -999 -999 -999 -999 -999
IBTr 03S FRANK     951207 2200 138S 1179E -99 -99 0985 1010 0120 24 012 -999 -999 -999 -999 -999 -999
IBTr 03S FRANK     951208 0000 140S 1177E -99 -99 -999 1010 0000 -9 000 -999 -999 -999 -999 -999 -999
IBTr 03S FRANK     951208 0100 141S 1177E -99 -99 0985 1010 0120 24 012 -999 -999 -999 -999 -999 -999
IBTr 03S FRANK     951208 0400 143S 1175E -99 -99 0985 1010 0120 24 012 -999 -999 -999 -999 -999 -999
IBTr 03S FRANK     951208 0600 145S 1173E -99 -99 -999 1010 0000 -9 000 -999 -999 -999 -999 -999 -999
IBTr 03S FRANK     951208 0700 147S 1173E -99 -99 0980 1010 0120 27 012 -999 -999 -999 -999 -999 -999
IBTr 03S FRANK     951208 1000 151S 1170E -99 -99 0980 1010 0120 27 012 -999 -999 -999 -999 -999 -999
IBTr 03S FRANK     951208 1200 151S 1170E -99 -99 -999 1010 0000 -9 000 -999 -999 -999 -999 -999 -999
IBTr 03S FRANK     951208 1300 154S 1168E -99 -99 0975 1010 0130 30 013 -999 -999 -999 -999 -999 -999
IBTr 03S FRANK     951208 1600 156S 1166E -99 -99 0975 1010 0130 30 013 -999 -999 -999 -999 -999 -999
IBTr 03S FRANK     951208 1800 158S 1166E -99 -99 -999 1010 0000 -9 000 -999 -999 -999 -999 -999 -999
IBTr 03S FRANK     951208 1900 159S 1164E -99 -99 0970 1010 0130 33 013 -999 -999 -999 -999 -999 -999
IBTr 03S FRANK     951208 2200 162S 1162E -99 -99 0965 1010 0130 36 013 -999 -999 -999 -999 -999 -999
IBTr 03S FRANK     951209 0000 165S 1162E -99 -99 -999 1010 0000 -9 000 -999 -999 -999 -999 -999 -999
IBTr 03S FRANK     951209 0100 165S 1160E -99 -99 0965 1010 0130 36 013 -999 -999 -999 -999 -999 -999
IBTr 03S FRANK     951209 0400 170S 1157E -99 -99 0965 1010 0130 36 013 -999 -999 -999 -999 -999 -999
IBTr 03S FRANK     951209 0600 173S 1159E -99 -99 -999 1010 0000 -9 000 -999 -999 -999 -999 -999 -999
IBTr 03S FRANK     951209 0700 173S 1157E -99 -99 0960 1010 0130 39 013 -999 -999 -999 -999 -999 -999
IBTr 03S FRANK     951209 1000 177S 1156E -99 -99 0955 1010 0130 41 013 -999 -999 -999 -999 -999 -999
IBTr 03S FRANK     951209 1200 179S 1156E -99 -99 -999 1010 0000 -9 000 -999 -999 -999 -999 -999 -999
IBTr 03S FRANK     951209 1300 181S 1154E -99 -99 0955 1010 0130 41 013 -999 -999 -999 -999 -999 -999
IBTr 03S FRANK     951209 1600 184S 1153E -99 -99 0955 1010 0130 41 013 -999 -999 -999 -999 -999 -999
IBTr 03S FRANK     951209 1800 186S 1154E -99 -99 -999 1010 0000 -9 000 -999 -999 -999 -999 -999 -999
IBTr 03S FRANK     951209 1900 186S 1152E -99 -99 0955 1010 0130 41 013 -999 -999 -999 -999 -999 -999
IBTr 03S FRANK     951209 2200 189S 1151E -99 -99 0950 1010 0130 43 013 -999 -999 -999 -999 -999 -999
IBTr 03S FRANK     951210 0000 192S 1150E -99 -99 -999 1010 0000 -9 000 -999 -999 -999 -999 -999 -999
IBTr 03S FRANK     951210 0100 193S 1149E -99 -99 0950 1010 0130 43 013 -999 -999 -999 -999 -999 -999
IBTr 03S FRANK     951210 0400 196S 1147E -99 -99 0950 1010 0130 43 013 -999 -999 -999 -999 -999 -999
IBTr 03S FRANK     951210 0600 198S 1147E -99 -99 -999 1010 0000 -9 000 -999 -999 -999 -999 -999 -999
IBTr 03S FRANK     951210 0700 198S 1146E -99 -99 0950 1010 0130 43 013 -999 -999 -999 -999 -999 -999
IBTr 03S FRANK     951210 1000 200S 1145E -99 -99 0955 1010 0140 41 014 -999 -999 -999 -999 -999 -999
IBTr 03S FRANK     951210 1200 202S 1144E -99 -99 -999 1010 0000 -9 000 -999 -999 -999 -999 -999 -999
IBTr 03S FRANK     951210 1300 201S 1143E -99 -99 0960 1010 0140 39 014 -999 -999 -999 -999 -999 -999
IBTr 03S FRANK     951210 1600 202S 1142E -99 -99 0965 1010 0140 36 014 -999 -999 -999 -999 -999 -999
IBTr 03S FRANK     951210 1800 204S 1142E -99 -99 -999 1010 0000 -9 000 -999 -999 -999 -999 -999 -999
IBTr 03S FRANK     951210 1900 204S 1142E -99 -99 0965 1010 0140 36 014 -999 -999 -999 -999 -999 -999
IBTr 03S FRANK     951210 2200 207S 1141E -99 -99 0965 1010 0140 36 014 -999 -999 -999 -999 -999 -999
IBTr 03S FRANK     951211 0000 208S 1138E -99 -99 -999 1010 0000 -9 000 -999 -999 -999 -999 -999 -999
IBTr 03S FRANK     951211 0100 209S 1139E -99 -99 0965 1010 0140 36 014 -999 -999 -999 -999 -999 -999
IBTr 03S FRANK     951211 0400 211S 1137E -99 -99 0965 1010 0140 36 014 -999 -999 -999 -999 -999 -999
IBTr 03S FRANK     951211 0600 213S 1135E -99 -99 -999 1010 0000 -9 000 -999 -999 -999 -999 -999 -999
IBTr 03S FRANK     951211 0700 214S 1134E -99 -99 0965 1010 0140 36 014 -999 -999 -999 -999 -999 -999
IBTr 03S FRANK     951211 1000 217S 1132E -99 -99 0965 1010 0140 36 014 -999 -999 -999 -999 -999 -999
IBTr 03S FRANK     951211 1200 218S 1132E -99 -99 -999 1010 0000 -9 000 -999 -999 -999 -999 -999 -999
IBTr 03S FRANK     951211 1300 219S 1130E -99 -99 0970 1010 0130 33 013 -999 -999 -999 -999 -999 -999
IBTr 03S FRANK     951211 1600 221S 1129E -99 -99 0970 1010 0130 33 013 -999 -999 -999 -999 -999 -999
IBTr 03S FRANK     951211 1800 223S 1130E -99 -99 -999 1010 0000 -9 000 -999 -999 -999 -999 -999 -999
IBTr 03S FRANK     951211 1900 224S 1128E -99 -99 0975 1010 0130 30 013 -999 -999 -999 -999 -999 -999
IBTr 03S FRANK     951211 2200 227S 1128E -99 -99 0980 1010 0130 27 013 -999 -999 -999 -999 -999 -999
IBTr 03S FRANK     951212 0000 228S 1129E -99 -99 -999 1010 0000 -9 000 -999 -999 -999 -999 -999 -999
IBTr 03S FRANK     951212 0100 229S 1128E -99 -99 0985 1010 0120 24 012 -999 -999 -999 -999 -999 -999
IBTr 03S FRANK     951212 0400 232S 1128E -99 -99 0985 1010 0120 24 012 -999 -999 -999 -999 -999 -999
IBTr 03S FRANK     951212 0600 234S 1129E -99 -99 -999 1010 0000 -9 000 -999 -999 -999 -999 -999 -999
IBTr 03S FRANK     951212 0700 236S 1129E -99 -99 0990 1010 0120 21 012 -999 -999 -999 -999 -999 -999
IBTr 03S FRANK     951212 1000 240S 1131E -99 -99 0990 1010 0120 21 012 -999 -999 -999 -999 -999 -999
IBTr 03S FRANK     951212 1200 242S 1132E -99 -99 -999 1010 0000 -9 000 -999 -999 -999 -999 -999 -999
IBTr 03S FRANK     951212 1300 245S 1133E -99 -99 0995 1010 0110 18 011 -999 -999 -999 -999 -999 -999
IBTr 03S FRANK     951212 1600 249S 1136E -99 -99 0995 1010 0110 18 011 -999 -999 -999 -999 -999 -999
IBTr 03S FRANK     951212 1800 250S 1135E -99 -99 -999 1010 0000 -9 000 -999 -999 -999 -999 -999 -999
IBTr 03S FRANK     951212 1900 254S 1138E -99 -99 0998 1010 0100 14 010 -999 -999 -999 -999 -999 -999
IBTr 03S FRANK     951212 2200 258S 1141E -99 -99 0998 1010 0100 14 010 -999 -999 -999 -999 -999 -999
IBTr 03S FRANK     951213 0000 259S 1142E -99 -99 -999 1010 0000 -9 000 -999 -999 -999 -999 -999 -999
IBTr 03S FRANK     951213 0100 262S 1144E -99 -99 1000 1010 0100 13 010 -999 -999 -999 -999 -999 -999
IBTr 03S FRANK     951213 0600 268S 1154E -99 -99 -999 1010 0000 -9 000 -999 -999 -999 -999 -999 -999
IBTr 03S FRANK     951213 0700 272S 1155E -99 -99 1000 1010 0100 13 010 -999 -999 -999 -999 -999 -999
IBTr 03S FRANK     951213 1200 274S 1174E -99 -99 -999 1010 0000 -9 000 -999 -999 -999 -999 -999 -999
IBTr 03S FRANK     951213 1800 280S 1194E -99 -99 -999 1010 0000 -9 000 -999 -999 -999 -999 -999 -999
IBTr 03S FRANK     951214 0000 286S 1214E -99 -99 -999 1010 0000 -9 000 -999 -999 -999 -999 -999 -999
IBTr 03S JACOB     960129 0600 167S 1339E -99 -99 -001 1010 0000 -9 000 -999 -999 -999 -999 -999 -999
IBTr 03S JACOB     960129 1200 168S 1333E -99 -99 -001 1010 0000 -9 000 -999 -999 -999 -999 -999 -999
IBTr 03S JACOB     960129 1800 169S 1327E -99 -99 -001 1010 0000 -9 000 -999 -999 -999 -999 -999 -999
IBTr 03S JACOB     960130 0000 170S 1318E -99 -99 -001 1010 0000 -9 000 -999 -999 -999 -999 -999 -999
IBTr 03S JACOB     960130 0600 169S 1311E -99 -99 -001 1010 0000 -9 000 -999 -999 -999 -999 -999 -999
IBTr 03S JACOB     960130 1200 167S 1304E -99 -99 -001 1010 0000 -9 000 -999 -999 -999 -999 -999 -999
IBTr 03S JACOB     960130 1800 164S 1301E -99 -99 -001 1010 0000 -9 000 -999 -999 -999 -999 -999 -999
IBTr 03S JACOB     960131 0000 162S 1299E -99 -99 -001 1010 0000 -9 000 -999 -999 -999 -999 -999 -999
IBTr 03S JACOB     960131 0600 160S 1295E -99 -99 -001 1010 0000 -9 000 -999 -999 -999 -999 -999 -999
IBTr 03S JACOB     960131 1200 157S 1291E -99 -99 -001 1010 0000 -9 000 -999 -999 -999 -999 -999 -999
IBTr 03S JACOB     960131 1800 153S 1285E -99 -99 -001 1010 0000 -9 000 -999 -999 -999 -999 -999 -999
IBTr 03S JACOB     960201 0000 148S 1280E -99 -99 -001 1010 0000 -9 000 -999 -999 -999 -999 -999 -999
IBTr 03S JACOB     960201 0600 144S 1274E -99 -99 -001 1010 0000 -9 000 -999 -999 -999 -999 -999 -999
IBTr 03S JACOB     960201 1200 140S 1264E -99 -99 -999 1010 0000 -9 000 -999 -999 -999 -999 -999 -999
IBTr 03S JACOB     960201 1300 138S 1262E -99 -99 0996 1010 0100 16 010 -999 -999 -999 -999 -999 -999
IBTr 03S JACOB     960201 1600 139S 1255E -99 -99 0996 1010 0100 16 010 -999 -999 -999 -999 -999 -999
IBTr 03S JACOB     960201 1800 141S 1252E -99 -99 -999 1010 0000 -9 000 -999 -999 -999 -999 -999 -999
IBTr 03S JACOB     960201 1900 141S 1250E -99 -99 0994 1010 0110 18 011 -999 -999 -999 -999 -999 -999
IBTr 03S JACOB     960201 2200 145S 1246E -99 -99 0994 1010 0110 18 011 -999 -999 -999 -999 -999 -999
IBTr 03S JACOB     960202 0000 147S 1242E -99 -99 -999 1010 0000 -9 000 -999 -999 -999 -999 -999 -999
IBTr 03S JACOB     960202 0100 148S 1242E -99 -99 0992 1010 0110 20 011 -999 -999 -999 -999 -999 -999
IBTr 03S JACOB     960202 0400 151S 1232E -99 -99 0990 1010 0110 21 011 -999 -999 -999 -999 -999 -999
IBTr 03S JACOB     960202 0600 153S 1231E -99 -99 -999 1010 0000 -9 000 -999 -999 -999 -999 -999 -999
IBTr 03S JACOB     960202 0700 154S 1231E -99 -99 0985 1010 0120 24 012 -999 -999 -999 -999 -999 -999
IBTr 03S JACOB     960202 1000 157S 1226E -99 -99 0980 1010 0120 27 012 -999 -999 -999 -999 -999 -999
IBTr 03S JACOB     960202 1200 160S 1222E -99 -99 -999 1010 0000 -9 000 -999 -999 -999 -999 -999 -999
IBTr 03S JACOB     960202 1300 159S 1220E -99 -99 0975 1010 0130 30 013 -999 -999 -999 -999 -999 -999
IBTr 03S JACOB     960202 1600 161S 1214E -99 -99 0970 1010 0130 33 013 -999 -999 -999 -999 -999 -999
IBTr 03S JACOB     960202 1800 165S 1210E -99 -99 -999 1010 0000 -9 000 -999 -999 -999 -999 -999 -999
IBTr 03S JACOB     960202 1900 163S 1208E -99 -99 0970 1010 0130 33 013 -999 -999 -999 -999 -999 -999
IBTr 03S JACOB     960202 2200 167S 1202E -99 -99 0965 1010 0130 36 013 -999 -999 -999 -999 -999 -999
IBTr 03S JACOB     960203 0000 169S 1198E -99 -99 -999 1010 0000 -9 000 -999 -999 -999 -999 -999 -999
IBTr 03S JACOB     960203 0100 169S 1197E -99 -99 0965 1010 0130 36 013 -999 -999 -999 -999 -999 -999
IBTr 03S JACOB     960203 0400 171S 1193E -99 -99 0965 1010 0130 36 013 -999 -999 -999 -999 -999 -999
IBTr 03S JACOB     960203 0600 172S 1188E -99 -99 -999 1010 0000 -9 000 -999 -999 -999 -999 -999 -999
IBTr 03S JACOB     960203 0700 173S 1189E -99 -99 0965 1010 0130 36 013 -999 -999 -999 -999 -999 -999
IBTr 03S JACOB     960203 1000 175S 1186E -99 -99 0965 1010 0130 36 013 -999 -999 -999 -999 -999 -999
IBTr 03S JACOB     960203 1200 176S 1180E -99 -99 -999 1010 0000 -9 000 -999 -999 -999 -999 -999 -999
IBTr 03S JACOB     960203 1300 177S 1183E -99 -99 0965 1010 0130 36 013 -999 -999 -999 -999 -999 -999
IBTr 03S JACOB     960203 1600 178S 1179E -99 -99 0965 1010 0130 36 013 -999 -999 -999 -999 -999 -999
IBTr 03S JACOB     960203 1800 179S 1173E -99 -99 -999 1010 0000 -9 000 -999 -999 -999 -999 -999 -999
IBTr 03S JACOB     960203 1900 180S 1174E -99 -99 0965 1010 0130 36 013 -999 -999 -999 -999 -999 -999
IBTr 03S JACOB     960203 2200 182S 1171E -99 -99 0960 1010 0130 39 013 -999 -999 -999 -999 -999 -999
IBTr 03S JACOB     960204 0000 183S 1167E -99 -99 -999 1010 0000 -9 000 -999 -999 -999 -999 -999 -999
IBTr 03S JACOB     960204 0100 184S 1168E -99 -99 0960 1010 0140 39 014 -999 -999 -999 -999 -999 -999
IBTr 03S JACOB     960204 0400 187S 1164E -99 -99 0960 1010 0140 39 014 -999 -999 -999 -999 -999 -999
IBTr 03S JACOB     960204 0600 187S 1160E -99 -99 -999 1010 0000 -9 000 -999 -999 -999 -999 -999 -999
IBTr 03S JACOB     960204 0700 190S 1159E -99 -99 0960 1010 0140 39 014 -999 -999 -999 -999 -999 -999
IBTr 03S JACOB     960204 1000 194S 1155E -99 -99 0960 1010 0140 39 014 -999 -999 -999 -999 -999 -999
IBTr 03S JACOB     960204 1200 193S 1153E -99 -99 -999 1010 0000 -9 000 -999 -999 -999 -999 -999 -999
IBTr 03S JACOB     960204 1300 196S 1150E -99 -99 0960 1010 0140 39 014 -999 -999 -999 -999 -999 -999
IBTr 03S JACOB     960204 1600 199S 1145E -99 -99 0960 1010 0140 39 014 -999 -999 -999 -999 -999 -999
IBTr 03S JACOB     960204 1800 199S 1143E -99 -99 -999 1010 0000 -9 000 -999 -999 -999 -999 -999 -999
IBTr 03S JACOB     960204 1900 201S 1140E -99 -99 0960 1010 0140 39 014 -999 -999 -999 -999 -999 -999
IBTr 03S JACOB     960204 2200 204S 1135E -99 -99 0955 1010 0140 41 014 -999 -999 -999 -999 -999 -999
IBTr 03S JACOB     960205 0000 208S 1132E -99 -99 -999 1010 0000 -9 000 -999 -999 -999 -999 -999 -999
IBTr 03S JACOB     960205 0100 209S 1130E -99 -99 0955 1010 0140 41 014 -999 -999 -999 -999 -999 -999
IBTr 03S JACOB     960205 0400 214S 1124E -99 -99 0955 1010 0140 41 014 -999 -999 -999 -999 -999 -999
IBTr 03S JACOB     960205 0600 218S 1120E -99 -99 -999 1010 0000 -9 000 -999 -999 -999 -999 -999 -999
IBTr 03S JACOB     960205 0700 217S 1118E -99 -99 0955 1010 0140 41 014 -999 -999 -999 -999 -999 -999
IBTr 03S JACOB     960205 1000 220S 1114E -99 -99 0955 1010 0140 41 014 -999 -999 -999 -999 -999 -999
IBTr 03S JACOB     960205 1200 223S 1111E -99 -99 -999 1010 0000 -9 000 -999 -999 -999 -999 -999 -999
IBTr 03S JACOB     960205 1300 222S 1110E -99 -99 0955 1010 0140 41 014 -999 -999 -999 -999 -999 -999
IBTr 03S JACOB     960205 1600 224S 1106E -99 -99 0955 1010 0140 41 014 -999 -999 -999 -999 -999 -999
IBTr 03S JACOB     960205 1800 226S 1104E -99 -99 -999 1010 0000 -9 000 -999 -999 -999 -999 -999 -999
IBTr 03S JACOB     960205 1900 225S 1103E -99 -99 0965 1010 0140 36 014 -999 -999 -999 -999 -999 -999
IBTr 03S JACOB     960205 2200 226S 1100E -99 -99 0975 1010 0130 30 013 -999 -999 -999 -999 -999 -999
IBTr 03S JACOB     960206 0000 228S 1097E -99 -99 -999 1010 0000 -9 000 -999 -999 -999 -999 -999 -999
IBTr 03S JACOB     960206 0100 227S 1097E -99 -99 0980 1010 0130 27 013 -999 -999 -999 -999 -999 -999
IBTr 03S JACOB     960206 0400 228S 1096E -99 -99 0985 1010 0120 24 012 -999 -999 -999 -999 -999 -999
IBTr 03S JACOB     960206 0600 231S 1095E -99 -99 -999 1010 0000 -9 000 -999 -999 -999 -999 -999 -999
IBTr 03S JACOB     960206 0700 230S 1096E -99 -99 0985 1010 0120 24 012 -999 -999 -999 -999 -999 -999
IBTr 03S JACOB     960206 1000 233S 1096E -99 -99 0990 1010 0120 21 012 -999 -999 -999 -999 -999 -999
IBTr 03S JACOB     960206 1200 235S 1093E -99 -99 -999 1010 0000 -9 000 -999 -999 -999 -999 -999 -999
IBTr 03S JACOB     960206 1300 236S 1095E -99 -99 0990 1010 0120 21 012 -999 -999 -999 -999 -999 -999
IBTr 03S JACOB     960206 1600 238S 1092E -99 -99 0990 1010 0120 21 012 -999 -999 -999 -999 -999 -999
IBTr 03S JACOB     960206 1800 239S 1090E -99 -99 -999 1010 0000 -9 000 -999 -999 -999 -999 -999 -999
IBTr 03S JACOB     960206 1900 240S 1089E -99 -99 0995 1010 0110 18 011 -999 -999 -999 -999 -999 -999
IBTr 03S JACOB     960206 2200 240S 1086E -99 -99 0995 1010 0110 18 011 -999 -999 -999 -999 -999 -999
IBTr 03S JACOB     960207 0000 242S 1084E -99 -99 -999 1010 0000 -9 000 -999 -999 -999 -999 -999 -999
IBTr 03S JACOB     960207 0100 240S 1083E -99 -99 0995 1010 0110 18 011 -999 -999 -999 -999 -999 -999
IBTr 03S JACOB     960207 0400 240S 1080E -99 -99 0995 1010 0110 18 011 -999 -999 -999 -999 -999 -999
IBTr 03S JACOB     960207 0600 242S 1078E -99 -99 -999 1010 0000 -9 000 -999 -999 -999 -999 -999 -999
IBTr 03S JACOB     960207 0700 240S 1078E -99 -99 0998 1010 0100 14 010 -999 -999 -999 -999 -999 -999
IBTr 03S JACOB     960207 1000 241S 1076E -99 -99 1000 1010 0100 13 010 -999 -999 -999 -999 -999 -999
IBTr 03S JACOB     960207 1200 244S 1072E -99 -99 -999 1010 0000 -9 000 -999 -999 -999 -999 -999 -999
IBTr 03S JACOB     960207 1300 242S 1074E -99 -99 1002 1010 0100 11 010 -999 -999 -999 -999 -999 -999
IBTr 03S JACOB     960207 1600 243S 1072E -99 -99 1004 1010 0090 10 009 -999 -999 -999 -999 -999 -999
IBTr 03S JACOB     960207 1800 246S 1068E -99 -99 -999 1010 0000 -9 000 -999 -999 -999 -999 -999 -999
IBTr 03S JACOB     960207 1900 244S 1070E -99 -99 1006 1010 0090 -9 009 -999 -999 -999 -999 -999 -999
IBTr 03S JACOB     960207 2200 246S 1068E -99 -99 1006 1010 0090 -9 009 -999 -999 -999 -999 -999 -999
IBTr 03S JACOB     960208 0000 249S 1065E -99 -99 -999 1010 0000 -9 000 -999 -999 -999 -999 -999 -999
IBTr 03S JACOB     960208 0100 248S 1066E -99 -99 1008 1010 0090 -9 009 -999 -999 -999 -999 -999 -999
IBTr 03S JACOB     960208 0400 251S 1061E -99 -99 1008 1010 0090 -9 009 -999 -999 -999 -999 -999 -999
IBTr 03S JACOB     960208 0600 253S 1058E -99 -99 -999 1010 0000 -9 000 -999 -999 -999 -999 -999 -999
IBTr 03S JACOB     960208 0700 255S 1057E -99 -99 1008 1010 0090 -9 009 -999 -999 -999 -999 -999 -999
IBTr 03S JACOB     960208 1200 257S 1054E -99 -99 -999 1010 0000 -9 000 -999 -999 -999 -999 -999 -999
