IBTr 03W TD0228    960227 0000 58N  1365E -99 -99 1006 1010 0080 -9 008 -999 -999 -999 -999 -999 -999
IBTr 03W TD0228    960227 0600 63N  1351E -99 -99 1006 1010 0080 -9 008 -999 -999 -999 -999 -999 -999
IBTr 03W TD0228    960227 1200 68N  1337E -99 -99 1006 1010 0080 -9 008 -999 -999 -999 -999 -999 -999
IBTr 03W TD0228    960227 1800 75N  1322E -99 -99 1006 1010 0090 -9 009 -999 -999 -999 -999 -999 -999
IBTr 03W TD0228    960228 0000 80N  1312E -99 -99 1006 1010 0090 -9 009 -999 -999 -999 -999 -999 -999
IBTr 03W TD0228    960228 0600 84N  1305E -99 -99 1004 1010 0090 -9 009 -999 -999 -999 -999 -999 -999
IBTr 03W TD0228    960228 1200 88N  1294E -99 -99 1004 1010 0090 12 009 -999 -999 -999 -999 -999 -999
IBTr 03W TD0228    960228 1800 92N  1283E -99 -99 1004 1010 0090 12 009 -999 -999 -999 -999 -999 -999
IBTr 03W TD0228    960229 0000 95N  1273E -99 -99 1000 1010 0100 18 010 -999 -999 -999 -999 -999 -999
IBTr 03W TD0228    960229 0600 99N  1264E -99 -99 0998 1010 0100 18 010 -999 -999 -999 -999 -999 -999
IBTr 03W TD0228    960229 1200 103N 1255E -99 -99 0998 1010 0100 18 010 -999 -999 -999 -999 -999 -999
IBTr 03W TD0228    960229 1800 106N 1244E -99 -99 1000 1010 0100 18 010 -999 -999 -999 -999 -999 -999
IBTr 03W TD0228    960301 0000 109N 1229E -99 -99 1004 1010 0090 15 009 -999 -999 -999 -999 -999 -999
IBTr 03W TD0228    960301 0600 106N 1217E -99 -99 1004 1010 0090 15 009 -999 -999 -999 -999 -999 -999
IBTr 03W TD0228    960301 1200 105N 1210E -99 -99 1004 1010 0090 15 009 -999 -999 -999 -999 -999 -999
IBTr 03W TD0228    960301 1800 102N 1204E -99 -99 1006 1010 0090 15 009 -999 -999 -999 -999 -999 -999
IBTr 03W TD0228    960302 0000 103N 1196E -99 -99 -999 1010 0000 12 000 -999 -999 -999 -999 -999 -999
