IBTr 09W DAN       960703 1200 190N 1556E -99 -99 -999 1010 0000 07 000 -999 -999 -999 -999 -999 -999
IBTr 09W DAN       960703 1800 189N 1549E -99 -99 -999 1010 0000 07 000 -999 -999 -999 -999 -999 -999
IBTr 09W DAN       960704 0000 189N 1542E -99 -99 -999 1010 0000 07 000 -999 -999 -999 -999 -999 -999
IBTr 09W DAN       960704 0600 189N 1534E -99 -99 -999 1010 0000 07 000 -999 -999 -999 -999 -999 -999
IBTr 09W DAN       960704 1200 189N 1524E -99 -99 -999 1010 0000 07 000 -999 -999 -999 -999 -999 -999
IBTr 09W DAN       960704 1800 190N 1513E -99 -99 -999 1010 0000 10 000 -999 -999 -999 -999 -999 -999
IBTr 09W DAN       960705 0000 194N 1495E -99 -99 1002 1010 0100 12 010 -999 -999 -999 -999 -999 -999
IBTr 09W DAN       960705 0600 196N 1485E -99 -99 1000 1010 0100 12 010 -999 -999 -999 -999 -999 -999
IBTr 09W DAN       960705 1200 197N 1478E -99 -99 1000 1010 0100 12 010 -999 -999 -999 -999 -999 -999
IBTr 09W DAN       960705 1800 199N 1472E -99 -99 1000 1010 0100 12 010 -999 -999 -999 -999 -999 -999
IBTr 09W DAN       960706 0000 201N 1467E -99 -99 0998 1010 0100 12 010 -999 -999 -999 -999 -999 -999
IBTr 09W DAN       960706 0600 205N 1462E -99 -99 0998 1010 0100 15 010 -999 -999 -999 -999 -999 -999
IBTr 09W DAN       960706 1200 208N 1456E -99 -99 0996 1010 0110 18 011 -999 -999 -999 -999 -999 -999
IBTr 09W DAN       960706 1800 210N 1448E -99 -99 0992 1010 0110 20 011 -999 -999 -999 -999 -999 -999
IBTr 09W DAN       960707 0000 212N 1439E -99 -99 0990 1010 0110 23 011 -999 -999 -999 -999 -999 -999
IBTr 09W DAN       960707 0600 215N 1432E -99 -99 0985 1010 0120 25 012 -999 -999 -999 -999 -999 -999
IBTr 09W DAN       960707 1200 220N 1425E -99 -99 0980 1010 0130 28 013 -999 -999 -999 -999 -999 -999
IBTr 09W DAN       960707 1800 224N 1419E -99 -99 0975 1010 0130 30 013 -999 -999 -999 -999 -999 -999
IBTr 09W DAN       960708 0000 228N 1413E -99 -99 0970 1010 0130 33 013 -999 -999 -999 -999 -999 -999
IBTr 09W DAN       960708 0600 233N 1408E -99 -99 0970 1010 0130 33 013 -999 -999 -999 -999 -999 -999
IBTr 09W DAN       960708 1200 239N 1405E -99 -99 0970 1010 0140 33 014 -999 -999 -999 -999 -999 -999
IBTr 09W DAN       960708 1500 244N 1404E -99 -99 0970 1010 0140 33 014 -999 -999 -999 -999 -999 -999
IBTr 09W DAN       960708 1800 247N 1404E -99 -99 0970 1010 0140 33 014 -999 -999 -999 -999 -999 -999
IBTr 09W DAN       960708 2100 251N 1404E -99 -99 0970 1010 0140 33 014 -999 -999 -999 -999 -999 -999
IBTr 09W DAN       960709 0000 254N 1404E -99 -99 0970 1010 0140 33 014 -999 -999 -999 -999 -999 -999
IBTr 09W DAN       960709 0300 259N 1406E -99 -99 0970 1010 0140 33 014 -999 -999 -999 -999 -999 -999
IBTr 09W DAN       960709 0600 264N 1407E -99 -99 0975 1010 0130 30 013 -999 -999 -999 -999 -999 -999
IBTr 09W DAN       960709 0900 269N 1410E -99 -99 0975 1010 0130 30 013 -999 -999 -999 -999 -999 -999
IBTr 09W DAN       960709 1200 278N 1409E -99 -99 0975 1010 0130 30 013 -999 -999 -999 -999 -999 -999
IBTr 09W DAN       960709 1500 285N 1411E -99 -99 0975 1010 0130 30 013 -999 -999 -999 -999 -999 -999
IBTr 09W DAN       960709 1800 294N 1410E -99 -99 0975 1010 0130 28 013 -999 -999 -999 -999 -999 -999
IBTr 09W DAN       960709 2100 303N 1412E -99 -99 0975 1010 0140 28 014 -999 -999 -999 -999 -999 -999
IBTr 09W DAN       960710 0000 309N 1410E -99 -99 0980 1010 0130 28 013 -999 -999 -999 -999 -999 -999
IBTr 09W DAN       960710 0300 317N 1410E -99 -99 0980 1010 0130 28 013 -999 -999 -999 -999 -999 -999
IBTr 09W DAN       960710 0600 324N 1410E -99 -99 0980 1010 0130 28 013 -999 -999 -999 -999 -999 -999
IBTr 09W DAN       960710 0900 333N 1411E -99 -99 0980 1010 0130 28 013 -999 -999 -999 -999 -999 -999
IBTr 09W DAN       960710 1200 338N 1415E -99 -99 0985 1010 0130 25 013 -999 -999 -999 -999 -999 -999
IBTr 09W DAN       960710 1500 344N 1419E -99 -99 0985 1010 0130 25 013 -999 -999 -999 -999 -999 -999
IBTr 09W DAN       960710 1800 350N 1426E -99 -99 0985 1010 0130 25 013 -999 -999 -999 -999 -999 -999
IBTr 09W DAN       960710 2100 359N 1433E -99 -99 0985 1010 0130 23 013 -999 -999 -999 -999 -999 -999
IBTr 09W DAN       960711 0000 364N 1438E -99 -99 0985 1010 0130 23 013 -999 -999 -999 -999 -999 -999
IBTr 09W DAN       960711 0300 371N 1446E -99 -99 0985 1010 0130 23 013 -999 -999 -999 -999 -999 -999
IBTr 09W DAN       960711 0600 378N 1456E -99 -99 0985 1010 0130 23 013 -999 -999 -999 -999 -999 -999
IBTr 09W DAN       960711 1200 397N 1475E -99 -99 0985 1010 0130 23 013 -999 -999 -999 -999 -999 -999
IBTr 09W DAN       960711 1800 421N 1497E -99 -99 0985 1010 0130 23 013 -999 -999 -999 -999 -999 -999
IBTr 09W DAN       960712 0000 444N 1509E -99 -99 0985 1010 0130 20 013 -999 -999 -999 -999 -999 -999
IBTr 09W DAN       960712 0600 456N 1515E -99 -99 0988 1010 0130 30 013 -999 -999 -999 -999 -999 -999
IBTr 09W DAN       960712 1200 464N 1521E -99 -99 0988 1010 0130 28 013 -999 -999 -999 -999 -999 -999
IBTr 09W DAN       960712 1800 464N 1531E -99 -99 0988 1010 0130 25 013 -999 -999 -999 -999 -999 -999
IBTr 09W DAN       960713 0000 458N 1543E -99 -99 0992 1010 0120 23 012 -999 -999 -999 -999 -999 -999
IBTr 09W DAN       960713 0600 453N 1568E -99 -99 0992 1010 0120 23 012 -999 -999 -999 -999 -999 -999
IBTr 09W DAN       960713 1200 453N 1597E -99 -99 0992 1010 0120 18 012 -999 -999 -999 -999 -999 -999
IBTr 09W DAN       960713 1800 455N 1623E -99 -99 0988 1010 0130 18 013 -999 -999 -999 -999 -999 -999
IBTr 09W DAN       960714 0000 459N 1646E -99 -99 0986 1010 0130 15 013 -999 -999 -999 -999 -999 -999
IBTr 09W DAN       960714 0600 458N 1669E -99 -99 0990 1010 0130 12 013 -999 -999 -999 -999 -999 -999
IBTr 09W DAN       960714 1200 467N 1691E -99 -99 0990 1010 0130 12 013 -999 -999 -999 -999 -999 -999
IBTr 09W DAN       960714 1800 479N 1704E -99 -99 0988 1010 0130 10 013 -999 -999 -999 -999 -999 -999
IBTr 09W DAN       960715 0000 490N 1712E -99 -99 0988 1010 0130 10 013 -999 -999 -999 -999 -999 -999
IBTr 09W DAN       960715 0600 495N 1715E -99 -99 0992 1010 0120 -9 012 -999 -999 -999 -999 -999 -999
IBTr 09W DAN       960715 1200 500N 1720E -99 -99 0992 1010 0130 -9 013 -999 -999 -999 -999 -999 -999
IBTr 09W DAN       960715 1800 505N 1725E -99 -99 0994 1010 0120 -9 012 -999 -999 -999 -999 -999 -999
IBTr 09W DAN       960716 0000 510N 1730E -99 -99 0996 1010 0120 -9 012 -999 -999 -999 -999 -999 -999
IBTr 09W DAN       960716 0600 520N 1735E -99 -99 0998 1010 0120 -9 012 -999 -999 -999 -999 -999 -999
IBTr 09W DAN       960716 1200 535N 1745E -99 -99 1002 1010 0110 -9 011 -999 -999 -999 -999 -999 -999
IBTr 09W DAN       960716 1800 550N 1755E -99 -99 1002 1010 0110 -9 011 -999 -999 -999 -999 -999 -999
IBTr 09W DAN       960717 0000 560N 1765E -99 -99 1004 1010 0110 -9 011 -999 -999 -999 -999 -999 -999
IBTr 09W DAN       960717 0600 570N 1780E -99 -99 1006 1010 0100 -9 010 -999 -999 -999 -999 -999 -999
IBTr 09W DAN       960717 1200 580N 1795E -99 -99 1006 1010 0100 -9 010 -999 -999 -999 -999 -999 -999
