IBTr 09B NOTNAMED  961101 0000 150N 0973E -99 -99 -999 1010 0000 -9 000 -999 -999 -999 -999 -999 -999
IBTr 09B NOTNAMED  961101 0600 157N 0965E -99 -99 -999 1010 0000 -9 000 -999 -999 -999 -999 -999 -999
IBTr 09B NOTNAMED  961101 1200 159N 0960E -99 -99 -999 1010 0000 -9 000 -999 -999 -999 -999 -999 -999
IBTr 09B NOTNAMED  961101 1800 162N 0952E -99 -99 -999 1010 0000 -9 000 -999 -999 -999 -999 -999 -999
IBTr 09B NOTNAMED  961102 0000 164N 0943E -99 -99 -999 1010 0000 -9 000 -999 -999 -999 -999 -999 -999
IBTr 09B NOTNAMED  961102 0600 164N 0935E -99 -99 -999 1010 0000 -9 000 -999 -999 -999 -999 -999 -999
IBTr 09B NOTNAMED  961102 1200 164N 0929E -99 -99 -999 1010 0000 -9 000 -999 -999 -999 -999 -999 -999
IBTr 09B NOTNAMED  961102 1800 162N 0921E -99 -99 -999 1010 0000 -9 000 -999 -999 -999 -999 -999 -999
IBTr 09B NOTNAMED  961103 0000 161N 0914E -99 -99 -999 1010 0000 -9 000 -999 -999 -999 -999 -999 -999
IBTr 09B NOTNAMED  961103 0600 160N 0908E -99 -99 -999 1010 0000 -9 000 -999 -999 -999 -999 -999 -999
IBTr 09B NOTNAMED  961103 1200 160N 0902E -99 -99 -999 1010 0000 -9 000 -999 -999 -999 -999 -999 -999
IBTr 09B NOTNAMED  961103 1800 160N 0895E -99 -99 -999 1010 0000 -9 000 -999 -999 -999 -999 -999 -999
IBTr 09B NOTNAMED  961104 0000 160N 0888E -99 -99 -999 1010 0000 -9 000 -999 -999 -999 -999 -999 -999
IBTr 09B NOTNAMED  961104 0600 160N 0883E -99 -99 -999 1010 0000 -9 000 -999 -999 -999 -999 -999 -999
IBTr 09B NOTNAMED  961104 1200 161N 0877E -99 -99 -999 1010 0000 -9 000 -999 -999 -999 -999 -999 -999
IBTr 09B NOTNAMED  961104 1500 160N 0880E -99 -99 1002 1010 0090 12 009 -999 -999 -999 -999 -999 -999
IBTr 09B NOTNAMED  961104 1800 160N 0871E -99 -99 1002 1010 0090 12 009 -999 -999 -999 -999 -999 -999
IBTr 09B NOTNAMED  961105 0000 160N 0865E -99 -99 1002 1010 0090 12 009 -999 -999 -999 -999 -999 -999
IBTr 09B NOTNAMED  961105 0300 160N 0865E -99 -99 1000 1010 0100 15 010 -999 -999 -999 -999 -999 -999
IBTr 09B NOTNAMED  961105 0600 160N 0859E -99 -99 1000 1010 0100 15 010 -999 -999 -999 -999 -999 -999
IBTr 09B NOTNAMED  961105 0900 160N 0860E -99 -99 0992 1010 0110 18 011 -999 -999 -999 -999 -999 -999
IBTr 09B NOTNAMED  961105 1200 160N 0852E -99 -99 0992 1010 0110 23 011 -999 -999 -999 -999 -999 -999
IBTr 09B NOTNAMED  961105 1800 160N 0845E -99 -99 0992 1010 0110 23 011 -999 -999 -999 -999 -999 -999
IBTr 09B NOTNAMED  961106 0000 160N 0840E -99 -99 0992 1010 0110 23 011 -999 -999 -999 -999 -999 -999
IBTr 09B NOTNAMED  961106 0100 161N 0841E -99 -99 0990 1010 0110 28 011 -999 -999 -999 -999 -999 -999
IBTr 09B NOTNAMED  961106 0300 161N 0838E -99 -99 0990 1010 0110 28 011 -999 -999 -999 -999 -999 -999
IBTr 09B NOTNAMED  961106 0600 162N 0832E -99 -99 0988 1010 0110 33 011 -999 -999 -999 -999 -999 -999
IBTr 09B NOTNAMED  961106 0900 163N 0830E -99 -99 0988 1010 0110 39 011 -999 -999 -999 -999 -999 -999
IBTr 09B NOTNAMED  961106 1200 164N 0825E -99 -99 0988 1010 0110 39 011 -999 -999 -999 -999 -999 -999
IBTr 09B NOTNAMED  961106 1800 167N 0818E -99 -99 0990 1010 0110 28 011 -999 -999 -999 -999 -999 -999
IBTr 09B NOTNAMED  961107 0000 171N 0808E -99 -99 0000 1010 0000 -9 000 -999 -999 -999 -999 -999 -999
IBTr 09B NOTNAMED  961107 0300 170N 0800E -99 -99 0000 1010 0000 -9 000 -999 -999 -999 -999 -999 -999
IBTr 09B NOTNAMED  961107 0600 175N 0794E -99 -99 0000 1010 0000 -9 000 -999 -999 -999 -999 -999 -999
IBTr 09B NOTNAMED  961107 1200 176N 0788E -99 -99 -999 1010 0000 -9 000 -999 -999 -999 -999 -999 -999
