IBTr 04E BORIS     960627 0000 127N 0944W -99 -99 1010 1010 0080 12 008 -999 -999 -999 -999 -999 -999
IBTr 04E BORIS     960627 0600 128N 0950W -99 -99 1010 1010 0080 12 008 -999 -999 -999 -999 -999 -999
IBTr 04E BORIS     960627 1200 128N 0955W -99 -99 1009 1010 0080 12 008 -999 -999 -999 -999 -999 -999
IBTr 04E BORIS     960627 1800 127N 0961W -99 -99 1009 1010 0080 12 008 -999 -999 -999 -999 -999 -999
IBTr 04E BORIS     960628 0000 130N 0969W -99 -99 1008 1010 0080 12 008 -999 -999 -999 -999 -999 -999
IBTr 04E BORIS     960628 0600 135N 0977W -99 -99 1007 1010 0090 15 009 -999 -999 -999 -999 -999 -999
IBTr 04E BORIS     960628 1200 140N 0984W -99 -99 1006 1010 0090 18 009 -999 -999 -999 -999 -999 -999
IBTr 04E BORIS     960628 1800 146N 0990W -99 -99 1002 1010 0090 20 009 -999 -999 -999 -999 -999 -999
IBTr 04E BORIS     960629 0000 152N 0996W -99 -99 0995 1010 0100 28 010 -999 -999 -999 -999 -999 -999
IBTr 04E BORIS     960629 0600 159N 1002W -99 -99 0987 1010 0120 33 012 -999 -999 -999 -999 -999 -999
IBTr 04E BORIS     960629 1200 166N 1008W -99 -99 0979 1010 0120 41 012 -999 -999 -999 -999 -999 -999
IBTr 04E BORIS     960629 1800 176N 1015W -99 -99 0980 1010 0120 41 012 -999 -999 -999 -999 -999 -999
IBTr 04E BORIS     960630 0000 187N 1022W -99 -99 0990 1010 0110 33 011 -999 -999 -999 -999 -999 -999
IBTr 04E BORIS     960630 0600 195N 1029W -99 -99 1000 1010 0100 23 010 -999 -999 -999 -999 -999 -999
IBTr 04E BORIS     960630 1200 198N 1037W -99 -99 1004 1010 0090 15 009 -999 -999 -999 -999 -999 -999
IBTr 04E BORIS     960630 1800 195N 1045W -99 -99 1005 1010 0090 15 009 -999 -999 -999 -999 -999 -999
IBTr 04E BORIS     960701 0000 190N 1051W -99 -99 1006 1010 0090 12 009 -999 -999 -999 -999 -999 -999
IBTr 04E BORIS     960701 0600 188N 1054W -99 -99 1007 1010 0090 12 009 -999 -999 -999 -999 -999 -999
IBTr 04E BORIS     960701 1200 190N 1056W -99 -99 1007 1010 0090 12 009 -999 -999 -999 -999 -999 -999
IBTr 04E DOLLY     960824 1800 217N 1057W -99 -99 1005 1010 0090 10 009 -999 -999 -999 -999 -999 -999
IBTr 04E DOLLY     960825 0000 218N 1073W -99 -99 1005 1010 0090 10 009 -999 -999 -999 -999 -999 -999
