IBTr 10E EVE       960727 1200 550N 1780W -99 -99 -999 1010 0000 15 000 -999 -999 -999 -999 -999 -999
IBTr 10E EVE       960727 1800 560N 1740W -99 -99 -999 1010 0000 15 000 -999 -999 -999 -999 -999 -999
IBTr 10E ONECUNNAM 960915 1800 136N 1434W -99 -99 -999 1010 0000 -9 000 -999 -999 -999 -999 -999 -999
IBTr 10E ONECUNNAM 960916 0000 131N 1434W -99 -99 0000 1010 0000 15 000 -999 -999 -999 -999 -999 -999
IBTr 10E ONECUNNAM 960916 0600 132N 1443W -99 -99 0000 1010 0000 12 000 -999 -999 -999 -999 -999 -999
IBTr 10E ONECUNNAM 960916 1200 134N 1452W -99 -99 0000 1010 0000 12 000 -999 -999 -999 -999 -999 -999
IBTr 10E ONECUNNAM 960916 1800 135N 1463W -99 -99 0000 1010 0000 15 000 -999 -999 -999 -999 -999 -999
IBTr 10E ONECUNNAM 960917 0000 139N 1470W -99 -99 0000 1010 0000 15 000 -999 -999 -999 -999 -999 -999
IBTr 10E ONECUNNAM 960917 0600 140N 1476W -99 -99 0000 1010 0000 15 000 -999 -999 -999 -999 -999 -999
IBTr 10E ONECUNNAM 960917 1200 143N 1481W -99 -99 0000 1010 0000 15 000 -999 -999 -999 -999 -999 -999
IBTr 10E ONECUNNAM 960917 1800 146N 1486W -99 -99 0000 1010 0000 15 000 -999 -999 -999 -999 -999 -999
IBTr 10E ONECUNNAM 960918 0000 148N 1497W -99 -99 0000 1010 0000 15 000 -999 -999 -999 -999 -999 -999
IBTr 10E ONECUNNAM 960918 0600 146N 1505W -99 -99 0000 1010 0000 15 000 -999 -999 -999 -999 -999 -999
IBTr 10E ONECUNNAM 960918 1200 143N 1517W -99 -99 0000 1010 0000 15 000 -999 -999 -999 -999 -999 -999
IBTr 10E ONECUNNAM 960918 1800 143N 1528W -99 -99 0000 1010 0000 15 000 -999 -999 -999 -999 -999 -999
IBTr 10E ONECUNNAM 960919 0000 144N 1540W -99 -99 0000 1010 0000 15 000 -999 -999 -999 -999 -999 -999
IBTr 10E ONECUNNAM 960919 0600 146N 1553W -99 -99 0000 1010 0000 15 000 -999 -999 -999 -999 -999 -999
IBTr 10E ONECUNNAM 960919 1200 149N 1567W -99 -99 0000 1010 0000 15 000 -999 -999 -999 -999 -999 -999
IBTr 10E ONECUNNAM 960919 1800 149N 1578W -99 -99 0000 1010 0000 15 000 -999 -999 -999 -999 -999 -999
IBTr 10E ONECUNNAM 960920 0000 150N 1591W -99 -99 0000 1010 0000 15 000 -999 -999 -999 -999 -999 -999
IBTr 10E ONECUNNAM 960920 0600 153N 1604W -99 -99 0000 1010 0000 12 000 -999 -999 -999 -999 -999 -999
IBTr 10E ONECUNNAM 960920 1200 157N 1616W -99 -99 0000 1010 0000 12 000 -999 -999 -999 -999 -999 -999
IBTr 10E ONECUNNAM 960920 1800 164N 1626W -99 -99 0000 1010 0000 12 000 -999 -999 -999 -999 -999 -999
