IBTr 14W JOY       960725 1200 196N 1652E -99 -99 -999 1010 0000 05 000 -999 -999 -999 -999 -999 -999
IBTr 14W JOY       960725 1800 195N 1646E -99 -99 -999 1010 0000 05 000 -999 -999 -999 -999 -999 -999
IBTr 14W JOY       960726 0000 194N 1640E -99 -99 -999 1010 0000 05 000 -999 -999 -999 -999 -999 -999
IBTr 14W JOY       960726 0600 194N 1635E -99 -99 -999 1010 0000 05 000 -999 -999 -999 -999 -999 -999
IBTr 14W JOY       960726 1200 194N 1630E -99 -99 -999 1010 0000 07 000 -999 -999 -999 -999 -999 -999
IBTr 14W JOY       960726 1800 194N 1624E -99 -99 -999 1010 0000 07 000 -999 -999 -999 -999 -999 -999
IBTr 14W JOY       960727 0000 196N 1617E -99 -99 -999 1010 0000 07 000 -999 -999 -999 -999 -999 -999
IBTr 14W JOY       960727 0600 200N 1607E -99 -99 -999 1010 0000 07 000 -999 -999 -999 -999 -999 -999
IBTr 14W JOY       960727 1200 206N 1598E -99 -99 -999 1010 0000 07 000 -999 -999 -999 -999 -999 -999
IBTr 14W JOY       960727 1800 214N 1588E -99 -99 -999 1010 0000 07 000 -999 -999 -999 -999 -999 -999
IBTr 14W JOY       960728 0000 223N 1578E -99 -99 -999 1010 0000 07 000 -999 -999 -999 -999 -999 -999
IBTr 14W JOY       960728 0600 231N 1569E -99 -99 -999 1010 0000 07 000 -999 -999 -999 -999 -999 -999
IBTr 14W JOY       960728 1200 240N 1559E -99 -99 -999 1010 0000 07 000 -999 -999 -999 -999 -999 -999
IBTr 14W JOY       960728 1800 248N 1548E -99 -99 -999 1010 0000 10 000 -999 -999 -999 -999 -999 -999
IBTr 14W JOY       960729 0000 258N 1539E -99 -99 -999 1010 0000 10 000 -999 -999 -999 -999 -999 -999
IBTr 14W JOY       960729 0600 267N 1534E -99 -99 -999 1010 0000 12 000 -999 -999 -999 -999 -999 -999
IBTr 14W JOY       960729 1200 270N 1529E -99 -99 -999 1010 0000 15 000 -999 -999 -999 -999 -999 -999
IBTr 14W JOY       960729 1800 268N 1523E -99 -99 -999 1010 0000 18 000 -999 -999 -999 -999 -999 -999
IBTr 14W JOY       960730 0000 264N 1522E -99 -99 -999 1010 0000 18 000 -999 -999 -999 -999 -999 -999
IBTr 14W JOY       960730 0600 260N 1531E -99 -99 1012 1012 0080 18 008 -999 -999 -999 -999 -999 -999
IBTr 14W JOY       960730 1200 261N 1534E -99 -99 1010 1010 0080 18 008 -999 -999 -999 -999 -999 -999
IBTr 14W JOY       960730 1800 263N 1535E -99 -99 1008 1010 0090 18 009 -999 -999 -999 -999 -999 -999
IBTr 14W JOY       960731 0000 267N 1536E -99 -99 1008 1010 0090 18 009 -999 -999 -999 -999 -999 -999
IBTr 14W JOY       960731 0600 271N 1536E -99 -99 1008 1010 0090 20 009 -999 -999 -999 -999 -999 -999
IBTr 14W JOY       960731 1200 277N 1534E -99 -99 1008 1010 0090 23 009 -999 -999 -999 -999 -999 -999
IBTr 14W JOY       960731 1800 282N 1530E -99 -99 1006 1010 0090 25 009 -999 -999 -999 -999 -999 -999
IBTr 14W JOY       960801 0000 287N 1526E -99 -99 1004 1010 0100 18 010 -999 -999 -999 -999 -999 -999
IBTr 14W JOY       960801 0600 293N 1521E -99 -99 0998 1010 0110 18 011 -999 -999 -999 -999 -999 -999
IBTr 14W JOY       960801 1200 299N 1519E -99 -99 0998 1010 0110 18 011 -999 -999 -999 -999 -999 -999
IBTr 14W JOY       960801 1800 305N 1518E -99 -99 0998 1010 0110 18 011 -999 -999 -999 -999 -999 -999
IBTr 14W JOY       960802 0000 309N 1518E -99 -99 0998 1010 0110 18 011 -999 -999 -999 -999 -999 -999
IBTr 14W JOY       960802 0600 315N 1522E -99 -99 0996 1010 0110 20 011 -999 -999 -999 -999 -999 -999
IBTr 14W JOY       960802 1200 318N 1527E -99 -99 0985 1010 0130 25 013 -999 -999 -999 -999 -999 -999
IBTr 14W JOY       960802 1800 320N 1534E -99 -99 0980 1010 0130 25 013 -999 -999 -999 -999 -999 -999
IBTr 14W JOY       960803 0000 321N 1541E -99 -99 0980 1010 0130 25 013 -999 -999 -999 -999 -999 -999
IBTr 14W JOY       960803 0600 321N 1548E -99 -99 0980 1010 0130 28 013 -999 -999 -999 -999 -999 -999
IBTr 14W JOY       960803 1200 322N 1553E -99 -99 0985 1010 0130 25 013 -999 -999 -999 -999 -999 -999
IBTr 14W JOY       960803 1800 325N 1554E -99 -99 0990 1010 0120 23 012 -999 -999 -999 -999 -999 -999
IBTr 14W JOY       960804 0000 328N 1553E -99 -99 0990 1010 0120 23 012 -999 -999 -999 -999 -999 -999
IBTr 14W JOY       960804 0600 331N 1551E -99 -99 0994 1010 0110 23 011 -999 -999 -999 -999 -999 -999
IBTr 14W JOY       960804 1200 335N 1549E -99 -99 0998 1010 0110 20 011 -999 -999 -999 -999 -999 -999
IBTr 14W JOY       960804 1800 340N 1548E -99 -99 1000 1010 0100 18 010 -999 -999 -999 -999 -999 -999
IBTr 14W JOY       960805 0000 346N 1550E -99 -99 1000 1010 0110 15 011 -999 -999 -999 -999 -999 -999
IBTr 14W JOY       960805 0600 350N 1553E -99 -99 1000 1010 0110 15 011 -999 -999 -999 -999 -999 -999
IBTr 14W JOY       960805 1200 361N 1560E -99 -99 1000 1010 0110 12 011 -999 -999 -999 -999 -999 -999
IBTr 14W JOY       960805 1800 374N 1569E -99 -99 1000 1010 0110 12 011 -999 -999 -999 -999 -999 -999
IBTr 14W JOY       960806 0000 390N 1575E -99 -99 1000 1010 0110 10 011 -999 -999 -999 -999 -999 -999
IBTr 14W JOY       960806 0600 414N 1582E -99 -99 1000 1010 0110 -9 011 -999 -999 -999 -999 -999 -999
IBTr 14W JOY       960806 1200 443N 1593E -99 -99 1000 1010 0110 -9 011 -999 -999 -999 -999 -999 -999
IBTr 14W JOY       960806 1800 490N 1610E -99 -99 1008 1010 0100 -9 010 -999 -999 -999 -999 -999 -999
