IBTr 13E HERNAN    960930 0600 126N 0987W -99 -99 1004 1010 0090 15 009 -999 -999 -999 -999 -999 -999
IBTr 13E HERNAN    960930 1200 126N 0997W -99 -99 1003 1010 0090 15 009 -999 -999 -999 -999 -999 -999
IBTr 13E HERNAN    960930 1800 129N 1007W -99 -99 1003 1010 0090 18 009 -999 -999 -999 -999 -999 -999
IBTr 13E HERNAN    961001 0000 134N 1015W -99 -99 1002 1010 0090 18 009 -999 -999 -999 -999 -999 -999
IBTr 13E HERNAN    961001 0600 141N 1014W -99 -99 1001 1010 0100 18 010 -999 -999 -999 -999 -999 -999
IBTr 13E HERNAN    961001 1200 147N 1011W -99 -99 0999 1010 0100 23 010 -999 -999 -999 -999 -999 -999
IBTr 13E HERNAN    961001 1800 155N 1013W -99 -99 0995 1010 0100 25 010 -999 -999 -999 -999 -999 -999
IBTr 13E HERNAN    961002 0000 161N 1017W -99 -99 0992 1010 0110 28 011 -999 -999 -999 -999 -999 -999
IBTr 13E HERNAN    961002 0600 169N 1023W -99 -99 0987 1010 0120 33 012 -999 -999 -999 -999 -999 -999
IBTr 13E HERNAN    961002 1200 179N 1031W -99 -99 0980 1010 0120 38 012 -999 -999 -999 -999 -999 -999
IBTr 13E HERNAN    961002 1800 185N 1039W -99 -99 0981 1010 0120 36 012 -999 -999 -999 -999 -999 -999
IBTr 13E HERNAN    961003 0000 189N 1046W -99 -99 0985 1010 0120 33 012 -999 -999 -999 -999 -999 -999
IBTr 13E HERNAN    961003 0600 187N 1049W -99 -99 0987 1010 0120 33 012 -999 -999 -999 -999 -999 -999
IBTr 13E HERNAN    961003 1200 195N 1049W -99 -99 0989 1010 0110 30 011 -999 -999 -999 -999 -999 -999
IBTr 13E HERNAN    961003 1800 201N 1050W -99 -99 0991 1010 0110 20 011 -999 -999 -999 -999 -999 -999
IBTr 13E HERNAN    961004 0000 207N 1051W -99 -99 0994 1010 0110 15 011 -999 -999 -999 -999 -999 -999
IBTr 13E HERNAN    961004 0600 211N 1056W -99 -99 0998 1010 0100 15 010 -999 -999 -999 -999 -999 -999
IBTr 13E HERNAN    961004 1200 217N 1056W -99 -99 1002 1010 0100 12 010 -999 -999 -999 -999 -999 -999
IBTr 13E HERNAN    961004 1800 220N 1055W -99 -99 1003 1010 0100 12 010 -999 -999 -999 -999 -999 -999
