IBTr 12E GENEVIEVE 960927 1800 163N 1100W -99 -99 1008 1010 0080 15 008 -999 -999 -999 -999 -999 -999
IBTr 12E GENEVIEVE 960928 0000 162N 1110W -99 -99 1005 1010 0090 18 009 -999 -999 -999 -999 -999 -999
IBTr 12E GENEVIEVE 960928 0600 159N 1119W -99 -99 1003 1010 0090 20 009 -999 -999 -999 -999 -999 -999
IBTr 12E GENEVIEVE 960928 1200 157N 1127W -99 -99 1001 1010 0100 20 010 -999 -999 -999 -999 -999 -999
IBTr 12E GENEVIEVE 960928 1800 154N 1136W -99 -99 1000 1010 0100 23 010 -999 -999 -999 -999 -999 -999
IBTr 12E GENEVIEVE 960929 0000 152N 1145W -99 -99 1000 1010 0100 23 010 -999 -999 -999 -999 -999 -999
IBTr 12E GENEVIEVE 960929 0600 151N 1152W -99 -99 1000 1010 0100 23 010 -999 -999 -999 -999 -999 -999
IBTr 12E GENEVIEVE 960929 1200 151N 1158W -99 -99 0999 1010 0100 23 010 -999 -999 -999 -999 -999 -999
IBTr 12E GENEVIEVE 960929 1800 153N 1163W -99 -99 1000 1010 0100 23 010 -999 -999 -999 -999 -999 -999
IBTr 12E GENEVIEVE 960930 0000 155N 1165W -99 -99 1000 1010 0100 23 010 -999 -999 -999 -999 -999 -999
IBTr 12E GENEVIEVE 960930 0600 156N 1166W -99 -99 1003 1010 0090 20 009 -999 -999 -999 -999 -999 -999
IBTr 12E GENEVIEVE 960930 1200 157N 1167W -99 -99 1005 1010 0090 18 009 -999 -999 -999 -999 -999 -999
IBTr 12E GENEVIEVE 960930 1800 158N 1169W -99 -99 1005 1010 0090 18 009 -999 -999 -999 -999 -999 -999
IBTr 12E GENEVIEVE 961001 0000 160N 1170W -99 -99 1006 1010 0090 15 009 -999 -999 -999 -999 -999 -999
IBTr 12E GENEVIEVE 961001 0600 161N 1171W -99 -99 1007 1010 0090 15 009 -999 -999 -999 -999 -999 -999
IBTr 12E GENEVIEVE 961001 1200 162N 1172W -99 -99 1008 1010 0080 15 008 -999 -999 -999 -999 -999 -999
IBTr 12E GENEVIEVE 961001 1800 163N 1174W -99 -99 1009 1010 0080 15 008 -999 -999 -999 -999 -999 -999
IBTr 12E GENEVIEVE 961002 0000 164N 1176W -99 -99 1009 1010 0080 12 008 -999 -999 -999 -999 -999 -999
IBTr 12E GENEVIEVE 961002 0600 163N 1181W -99 -99 1009 1010 0080 12 008 -999 -999 -999 -999 -999 -999
IBTr 12E GENEVIEVE 961002 1200 159N 1187W -99 -99 1009 1010 0080 12 008 -999 -999 -999 -999 -999 -999
IBTr 12E GENEVIEVE 961002 1800 153N 1193W -99 -99 1009 1010 0080 12 008 -999 -999 -999 -999 -999 -999
IBTr 12E GENEVIEVE 961003 0000 150N 1200W -99 -99 1009 1010 0080 12 008 -999 -999 -999 -999 -999 -999
IBTr 12E GENEVIEVE 961003 0600 151N 1201W -99 -99 1009 1010 0080 12 008 -999 -999 -999 -999 -999 -999
IBTr 12E GENEVIEVE 961003 1200 153N 1202W -99 -99 1009 1010 0080 12 008 -999 -999 -999 -999 -999 -999
IBTr 12E GENEVIEVE 961003 1800 154N 1201W -99 -99 1009 1010 0080 12 008 -999 -999 -999 -999 -999 -999
IBTr 12E GENEVIEVE 961004 0000 155N 1200W -99 -99 1010 1010 0080 10 008 -999 -999 -999 -999 -999 -999
IBTr 12E GENEVIEVE 961004 0600 155N 1198W -99 -99 1010 1010 0080 10 008 -999 -999 -999 -999 -999 -999
IBTr 12E GENEVIEVE 961004 1200 154N 1197W -99 -99 1010 1010 0080 10 008 -999 -999 -999 -999 -999 -999
IBTr 12E GENEVIEVE 961004 1800 154N 1195W -99 -99 1010 1010 0080 12 008 -999 -999 -999 -999 -999 -999
IBTr 12E GENEVIEVE 961005 0000 153N 1193W -99 -99 1009 1010 0080 15 008 -999 -999 -999 -999 -999 -999
IBTr 12E GENEVIEVE 961005 0600 154N 1190W -99 -99 1009 1010 0080 15 008 -999 -999 -999 -999 -999 -999
IBTr 12E GENEVIEVE 961005 1200 155N 1187W -99 -99 1009 1010 0080 15 008 -999 -999 -999 -999 -999 -999
IBTr 12E GENEVIEVE 961005 1800 156N 1183W -99 -99 1009 1010 0080 15 008 -999 -999 -999 -999 -999 -999
IBTr 12E GENEVIEVE 961006 0000 157N 1180W -99 -99 1008 1010 0080 15 008 -999 -999 -999 -999 -999 -999
IBTr 12E GENEVIEVE 961006 0600 159N 1178W -99 -99 1007 1010 0090 15 009 -999 -999 -999 -999 -999 -999
IBTr 12E GENEVIEVE 961006 1200 161N 1176W -99 -99 1006 1010 0090 15 009 -999 -999 -999 -999 -999 -999
IBTr 12E GENEVIEVE 961006 1800 163N 1175W -99 -99 1005 1010 0090 18 009 -999 -999 -999 -999 -999 -999
IBTr 12E GENEVIEVE 961007 0000 166N 1175W -99 -99 1005 1010 0090 20 009 -999 -999 -999 -999 -999 -999
IBTr 12E GENEVIEVE 961007 0600 168N 1176W -99 -99 1004 1010 0090 20 009 -999 -999 -999 -999 -999 -999
IBTr 12E GENEVIEVE 961007 1200 170N 1177W -99 -99 1003 1010 0090 20 009 -999 -999 -999 -999 -999 -999
IBTr 12E GENEVIEVE 961007 1800 171N 1179W -99 -99 1003 1010 0090 20 009 -999 -999 -999 -999 -999 -999
IBTr 12E GENEVIEVE 961008 0000 170N 1182W -99 -99 1004 1010 0090 18 009 -999 -999 -999 -999 -999 -999
IBTr 12E GENEVIEVE 961008 0600 166N 1186W -99 -99 1005 1010 0090 18 009 -999 -999 -999 -999 -999 -999
IBTr 12E GENEVIEVE 961008 1200 161N 1191W -99 -99 1006 1010 0090 15 009 -999 -999 -999 -999 -999 -999
IBTr 12E GENEVIEVE 961008 1800 154N 1199W -99 -99 1007 1010 0090 12 009 -999 -999 -999 -999 -999 -999
IBTr 12E GENEVIEVE 961009 0000 148N 1208W -99 -99 1008 1010 0080 12 008 -999 -999 -999 -999 -999 -999
