IBTr 11W GLORIA    960719 0000 71N  1369E -99 -99 -999 1010 0000 07 000 -999 -999 -999 -999 -999 -999
IBTr 11W GLORIA    960719 0600 76N  1366E -99 -99 -999 1010 0000 07 000 -999 -999 -999 -999 -999 -999
IBTr 11W GLORIA    960719 1200 82N  1362E -99 -99 -999 1010 0000 07 000 -999 -999 -999 -999 -999 -999
IBTr 11W GLORIA    960719 1800 87N  1358E -99 -99 -999 1010 0000 07 000 -999 -999 -999 -999 -999 -999
IBTr 11W GLORIA    960720 0000 91N  1354E -99 -99 -999 1010 0000 07 000 -999 -999 -999 -999 -999 -999
IBTr 11W GLORIA    960720 0600 95N  1350E -99 -99 -999 1010 0000 07 000 -999 -999 -999 -999 -999 -999
IBTr 11W GLORIA    960720 1200 100N 1344E -99 -99 -999 1010 0000 10 000 -999 -999 -999 -999 -999 -999
IBTr 11W GLORIA    960720 1800 106N 1337E -99 -99 -999 1010 0000 10 000 -999 -999 -999 -999 -999 -999
IBTr 11W GLORIA    960721 0000 110N 1327E -99 -99 -999 1010 0000 10 000 -999 -999 -999 -999 -999 -999
IBTr 11W GLORIA    960721 0600 116N 1319E -99 -99 1004 1010 0090 12 009 -999 -999 -999 -999 -999 -999
IBTr 11W GLORIA    960721 1200 122N 1314E -99 -99 1004 1010 0090 12 009 -999 -999 -999 -999 -999 -999
IBTr 11W GLORIA    960721 1800 126N 1308E -99 -99 1002 1010 0090 15 009 -999 -999 -999 -999 -999 -999
IBTr 11W GLORIA    960722 0000 131N 1301E -99 -99 1002 1010 0090 18 009 -999 -999 -999 -999 -999 -999
IBTr 11W GLORIA    960722 0600 136N 1293E -99 -99 1000 1010 0100 20 010 -999 -999 -999 -999 -999 -999
IBTr 11W GLORIA    960722 1200 140N 1284E -99 -99 0996 1010 0100 18 010 -999 -999 -999 -999 -999 -999
IBTr 11W GLORIA    960722 1800 145N 1278E -99 -99 0996 1010 0100 18 010 -999 -999 -999 -999 -999 -999
IBTr 11W GLORIA    960723 0000 150N 1271E -99 -99 0985 1010 0120 23 012 -999 -999 -999 -999 -999 -999
IBTr 11W GLORIA    960723 0600 156N 1264E -99 -99 0985 1010 0120 23 012 -999 -999 -999 -999 -999 -999
IBTr 11W GLORIA    960723 1200 160N 1258E -99 -99 0980 1010 0120 25 012 -999 -999 -999 -999 -999 -999
IBTr 11W GLORIA    960723 1800 165N 1252E -99 -99 0980 1010 0120 25 012 -999 -999 -999 -999 -999 -999
IBTr 11W GLORIA    960724 0000 169N 1246E -99 -99 0970 1010 0130 30 013 -999 -999 -999 -999 -999 -999
IBTr 11W GLORIA    960724 0600 173N 1240E -99 -99 0965 1010 0130 33 013 -999 -999 -999 -999 -999 -999
IBTr 11W GLORIA    960724 1200 177N 1234E -99 -99 0965 1010 0130 33 013 -999 -999 -999 -999 -999 -999
IBTr 11W GLORIA    960724 1800 183N 1229E -99 -99 0965 1010 0130 33 013 -999 -999 -999 -999 -999 -999
IBTr 11W GLORIA    960725 0000 190N 1222E -99 -99 0965 1010 0130 33 013 -999 -999 -999 -999 -999 -999
IBTr 11W GLORIA    960725 0600 196N 1218E -99 -99 0965 1010 0130 33 013 -999 -999 -999 -999 -999 -999
IBTr 11W GLORIA    960725 1200 199N 1212E -99 -99 0965 1010 0140 33 014 -999 -999 -999 -999 -999 -999
IBTr 11W GLORIA    960725 1800 203N 1210E -99 -99 0965 1010 0140 33 014 -999 -999 -999 -999 -999 -999
IBTr 11W GLORIA    960726 0000 209N 1208E -99 -99 0965 1010 0140 33 014 -999 -999 -999 -999 -999 -999
IBTr 11W GLORIA    960726 0600 217N 1208E -99 -99 0965 1010 0140 33 014 -999 -999 -999 -999 -999 -999
IBTr 11W GLORIA    960726 1200 232N 1199E -99 -99 0975 1010 0130 30 013 -999 -999 -999 -999 -999 -999
IBTr 11W GLORIA    960726 1800 241N 1189E -99 -99 0980 1010 0130 28 013 -999 -999 -999 -999 -999 -999
IBTr 11W GLORIA    960727 0000 250N 1174E -99 -99 0990 1010 0120 20 012 -999 -999 -999 -999 -999 -999
IBTr 11W GLORIA    960727 0600 254N 1155E -99 -99 0992 1010 0110 23 011 -999 -999 -999 -999 -999 -999
IBTr 11W GLORIA    960727 1200 260N 1142E -99 -99 0994 1010 0110 15 011 -999 -999 -999 -999 -999 -999
IBTr 11W GLORIA    960727 1800 263N 1125E -99 -99 0994 1010 0110 10 011 -999 -999 -999 -999 -999 -999
IBTr 11W GLORIA    960728 0000 262N 1106E -99 -99 0996 1010 0110 -9 011 -999 -999 -999 -999 -999 -999
IBTr 11W GLORIA    960728 0600 258N 1098E -99 -99 0996 1010 0110 -9 011 -999 -999 -999 -999 -999 -999
IBTr 11W GLORIA    960728 1200 255N 1089E -99 -99 0996 1010 0110 -9 011 -999 -999 -999 -999 -999 -999
IBTr 11W GLORIA    960728 1800 257N 1082E -99 -99 0996 1010 0110 -9 011 -999 -999 -999 -999 -999 -999
IBTr 11W YATES     960918 0600 84N  1789E -99 -99 -999 1010 0000 07 000 -999 -999 -999 -999 -999 -999
IBTr 11W YATES     960918 1200 85N  1774E -99 -99 -999 1010 0000 07 000 -999 -999 -999 -999 -999 -999
IBTr 11W YATES     960918 1800 87N  1759E -99 -99 -999 1010 0000 10 000 -999 -999 -999 -999 -999 -999
IBTr 11W YATES     960919 0000 88N  1743E -99 -99 -999 1010 0000 10 000 -999 -999 -999 -999 -999 -999
IBTr 11W YATES     960919 0600 89N  1728E -99 -99 -999 1010 0000 12 000 -999 -999 -999 -999 -999 -999
IBTr 11W YATES     960919 1200 90N  1713E -99 -99 -999 1010 0000 12 000 -999 -999 -999 -999 -999 -999
IBTr 11W YATES     960919 1800 91N  1698E -99 -99 -999 1010 0000 12 000 -999 -999 -999 -999 -999 -999
IBTr 11W YATES     960920 0000 93N  1684E -99 -99 -999 1010 0000 12 000 -999 -999 -999 -999 -999 -999
IBTr 11W YATES     960920 0600 95N  1672E -99 -99 -999 1010 0000 12 000 -999 -999 -999 -999 -999 -999
IBTr 11W YATES     960920 1200 97N  1660E -99 -99 -999 1010 0000 12 000 -999 -999 -999 -999 -999 -999
IBTr 11W YATES     960920 1800 100N 1650E -99 -99 -999 1010 0000 12 000 -999 -999 -999 -999 -999 -999
IBTr 11W YATES     960921 0000 108N 1646E -99 -99 1008 1010 0080 12 008 -999 -999 -999 -999 -999 -999
IBTr 11W YATES     960921 0600 117N 1641E -99 -99 1006 1010 0090 12 009 -999 -999 -999 -999 -999 -999
IBTr 11W YATES     960921 1200 125N 1637E -99 -99 1006 1010 0090 12 009 -999 -999 -999 -999 -999 -999
IBTr 11W YATES     960921 1800 133N 1631E -99 -99 1006 1010 0090 12 009 -999 -999 -999 -999 -999 -999
IBTr 11W YATES     960922 0000 139N 1622E -99 -99 1006 1010 0090 12 009 -999 -999 -999 -999 -999 -999
IBTr 11W YATES     960922 0600 144N 1611E -99 -99 1006 1010 0090 12 009 -999 -999 -999 -999 -999 -999
IBTr 11W YATES     960922 1200 151N 1597E -99 -99 1004 1010 0090 15 009 -999 -999 -999 -999 -999 -999
IBTr 11W YATES     960922 1800 155N 1585E -99 -99 1004 1010 0090 18 009 -999 -999 -999 -999 -999 -999
IBTr 11W YATES     960923 0000 159N 1572E -99 -99 1000 1010 0100 28 010 -999 -999 -999 -999 -999 -999
IBTr 11W YATES     960923 0300 160N 1568E -99 -99 0996 1010 0100 18 010 -999 -999 -999 -999 -999 -999
IBTr 11W YATES     960923 0600 161N 1560E -99 -99 0994 1010 0110 20 011 -999 -999 -999 -999 -999 -999
IBTr 11W YATES     960923 1200 163N 1549E -99 -99 0985 1010 0120 25 012 -999 -999 -999 -999 -999 -999
IBTr 11W YATES     960923 1800 163N 1538E -99 -99 0970 1010 0130 30 013 -999 -999 -999 -999 -999 -999
IBTr 11W YATES     960924 0000 162N 1527E -99 -99 0960 1010 0130 38 013 -999 -999 -999 -999 -999 -999
IBTr 11W YATES     960924 0600 162N 1515E -99 -99 0960 1010 0130 38 013 -999 -999 -999 -999 -999 -999
IBTr 11W YATES     960924 1200 161N 1502E -99 -99 0960 1010 0130 38 013 -999 -999 -999 -999 -999 -999
IBTr 11W YATES     960924 1800 160N 1489E -99 -99 0950 1010 0130 41 013 -999 -999 -999 -999 -999 -999
IBTr 11W YATES     960925 0000 159N 1478E -99 -99 0940 1010 0120 43 012 -999 -999 -999 -999 -999 -999
IBTr 11W YATES     960925 0600 159N 1466E -99 -99 0940 1010 0120 43 012 -999 -999 -999 -999 -999 -999
IBTr 11W YATES     960925 1200 160N 1455E -99 -99 0940 1010 0120 43 012 -999 -999 -999 -999 -999 -999
IBTr 11W YATES     960925 1800 161N 1447E -99 -99 0940 1010 0120 43 012 -999 -999 -999 -999 -999 -999
IBTr 11W YATES     960926 0000 165N 1439E -99 -99 0940 1010 0120 43 012 -999 -999 -999 -999 -999 -999
IBTr 11W YATES     960926 0600 169N 1431E -99 -99 0940 1010 0120 43 012 -999 -999 -999 -999 -999 -999
IBTr 11W YATES     960926 1200 173N 1424E -99 -99 0935 1010 0120 46 012 -999 -999 -999 -999 -999 -999
IBTr 11W YATES     960926 1800 179N 1417E -99 -99 0935 1010 0120 46 012 -999 -999 -999 -999 -999 -999
IBTr 11W YATES     960927 0000 187N 1411E -99 -99 0940 1010 0130 43 013 -999 -999 -999 -999 -999 -999
IBTr 11W YATES     960927 0600 196N 1403E -99 -99 0940 1010 0130 43 013 -999 -999 -999 -999 -999 -999
IBTr 11W YATES     960927 1200 201N 1395E -99 -99 0940 1010 0130 43 013 -999 -999 -999 -999 -999 -999
IBTr 11W YATES     960927 1800 206N 1388E -99 -99 0940 1010 0130 43 013 -999 -999 -999 -999 -999 -999
IBTr 11W YATES     960928 0000 210N 1384E -99 -99 0940 1010 0130 43 013 -999 -999 -999 -999 -999 -999
IBTr 11W YATES     960928 0600 214N 1381E -99 -99 0940 1010 0130 43 013 -999 -999 -999 -999 -999 -999
IBTr 11W YATES     960928 1200 219N 1377E -99 -99 0945 1010 0130 43 013 -999 -999 -999 -999 -999 -999
IBTr 11W YATES     960928 1800 226N 1377E -99 -99 0950 1010 0130 41 013 -999 -999 -999 -999 -999 -999
IBTr 11W YATES     960929 0000 233N 1381E -99 -99 0950 1010 0140 41 014 -999 -999 -999 -999 -999 -999
IBTr 11W YATES     960929 0600 241N 1384E -99 -99 0955 1010 0140 38 014 -999 -999 -999 -999 -999 -999
IBTr 11W YATES     960929 1200 251N 1388E -99 -99 0960 1010 0140 38 014 -999 -999 -999 -999 -999 -999
IBTr 11W YATES     960929 1800 267N 1394E -99 -99 0970 1010 0140 33 014 -999 -999 -999 -999 -999 -999
IBTr 11W YATES     960930 0000 283N 1403E -99 -99 0970 1010 0140 33 014 -999 -999 -999 -999 -999 -999
IBTr 11W YATES     960930 0600 298N 1417E -99 -99 0975 1010 0140 30 014 -999 -999 -999 -999 -999 -999
IBTr 11W YATES     960930 1200 312N 1441E -99 -99 0975 1010 0140 30 014 -999 -999 -999 -999 -999 -999
IBTr 11W YATES     960930 1800 324N 1466E -99 -99 0980 1010 0130 28 013 -999 -999 -999 -999 -999 -999
IBTr 11W YATES     961001 0000 333N 1493E -99 -99 0980 1010 0130 28 013 -999 -999 -999 -999 -999 -999
IBTr 11W YATES     961001 0600 340N 1523E -99 -99 0985 1010 0130 25 013 -999 -999 -999 -999 -999 -999
IBTr 11W YATES     961001 1200 343N 1559E -99 -99 0990 1010 0120 33 012 -999 -999 -999 -999 -999 -999
IBTr 11W YATES     961001 1800 349N 1596E -99 -99 0992 1010 0120 33 012 -999 -999 -999 -999 -999 -999
IBTr 11W YATES     961002 0000 355N 1631E -99 -99 0992 1010 0120 30 012 -999 -999 -999 -999 -999 -999
IBTr 11W YATES     961002 0600 361N 1666E -99 -99 0992 1010 0120 30 012 -999 -999 -999 -999 -999 -999
IBTr 11W YATES     961002 1200 369N 1701E -99 -99 0992 1010 0120 30 012 -999 -999 -999 -999 -999 -999
IBTr 11W YATES     961002 1800 380N 1731E -99 -99 0984 1010 0130 30 013 -999 -999 -999 -999 -999 -999
IBTr 11W YATES     961003 0000 391N 1763E -99 -99 0980 1010 0140 28 014 -999 -999 -999 -999 -999 -999
IBTr 11W YATES     961003 0600 405N 1791E -99 -99 -999 1010 0000 28 000 -999 -999 -999 -999 -999 -999
