IBTr 16S GUYLIANNE 960317 1200 120S 0719E -99 -99 1004 1010 0090 10 009 -999 -999 -999 -999 -999 -999
IBTr 16S GUYLIANNE 960317 1800 132S 0702E -99 -99 1004 1010 0090 10 009 -999 -999 -999 -999 -999 -999
IBTr 16S GUYLIANNE 960318 0000 134S 0691E -99 -99 1002 1010 0090 12 009 -999 -999 -999 -999 -999 -999
IBTr 16S GUYLIANNE 960318 0600 135S 0677E -99 -99 1002 1010 0090 12 009 -999 -999 -999 -999 -999 -999
IBTr 16S GUYLIANNE 960318 1200 135S 0664E -99 -99 1002 1010 0090 12 009 -999 -999 -999 -999 -999 -999
IBTr 16S GUYLIANNE 960318 1800 133S 0653E -99 -99 1000 1010 0100 12 010 -999 -999 -999 -999 -999 -999
IBTr 16S GUYLIANNE 960319 0000 131S 0642E -99 -99 1000 1010 0100 12 010 -999 -999 -999 -999 -999 -999
IBTr 16S GUYLIANNE 960319 0600 130S 0632E -99 -99 1000 1010 0100 12 010 -999 -999 -999 -999 -999 -999
IBTr 16S GUYLIANNE 960319 1200 130S 0623E -99 -99 1000 1010 0100 12 010 -999 -999 -999 -999 -999 -999
IBTr 16S GUYLIANNE 960319 1800 131S 0614E -99 -99 1000 1010 0100 12 010 -999 -999 -999 -999 -999 -999
IBTr 16S GUYLIANNE 960320 0000 133S 0604E -99 -99 1000 1010 0100 12 010 -999 -999 -999 -999 -999 -999
IBTr 16S GUYLIANNE 960320 0600 137S 0595E -99 -99 1000 1010 0100 12 010 -999 -999 -999 -999 -999 -999
IBTr 16S GUYLIANNE 960320 1200 141S 0588E -99 -99 0997 1010 0100 14 010 -999 -999 -999 -999 -999 -999
IBTr 16S GUYLIANNE 960320 1800 147S 0583E -99 -99 0997 1010 0100 14 010 -999 -999 -999 -999 -999 -999
IBTr 16S GUYLIANNE 960321 0000 153S 0579E -99 -99 0995 1010 0100 15 010 -999 -999 -999 -999 -999 -999
IBTr 16S GUYLIANNE 960321 0600 160S 0577E -99 -99 0995 1010 0100 15 010 -999 -999 -999 -999 -999 -999
IBTr 16S GUYLIANNE 960321 1200 166S 0575E -99 -99 0995 1010 0110 15 011 -999 -999 -999 -999 -999 -999
IBTr 16S GUYLIANNE 960321 1800 170S 0574E -99 -99 0995 1010 0110 15 011 -999 -999 -999 -999 -999 -999
IBTr 16S GUYLIANNE 960322 0000 175S 0574E -99 -99 0992 1010 0110 18 011 -999 -999 -999 -999 -999 -999
IBTr 16S GUYLIANNE 960322 0600 182S 0576E -99 -99 0992 1010 0110 18 011 -999 -999 -999 -999 -999 -999
IBTr 16S GUYLIANNE 960322 1200 189S 0579E -99 -99 0992 1010 0110 18 011 -999 -999 -999 -999 -999 -999
IBTr 16S GUYLIANNE 960322 1800 197S 0581E -99 -99 0992 1010 0110 18 011 -999 -999 -999 -999 -999 -999
IBTr 16S GUYLIANNE 960323 0000 202S 0584E -99 -99 0992 1010 0110 18 011 -999 -999 -999 -999 -999 -999
IBTr 16S GUYLIANNE 960323 0600 208S 0586E -99 -99 0995 1010 0110 15 011 -999 -999 -999 -999 -999 -999
IBTr 16S GUYLIANNE 960323 1200 214S 0585E -99 -99 0995 1010 0110 15 011 -999 -999 -999 -999 -999 -999
IBTr 16S GUYLIANNE 960323 1800 220S 0581E -99 -99 0997 1010 0100 14 010 -999 -999 -999 -999 -999 -999
IBTr 16S GUYLIANNE 960324 0000 222S 0574E -99 -99 1000 1010 0100 12 010 -999 -999 -999 -999 -999 -999
IBTr 16S GUYLIANNE 960324 0600 224S 0573E -99 -99 1000 1010 0100 12 010 -999 -999 -999 -999 -999 -999
IBTr 16S GUYLIANNE 960324 1200 228S 0572E -99 -99 1004 1010 0090 10 009 -999 -999 -999 -999 -999 -999
IBTr 16S GUYLIANNE 960324 1800 230S 0570E -99 -99 0000 1010 0000 -9 000 -999 -999 -999 -999 -999 -999
IBTr 16S GUYLIANNE 960325 0000 234S 0569E -99 -99 0000 1010 0000 -9 000 -999 -999 -999 -999 -999 -999
IBTr 16S GUYLIANNE 960325 0600 238S 0569E -99 -99 0000 1010 0000 -9 000 -999 -999 -999 -999 -999 -999
