IBTr 13W HERB      960721 0600 123N 1516E -99 -99 -999 1010 0000 07 000 -999 -999 -999 -999 -999 -999
IBTr 13W HERB      960721 1200 125N 1519E -99 -99 -999 1010 0000 07 000 -999 -999 -999 -999 -999 -999
IBTr 13W HERB      960721 1800 129N 1522E -99 -99 -999 1010 0000 07 000 -999 -999 -999 -999 -999 -999
IBTr 13W HERB      960722 0000 134N 1524E -99 -99 -999 1010 0000 07 000 -999 -999 -999 -999 -999 -999
IBTr 13W HERB      960722 0600 141N 1526E -99 -99 -999 1010 0000 07 000 -999 -999 -999 -999 -999 -999
IBTr 13W HERB      960722 1200 149N 1527E -99 -99 -999 1010 0000 10 000 -999 -999 -999 -999 -999 -999
IBTr 13W HERB      960722 1800 155N 1527E -99 -99 -999 1010 0000 12 000 -999 -999 -999 -999 -999 -999
IBTr 13W HERB      960723 0000 159N 1530E -99 -99 1004 1010 0090 12 009 -999 -999 -999 -999 -999 -999
IBTr 13W HERB      960723 0600 168N 1528E -99 -99 1004 1010 0090 12 009 -999 -999 -999 -999 -999 -999
IBTr 13W HERB      960723 1200 175N 1523E -99 -99 1004 1010 0090 12 009 -999 -999 -999 -999 -999 -999
IBTr 13W HERB      960723 1800 183N 1516E -99 -99 1004 1010 0090 15 009 -999 -999 -999 -999 -999 -999
IBTr 13W HERB      960724 0000 190N 1505E -99 -99 1000 1010 0100 18 010 -999 -999 -999 -999 -999 -999
IBTr 13W HERB      960724 0600 195N 1494E -99 -99 1000 1010 0100 18 010 -999 -999 -999 -999 -999 -999
IBTr 13W HERB      960724 1200 198N 1484E -99 -99 0994 1010 0110 20 011 -999 -999 -999 -999 -999 -999
IBTr 13W HERB      960724 1800 200N 1474E -99 -99 0994 1010 0110 20 011 -999 -999 -999 -999 -999 -999
IBTr 13W HERB      960725 0000 202N 1462E -99 -99 0994 1010 0110 20 011 -999 -999 -999 -999 -999 -999
IBTr 13W HERB      960725 0600 203N 1448E -99 -99 0992 1010 0110 20 011 -999 -999 -999 -999 -999 -999
IBTr 13W HERB      960725 1200 204N 1436E -99 -99 0990 1010 0110 23 011 -999 -999 -999 -999 -999 -999
IBTr 13W HERB      960725 1800 206N 1423E -99 -99 0985 1010 0120 25 012 -999 -999 -999 -999 -999 -999
IBTr 13W HERB      960726 0000 208N 1408E -99 -99 0980 1010 0130 28 013 -999 -999 -999 -999 -999 -999
IBTr 13W HERB      960726 0600 207N 1391E -99 -99 0975 1010 0130 30 013 -999 -999 -999 -999 -999 -999
IBTr 13W HERB      960726 1200 204N 1377E -99 -99 0965 1010 0140 36 014 -999 -999 -999 -999 -999 -999
IBTr 13W HERB      960726 1800 200N 1367E -99 -99 0955 1010 0140 38 014 -999 -999 -999 -999 -999 -999
IBTr 13W HERB      960727 0000 197N 1356E -99 -99 0950 1010 0130 41 013 -999 -999 -999 -999 -999 -999
IBTr 13W HERB      960727 0600 193N 1346E -99 -99 0940 1010 0130 43 013 -999 -999 -999 -999 -999 -999
IBTr 13W HERB      960727 1200 190N 1340E -99 -99 0940 1010 0130 43 013 -999 -999 -999 -999 -999 -999
IBTr 13W HERB      960727 1800 188N 1331E -99 -99 0940 1010 0130 43 013 -999 -999 -999 -999 -999 -999
IBTr 13W HERB      960728 0000 185N 1324E -99 -99 0940 1010 0130 43 013 -999 -999 -999 -999 -999 -999
IBTr 13W HERB      960728 0600 184N 1317E -99 -99 0940 1010 0130 43 013 -999 -999 -999 -999 -999 -999
IBTr 13W HERB      960728 1200 183N 1310E -99 -99 0940 1010 0130 43 013 -999 -999 -999 -999 -999 -999
IBTr 13W HERB      960728 1800 183N 1304E -99 -99 0940 1010 0130 43 013 -999 -999 -999 -999 -999 -999
IBTr 13W HERB      960729 0000 186N 1299E -99 -99 0940 1010 0130 43 013 -999 -999 -999 -999 -999 -999
IBTr 13W HERB      960729 0600 192N 1293E -99 -99 0940 1010 0130 43 013 -999 -999 -999 -999 -999 -999
IBTr 13W HERB      960729 1200 198N 1287E -99 -99 0940 1010 0130 43 013 -999 -999 -999 -999 -999 -999
IBTr 13W HERB      960729 1800 203N 1282E -99 -99 0940 1010 0130 43 013 -999 -999 -999 -999 -999 -999
IBTr 13W HERB      960730 0000 210N 1278E -99 -99 0940 1010 0130 43 013 -999 -999 -999 -999 -999 -999
IBTr 13W HERB      960730 0600 220N 1271E -99 -99 0935 1010 0120 46 012 -999 -999 -999 -999 -999 -999
IBTr 13W HERB      960730 0900 222N 1268E -99 -99 0935 1010 0120 46 012 -999 -999 -999 -999 -999 -999
IBTr 13W HERB      960730 1200 224N 1265E -99 -99 0930 1010 0120 46 012 -999 -999 -999 -999 -999 -999
IBTr 13W HERB      960730 1500 227N 1263E -99 -99 0930 1010 0120 46 012 -999 -999 -999 -999 -999 -999
IBTr 13W HERB      960730 1800 232N 1260E -99 -99 0925 1010 0110 46 011 -999 -999 -999 -999 -999 -999
IBTr 13W HERB      960730 2100 238N 1255E -99 -99 0925 1010 0110 46 011 -999 -999 -999 -999 -999 -999
IBTr 13W HERB      960731 0000 239N 1247E -99 -99 0925 1010 0110 46 011 -999 -999 -999 -999 -999 -999
IBTr 13W HERB      960731 0300 240N 1241E -99 -99 0925 1010 0110 46 011 -999 -999 -999 -999 -999 -999
IBTr 13W HERB      960731 0600 241N 1237E -99 -99 0925 1010 0110 48 011 -999 -999 -999 -999 -999 -999
IBTr 13W HERB      960731 0700 242N 1237E -99 -99 0925 1010 0110 48 011 -999 -999 -999 -999 -999 -999
IBTr 13W HERB      960731 0900 246N 1233E -99 -99 0925 1010 0110 48 011 -999 -999 -999 -999 -999 -999
IBTr 13W HERB      960731 1200 248N 1225E -99 -99 0925 1010 0110 48 011 -999 -999 -999 -999 -999 -999
IBTr 13W HERB      960731 1500 248N 1216E -99 -99 0950 1010 0140 41 014 -999 -999 -999 -999 -999 -999
IBTr 13W HERB      960731 1800 248N 1211E -99 -99 0960 1010 0140 38 014 -999 -999 -999 -999 -999 -999
IBTr 13W HERB      960731 2100 249N 1206E -99 -99 0965 1010 0140 36 014 -999 -999 -999 -999 -999 -999
IBTr 13W HERB      960801 0000 254N 1200E -99 -99 0965 1010 0140 36 014 -999 -999 -999 -999 -999 -999
IBTr 13W HERB      960801 0300 258N 1194E -99 -99 0965 1010 0140 36 014 -999 -999 -999 -999 -999 -999
IBTr 13W HERB      960801 0600 259N 1186E -99 -99 0975 1010 0130 30 013 -999 -999 -999 -999 -999 -999
IBTr 13W HERB      960801 1200 262N 1172E -99 -99 0980 1010 0130 23 013 -999 -999 -999 -999 -999 -999
IBTr 13W HERB      960801 1800 266N 1163E -99 -99 0985 1010 0120 20 012 -999 -999 -999 -999 -999 -999
IBTr 13W HERB      960802 0000 273N 1154E -99 -99 0988 1010 0120 18 012 -999 -999 -999 -999 -999 -999
IBTr 13W HERB      960802 0600 281N 1145E -99 -99 0990 1010 0120 15 012 -999 -999 -999 -999 -999 -999
IBTr 13W HERB      960802 1200 290N 1139E -99 -99 0992 1010 0120 15 012 -999 -999 -999 -999 -999 -999
IBTr 13W HERB      960802 1800 300N 1134E -99 -99 0996 1010 0110 12 011 -999 -999 -999 -999 -999 -999
IBTr 13W HERB      960803 0000 308N 1129E -99 -99 0998 1010 0110 10 011 -999 -999 -999 -999 -999 -999
IBTr 13W HERB      960803 0600 314N 1125E -99 -99 0998 1010 0110 10 011 -999 -999 -999 -999 -999 -999
IBTr 13W HERB      960803 1200 319N 1120E -99 -99 1000 1010 0100 10 010 -999 -999 -999 -999 -999 -999
IBTr 13W HERB      960803 1800 325N 1117E -99 -99 1000 1010 0100 -9 010 -999 -999 -999 -999 -999 -999
IBTr 13W HERB      960804 0000 326N 1110E -99 -99 1000 1010 0100 -9 010 -999 -999 -999 -999 -999 -999
IBTr 13W HERB      960804 0600 331N 1105E -99 -99 1000 1010 0100 -9 010 -999 -999 -999 -999 -999 -999
IBTr 13W HERB      960804 1200 336N 1100E -99 -99 1000 1010 0100 -9 010 -999 -999 -999 -999 -999 -999
