IBTr 16W KIRK      960728 0000 53N  1558E -99 -99 -999 1010 0000 07 000 -999 -999 -999 -999 -999 -999
IBTr 16W KIRK      960728 0600 55N  1553E -99 -99 -999 1010 0000 07 000 -999 -999 -999 -999 -999 -999
IBTr 16W KIRK      960728 1200 57N  1547E -99 -99 -999 1010 0000 07 000 -999 -999 -999 -999 -999 -999
IBTr 16W KIRK      960728 1800 59N  1542E -99 -99 -999 1010 0000 07 000 -999 -999 -999 -999 -999 -999
IBTr 16W KIRK      960729 0000 61N  1537E -99 -99 -999 1010 0000 07 000 -999 -999 -999 -999 -999 -999
IBTr 16W KIRK      960729 0600 63N  1529E -99 -99 -999 1010 0000 07 000 -999 -999 -999 -999 -999 -999
IBTr 16W KIRK      960729 1200 65N  1520E -99 -99 -999 1010 0000 07 000 -999 -999 -999 -999 -999 -999
IBTr 16W KIRK      960729 1800 68N  1510E -99 -99 -999 1010 0000 10 000 -999 -999 -999 -999 -999 -999
IBTr 16W KIRK      960730 0000 71N  1497E -99 -99 -999 1010 0000 10 000 -999 -999 -999 -999 -999 -999
IBTr 16W KIRK      960730 0600 74N  1484E -99 -99 -999 1010 0000 12 000 -999 -999 -999 -999 -999 -999
IBTr 16W KIRK      960730 1200 76N  1473E -99 -99 -999 1010 0000 12 000 -999 -999 -999 -999 -999 -999
IBTr 16W KIRK      960730 1800 78N  1462E -99 -99 -999 1010 0000 12 000 -999 -999 -999 -999 -999 -999
IBTr 16W KIRK      960731 0000 80N  1453E -99 -99 -999 1010 0000 12 000 -999 -999 -999 -999 -999 -999
IBTr 16W KIRK      960731 0600 81N  1446E -99 -99 -999 1010 0000 12 000 -999 -999 -999 -999 -999 -999
IBTr 16W KIRK      960731 1200 81N  1439E -99 -99 -999 1010 0000 10 000 -999 -999 -999 -999 -999 -999
IBTr 16W KIRK      960731 1800 82N  1432E -99 -99 -999 1010 0000 10 000 -999 -999 -999 -999 -999 -999
IBTr 16W KIRK      960801 0000 84N  1425E -99 -99 -999 1010 0000 10 000 -999 -999 -999 -999 -999 -999
IBTr 16W KIRK      960801 0600 87N  1416E -99 -99 -999 1010 0000 10 000 -999 -999 -999 -999 -999 -999
IBTr 16W KIRK      960801 1200 89N  1407E -99 -99 -999 1010 0000 10 000 -999 -999 -999 -999 -999 -999
IBTr 16W KIRK      960801 1800 93N  1398E -99 -99 -999 1010 0000 10 000 -999 -999 -999 -999 -999 -999
IBTr 16W KIRK      960802 0000 98N  1389E -99 -99 -999 1010 0000 10 000 -999 -999 -999 -999 -999 -999
IBTr 16W KIRK      960802 0600 104N 1381E -99 -99 -999 1010 0000 10 000 -999 -999 -999 -999 -999 -999
IBTr 16W KIRK      960802 1200 110N 1374E -99 -99 -999 1010 0000 10 000 -999 -999 -999 -999 -999 -999
IBTr 16W KIRK      960802 1800 116N 1367E -99 -99 -999 1010 0000 10 000 -999 -999 -999 -999 -999 -999
IBTr 16W KIRK      960803 0000 131N 1357E -99 -99 -999 1010 0000 10 000 -999 -999 -999 -999 -999 -999
IBTr 16W KIRK      960803 0600 153N 1347E -99 -99 -999 1010 0000 12 000 -999 -999 -999 -999 -999 -999
IBTr 16W KIRK      960803 1200 177N 1340E -99 -99 -999 1010 0000 12 000 -999 -999 -999 -999 -999 -999
IBTr 16W KIRK      960803 1800 202N 1334E -99 -99 1004 1010 0090 12 009 -999 -999 -999 -999 -999 -999
IBTr 16W KIRK      960804 0000 228N 1322E -99 -99 1004 1010 0090 12 009 -999 -999 -999 -999 -999 -999
IBTr 16W KIRK      960804 0600 243N 1315E -99 -99 1002 1010 0100 15 010 -999 -999 -999 -999 -999 -999
IBTr 16W KIRK      960804 1200 252N 1311E -99 -99 1002 1010 0100 15 010 -999 -999 -999 -999 -999 -999
IBTr 16W KIRK      960804 1800 261N 1309E -99 -99 0998 1010 0100 15 010 -999 -999 -999 -999 -999 -999
IBTr 16W KIRK      960805 0000 268N 1306E -99 -99 0998 1010 0100 15 010 -999 -999 -999 -999 -999 -999
IBTr 16W KIRK      960805 0600 272N 1304E -99 -99 0998 1010 0110 15 011 -999 -999 -999 -999 -999 -999
IBTr 16W KIRK      960805 1200 276N 1304E -99 -99 0996 1010 0110 18 011 -999 -999 -999 -999 -999 -999
IBTr 16W KIRK      960805 1800 275N 1307E -99 -99 0996 1010 0110 18 011 -999 -999 -999 -999 -999 -999
IBTr 16W KIRK      960806 0000 274N 1310E -99 -99 0994 1010 0110 20 011 -999 -999 -999 -999 -999 -999
IBTr 16W KIRK      960806 0300 272N 1313E -99 -99 0994 1010 0110 20 011 -999 -999 -999 -999 -999 -999
IBTr 16W KIRK      960806 0600 272N 1316E -99 -99 0994 1010 0110 20 011 -999 -999 -999 -999 -999 -999
IBTr 16W KIRK      960806 0900 269N 1319E -99 -99 0992 1010 0110 20 011 -999 -999 -999 -999 -999 -999
IBTr 16W KIRK      960806 1200 268N 1322E -99 -99 0990 1010 0120 20 012 -999 -999 -999 -999 -999 -999
IBTr 16W KIRK      960806 1500 264N 1323E -99 -99 0990 1010 0120 20 012 -999 -999 -999 -999 -999 -999
IBTr 16W KIRK      960806 1800 263N 1327E -99 -99 0990 1010 0120 20 012 -999 -999 -999 -999 -999 -999
IBTr 16W KIRK      960806 2100 261N 1329E -99 -99 0990 1010 0120 20 012 -999 -999 -999 -999 -999 -999
IBTr 16W KIRK      960807 0000 260N 1331E -99 -99 0990 1010 0120 20 012 -999 -999 -999 -999 -999 -999
IBTr 16W KIRK      960807 0300 259N 1334E -99 -99 0990 1010 0120 20 012 -999 -999 -999 -999 -999 -999
IBTr 16W KIRK      960807 0600 256N 1335E -99 -99 0990 1010 0120 20 012 -999 -999 -999 -999 -999 -999
IBTr 16W KIRK      960807 1200 253N 1338E -99 -99 0990 1010 0120 20 012 -999 -999 -999 -999 -999 -999
IBTr 16W KIRK      960807 1800 251N 1339E -99 -99 0990 1010 0120 20 012 -999 -999 -999 -999 -999 -999
IBTr 16W KIRK      960808 0000 249N 1340E -99 -99 0990 1010 0120 20 012 -999 -999 -999 -999 -999 -999
IBTr 16W KIRK      960808 0600 248N 1340E -99 -99 0985 1010 0120 23 012 -999 -999 -999 -999 -999 -999
IBTr 16W KIRK      960808 1200 249N 1338E -99 -99 0985 1010 0120 23 012 -999 -999 -999 -999 -999 -999
IBTr 16W KIRK      960808 1800 250N 1334E -99 -99 0985 1010 0120 23 012 -999 -999 -999 -999 -999 -999
IBTr 16W KIRK      960809 0000 252N 1329E -99 -99 0980 1010 0130 25 013 -999 -999 -999 -999 -999 -999
IBTr 16W KIRK      960809 0300 254N 1326E -99 -99 0975 1010 0130 28 013 -999 -999 -999 -999 -999 -999
IBTr 16W KIRK      960809 0600 252N 1322E -99 -99 0975 1010 0130 28 013 -999 -999 -999 -999 -999 -999
IBTr 16W KIRK      960809 0900 253N 1318E -99 -99 0975 1010 0130 28 013 -999 -999 -999 -999 -999 -999
IBTr 16W KIRK      960809 1200 249N 1314E -99 -99 0975 1010 0130 28 013 -999 -999 -999 -999 -999 -999
IBTr 16W KIRK      960809 1500 248N 1312E -99 -99 0975 1010 0130 28 013 -999 -999 -999 -999 -999 -999
IBTr 16W KIRK      960809 1800 246N 1310E -99 -99 0975 1010 0130 30 013 -999 -999 -999 -999 -999 -999
IBTr 16W KIRK      960809 2100 245N 1309E -99 -99 0975 1010 0130 30 013 -999 -999 -999 -999 -999 -999
IBTr 16W KIRK      960810 0000 244N 1308E -99 -99 0975 1010 0130 30 013 -999 -999 -999 -999 -999 -999
IBTr 16W KIRK      960810 0300 244N 1307E -99 -99 0975 1010 0130 30 013 -999 -999 -999 -999 -999 -999
IBTr 16W KIRK      960810 0600 243N 1307E -99 -99 0970 1010 0140 33 014 -999 -999 -999 -999 -999 -999
IBTr 16W KIRK      960810 0900 243N 1306E -99 -99 0970 1010 0140 33 014 -999 -999 -999 -999 -999 -999
IBTr 16W KIRK      960810 1200 242N 1305E -99 -99 0970 1010 0140 33 014 -999 -999 -999 -999 -999 -999
IBTr 16W KIRK      960810 1500 241N 1304E -99 -99 0970 1010 0140 33 014 -999 -999 -999 -999 -999 -999
IBTr 16W KIRK      960810 1800 240N 1303E -99 -99 0970 1010 0140 33 014 -999 -999 -999 -999 -999 -999
IBTr 16W KIRK      960810 2100 242N 1303E -99 -99 0965 1010 0140 36 014 -999 -999 -999 -999 -999 -999
IBTr 16W KIRK      960811 0000 243N 1302E -99 -99 0965 1010 0140 36 014 -999 -999 -999 -999 -999 -999
IBTr 16W KIRK      960811 0300 245N 1303E -99 -99 0965 1010 0140 36 014 -999 -999 -999 -999 -999 -999
IBTr 16W KIRK      960811 0600 248N 1302E -99 -99 0965 1010 0140 36 014 -999 -999 -999 -999 -999 -999
IBTr 16W KIRK      960811 0900 250N 1301E -99 -99 0965 1010 0140 36 014 -999 -999 -999 -999 -999 -999
IBTr 16W KIRK      960811 1200 251N 1296E -99 -99 0965 1010 0140 36 014 -999 -999 -999 -999 -999 -999
IBTr 16W KIRK      960811 1500 252N 1293E -99 -99 0965 1010 0140 36 014 -999 -999 -999 -999 -999 -999
IBTr 16W KIRK      960811 1800 254N 1290E -99 -99 0965 1010 0140 36 014 -999 -999 -999 -999 -999 -999
IBTr 16W KIRK      960811 2100 257N 1286E -99 -99 0965 1010 0140 36 014 -999 -999 -999 -999 -999 -999
IBTr 16W KIRK      960812 0000 259N 1283E -99 -99 0960 1010 0140 36 014 -999 -999 -999 -999 -999 -999
IBTr 16W KIRK      960812 0300 261N 1281E -99 -99 0960 1010 0140 36 014 -999 -999 -999 -999 -999 -999
IBTr 16W KIRK      960812 0600 263N 1278E -99 -99 0960 1010 0140 36 014 -999 -999 -999 -999 -999 -999
IBTr 16W KIRK      960812 0900 265N 1277E -99 -99 0960 1010 0140 36 014 -999 -999 -999 -999 -999 -999
IBTr 16W KIRK      960812 1200 265N 1277E -99 -99 0960 1010 0140 36 014 -999 -999 -999 -999 -999 -999
IBTr 16W KIRK      960812 1500 268N 1276E -99 -99 0960 1010 0140 38 014 -999 -999 -999 -999 -999 -999
IBTr 16W KIRK      960812 1800 271N 1275E -99 -99 0960 1010 0140 38 014 -999 -999 -999 -999 -999 -999
IBTr 16W KIRK      960812 2100 274N 1276E -99 -99 0960 1010 0140 38 014 -999 -999 -999 -999 -999 -999
IBTr 16W KIRK      960813 0000 278N 1277E -99 -99 0960 1010 0140 38 014 -999 -999 -999 -999 -999 -999
IBTr 16W KIRK      960813 0300 282N 1279E -99 -99 0960 1010 0140 38 014 -999 -999 -999 -999 -999 -999
IBTr 16W KIRK      960813 0600 285N 1281E -99 -99 0960 1010 0140 38 014 -999 -999 -999 -999 -999 -999
IBTr 16W KIRK      960813 0900 293N 1284E -99 -99 0955 1010 0140 38 014 -999 -999 -999 -999 -999 -999
IBTr 16W KIRK      960813 1200 299N 1287E -99 -99 0955 1010 0140 38 014 -999 -999 -999 -999 -999 -999
IBTr 16W KIRK      960813 1500 304N 1290E -99 -99 0955 1010 0140 38 014 -999 -999 -999 -999 -999 -999
IBTr 16W KIRK      960813 1800 310N 1292E -99 -99 0955 1010 0140 38 014 -999 -999 -999 -999 -999 -999
IBTr 16W KIRK      960813 2100 317N 1296E -99 -99 0955 1010 0140 38 014 -999 -999 -999 -999 -999 -999
IBTr 16W KIRK      960814 0000 323N 1302E -99 -99 0960 1010 0140 38 014 -999 -999 -999 -999 -999 -999
IBTr 16W KIRK      960814 0100 327N 1305E -99 -99 0960 1010 0140 38 014 -999 -999 -999 -999 -999 -999
IBTr 16W KIRK      960814 0300 332N 1310E -99 -99 0965 1010 0140 36 014 -999 -999 -999 -999 -999 -999
IBTr 16W KIRK      960814 0600 338N 1317E -99 -99 0970 1010 0140 33 014 -999 -999 -999 -999 -999 -999
IBTr 16W KIRK      960814 0900 346N 1329E -99 -99 0975 1010 0140 30 014 -999 -999 -999 -999 -999 -999
IBTr 16W KIRK      960814 1200 355N 1341E -99 -99 0980 1010 0130 28 013 -999 -999 -999 -999 -999 -999
IBTr 16W KIRK      960814 1500 365N 1353E -99 -99 0980 1010 0130 28 013 -999 -999 -999 -999 -999 -999
IBTr 16W KIRK      960814 1800 371N 1363E -99 -99 0980 1010 0130 28 013 -999 -999 -999 -999 -999 -999
IBTr 16W KIRK      960814 2100 379N 1379E -99 -99 0985 1010 0130 25 013 -999 -999 -999 -999 -999 -999
IBTr 16W KIRK      960815 0000 385N 1394E -99 -99 0985 1010 0130 25 013 -999 -999 -999 -999 -999 -999
IBTr 16W KIRK      960815 0300 388N 1415E -99 -99 0985 1010 0130 25 013 -999 -999 -999 -999 -999 -999
IBTr 16W KIRK      960815 0600 397N 1427E -99 -99 0985 1010 0130 25 013 -999 -999 -999 -999 -999 -999
IBTr 16W KIRK      960815 0900 401N 1442E -99 -99 0985 1010 0130 23 013 -999 -999 -999 -999 -999 -999
IBTr 16W KIRK      960815 1200 409N 1450E -99 -99 0985 1010 0130 23 013 -999 -999 -999 -999 -999 -999
IBTr 16W KIRK      960815 1800 419N 1466E -99 -99 0985 1010 0130 23 013 -999 -999 -999 -999 -999 -999
IBTr 16W KIRK      960816 0000 433N 1500E -99 -99 0984 1010 0130 20 013 -999 -999 -999 -999 -999 -999
IBTr 16W KIRK      960816 0600 442N 1525E -99 -99 0984 1010 0130 20 013 -999 -999 -999 -999 -999 -999
IBTr 16W KIRK      960816 1200 442N 1562E -99 -99 0988 1010 0130 20 013 -999 -999 -999 -999 -999 -999
IBTr 16W KIRK      960816 1800 450N 1580E -99 -99 0988 1010 0130 -9 013 -999 -999 -999 -999 -999 -999
IBTr 16W KIRK      960817 0000 460N 1600E -99 -99 0992 1010 0120 -9 012 -999 -999 -999 -999 -999 -999
IBTr 16W KIRK      960817 0600 470N 1630E -99 -99 0994 1010 0120 -9 012 -999 -999 -999 -999 -999 -999
IBTr 16W KIRK      960817 1200 480N 1660E -99 -99 0996 1010 0120 -9 012 -999 -999 -999 -999 -999 -999
IBTr 16W KIRK      960817 1800 500N 1690E -99 -99 0998 1010 0120 -9 012 -999 -999 -999 -999 -999 -999
IBTr 16W KIRK      960818 0000 510N 1720E -99 -99 0996 1010 0120 -9 012 -999 -999 -999 -999 -999 -999
IBTr 16W KIRK      960818 0600 540N 1740E -99 -99 0996 1010 0120 -9 012 -999 -999 -999 -999 -999 -999
IBTr 16W KIRK      960818 1200 560N 1760E -99 -99 0996 1010 0120 -9 012 -999 -999 -999 -999 -999 -999
