IBTr 17W LISA      960804 0000 155N 1110E -99 -99 -999 1010 0000 12 000 -999 -999 -999 -999 -999 -999
IBTr 17W LISA      960804 0600 159N 1117E -99 -99 -999 1010 0000 12 000 -999 -999 -999 -999 -999 -999
IBTr 17W LISA      960804 1200 164N 1124E -99 -99 -999 1010 0000 12 000 -999 -999 -999 -999 -999 -999
IBTr 17W LISA      960804 1800 169N 1133E -99 -99 -999 1010 0000 12 000 -999 -999 -999 -999 -999 -999
IBTr 17W LISA      960805 0000 173N 1135E -99 -99 -999 1010 0000 12 000 -999 -999 -999 -999 -999 -999
IBTr 17W LISA      960805 0600 176N 1135E -99 -99 0998 1010 0100 15 010 -999 -999 -999 -999 -999 -999
IBTr 17W LISA      960805 1200 182N 1138E -99 -99 0998 1010 0100 18 010 -999 -999 -999 -999 -999 -999
IBTr 17W LISA      960805 1800 188N 1142E -99 -99 0996 1010 0100 20 010 -999 -999 -999 -999 -999 -999
IBTr 17W LISA      960806 0000 198N 1148E -99 -99 0996 1010 0110 20 011 -999 -999 -999 -999 -999 -999
IBTr 17W LISA      960806 0600 214N 1160E -99 -99 0996 1010 0110 20 011 -999 -999 -999 -999 -999 -999
IBTr 17W LISA      960806 1200 231N 1171E -99 -99 0996 1010 0110 18 011 -999 -999 -999 -999 -999 -999
IBTr 17W LISA      960806 1800 241N 1177E -99 -99 0998 1010 0100 15 010 -999 -999 -999 -999 -999 -999
IBTr 17W LISA      960807 0000 249N 1178E -99 -99 0998 1010 0100 15 010 -999 -999 -999 -999 -999 -999
IBTr 17W LISA      960807 0600 254N 1181E -99 -99 1000 1010 0100 12 010 -999 -999 -999 -999 -999 -999
IBTr 17W LISA      960807 1200 258N 1182E -99 -99 1000 1010 0100 10 010 -999 -999 -999 -999 -999 -999
IBTr 17W LISA      960807 1800 260N 1183E -99 -99 1002 1010 0100 10 010 -999 -999 -999 -999 -999 -999
IBTr 17W LISA      960808 0000 265N 1185E -99 -99 1002 1010 0100 07 010 -999 -999 -999 -999 -999 -999
IBTr 17W LISA      960808 0600 275N 1183E -99 -99 1000 1010 0100 -9 010 -999 -999 -999 -999 -999 -999
IBTr 17W LISA      960808 1200 285N 1173E -99 -99 1000 1010 0100 -9 010 -999 -999 -999 -999 -999 -999
IBTr 17W LISA      960808 1800 283N 1166E -99 -99 1002 1010 0100 -9 010 -999 -999 -999 -999 -999 -999
IBTr 17W LISA      960809 0000 282N 1163E -99 -99 1002 1010 0100 -9 010 -999 -999 -999 -999 -999 -999
IBTr 17W LISA      960809 0600 282N 1161E -99 -99 1002 1010 0100 -9 010 -999 -999 -999 -999 -999 -999
IBTr 17W LISA      960809 1200 283N 1160E -99 -99 1002 1010 0100 -9 010 -999 -999 -999 -999 -999 -999
