IBTr 19S ITELLE    960406 1200 128S 0851E -99 -99 -999 1010 0000 -9 000 -999 -999 -999 -999 -999 -999
IBTr 19S ITELLE    960406 1800 126S 0846E -99 -99 1004 1010 0090 07 009 -999 -999 -999 -999 -999 -999
IBTr 19S ITELLE    960407 0000 127S 0841E -99 -99 1004 1010 0090 07 009 -999 -999 -999 -999 -999 -999
IBTr 19S ITELLE    960407 0600 129S 0836E -99 -99 1004 1010 0090 07 009 -999 -999 -999 -999 -999 -999
IBTr 19S ITELLE    960407 1200 132S 0828E -99 -99 1002 1010 0090 10 009 -999 -999 -999 -999 -999 -999
IBTr 19S ITELLE    960407 1800 135S 0820E -99 -99 1002 1010 0090 10 009 -999 -999 -999 -999 -999 -999
IBTr 19S ITELLE    960408 0000 138S 0810E -99 -99 1002 1010 0090 10 009 -999 -999 -999 -999 -999 -999
IBTr 19S ITELLE    960408 0600 138S 0801E -99 -99 1000 1010 0100 12 010 -999 -999 -999 -999 -999 -999
IBTr 19S ITELLE    960408 1200 137S 0793E -99 -99 1000 1010 0100 12 010 -999 -999 -999 -999 -999 -999
IBTr 19S ITELLE    960408 1800 136S 0786E -99 -99 0998 1010 0100 14 010 -999 -999 -999 -999 -999 -999
IBTr 19S ITELLE    960409 0000 135S 0780E -99 -99 0998 1010 0100 14 010 -999 -999 -999 -999 -999 -999
IBTr 19S ITELLE    960409 0600 135S 0773E -99 -99 0995 1010 0100 15 010 -999 -999 -999 -999 -999 -999
IBTr 19S ITELLE    960409 1200 133S 0767E -99 -99 0992 1010 0110 18 011 -999 -999 -999 -999 -999 -999
IBTr 19S ITELLE    960409 1800 132S 0759E -99 -99 0988 1010 0110 20 011 -999 -999 -999 -999 -999 -999
IBTr 19S ITELLE    960410 0000 131S 0750E -99 -99 0984 1010 0120 23 012 -999 -999 -999 -999 -999 -999
IBTr 19S ITELLE    960410 0600 130S 0741E -99 -99 0984 1010 0120 23 012 -999 -999 -999 -999 -999 -999
IBTr 19S ITELLE    960410 1200 130S 0732E -99 -99 0975 1010 0130 28 013 -999 -999 -999 -999 -999 -999
IBTr 19S ITELLE    960410 1800 131S 0724E -99 -99 0965 1010 0130 33 013 -999 -999 -999 -999 -999 -999
IBTr 19S ITELLE    960411 0000 131S 0716E -99 -99 0955 1010 0130 36 013 -999 -999 -999 -999 -999 -999
IBTr 19S ITELLE    960411 0600 132S 0709E -99 -99 0945 1010 0130 41 013 -999 -999 -999 -999 -999 -999
IBTr 19S ITELLE    960411 1200 133S 0704E -99 -99 0945 1010 0130 41 013 -999 -999 -999 -999 -999 -999
IBTr 19S ITELLE    960411 1800 135S 0700E -99 -99 0935 1010 0120 43 012 -999 -999 -999 -999 -999 -999
IBTr 19S ITELLE    960412 0000 137S 0695E -99 -99 0930 1010 0110 46 011 -999 -999 -999 -999 -999 -999
IBTr 19S ITELLE    960412 0600 139S 0688E -99 -99 0930 1010 0110 46 011 -999 -999 -999 -999 -999 -999
IBTr 19S ITELLE    960412 1200 140S 0683E -99 -99 0925 1010 0100 48 010 -999 -999 -999 -999 -999 -999
IBTr 19S ITELLE    960412 1800 142S 0676E -99 -99 0925 1010 0110 48 011 -999 -999 -999 -999 -999 -999
IBTr 19S ITELLE    960413 0000 144S 0669E -99 -99 0925 1010 0110 48 011 -999 -999 -999 -999 -999 -999
IBTr 19S ITELLE    960413 0600 145S 0660E -99 -99 0925 1010 0110 48 011 -999 -999 -999 -999 -999 -999
IBTr 19S ITELLE    960413 1200 146S 0653E -99 -99 0925 1010 0110 48 011 -999 -999 -999 -999 -999 -999
IBTr 19S ITELLE    960413 1800 148S 0643E -99 -99 0930 1010 0110 46 011 -999 -999 -999 -999 -999 -999
IBTr 19S ITELLE    960414 0000 150S 0635E -99 -99 0935 1010 0120 43 012 -999 -999 -999 -999 -999 -999
IBTr 19S ITELLE    960414 0600 153S 0627E -99 -99 0945 1010 0130 41 013 -999 -999 -999 -999 -999 -999
IBTr 19S ITELLE    960414 1200 157S 0619E -99 -99 0945 1010 0130 41 013 -999 -999 -999 -999 -999 -999
IBTr 19S ITELLE    960414 1800 159S 0612E -99 -99 0945 1010 0130 41 013 -999 -999 -999 -999 -999 -999
IBTr 19S ITELLE    960415 0000 163S 0604E -99 -99 0950 1010 0130 38 013 -999 -999 -999 -999 -999 -999
IBTr 19S ITELLE    960415 0600 168S 0594E -99 -99 0965 1010 0130 33 013 -999 -999 -999 -999 -999 -999
IBTr 19S ITELLE    960415 1200 172S 0585E -99 -99 0975 1010 0130 28 013 -999 -999 -999 -999 -999 -999
IBTr 19S ITELLE    960415 1800 173S 0577E -99 -99 0975 1010 0130 28 013 -999 -999 -999 -999 -999 -999
IBTr 19S ITELLE    960416 0000 173S 0573E -99 -99 0975 1010 0130 28 013 -999 -999 -999 -999 -999 -999
IBTr 19S ITELLE    960416 0600 173S 0569E -99 -99 0975 1010 0130 28 013 -999 -999 -999 -999 -999 -999
IBTr 19S ITELLE    960416 1200 174S 0566E -99 -99 0980 1010 0120 25 012 -999 -999 -999 -999 -999 -999
IBTr 19S ITELLE    960416 1800 174S 0562E -99 -99 0980 1010 0120 25 012 -999 -999 -999 -999 -999 -999
IBTr 19S ITELLE    960417 0000 174S 0558E -99 -99 0984 1010 0120 23 012 -999 -999 -999 -999 -999 -999
IBTr 19S ITELLE    960417 0600 173S 0553E -99 -99 0984 1010 0120 23 012 -999 -999 -999 -999 -999 -999
IBTr 19S ITELLE    960417 1200 170S 0547E -99 -99 0988 1010 0110 20 011 -999 -999 -999 -999 -999 -999
IBTr 19S ITELLE    960417 1800 167S 0542E -99 -99 0992 1010 0110 18 011 -999 -999 -999 -999 -999 -999
IBTr 19S ITELLE    960418 0000 165S 0537E -99 -99 0995 1010 0110 15 011 -999 -999 -999 -999 -999 -999
IBTr 19S ITELLE    960418 0600 163S 0532E -99 -99 0998 1010 0100 12 010 -999 -999 -999 -999 -999 -999
IBTr 19S ITELLE    960418 1200 161S 0526E -99 -99 1000 1010 0100 12 010 -999 -999 -999 -999 -999 -999
IBTr 19S ITELLE    960418 1800 160S 0521E -99 -99 1002 1010 0090 10 009 -999 -999 -999 -999 -999 -999
IBTr 19S ITELLE    960419 0000 159S 0517E -99 -99 1004 1010 0090 10 009 -999 -999 -999 -999 -999 -999
