IBTr 17S HANSELLA  960402 0000 163S 0742E -99 -99 1004 1010 0090 10 009 -999 -999 -999 -999 -999 -999
IBTr 17S HANSELLA  960402 0600 163S 0736E -99 -99 1002 1010 0090 12 009 -999 -999 -999 -999 -999 -999
IBTr 17S HANSELLA  960402 1200 163S 0730E -99 -99 1002 1010 0090 12 009 -999 -999 -999 -999 -999 -999
IBTr 17S HANSELLA  960402 1800 162S 0722E -99 -99 1002 1010 0090 12 009 -999 -999 -999 -999 -999 -999
IBTr 17S HANSELLA  960403 0000 161S 0712E -99 -99 1000 1010 0100 13 010 -999 -999 -999 -999 -999 -999
IBTr 17S HANSELLA  960403 0600 159S 0703E -99 -99 1000 1010 0100 13 010 -999 -999 -999 -999 -999 -999
IBTr 17S HANSELLA  960403 1200 157S 0694E -99 -99 1000 1010 0100 13 010 -999 -999 -999 -999 -999 -999
IBTr 17S HANSELLA  960403 1800 156S 0684E -99 -99 1000 1010 0100 13 010 -999 -999 -999 -999 -999 -999
IBTr 17S HANSELLA  960404 0000 155S 0673E -99 -99 0995 1010 0100 15 010 -999 -999 -999 -999 -999 -999
IBTr 17S HANSELLA  960404 0600 156S 0663E -99 -99 0995 1010 0100 15 010 -999 -999 -999 -999 -999 -999
IBTr 17S HANSELLA  960404 1200 160S 0655E -99 -99 0992 1010 0110 18 011 -999 -999 -999 -999 -999 -999
IBTr 17S HANSELLA  960404 1800 166S 0648E -99 -99 0988 1010 0110 20 011 -999 -999 -999 -999 -999 -999
IBTr 17S HANSELLA  960405 0000 172S 0640E -99 -99 0984 1010 0120 23 012 -999 -999 -999 -999 -999 -999
IBTr 17S HANSELLA  960405 0600 176S 0636E -99 -99 0984 1010 0120 23 012 -999 -999 -999 -999 -999 -999
IBTr 17S HANSELLA  960405 1200 182S 0634E -99 -99 0978 1010 0130 25 013 -999 -999 -999 -999 -999 -999
IBTr 17S HANSELLA  960405 1800 188S 0633E -99 -99 0975 1010 0130 28 013 -999 -999 -999 -999 -999 -999
IBTr 17S HANSELLA  960406 0000 194S 0633E -99 -99 0965 1010 0130 31 013 -999 -999 -999 -999 -999 -999
IBTr 17S HANSELLA  960406 0600 199S 0636E -99 -99 0962 1010 0140 33 014 -999 -999 -999 -999 -999 -999
IBTr 17S HANSELLA  960406 1200 203S 0641E -99 -99 0962 1010 0140 33 014 -999 -999 -999 -999 -999 -999
IBTr 17S HANSELLA  960406 1800 205S 0645E -99 -99 0962 1010 0140 33 014 -999 -999 -999 -999 -999 -999
IBTr 17S HANSELLA  960407 0000 206S 0646E -99 -99 0962 1010 0140 33 014 -999 -999 -999 -999 -999 -999
IBTr 17S HANSELLA  960407 0600 206S 0649E -99 -99 0962 1010 0140 33 014 -999 -999 -999 -999 -999 -999
IBTr 17S HANSELLA  960407 1200 206S 0652E -99 -99 0962 1010 0140 33 014 -999 -999 -999 -999 -999 -999
IBTr 17S HANSELLA  960407 1800 205S 0652E -99 -99 0968 1010 0130 30 013 -999 -999 -999 -999 -999 -999
IBTr 17S HANSELLA  960408 0000 203S 0649E -99 -99 0975 1010 0130 28 013 -999 -999 -999 -999 -999 -999
IBTr 17S HANSELLA  960408 0600 202S 0644E -99 -99 0978 1010 0130 25 013 -999 -999 -999 -999 -999 -999
IBTr 17S HANSELLA  960408 1200 203S 0638E -99 -99 0984 1010 0120 23 012 -999 -999 -999 -999 -999 -999
IBTr 17S HANSELLA  960408 1800 203S 0628E -99 -99 0988 1010 0120 20 012 -999 -999 -999 -999 -999 -999
IBTr 17S HANSELLA  960409 0000 204S 0618E -99 -99 0994 1010 0110 16 011 -999 -999 -999 -999 -999 -999
IBTr 17S HANSELLA  960409 0600 205S 0606E -99 -99 0998 1010 0100 12 010 -999 -999 -999 -999 -999 -999
IBTr 17S HANSELLA  960409 1200 206S 0594E -99 -99 0998 1010 0100 12 010 -999 -999 -999 -999 -999 -999
IBTr 17S HANSELLA  960409 1800 208S 0579E -99 -99 1000 1010 0100 12 010 -999 -999 -999 -999 -999 -999
IBTr 17S HANSELLA  960410 0000 208S 0566E -99 -99 1002 1010 0100 12 010 -999 -999 -999 -999 -999 -999
IBTr 17S HANSELLA  960410 0600 207S 0559E -99 -99 1004 1010 0090 12 009 -999 -999 -999 -999 -999 -999
IBTr 17S HANSELLA  960410 1200 207S 0552E -99 -99 1006 1010 0090 10 009 -999 -999 -999 -999 -999 -999
IBTr 17S HANSELLA  960410 1800 209S 0548E -99 -99 -999 1010 0000 -9 000 -999 -999 -999 -999 -999 -999
IBTr 17S HANSELLA  960411 0000 212S 0543E -99 -99 -999 1010 0000 -9 000 -999 -999 -999 -999 -999 -999
IBTr 17S HANSELLA  960411 0600 218S 0538E -99 -99 -999 1010 0000 -9 000 -999 -999 -999 -999 -999 -999
