IBTr 10S HSK1296   960205 1800 85S  0949E -99 -99 -999 1010 0000 -9 000 -999 -999 -999 -999 -999 -999
IBTr 10S HSK1296   960206 0000 90S  0947E -99 -99 -999 1010 0000 -9 000 -999 -999 -999 -999 -999 -999
IBTr 10S HSK1296   960206 0600 94S  0946E -99 -99 -999 1010 0000 -9 000 -999 -999 -999 -999 -999 -999
IBTr 10S HSK1296   960206 1200 99S  0944E -99 -99 -999 1010 0000 -9 000 -999 -999 -999 -999 -999 -999
IBTr 10S HSK1296   960206 1800 103S 0942E -99 -99 -999 1010 0000 -9 000 -999 -999 -999 -999 -999 -999
IBTr 10S HSK1296   960207 0000 105S 0939E -99 -99 -999 1010 0000 -9 000 -999 -999 -999 -999 -999 -999
IBTr 10S HSK1296   960207 0600 108S 0932E -99 -99 -999 1010 0000 -9 000 -999 -999 -999 -999 -999 -999
IBTr 10S HSK1296   960207 1200 109S 0925E -99 -99 -999 1010 0000 -9 000 -999 -999 -999 -999 -999 -999
IBTr 10S HSK1296   960207 1800 111S 0921E -99 -99 -999 1010 0000 -9 000 -999 -999 -999 -999 -999 -999
IBTr 10S HSK1296   960208 0000 114S 0919E -99 -99 -999 1010 0000 -9 000 -999 -999 -999 -999 -999 -999
IBTr 10S HSK1296   960208 0600 118S 0918E -99 -99 -999 1010 0000 -9 000 -999 -999 -999 -999 -999 -999
IBTr 10S HSK1296   960208 1200 120S 0918E -99 -99 -999 1010 0000 -9 000 -999 -999 -999 -999 -999 -999
IBTr 10S HSK1296   960208 1800 122S 0918E -99 -99 -999 1010 0000 -9 000 -999 -999 -999 -999 -999 -999
IBTr 10S HSK1296   960209 0000 124S 0917E -99 -99 -999 1010 0000 -9 000 -999 -999 -999 -999 -999 -999
IBTr 10S HSK1296   960209 0600 126S 0915E -99 -99 -999 1010 0000 -9 000 -999 -999 -999 -999 -999 -999
IBTr 10S HSK1296   960209 1200 127S 0912E -99 -99 -999 1010 0000 -9 000 -999 -999 -999 -999 -999 -999
IBTr 10S HSK1296   960209 1800 128S 0909E -99 -99 -999 1010 0000 -9 000 -999 -999 -999 -999 -999 -999
IBTr 10S HSK1296   960210 0000 129S 0903E -99 -99 -999 1010 0000 -9 000 -999 -999 -999 -999 -999 -999
IBTr 10S HSK1296   960210 0600 129S 0893E -99 -99 -999 1010 0000 -9 000 -999 -999 -999 -999 -999 -999
IBTr 10S HSK1296   960210 1200 128S 0881E -99 -99 -999 1010 0000 -9 000 -999 -999 -999 -999 -999 -999
