IBTr 14E UNNAMED   961107 0000 125N 1092W -99 -99 0000 1010 0000 15 000 -999 -999 -999 -999 -999 -999
IBTr 14E UNNAMED   961107 0600 126N 1107W -99 -99 0000 1010 0000 15 000 -999 -999 -999 -999 -999 -999
IBTr 14E UNNAMED   961107 1200 128N 1122W -99 -99 0000 1010 0000 15 000 -999 -999 -999 -999 -999 -999
IBTr 14E UNNAMED   961107 1800 132N 1138W -99 -99 0000 1010 0000 15 000 -999 -999 -999 -999 -999 -999
IBTr 14E UNNAMED   961108 0000 132N 1157W -99 -99 0000 1010 0000 15 000 -999 -999 -999 -999 -999 -999
IBTr 14E UNNAMED   961108 0600 132N 1173W -99 -99 0000 1010 0000 15 000 -999 -999 -999 -999 -999 -999
IBTr 14E UNNAMED   961108 1200 134N 1188W -99 -99 0000 1010 0000 15 000 -999 -999 -999 -999 -999 -999
IBTr 14E UNNAMED   961108 1800 137N 1201W -99 -99 0000 1010 0000 15 000 -999 -999 -999 -999 -999 -999
IBTr 14E UNNAMED   961109 0000 141N 1212W -99 -99 0000 1010 0000 15 000 -999 -999 -999 -999 -999 -999
IBTr 14E UNNAMED   961109 0600 144N 1219W -99 -99 0000 1010 0000 15 000 -999 -999 -999 -999 -999 -999
IBTr 14E UNNAMED   961109 1200 146N 1227W -99 -99 0000 1010 0000 15 000 -999 -999 -999 -999 -999 -999
IBTr 14E UNNAMED   961109 1800 149N 1234W -99 -99 0000 1010 0000 15 000 -999 -999 -999 -999 -999 -999
IBTr 14E UNNAMED   961110 0000 150N 1242W -99 -99 0000 1010 0000 12 000 -999 -999 -999 -999 -999 -999
IBTr 14E UNNAMED   961110 0600 152N 1250W -99 -99 0000 1010 0000 12 000 -999 -999 -999 -999 -999 -999
IBTr 14E UNNAMED   961110 1200 155N 1256W -99 -99 0000 1010 0000 10 000 -999 -999 -999 -999 -999 -999
IBTr 14E UNNAMED   961110 1800 157N 1263W -99 -99 0000 1010 0000 10 000 -999 -999 -999 -999 -999 -999
IBTr 14E UNNAMED   961111 0000 157N 1270W -99 -99 0000 1010 0000 12 000 -999 -999 -999 -999 -999 -999
IBTr 14E UNNAMED   961111 0600 156N 1275W -99 -99 0000 1010 0000 12 000 -999 -999 -999 -999 -999 -999
IBTr 14E UNNAMED   961111 1200 155N 1280W -99 -99 0000 1010 0000 10 000 -999 -999 -999 -999 -999 -999
