IBTr 20S HSK2796   960412 0000 123S 1290E -99 -99 -999 1010 0000 -9 000 -999 -999 -999 -999 -999 -999
IBTr 20S HSK2796   960412 0600 129S 1271E -99 -99 -999 1010 0000 -9 000 -999 -999 -999 -999 -999 -999
IBTr 20S HSK2796   960412 1200 135S 1255E -99 -99 -999 1010 0000 -9 000 -999 -999 -999 -999 -999 -999
IBTr 20S HSK2796   960412 1800 136S 1256E -99 -99 -999 1010 0000 -9 000 -999 -999 -999 -999 -999 -999
IBTr 20S HSK2796   960413 0000 137S 1255E -99 -99 -999 1010 0000 -9 000 -999 -999 -999 -999 -999 -999
IBTr 20S HSK2796   960413 0600 136S 1254E -99 -99 -999 1010 0000 -9 000 -999 -999 -999 -999 -999 -999
IBTr 20S HSK2796   960413 1200 135S 1255E -99 -99 -999 1010 0000 -9 000 -999 -999 -999 -999 -999 -999
IBTr 20S HSK2796   960413 1800 138S 1248E -99 -99 -999 1010 0000 -9 000 -999 -999 -999 -999 -999 -999
IBTr 20S HSK2796   960414 0000 140S 1242E -99 -99 -999 1010 0000 -9 000 -999 -999 -999 -999 -999 -999
IBTr 20S HSK2796   960414 0600 142S 1237E -99 -99 -999 1010 0000 -9 000 -999 -999 -999 -999 -999 -999
IBTr 20S HSK2796   960414 1200 145S 1232E -99 -99 -999 1010 0000 -9 000 -999 -999 -999 -999 -999 -999
IBTr 20S HSK2796   960414 1800 148S 1223E -99 -99 -999 1010 0000 -9 000 -999 -999 -999 -999 -999 -999
IBTr 20S HSK2796   960415 0000 150S 1211E -99 -99 -999 1010 0000 -9 000 -999 -999 -999 -999 -999 -999
IBTr 20S HSK2796   960415 0600 149S 1199E -99 -99 -999 1010 0000 -9 000 -999 -999 -999 -999 -999 -999
IBTr 20S HSK2796   960415 1200 147S 1189E -99 -99 -999 1010 0000 -9 000 -999 -999 -999 -999 -999 -999
IBTr 20S HSK2796   960415 1800 147S 1179E -99 -99 -999 1010 0000 -9 000 -999 -999 -999 -999 -999 -999
IBTr 20S HSK2796   960416 0000 149S 1169E -99 -99 -999 1010 0000 -9 000 -999 -999 -999 -999 -999 -999
IBTr 20S HSK2796   960416 0600 152S 1157E -99 -99 -999 1010 0000 -9 000 -999 -999 -999 -999 -999 -999
IBTr 20S HSK2796   960416 1200 157S 1147E -99 -99 -999 1010 0000 -9 000 -999 -999 -999 -999 -999 -999
IBTr 20S HSK2796   960416 1800 162S 1139E -99 -99 -999 1010 0000 -9 000 -999 -999 -999 -999 -999 -999
IBTr 20S HSK2796   960417 0000 167S 1130E -99 -99 -999 1010 0000 -9 000 -999 -999 -999 -999 -999 -999
IBTr 20S HSK2796   960417 0600 174S 1121E -99 -99 -999 1010 0000 -9 000 -999 -999 -999 -999 -999 -999
IBTr 20S HSK2796   960417 1200 182S 1111E -99 -99 -999 1010 0000 -9 000 -999 -999 -999 -999 -999 -999
IBTr 20S HSK2796   960417 1800 187S 1101E -99 -99 -999 1010 0000 -9 000 -999 -999 -999 -999 -999 -999
IBTr 20S HSK2796   960418 0000 190S 1092E -99 -99 -999 1010 0000 -9 000 -999 -999 -999 -999 -999 -999
IBTr 20S HSK2796   960418 0600 194S 1082E -99 -99 -999 1010 0000 -9 000 -999 -999 -999 -999 -999 -999
IBTr 20S HSK2796   960418 1200 200S 1076E -99 -99 -999 1010 0000 -9 000 -999 -999 -999 -999 -999 -999
IBTr 20S HSK2796   960418 1800 206S 1074E -99 -99 -999 1010 0000 -9 000 -999 -999 -999 -999 -999 -999
IBTr 20S HSK2796   960419 0000 215S 1083E -99 -99 -999 1010 0000 -9 000 -999 -999 -999 -999 -999 -999
IBTr 20S HSK2796   960419 0600 224S 1102E -99 -99 -999 1010 0000 -9 000 -999 -999 -999 -999 -999 -999
IBTr 20S HSK2796   960419 1200 233S 1121E -99 -99 -999 1010 0000 -9 000 -999 -999 -999 -999 -999 -999
IBTr 20S HSK2796   960419 1800 242S 1141E -99 -99 -999 1010 0000 -9 000 -999 -999 -999 -999 -999 -999
