IBTr 24W NOTNAMED  960824 1200 270N 1551E -99 -99 -999 1010 0000 10 000 -999 -999 -999 -999 -999 -999
IBTr 24W NOTNAMED  960824 1800 276N 1566E -99 -99 -999 1010 0000 10 000 -999 -999 -999 -999 -999 -999
IBTr 24W NOTNAMED  960825 0000 280N 1580E -99 -99 -999 1010 0000 10 000 -999 -999 -999 -999 -999 -999
IBTr 24W NOTNAMED  960825 0600 286N 1596E -99 -99 -999 1010 0000 10 000 -999 -999 -999 -999 -999 -999
IBTr 24W NOTNAMED  960825 1200 296N 1610E -99 -99 -999 1010 0000 12 000 -999 -999 -999 -999 -999 -999
IBTr 24W NOTNAMED  960825 1800 308N 1618E -99 -99 -999 1010 0000 12 000 -999 -999 -999 -999 -999 -999
IBTr 24W NOTNAMED  960826 0000 314N 1618E -99 -99 -999 1010 0000 12 000 -999 -999 -999 -999 -999 -999
IBTr 24W NOTNAMED  960826 0600 317N 1616E -99 -99 -999 1010 0000 12 000 -999 -999 -999 -999 -999 -999
IBTr 24W NOTNAMED  960826 1200 321N 1612E -99 -99 -999 1010 0000 12 000 -999 -999 -999 -999 -999 -999
IBTr 24W NOTNAMED  960826 1800 321N 1606E -99 -99 -999 1010 0000 12 000 -999 -999 -999 -999 -999 -999
IBTr 24W NOTNAMED  960827 0000 322N 1599E -99 -99 -999 1010 0000 12 000 -999 -999 -999 -999 -999 -999
IBTr 24W NOTNAMED  960827 0600 325N 1591E -99 -99 -999 1010 0000 12 000 -999 -999 -999 -999 -999 -999
IBTr 24W NOTNAMED  960827 1200 329N 1583E -99 -99 -999 1010 0000 12 000 -999 -999 -999 -999 -999 -999
IBTr 24W NOTNAMED  960827 1800 340N 1573E -99 -99 -999 1010 0000 12 000 -999 -999 -999 -999 -999 -999
IBTr 24W NOTNAMED  960828 0000 355N 1566E -99 -99 -999 1010 0000 12 000 -999 -999 -999 -999 -999 -999
IBTr 24W NOTNAMED  960828 0600 371N 1566E -99 -99 -999 1010 0000 12 000 -999 -999 -999 -999 -999 -999
IBTr 24W NOTNAMED  960828 1200 384N 1569E -99 -99 -999 1010 0000 12 000 -999 -999 -999 -999 -999 -999
IBTr 24W NOTNAMED  960828 1800 395N 1575E -99 -99 -999 1010 0000 12 000 -999 -999 -999 -999 -999 -999
IBTr 24W NOTNAMED  960829 0000 402N 1585E -99 -99 -999 1010 0000 12 000 -999 -999 -999 -999 -999 -999
IBTr 24W NOTNAMED  960829 0600 406N 1595E -99 -99 -999 1010 0000 12 000 -999 -999 -999 -999 -999 -999
IBTr 24W NOTNAMED  960829 1200 411N 1605E -99 -99 -999 1010 0000 12 000 -999 -999 -999 -999 -999 -999
IBTr 24W NOTNAMED  960829 1800 417N 1615E -99 -99 -999 1010 0000 12 000 -999 -999 -999 -999 -999 -999
IBTr 24W NOTNAMED  960830 0000 423N 1626E -99 -99 -999 1010 0000 12 000 -999 -999 -999 -999 -999 -999
