IBTr 21W ORSON     960814 0000 148N 1763E -99 -99 -999 1010 0000 07 000 -999 -999 -999 -999 -999 -999
IBTr 21W ORSON     960814 0600 148N 1754E -99 -99 -999 1010 0000 07 000 -999 -999 -999 -999 -999 -999
IBTr 21W ORSON     960814 1200 149N 1743E -99 -99 -999 1010 0000 07 000 -999 -999 -999 -999 -999 -999
IBTr 21W ORSON     960814 1800 149N 1727E -99 -99 -999 1010 0000 07 000 -999 -999 -999 -999 -999 -999
IBTr 21W ORSON     960815 0000 150N 1711E -99 -99 -999 1010 0000 07 000 -999 -999 -999 -999 -999 -999
IBTr 21W ORSON     960815 0600 151N 1696E -99 -99 -999 1010 0000 07 000 -999 -999 -999 -999 -999 -999
IBTr 21W ORSON     960815 1200 152N 1680E -99 -99 -999 1010 0000 07 000 -999 -999 -999 -999 -999 -999
IBTr 21W ORSON     960815 1800 153N 1664E -99 -99 -999 1010 0000 10 000 -999 -999 -999 -999 -999 -999
IBTr 21W ORSON     960816 0000 154N 1648E -99 -99 -999 1010 0000 10 000 -999 -999 -999 -999 -999 -999
IBTr 21W ORSON     960816 0600 155N 1630E -99 -99 -999 1010 0000 10 000 -999 -999 -999 -999 -999 -999
IBTr 21W ORSON     960816 1200 156N 1611E -99 -99 -999 1010 0000 10 000 -999 -999 -999 -999 -999 -999
IBTr 21W ORSON     960816 1800 156N 1593E -99 -99 -999 1010 0000 10 000 -999 -999 -999 -999 -999 -999
IBTr 21W ORSON     960817 0000 154N 1575E -99 -99 -999 1010 0000 10 000 -999 -999 -999 -999 -999 -999
IBTr 21W ORSON     960817 0600 152N 1559E -99 -99 -999 1010 0000 10 000 -999 -999 -999 -999 -999 -999
IBTr 21W ORSON     960817 1200 150N 1541E -99 -99 -999 1010 0000 10 000 -999 -999 -999 -999 -999 -999
IBTr 21W ORSON     960817 1800 150N 1523E -99 -99 -999 1010 0000 10 000 -999 -999 -999 -999 -999 -999
IBTr 21W ORSON     960818 0000 151N 1505E -99 -99 -999 1010 0000 10 000 -999 -999 -999 -999 -999 -999
IBTr 21W ORSON     960818 0600 152N 1492E -99 -99 -999 1010 0000 10 000 -999 -999 -999 -999 -999 -999
IBTr 21W ORSON     960818 1200 154N 1479E -99 -99 -999 1010 0000 10 000 -999 -999 -999 -999 -999 -999
IBTr 21W ORSON     960818 1800 156N 1466E -99 -99 -999 1010 0000 10 000 -999 -999 -999 -999 -999 -999
IBTr 21W ORSON     960819 0000 160N 1453E -99 -99 -999 1010 0000 10 000 -999 -999 -999 -999 -999 -999
IBTr 21W ORSON     960819 0600 166N 1443E -99 -99 -999 1010 0000 10 000 -999 -999 -999 -999 -999 -999
IBTr 21W ORSON     960819 1200 174N 1438E -99 -99 -999 1010 0000 10 000 -999 -999 -999 -999 -999 -999
IBTr 21W ORSON     960819 1800 178N 1436E -99 -99 -999 1010 0000 10 000 -999 -999 -999 -999 -999 -999
IBTr 21W ORSON     960820 0000 182N 1434E -99 -99 -999 1010 0000 10 000 -999 -999 -999 -999 -999 -999
IBTr 21W ORSON     960820 0600 186N 1432E -99 -99 -999 1010 0000 07 000 -999 -999 -999 -999 -999 -999
IBTr 21W ORSON     960820 1200 190N 1430E -99 -99 -999 1010 0000 07 000 -999 -999 -999 -999 -999 -999
IBTr 21W ORSON     960820 1800 196N 1428E -99 -99 1006 1010 0090 10 009 -999 -999 -999 -999 -999 -999
IBTr 21W ORSON     960821 0000 204N 1427E -99 -99 1008 1010 0090 10 009 -999 -999 -999 -999 -999 -999
IBTr 21W ORSON     960821 0600 210N 1428E -99 -99 1006 1010 0090 10 009 -999 -999 -999 -999 -999 -999
IBTr 21W ORSON     960821 1200 215N 1428E -99 -99 1006 1010 0090 10 009 -999 -999 -999 -999 -999 -999
IBTr 21W ORSON     960821 1800 218N 1428E -99 -99 1006 1010 0090 12 009 -999 -999 -999 -999 -999 -999
IBTr 21W ORSON     960822 0000 221N 1428E -99 -99 1006 1010 0090 15 009 -999 -999 -999 -999 -999 -999
IBTr 21W ORSON     960822 0600 224N 1428E -99 -99 1004 1010 0090 15 009 -999 -999 -999 -999 -999 -999
IBTr 21W ORSON     960822 1200 228N 1426E -99 -99 1004 1010 0090 18 009 -999 -999 -999 -999 -999 -999
IBTr 21W ORSON     960822 1800 230N 1425E -99 -99 1002 1010 0100 20 010 -999 -999 -999 -999 -999 -999
IBTr 21W ORSON     960823 0000 233N 1423E -99 -99 1000 1010 0100 18 010 -999 -999 -999 -999 -999 -999
IBTr 21W ORSON     960823 0600 235N 1422E -99 -99 0998 1010 0100 18 010 -999 -999 -999 -999 -999 -999
IBTr 21W ORSON     960823 1200 237N 1422E -99 -99 0998 1010 0100 18 010 -999 -999 -999 -999 -999 -999
IBTr 21W ORSON     960823 1800 238N 1425E -99 -99 0996 1010 0110 18 011 -999 -999 -999 -999 -999 -999
IBTr 21W ORSON     960824 0000 240N 1431E -99 -99 0990 1010 0120 23 012 -999 -999 -999 -999 -999 -999
IBTr 21W ORSON     960824 0600 242N 1438E -99 -99 0985 1010 0120 25 012 -999 -999 -999 -999 -999 -999
IBTr 21W ORSON     960824 1200 242N 1446E -99 -99 0980 1010 0130 28 013 -999 -999 -999 -999 -999 -999
IBTr 21W ORSON     960824 1800 242N 1454E -99 -99 0975 1010 0130 30 013 -999 -999 -999 -999 -999 -999
IBTr 21W ORSON     960825 0000 243N 1465E -99 -99 0965 1010 0140 36 014 -999 -999 -999 -999 -999 -999
IBTr 21W ORSON     960825 0600 246N 1473E -99 -99 0960 1010 0140 38 014 -999 -999 -999 -999 -999 -999
IBTr 21W ORSON     960825 1200 248N 1481E -99 -99 0955 1010 0140 38 014 -999 -999 -999 -999 -999 -999
IBTr 21W ORSON     960825 1800 251N 1489E -99 -99 0955 1010 0140 38 014 -999 -999 -999 -999 -999 -999
IBTr 21W ORSON     960826 0000 254N 1496E -99 -99 0955 1010 0140 38 014 -999 -999 -999 -999 -999 -999
IBTr 21W ORSON     960826 0600 257N 1501E -99 -99 0955 1010 0140 38 014 -999 -999 -999 -999 -999 -999
IBTr 21W ORSON     960826 1200 260N 1506E -99 -99 0955 1010 0140 38 014 -999 -999 -999 -999 -999 -999
IBTr 21W ORSON     960826 1800 262N 1510E -99 -99 0955 1010 0140 38 014 -999 -999 -999 -999 -999 -999
IBTr 21W ORSON     960827 0000 263N 1513E -99 -99 0960 1010 0140 36 014 -999 -999 -999 -999 -999 -999
IBTr 21W ORSON     960827 0600 263N 1516E -99 -99 0960 1010 0140 36 014 -999 -999 -999 -999 -999 -999
IBTr 21W ORSON     960827 1200 262N 1517E -99 -99 0965 1010 0140 36 014 -999 -999 -999 -999 -999 -999
IBTr 21W ORSON     960827 1800 262N 1518E -99 -99 0965 1010 0140 36 014 -999 -999 -999 -999 -999 -999
IBTr 21W ORSON     960828 0000 262N 1517E -99 -99 0970 1010 0140 33 014 -999 -999 -999 -999 -999 -999
IBTr 21W ORSON     960828 0600 264N 1515E -99 -99 0975 1010 0130 30 013 -999 -999 -999 -999 -999 -999
IBTr 21W ORSON     960828 1200 264N 1512E -99 -99 0975 1010 0130 30 013 -999 -999 -999 -999 -999 -999
IBTr 21W ORSON     960828 1800 264N 1507E -99 -99 0975 1010 0130 30 013 -999 -999 -999 -999 -999 -999
IBTr 21W ORSON     960829 0000 264N 1501E -99 -99 0980 1010 0130 28 013 -999 -999 -999 -999 -999 -999
IBTr 21W ORSON     960829 0600 267N 1495E -99 -99 0985 1010 0120 25 012 -999 -999 -999 -999 -999 -999
IBTr 21W ORSON     960829 1200 269N 1489E -99 -99 0985 1010 0120 25 012 -999 -999 -999 -999 -999 -999
IBTr 21W ORSON     960829 1800 272N 1483E -99 -99 0990 1010 0120 23 012 -999 -999 -999 -999 -999 -999
IBTr 21W ORSON     960830 0000 275N 1477E -99 -99 0990 1010 0120 23 012 -999 -999 -999 -999 -999 -999
IBTr 21W ORSON     960830 0600 279N 1471E -99 -99 0990 1010 0120 23 012 -999 -999 -999 -999 -999 -999
IBTr 21W ORSON     960830 1200 282N 1464E -99 -99 0990 1010 0120 23 012 -999 -999 -999 -999 -999 -999
IBTr 21W ORSON     960830 1800 286N 1457E -99 -99 0990 1010 0120 23 012 -999 -999 -999 -999 -999 -999
IBTr 21W ORSON     960831 0000 290N 1450E -99 -99 0990 1010 0120 23 012 -999 -999 -999 -999 -999 -999
IBTr 21W ORSON     960831 0600 294N 1444E -99 -99 0985 1010 0120 25 012 -999 -999 -999 -999 -999 -999
IBTr 21W ORSON     960831 1200 298N 1439E -99 -99 0985 1010 0120 25 012 -999 -999 -999 -999 -999 -999
IBTr 21W ORSON     960831 1800 303N 1435E -99 -99 0985 1010 0130 25 013 -999 -999 -999 -999 -999 -999
IBTr 21W ORSON     960901 0000 308N 1432E -99 -99 0985 1010 0130 25 013 -999 -999 -999 -999 -999 -999
IBTr 21W ORSON     960901 0600 316N 1432E -99 -99 0985 1010 0130 25 013 -999 -999 -999 -999 -999 -999
IBTr 21W ORSON     960901 1200 326N 1439E -99 -99 0990 1010 0120 23 012 -999 -999 -999 -999 -999 -999
IBTr 21W ORSON     960901 1800 337N 1447E -99 -99 0990 1010 0120 23 012 -999 -999 -999 -999 -999 -999
IBTr 21W ORSON     960902 0000 350N 1457E -99 -99 0992 1010 0120 23 012 -999 -999 -999 -999 -999 -999
IBTr 21W ORSON     960902 0600 366N 1471E -99 -99 0992 1010 0120 23 012 -999 -999 -999 -999 -999 -999
IBTr 21W ORSON     960902 1200 385N 1491E -99 -99 0992 1010 0120 23 012 -999 -999 -999 -999 -999 -999
IBTr 21W ORSON     960902 1800 400N 1514E -99 -99 0992 1010 0120 23 012 -999 -999 -999 -999 -999 -999
IBTr 21W ORSON     960903 0000 410N 1536E -99 -99 0992 1010 0120 23 012 -999 -999 -999 -999 -999 -999
IBTr 21W ORSON     960903 0600 421N 1565E -99 -99 0992 1010 0120 23 012 -999 -999 -999 -999 -999 -999
IBTr 21W ORSON     960903 1200 429N 1602E -99 -99 0992 1010 0120 23 012 -999 -999 -999 -999 -999 -999
IBTr 21W ORSON     960903 1800 435N 1642E -99 -99 0990 1010 0120 20 012 -999 -999 -999 -999 -999 -999
IBTr 21W ORSON     960904 0000 437N 1686E -99 -99 0984 1010 0130 20 013 -999 -999 -999 -999 -999 -999
IBTr 21W ORSON     960904 0600 441N 1723E -99 -99 0986 1010 0130 20 013 -999 -999 -999 -999 -999 -999
IBTr 21W ORSON     960904 1200 444N 1768E -99 -99 0988 1010 0130 20 013 -999 -999 -999 -999 -999 -999
