IBTr 23W PIPER     960819 0000 206N 1696E -99 -99 -999 1010 0000 07 000 -999 -999 -999 -999 -999 -999
IBTr 23W PIPER     960819 0600 212N 1681E -99 -99 -999 1010 0000 07 000 -999 -999 -999 -999 -999 -999
IBTr 23W PIPER     960819 1200 222N 1665E -99 -99 -999 1010 0000 10 000 -999 -999 -999 -999 -999 -999
IBTr 23W PIPER     960819 1800 232N 1650E -99 -99 -999 1010 0000 10 000 -999 -999 -999 -999 -999 -999
IBTr 23W PIPER     960820 0000 244N 1633E -99 -99 -999 1010 0000 10 000 -999 -999 -999 -999 -999 -999
IBTr 23W PIPER     960820 0600 257N 1617E -99 -99 -999 1010 0000 10 000 -999 -999 -999 -999 -999 -999
IBTr 23W PIPER     960820 1200 268N 1603E -99 -99 -999 1010 0000 10 000 -999 -999 -999 -999 -999 -999
IBTr 23W PIPER     960820 1800 279N 1589E -99 -99 -999 1010 0000 10 000 -999 -999 -999 -999 -999 -999
IBTr 23W PIPER     960821 0000 282N 1577E -99 -99 -999 1010 0000 10 000 -999 -999 -999 -999 -999 -999
IBTr 23W PIPER     960821 0600 280N 1570E -99 -99 -999 1010 0000 10 000 -999 -999 -999 -999 -999 -999
IBTr 23W PIPER     960821 1200 275N 1568E -99 -99 -999 1010 0000 10 000 -999 -999 -999 -999 -999 -999
IBTr 23W PIPER     960821 1800 268N 1571E -99 -99 -999 1010 0000 10 000 -999 -999 -999 -999 -999 -999
IBTr 23W PIPER     960822 0000 267N 1580E -99 -99 -999 1010 0000 12 000 -999 -999 -999 -999 -999 -999
IBTr 23W PIPER     960822 0600 270N 1588E -99 -99 -999 1010 0000 12 000 -999 -999 -999 -999 -999 -999
IBTr 23W PIPER     960822 1200 275N 1595E -99 -99 -999 1010 0000 12 000 -999 -999 -999 -999 -999 -999
IBTr 23W PIPER     960822 1800 278N 1600E -99 -99 1006 1010 0090 12 009 -999 -999 -999 -999 -999 -999
IBTr 23W PIPER     960823 0000 286N 1606E -99 -99 1004 1010 0100 15 010 -999 -999 -999 -999 -999 -999
IBTr 23W PIPER     960823 0600 296N 1609E -99 -99 1002 1010 0100 18 010 -999 -999 -999 -999 -999 -999
IBTr 23W PIPER     960823 1200 304N 1610E -99 -99 1000 1010 0100 18 010 -999 -999 -999 -999 -999 -999
IBTr 23W PIPER     960823 1800 311N 1605E -99 -99 1000 1010 0100 18 010 -999 -999 -999 -999 -999 -999
IBTr 23W PIPER     960824 0000 315N 1599E -99 -99 1000 1010 0100 18 010 -999 -999 -999 -999 -999 -999
IBTr 23W PIPER     960824 0600 319N 1595E -99 -99 1000 1010 0100 18 010 -999 -999 -999 -999 -999 -999
IBTr 23W PIPER     960824 1200 324N 1593E -99 -99 0998 1010 0110 18 011 -999 -999 -999 -999 -999 -999
IBTr 23W PIPER     960824 1800 331N 1591E -99 -99 0998 1010 0110 18 011 -999 -999 -999 -999 -999 -999
IBTr 23W PIPER     960825 0000 340N 1588E -99 -99 0996 1010 0110 20 011 -999 -999 -999 -999 -999 -999
IBTr 23W PIPER     960825 0600 352N 1586E -99 -99 0996 1010 0110 20 011 -999 -999 -999 -999 -999 -999
IBTr 23W PIPER     960825 1200 363N 1585E -99 -99 0996 1010 0110 20 011 -999 -999 -999 -999 -999 -999
IBTr 23W PIPER     960825 1800 380N 1586E -99 -99 0996 1010 0110 20 011 -999 -999 -999 -999 -999 -999
IBTr 23W PIPER     960826 0000 403N 1590E -99 -99 1000 1010 0110 18 011 -999 -999 -999 -999 -999 -999
IBTr 23W PIPER     960826 0600 434N 1601E -99 -99 1004 1010 0100 28 010 -999 -999 -999 -999 -999 -999
IBTr 23W PIPER     960826 1200 475N 1618E -99 -99 -999 1010 0000 28 000 -999 -999 -999 -999 -999 -999
IBTr 23W PIPER     960826 1800 520N 1640E -99 -99 -999 1010 0000 25 000 -999 -999 -999 -999 -999 -999
