IBTr 27W NOTNAMED  960906 0000 83N  1481E -99 -99 -999 1010 0000 07 000 -999 -999 -999 -999 -999 -999
IBTr 27W NOTNAMED  960906 0600 91N  1476E -99 -99 -999 1010 0000 07 000 -999 -999 -999 -999 -999 -999
IBTr 27W NOTNAMED  960906 1200 99N  1471E -99 -99 -999 1010 0000 07 000 -999 -999 -999 -999 -999 -999
IBTr 27W NOTNAMED  960906 1800 107N 1466E -99 -99 -999 1010 0000 07 000 -999 -999 -999 -999 -999 -999
IBTr 27W NOTNAMED  960907 0000 113N 1459E -99 -99 -999 1010 0000 07 000 -999 -999 -999 -999 -999 -999
IBTr 27W NOTNAMED  960907 0600 118N 1451E -99 -99 -999 1010 0000 07 000 -999 -999 -999 -999 -999 -999
IBTr 27W NOTNAMED  960907 1200 123N 1441E -99 -99 -999 1010 0000 07 000 -999 -999 -999 -999 -999 -999
IBTr 27W NOTNAMED  960907 1800 129N 1427E -99 -99 -999 1010 0000 07 000 -999 -999 -999 -999 -999 -999
IBTr 27W NOTNAMED  960908 0000 133N 1409E -99 -99 -999 1010 0000 07 000 -999 -999 -999 -999 -999 -999
IBTr 27W NOTNAMED  960908 0600 138N 1390E -99 -99 -999 1010 0000 07 000 -999 -999 -999 -999 -999 -999
IBTr 27W NOTNAMED  960908 1200 142N 1371E -99 -99 -999 1010 0000 07 000 -999 -999 -999 -999 -999 -999
IBTr 27W NOTNAMED  960908 1800 145N 1350E -99 -99 -999 1010 0000 07 000 -999 -999 -999 -999 -999 -999
IBTr 27W NOTNAMED  960909 0000 147N 1331E -99 -99 -999 1010 0000 12 000 -999 -999 -999 -999 -999 -999
IBTr 27W NOTNAMED  960909 0600 148N 1312E -99 -99 -999 1010 0000 12 000 -999 -999 -999 -999 -999 -999
IBTr 27W NOTNAMED  960909 1200 148N 1292E -99 -99 -999 1010 0000 12 000 -999 -999 -999 -999 -999 -999
IBTr 27W NOTNAMED  960909 1800 148N 1270E -99 -99 -999 1010 0000 12 000 -999 -999 -999 -999 -999 -999
IBTr 27W NOTNAMED  960910 0000 150N 1244E -99 -99 -999 1010 0000 12 000 -999 -999 -999 -999 -999 -999
IBTr 27W NOTNAMED  960910 0600 159N 1217E -99 -99 -999 1010 0000 12 000 -999 -999 -999 -999 -999 -999
IBTr 27W NOTNAMED  960910 1200 165N 1187E -99 -99 -999 1010 0000 12 000 -999 -999 -999 -999 -999 -999
IBTr 27W NOTNAMED  960910 1800 168N 1177E -99 -99 -999 1010 0000 12 000 -999 -999 -999 -999 -999 -999
IBTr 27W NOTNAMED  960911 0000 168N 1167E -99 -99 -999 1010 0000 12 000 -999 -999 -999 -999 -999 -999
IBTr 27W NOTNAMED  960911 0600 163N 1149E -99 -99 -999 1010 0000 15 000 -999 -999 -999 -999 -999 -999
IBTr 27W NOTNAMED  960911 1200 157N 1129E -99 -99 -999 1010 0000 15 000 -999 -999 -999 -999 -999 -999
IBTr 27W NOTNAMED  960911 1800 155N 1115E -99 -99 -999 1010 0000 18 000 -999 -999 -999 -999 -999 -999
IBTr 27W NOTNAMED  960912 0000 155N 1107E -99 -99 -999 1010 0000 20 000 -999 -999 -999 -999 -999 -999
IBTr 27W NOTNAMED  960912 0600 158N 1100E -99 -99 -999 1010 0000 23 000 -999 -999 -999 -999 -999 -999
IBTr 27W NOTNAMED  960912 1200 163N 1095E -99 -99 -999 1010 0000 23 000 -999 -999 -999 -999 -999 -999
IBTr 27W NOTNAMED  960912 1800 167N 1088E -99 -99 -999 1010 0000 20 000 -999 -999 -999 -999 -999 -999
IBTr 27W NOTNAMED  960913 0000 170N 1082E -99 -99 -999 1010 0000 20 000 -999 -999 -999 -999 -999 -999
IBTr 27W NOTNAMED  960913 0600 176N 1073E -99 -99 -999 1010 0000 18 000 -999 -999 -999 -999 -999 -999
IBTr 27W NOTNAMED  960913 1200 178N 1072E -99 -99 -999 1010 0000 15 000 -999 -999 -999 -999 -999 -999
IBTr 27W NOTNAMED  960913 1800 181N 1071E -99 -99 -999 1010 0000 15 000 -999 -999 -999 -999 -999 -999
IBTr 27W NOTNAMED  960914 0000 184N 1068E -99 -99 -999 1010 0000 15 000 -999 -999 -999 -999 -999 -999
IBTr 27W NOTNAMED  960914 0600 186N 1065E -99 -99 -999 1010 0000 12 000 -999 -999 -999 -999 -999 -999
IBTr 27W NOTNAMED  960914 1200 187N 1063E -99 -99 -999 1010 0000 10 000 -999 -999 -999 -999 -999 -999
