IBTr 39W ERNIE     961029 0000 70N  1550E -99 -99 -999 1010 0000 07 000 -999 -999 -999 -999 -999 -999
IBTr 39W ERNIE     961029 0600 70N  1545E -99 -99 -999 1010 0000 07 000 -999 -999 -999 -999 -999 -999
IBTr 39W ERNIE     961029 1200 70N  1540E -99 -99 -999 1010 0000 07 000 -999 -999 -999 -999 -999 -999
IBTr 39W ERNIE     961029 1800 70N  1535E -99 -99 -999 1010 0000 07 000 -999 -999 -999 -999 -999 -999
IBTr 39W ERNIE     961030 0000 70N  1530E -99 -99 -999 1010 0000 07 000 -999 -999 -999 -999 -999 -999
IBTr 39W ERNIE     961030 0600 70N  1525E -99 -99 -999 1010 0000 07 000 -999 -999 -999 -999 -999 -999
IBTr 39W ERNIE     961030 1200 70N  1520E -99 -99 -999 1010 0000 07 000 -999 -999 -999 -999 -999 -999
IBTr 39W ERNIE     961030 1800 70N  1515E -99 -99 -999 1010 0000 07 000 -999 -999 -999 -999 -999 -999
IBTr 39W ERNIE     961031 0000 70N  1510E -99 -99 -999 1010 0000 07 000 -999 -999 -999 -999 -999 -999
IBTr 39W ERNIE     961031 0600 69N  1504E -99 -99 -999 1010 0000 07 000 -999 -999 -999 -999 -999 -999
IBTr 39W ERNIE     961031 1200 68N  1497E -99 -99 -999 1010 0000 07 000 -999 -999 -999 -999 -999 -999
IBTr 39W ERNIE     961031 1800 66N  1488E -99 -99 -999 1010 0000 07 000 -999 -999 -999 -999 -999 -999
IBTr 39W ERNIE     961101 0000 64N  1477E -99 -99 -999 1010 0000 07 000 -999 -999 -999 -999 -999 -999
IBTr 39W ERNIE     961101 0600 61N  1462E -99 -99 -999 1010 0000 07 000 -999 -999 -999 -999 -999 -999
IBTr 39W ERNIE     961101 1200 59N  1447E -99 -99 -999 1010 0000 07 000 -999 -999 -999 -999 -999 -999
IBTr 39W ERNIE     961101 1800 57N  1432E -99 -99 -999 1010 0000 07 000 -999 -999 -999 -999 -999 -999
IBTr 39W ERNIE     961102 0000 56N  1420E -99 -99 -999 1010 0000 07 000 -999 -999 -999 -999 -999 -999
IBTr 39W ERNIE     961102 0600 55N  1410E -99 -99 -999 1010 0000 07 000 -999 -999 -999 -999 -999 -999
IBTr 39W ERNIE     961102 1200 55N  1402E -99 -99 -999 1010 0000 07 000 -999 -999 -999 -999 -999 -999
IBTr 39W ERNIE     961102 1800 54N  1394E -99 -99 -999 1010 0000 07 000 -999 -999 -999 -999 -999 -999
IBTr 39W ERNIE     961103 0000 52N  1383E -99 -99 -999 1010 0000 07 000 -999 -999 -999 -999 -999 -999
IBTr 39W ERNIE     961103 0600 50N  1371E -99 -99 -999 1010 0000 07 000 -999 -999 -999 -999 -999 -999
IBTr 39W ERNIE     961103 1200 49N  1360E -99 -99 -999 1010 0000 10 000 -999 -999 -999 -999 -999 -999
IBTr 39W ERNIE     961103 1800 51N  1349E -99 -99 -999 1010 0000 10 000 -999 -999 -999 -999 -999 -999
IBTr 39W ERNIE     961104 0000 53N  1334E -99 -99 -999 1010 0000 10 000 -999 -999 -999 -999 -999 -999
IBTr 39W ERNIE     961104 0600 55N  1322E -99 -99 -999 1010 0000 10 000 -999 -999 -999 -999 -999 -999
IBTr 39W ERNIE     961104 1200 59N  1313E -99 -99 -999 1010 0000 12 000 -999 -999 -999 -999 -999 -999
IBTr 39W ERNIE     961104 1800 65N  1304E -99 -99 -999 1010 0000 12 000 -999 -999 -999 -999 -999 -999
IBTr 39W ERNIE     961105 0000 72N  1295E -99 -99 -999 1010 0000 12 000 -999 -999 -999 -999 -999 -999
IBTr 39W ERNIE     961105 0600 79N  1286E -99 -99 -999 1010 0000 12 000 -999 -999 -999 -999 -999 -999
IBTr 39W ERNIE     961105 1200 86N  1276E -99 -99 -999 1010 0000 15 000 -999 -999 -999 -999 -999 -999
IBTr 39W ERNIE     961105 1800 90N  1267E -99 -99 -999 1010 0000 15 000 -999 -999 -999 -999 -999 -999
IBTr 39W ERNIE     961106 0000 95N  1256E -99 -99 -999 1010 0000 18 000 -999 -999 -999 -999 -999 -999
IBTr 39W ERNIE     961106 0600 101N 1248E -99 -99 -999 1010 0000 20 000 -999 -999 -999 -999 -999 -999
IBTr 39W ERNIE     961106 1200 108N 1238E -99 -99 -999 1010 0000 20 000 -999 -999 -999 -999 -999 -999
IBTr 39W ERNIE     961106 1800 114N 1227E -99 -99 -999 1010 0000 23 000 -999 -999 -999 -999 -999 -999
IBTr 39W ERNIE     961107 0000 117N 1214E -99 -99 -999 1010 0000 23 000 -999 -999 -999 -999 -999 -999
IBTr 39W ERNIE     961107 0600 119N 1203E -99 -99 -999 1010 0000 25 000 -999 -999 -999 -999 -999 -999
IBTr 39W ERNIE     961107 1200 120N 1196E -99 -99 -999 1010 0000 25 000 -999 -999 -999 -999 -999 -999
IBTr 39W ERNIE     961107 1800 122N 1192E -99 -99 -999 1010 0000 25 000 -999 -999 -999 -999 -999 -999
IBTr 39W ERNIE     961108 0000 125N 1189E -99 -99 -999 1010 0000 25 000 -999 -999 -999 -999 -999 -999
IBTr 39W ERNIE     961108 0600 131N 1186E -99 -99 -999 1010 0000 25 000 -999 -999 -999 -999 -999 -999
IBTr 39W ERNIE     961108 1200 139N 1184E -99 -99 -999 1010 0000 25 000 -999 -999 -999 -999 -999 -999
IBTr 39W ERNIE     961108 1800 147N 1181E -99 -99 -999 1010 0000 23 000 -999 -999 -999 -999 -999 -999
IBTr 39W ERNIE     961109 0000 158N 1180E -99 -99 -999 1010 0000 20 000 -999 -999 -999 -999 -999 -999
IBTr 39W ERNIE     961109 0600 171N 1176E -99 -99 -999 1010 0000 18 000 -999 -999 -999 -999 -999 -999
IBTr 39W ERNIE     961109 1200 180N 1177E -99 -99 -999 1010 0000 18 000 -999 -999 -999 -999 -999 -999
IBTr 39W ERNIE     961109 1800 185N 1178E -99 -99 -999 1010 0000 20 000 -999 -999 -999 -999 -999 -999
