IBTr 36W NOTNAMED  961010 0000 89N  1584E -99 -99 -999 1010 0000 10 000 -999 -999 -999 -999 -999 -999
IBTr 36W NOTNAMED  961010 0600 90N  1573E -99 -99 -999 1010 0000 10 000 -999 -999 -999 -999 -999 -999
IBTr 36W NOTNAMED  961010 1200 92N  1562E -99 -99 -999 1010 0000 10 000 -999 -999 -999 -999 -999 -999
IBTr 36W NOTNAMED  961010 1800 94N  1553E -99 -99 -999 1010 0000 10 000 -999 -999 -999 -999 -999 -999
IBTr 36W NOTNAMED  961011 0000 97N  1544E -99 -99 -999 1010 0000 10 000 -999 -999 -999 -999 -999 -999
IBTr 36W NOTNAMED  961011 0600 102N 1538E -99 -99 -999 1010 0000 10 000 -999 -999 -999 -999 -999 -999
IBTr 36W NOTNAMED  961011 1200 110N 1530E -99 -99 -999 1010 0000 10 000 -999 -999 -999 -999 -999 -999
IBTr 36W NOTNAMED  961011 1800 117N 1523E -99 -99 -999 1010 0000 10 000 -999 -999 -999 -999 -999 -999
IBTr 36W NOTNAMED  961012 0000 122N 1518E -99 -99 -999 1010 0000 10 000 -999 -999 -999 -999 -999 -999
IBTr 36W NOTNAMED  961012 0600 128N 1514E -99 -99 -999 1010 0000 10 000 -999 -999 -999 -999 -999 -999
IBTr 36W NOTNAMED  961012 1200 134N 1511E -99 -99 -999 1010 0000 10 000 -999 -999 -999 -999 -999 -999
IBTr 36W NOTNAMED  961012 1800 140N 1508E -99 -99 -999 1010 0000 10 000 -999 -999 -999 -999 -999 -999
IBTr 36W NOTNAMED  961013 0000 144N 1505E -99 -99 -999 1010 0000 12 000 -999 -999 -999 -999 -999 -999
IBTr 36W NOTNAMED  961013 0600 148N 1498E -99 -99 -999 1010 0000 12 000 -999 -999 -999 -999 -999 -999
IBTr 36W NOTNAMED  961013 1200 152N 1490E -99 -99 -999 1010 0000 12 000 -999 -999 -999 -999 -999 -999
IBTr 36W NOTNAMED  961013 1800 156N 1483E -99 -99 -999 1010 0000 12 000 -999 -999 -999 -999 -999 -999
IBTr 36W NOTNAMED  961014 0000 160N 1476E -99 -99 -999 1010 0000 12 000 -999 -999 -999 -999 -999 -999
IBTr 36W NOTNAMED  961014 0600 165N 1469E -99 -99 -999 1010 0000 12 000 -999 -999 -999 -999 -999 -999
IBTr 36W NOTNAMED  961014 1200 169N 1462E -99 -99 -999 1010 0000 12 000 -999 -999 -999 -999 -999 -999
IBTr 36W NOTNAMED  961014 1800 175N 1453E -99 -99 -999 1010 0000 12 000 -999 -999 -999 -999 -999 -999
IBTr 36W NOTNAMED  961015 0000 175N 1443E -99 -99 -999 1010 0000 12 000 -999 -999 -999 -999 -999 -999
IBTr 36W NOTNAMED  961015 0600 178N 1435E -99 -99 -999 1010 0000 12 000 -999 -999 -999 -999 -999 -999
IBTr 36W NOTNAMED  961015 1200 187N 1427E -99 -99 -999 1010 0000 12 000 -999 -999 -999 -999 -999 -999
IBTr 36W NOTNAMED  961015 1800 195N 1423E -99 -99 -999 1010 0000 12 000 -999 -999 -999 -999 -999 -999
IBTr 36W NOTNAMED  961016 0000 202N 1417E -99 -99 -999 1010 0000 12 000 -999 -999 -999 -999 -999 -999
IBTr 36W NOTNAMED  961016 0600 208N 1412E -99 -99 -999 1010 0000 12 000 -999 -999 -999 -999 -999 -999
IBTr 36W NOTNAMED  961016 1200 215N 1409E -99 -99 -999 1010 0000 12 000 -999 -999 -999 -999 -999 -999
IBTr 36W NOTNAMED  961016 1800 224N 1407E -99 -99 -999 1010 0000 12 000 -999 -999 -999 -999 -999 -999
IBTr 36W NOTNAMED  961017 0000 232N 1405E -99 -99 -999 1010 0000 12 000 -999 -999 -999 -999 -999 -999
IBTr 36W NOTNAMED  961017 0600 238N 1403E -99 -99 -999 1010 0000 12 000 -999 -999 -999 -999 -999 -999
IBTr 36W NOTNAMED  961017 1200 243N 1398E -99 -99 -999 1010 0000 12 000 -999 -999 -999 -999 -999 -999
IBTr 36W NOTNAMED  961017 1800 247N 1392E -99 -99 -999 1010 0000 12 000 -999 -999 -999 -999 -999 -999
IBTr 36W NOTNAMED  961018 0000 258N 1387E -99 -99 -999 1010 0000 10 000 -999 -999 -999 -999 -999 -999
IBTr 36W NOTNAMED  961018 0600 270N 1385E -99 -99 -999 1010 0000 07 000 -999 -999 -999 -999 -999 -999
