IBTr 34W ABELBETH  961007 1200 109N 1622E -99 -99 -999 1010 0000 07 000 -999 -999 -999 -999 -999 -999
IBTr 34W ABELBETH  961007 1800 110N 1611E -99 -99 -999 1010 0000 07 000 -999 -999 -999 -999 -999 -999
IBTr 34W ABELBETH  961008 0000 110N 1600E -99 -99 -999 1010 0000 07 000 -999 -999 -999 -999 -999 -999
IBTr 34W ABELBETH  961008 0600 111N 1587E -99 -99 -999 1010 0000 07 000 -999 -999 -999 -999 -999 -999
IBTr 34W ABELBETH  961008 1200 112N 1574E -99 -99 -999 1010 0000 07 000 -999 -999 -999 -999 -999 -999
IBTr 34W ABELBETH  961008 1800 115N 1562E -99 -99 -999 1010 0000 07 000 -999 -999 -999 -999 -999 -999
IBTr 34W ABELBETH  961009 0000 119N 1548E -99 -99 -999 1010 0000 07 000 -999 -999 -999 -999 -999 -999
IBTr 34W ABELBETH  961009 0600 123N 1535E -99 -99 -999 1010 0000 07 000 -999 -999 -999 -999 -999 -999
IBTr 34W ABELBETH  961009 1200 130N 1521E -99 -99 -999 1010 0000 07 000 -999 -999 -999 -999 -999 -999
IBTr 34W ABELBETH  961009 1800 136N 1508E -99 -99 -999 1010 0000 07 000 -999 -999 -999 -999 -999 -999
IBTr 34W ABELBETH  961010 0000 141N 1495E -99 -99 -999 1010 0000 07 000 -999 -999 -999 -999 -999 -999
IBTr 34W ABELBETH  961010 0600 145N 1486E -99 -99 -999 1010 0000 07 000 -999 -999 -999 -999 -999 -999
IBTr 34W ABELBETH  961010 1200 147N 1476E -99 -99 -999 1010 0000 07 000 -999 -999 -999 -999 -999 -999
IBTr 34W ABELBETH  961010 1800 148N 1467E -99 -99 -999 1010 0000 07 000 -999 -999 -999 -999 -999 -999
IBTr 34W ABELBETH  961011 0000 148N 1457E -99 -99 -999 1010 0000 10 000 -999 -999 -999 -999 -999 -999
IBTr 34W ABELBETH  961011 0600 147N 1446E -99 -99 -999 1010 0000 10 000 -999 -999 -999 -999 -999 -999
IBTr 34W ABELBETH  961011 1200 142N 1442E -99 -99 1008 1010 0080 12 008 -999 -999 -999 -999 -999 -999
IBTr 34W ABELBETH  961011 1800 141N 1428E -99 -99 1008 1010 0080 12 008 -999 -999 -999 -999 -999 -999
IBTr 34W ABELBETH  961012 0000 141N 1415E -99 -99 1008 1010 0080 12 008 -999 -999 -999 -999 -999 -999
IBTr 34W ABELBETH  961012 0600 140N 1399E -99 -99 1008 1010 0080 12 008 -999 -999 -999 -999 -999 -999
IBTr 34W ABELBETH  961012 1200 143N 1387E -99 -99 1008 1010 0080 12 008 -999 -999 -999 -999 -999 -999
IBTr 34W ABELBETH  961012 1800 145N 1376E -99 -99 1008 1010 0080 12 008 -999 -999 -999 -999 -999 -999
IBTr 34W ABELBETH  961013 0000 153N 1364E -99 -99 1008 1010 0080 12 008 -999 -999 -999 -999 -999 -999
IBTr 34W ABELBETH  961013 0600 156N 1349E -99 -99 1004 1010 0090 12 009 -999 -999 -999 -999 -999 -999
IBTr 34W ABELBETH  961013 1200 156N 1339E -99 -99 1004 1010 0090 12 009 -999 -999 -999 -999 -999 -999
IBTr 34W ABELBETH  961013 1800 156N 1330E -99 -99 1006 1010 0090 15 009 -999 -999 -999 -999 -999 -999
IBTr 34W ABELBETH  961014 0000 157N 1320E -99 -99 1006 1010 0090 15 009 -999 -999 -999 -999 -999 -999
IBTr 34W ABELBETH  961014 0600 159N 1312E -99 -99 1004 1010 0090 15 009 -999 -999 -999 -999 -999 -999
IBTr 34W ABELBETH  961014 1200 163N 1306E -99 -99 1004 1010 0090 18 009 -999 -999 -999 -999 -999 -999
IBTr 34W ABELBETH  961014 1800 168N 1303E -99 -99 1004 1010 0090 20 009 -999 -999 -999 -999 -999 -999
IBTr 34W ABELBETH  961015 0000 171N 1301E -99 -99 1004 1010 0090 23 009 -999 -999 -999 -999 -999 -999
IBTr 34W ABELBETH  961015 0600 174N 1295E -99 -99 1004 1010 0090 23 009 -999 -999 -999 -999 -999 -999
IBTr 34W ABELBETH  961015 1200 175N 1289E -99 -99 1004 1010 0090 23 009 -999 -999 -999 -999 -999 -999
IBTr 34W ABELBETH  961015 1800 176N 1282E -99 -99 1004 1010 0090 25 009 -999 -999 -999 -999 -999 -999
IBTr 34W ABELBETH  961016 0000 176N 1274E -99 -99 0996 1010 0100 18 010 -999 -999 -999 -999 -999 -999
IBTr 34W ABELBETH  961016 0600 176N 1267E -99 -99 0994 1010 0110 20 011 -999 -999 -999 -999 -999 -999
IBTr 34W ABELBETH  961016 1200 175N 1259E -99 -99 0985 1010 0120 25 012 -999 -999 -999 -999 -999 -999
IBTr 34W ABELBETH  961016 1800 175N 1250E -99 -99 0985 1010 0120 25 012 -999 -999 -999 -999 -999 -999
IBTr 34W ABELBETH  961017 0000 176N 1241E -99 -99 0980 1010 0120 28 012 -999 -999 -999 -999 -999 -999
IBTr 34W ABELBETH  961017 0600 176N 1233E -99 -99 0975 1010 0130 30 013 -999 -999 -999 -999 -999 -999
IBTr 34W ABELBETH  961017 1200 176N 1226E -99 -99 0975 1010 0130 30 013 -999 -999 -999 -999 -999 -999
IBTr 34W ABELBETH  961017 1800 177N 1220E -99 -99 0975 1010 0130 30 013 -999 -999 -999 -999 -999 -999
IBTr 34W ABELBETH  961018 0000 179N 1212E -99 -99 0980 1010 0120 28 012 -999 -999 -999 -999 -999 -999
IBTr 34W ABELBETH  961018 0600 181N 1205E -99 -99 0980 1010 0120 28 012 -999 -999 -999 -999 -999 -999
IBTr 34W ABELBETH  961018 1200 183N 1200E -99 -99 0980 1010 0120 28 012 -999 -999 -999 -999 -999 -999
IBTr 34W ABELBETH  961018 1800 186N 1193E -99 -99 0980 1010 0120 28 012 -999 -999 -999 -999 -999 -999
IBTr 34W ABELBETH  961019 0000 187N 1183E -99 -99 0980 1010 0120 28 012 -999 -999 -999 -999 -999 -999
IBTr 34W ABELBETH  961019 0600 187N 1175E -99 -99 0980 1010 0120 28 012 -999 -999 -999 -999 -999 -999
IBTr 34W ABELBETH  961019 1200 186N 1167E -99 -99 0980 1010 0120 28 012 -999 -999 -999 -999 -999 -999
IBTr 34W ABELBETH  961019 1800 182N 1158E -99 -99 0985 1010 0120 25 012 -999 -999 -999 -999 -999 -999
IBTr 34W ABELBETH  961020 0000 176N 1149E -99 -99 0990 1010 0110 23 011 -999 -999 -999 -999 -999 -999
IBTr 34W ABELBETH  961020 0600 171N 1138E -99 -99 0990 1010 0110 23 011 -999 -999 -999 -999 -999 -999
IBTr 34W ABELBETH  961020 1200 169N 1130E -99 -99 0996 1010 0100 20 010 -999 -999 -999 -999 -999 -999
IBTr 34W ABELBETH  961020 1800 165N 1121E -99 -99 0996 1010 0100 20 010 -999 -999 -999 -999 -999 -999
IBTr 34W ABELBETH  961021 0000 160N 1113E -99 -99 1000 1010 0100 18 010 -999 -999 -999 -999 -999 -999
IBTr 34W ABELBETH  961021 0600 155N 1104E -99 -99 1002 1010 0090 15 009 -999 -999 -999 -999 -999 -999
IBTr 34W ABELBETH  961021 1200 149N 1097E -99 -99 1004 1010 0090 15 009 -999 -999 -999 -999 -999 -999
IBTr 34W ABELBETH  961021 1800 141N 1093E -99 -99 1004 1010 0090 15 009 -999 -999 -999 -999 -999 -999
IBTr 34W ABELBETH  961022 0000 136N 1090E -99 -99 1004 1010 0090 15 009 -999 -999 -999 -999 -999 -999
IBTr 34W ABELBETH  961022 0600 134N 1090E -99 -99 -999 1010 0000 12 000 -999 -999 -999 -999 -999 -999
IBTr 34W ABELBETH  961022 1200 131N 1097E -99 -99 -999 1010 0000 10 000 -999 -999 -999 -999 -999 -999
IBTr 34W ABELBETH  961022 1800 128N 1103E -99 -99 -999 1010 0000 07 000 -999 -999 -999 -999 -999 -999
