IBTr 40W TD1102    961031 0600 108N 1208E -99 -99 -999 1010 0000 07 000 -999 -999 -999 -999 -999 -999
IBTr 40W TD1102    961031 1200 108N 1201E -99 -99 -999 1010 0000 10 000 -999 -999 -999 -999 -999 -999
IBTr 40W TD1102    961031 1800 109N 1194E -99 -99 -999 1010 0000 10 000 -999 -999 -999 -999 -999 -999
IBTr 40W TD1102    961101 0000 112N 1182E -99 -99 -999 1010 0000 10 000 -999 -999 -999 -999 -999 -999
IBTr 40W TD1102    961101 0600 115N 1171E -99 -99 -999 1010 0000 10 000 -999 -999 -999 -999 -999 -999
IBTr 40W TD1102    961101 1200 120N 1162E -99 -99 -999 1010 0000 12 000 -999 -999 -999 -999 -999 -999
IBTr 40W TD1102    961101 1800 125N 1153E -99 -99 -999 1010 0000 12 000 -999 -999 -999 -999 -999 -999
IBTr 40W TD1102    961102 0000 129N 1141E -99 -99 -999 1010 0000 15 000 -999 -999 -999 -999 -999 -999
IBTr 40W TD1102    961102 0600 133N 1128E -99 -99 -999 1010 0000 18 000 -999 -999 -999 -999 -999 -999
IBTr 40W TD1102    961102 1200 138N 1113E -99 -99 -999 1010 0000 20 000 -999 -999 -999 -999 -999 -999
IBTr 40W TD1102    961102 1800 140N 1097E -99 -99 -999 1010 0000 20 000 -999 -999 -999 -999 -999 -999
IBTr 40W TD1102    961103 0000 143N 1076E -99 -99 -999 1010 0000 18 000 -999 -999 -999 -999 -999 -999
IBTr 40W TD1102    961103 0600 147N 1056E -99 -99 -999 1010 0000 15 000 -999 -999 -999 -999 -999 -999
IBTr 40W TD1102    961103 1200 148N 1038E -99 -99 -999 1010 0000 15 000 -999 -999 -999 -999 -999 -999
IBTr 40W TD1102    961103 1800 154N 1026E -99 -99 -999 1010 0000 12 000 -999 -999 -999 -999 -999 -999
IBTr 40W TD1102    961104 0000 164N 1022E -99 -99 -999 1010 0000 10 000 -999 -999 -999 -999 -999 -999
IBTr 40W TD1102    961104 0600 173N 1022E -99 -99 -999 1010 0000 10 000 -999 -999 -999 -999 -999 -999
