IBTr 45W NOTNAMED  961123 0000 80N  1510E -99 -99 -999 1010 0000 07 000 -999 -999 -999 -999 -999 -999
IBTr 45W NOTNAMED  961123 0600 82N  1508E -99 -99 -999 1010 0000 07 000 -999 -999 -999 -999 -999 -999
IBTr 45W NOTNAMED  961123 1200 86N  1504E -99 -99 -999 1010 0000 07 000 -999 -999 -999 -999 -999 -999
IBTr 45W NOTNAMED  961123 1800 92N  1497E -99 -99 -999 1010 0000 07 000 -999 -999 -999 -999 -999 -999
IBTr 45W NOTNAMED  961124 0000 100N 1486E -99 -99 -999 1010 0000 07 000 -999 -999 -999 -999 -999 -999
IBTr 45W NOTNAMED  961124 0600 109N 1474E -99 -99 -999 1010 0000 07 000 -999 -999 -999 -999 -999 -999
IBTr 45W NOTNAMED  961124 1200 116N 1461E -99 -99 -999 1010 0000 10 000 -999 -999 -999 -999 -999 -999
IBTr 45W NOTNAMED  961124 1800 123N 1448E -99 -99 -999 1010 0000 10 000 -999 -999 -999 -999 -999 -999
IBTr 45W NOTNAMED  961125 0000 134N 1436E -99 -99 -999 1010 0000 10 000 -999 -999 -999 -999 -999 -999
IBTr 45W NOTNAMED  961125 0600 149N 1429E -99 -99 -999 1010 0000 10 000 -999 -999 -999 -999 -999 -999
IBTr 45W NOTNAMED  961125 1200 161N 1424E -99 -99 -999 1010 0000 12 000 -999 -999 -999 -999 -999 -999
IBTr 45W NOTNAMED  961125 1800 170N 1417E -99 -99 -999 1010 0000 12 000 -999 -999 -999 -999 -999 -999
IBTr 45W NOTNAMED  961126 0000 175N 1410E -99 -99 -999 1010 0000 12 000 -999 -999 -999 -999 -999 -999
IBTr 45W NOTNAMED  961126 0600 178N 1403E -99 -99 -999 1010 0000 12 000 -999 -999 -999 -999 -999 -999
IBTr 45W NOTNAMED  961126 1200 181N 1396E -99 -99 -999 1010 0000 12 000 -999 -999 -999 -999 -999 -999
IBTr 45W NOTNAMED  961126 1800 183N 1390E -99 -99 -999 1010 0000 12 000 -999 -999 -999 -999 -999 -999
IBTr 45W NOTNAMED  961127 0000 183N 1385E -99 -99 -999 1010 0000 12 000 -999 -999 -999 -999 -999 -999
IBTr 45W NOTNAMED  961127 0600 181N 1381E -99 -99 -999 1010 0000 12 000 -999 -999 -999 -999 -999 -999
IBTr 45W NOTNAMED  961127 1200 177N 1377E -99 -99 -999 1010 0000 10 000 -999 -999 -999 -999 -999 -999
IBTr 45W NOTNAMED  961127 1800 170N 1370E -99 -99 -999 1010 0000 10 000 -999 -999 -999 -999 -999 -999
IBTr 45W NOTNAMED  961128 0000 161N 1359E -99 -99 -999 1010 0000 10 000 -999 -999 -999 -999 -999 -999
IBTr 45W NOTNAMED  961128 0600 157N 1345E -99 -99 -999 1010 0000 12 000 -999 -999 -999 -999 -999 -999
IBTr 45W NOTNAMED  961128 1200 158N 1332E -99 -99 -999 1010 0000 12 000 -999 -999 -999 -999 -999 -999
IBTr 45W NOTNAMED  961128 1800 160N 1321E -99 -99 -999 1010 0000 12 000 -999 -999 -999 -999 -999 -999
IBTr 45W NOTNAMED  961129 0000 159N 1312E -99 -99 -999 1010 0000 12 000 -999 -999 -999 -999 -999 -999
IBTr 45W NOTNAMED  961129 0600 153N 1306E -99 -99 -999 1010 0000 12 000 -999 -999 -999 -999 -999 -999
IBTr 45W NOTNAMED  961129 1200 145N 1304E -99 -99 -999 1010 0000 12 000 -999 -999 -999 -999 -999 -999
IBTr 45W NOTNAMED  961129 1800 140N 1299E -99 -99 -999 1010 0000 12 000 -999 -999 -999 -999 -999 -999
IBTr 45W NOTNAMED  961130 0000 137N 1293E -99 -99 -999 1010 0000 12 000 -999 -999 -999 -999 -999 -999
IBTr 45W NOTNAMED  961130 0600 134N 1286E -99 -99 -999 1010 0000 12 000 -999 -999 -999 -999 -999 -999
IBTr 45W NOTNAMED  961130 1200 131N 1278E -99 -99 -999 1010 0000 12 000 -999 -999 -999 -999 -999 -999
IBTr 45W NOTNAMED  961130 1800 127N 1270E -99 -99 -999 1010 0000 12 000 -999 -999 -999 -999 -999 -999
IBTr 45W NOTNAMED  961201 0000 120N 1263E -99 -99 -999 1010 0000 10 000 -999 -999 -999 -999 -999 -999
IBTr 45W NOTNAMED  961201 0600 110N 1260E -99 -99 -999 1010 0000 10 000 -999 -999 -999 -999 -999 -999
IBTr 45W NOTNAMED  961201 1200 100N 1258E -99 -99 -999 1010 0000 10 000 -999 -999 -999 -999 -999 -999
IBTr 45W NOTNAMED  961201 1800 92N  1257E -99 -99 -999 1010 0000 07 000 -999 -999 -999 -999 -999 -999
IBTr 45W NOTNAMED  961202 0000 85N  1256E -99 -99 -999 1010 0000 05 000 -999 -999 -999 -999 -999 -999
