IBTr 46W NOTNAMED  961212 1800 42N  1037E -99 -99 -999 1010 0000 07 000 -999 -999 -999 -999 -999 -999
IBTr 46W NOTNAMED  961213 0000 42N  1043E -99 -99 -999 1010 0000 07 000 -999 -999 -999 -999 -999 -999
IBTr 46W NOTNAMED  961213 0600 42N  1049E -99 -99 -999 1010 0000 10 000 -999 -999 -999 -999 -999 -999
IBTr 46W NOTNAMED  961213 1200 42N  1055E -99 -99 -999 1010 0000 10 000 -999 -999 -999 -999 -999 -999
IBTr 46W NOTNAMED  961213 1800 42N  1061E -99 -99 -999 1010 0000 10 000 -999 -999 -999 -999 -999 -999
IBTr 46W NOTNAMED  961214 0000 42N  1066E -99 -99 -999 1010 0000 12 000 -999 -999 -999 -999 -999 -999
IBTr 46W NOTNAMED  961214 0600 42N  1071E -99 -99 -999 1010 0000 12 000 -999 -999 -999 -999 -999 -999
IBTr 46W NOTNAMED  961214 1200 41N  1074E -99 -99 -999 1010 0000 12 000 -999 -999 -999 -999 -999 -999
IBTr 46W NOTNAMED  961214 1800 39N  1077E -99 -99 -999 1010 0000 12 000 -999 -999 -999 -999 -999 -999
IBTr 46W NOTNAMED  961215 0000 38N  1079E -99 -99 -999 1010 0000 12 000 -999 -999 -999 -999 -999 -999
IBTr 46W NOTNAMED  961215 0600 36N  1082E -99 -99 -999 1010 0000 12 000 -999 -999 -999 -999 -999 -999
IBTr 46W NOTNAMED  961215 1200 35N  1084E -99 -99 -999 1010 0000 12 000 -999 -999 -999 -999 -999 -999
IBTr 46W NOTNAMED  961215 1800 33N  1087E -99 -99 -999 1010 0000 12 000 -999 -999 -999 -999 -999 -999
IBTr 46W NOTNAMED  961216 0000 32N  1093E -99 -99 -999 1010 0000 12 000 -999 -999 -999 -999 -999 -999
IBTr 46W NOTNAMED  961216 0600 33N  1097E -99 -99 -999 1010 0000 12 000 -999 -999 -999 -999 -999 -999
IBTr 46W NOTNAMED  961216 1200 35N  1101E -99 -99 -999 1010 0000 12 000 -999 -999 -999 -999 -999 -999
IBTr 46W NOTNAMED  961216 1800 40N  1105E -99 -99 -999 1010 0000 12 000 -999 -999 -999 -999 -999 -999
IBTr 46W NOTNAMED  961217 0000 44N  1103E -99 -99 -999 1010 0000 15 000 -999 -999 -999 -999 -999 -999
IBTr 46W NOTNAMED  961217 0600 45N  1101E -99 -99 -999 1010 0000 15 000 -999 -999 -999 -999 -999 -999
IBTr 46W NOTNAMED  961217 1200 46N  1098E -99 -99 -999 1010 0000 15 000 -999 -999 -999 -999 -999 -999
IBTr 46W NOTNAMED  961217 1800 46N  1096E -99 -99 -999 1010 0000 15 000 -999 -999 -999 -999 -999 -999
IBTr 46W NOTNAMED  961218 0000 46N  1095E -99 -99 -999 1010 0000 15 000 -999 -999 -999 -999 -999 -999
IBTr 46W NOTNAMED  961218 0600 46N  1093E -99 -99 -999 1010 0000 15 000 -999 -999 -999 -999 -999 -999
IBTr 46W NOTNAMED  961218 1200 47N  1091E -99 -99 -999 1010 0000 15 000 -999 -999 -999 -999 -999 -999
IBTr 46W NOTNAMED  961218 1800 48N  1090E -99 -99 -999 1010 0000 12 000 -999 -999 -999 -999 -999 -999
IBTr 46W NOTNAMED  961219 0000 49N  1088E -99 -99 -999 1010 0000 12 000 -999 -999 -999 -999 -999 -999
IBTr 46W NOTNAMED  961219 0600 49N  1085E -99 -99 -999 1010 0000 12 000 -999 -999 -999 -999 -999 -999
IBTr 46W NOTNAMED  961219 1200 48N  1082E -99 -99 -999 1010 0000 12 000 -999 -999 -999 -999 -999 -999
IBTr 46W NOTNAMED  961219 1800 48N  1077E -99 -99 -999 1010 0000 12 000 -999 -999 -999 -999 -999 -999
IBTr 46W NOTNAMED  961220 0000 48N  1070E -99 -99 -999 1010 0000 12 000 -999 -999 -999 -999 -999 -999
IBTr 46W NOTNAMED  961220 0600 49N  1064E -99 -99 -999 1010 0000 12 000 -999 -999 -999 -999 -999 -999
IBTr 46W NOTNAMED  961220 1200 50N  1058E -99 -99 -999 1010 0000 10 000 -999 -999 -999 -999 -999 -999
IBTr 46W NOTNAMED  961220 1800 51N  1053E -99 -99 -999 1010 0000 10 000 -999 -999 -999 -999 -999 -999
IBTr 46W NOTNAMED  961221 0000 52N  1048E -99 -99 -999 1010 0000 10 000 -999 -999 -999 -999 -999 -999
