JTWC 01A NAMELESS  040505 0600 118N 0728E 295 015 0997 1004 025  18 083 -999 -999 -999 -999
JTWC 01A NAMELESS  040505 1200 114N 0725E 255 015 0997 1004 025  18 083 -999 -999 -999 -999
JTWC 01A NAMELESS  040506 0000 112N 0731E 110 010 0997 1004 013  18 093 0093 0093 0093 0093
JTWC 01A NAMELESS  040506 0600 113N 0731E  55 010 0994 1002 018  21 093 0093 0093 0093 0093
JTWC 01A NAMELESS  040506 1200 113N 0729E 340 005 0994 1002 018  21 093 0093 0093 0093 0093
JTWC 01A NAMELESS  040506 1800 115N 0730E 345 005 0994 1002 020  21 093 0093 0093 0139 0139
JTWC 01A NAMELESS  040507 0000 123N 0728E 350 021 0991 1002 030  23 093 0204 0139 0139 0204
JTWC 01A NAMELESS  040507 0600 128N 0722E 335 026 0991 1004 033  23 093 0185 0139 0139 0222
JTWC 01A NAMELESS  040507 1200 129N 0714E 310 036 0991 1004 033  23 093 0185 0139 0139 0222
JTWC 01A NAMELESS  040507 1800 122N 0727E 330 010 0991 1004 033  23 074 0185 0139 0139 0222
JTWC 01A NAMELESS  040508 0000 123N 0725E 300 010 0991 1004 033  23 074 0185 0139 0139 0222
JTWC 01A NAMELESS  040508 0600 132N 0735E  45 015 0991 1004 029  23 074 0148 0148 0222 0222
JTWC 01A NAMELESS  040508 1200 140N 0731E   0 021 0991 1004 029  23 074 0148 0148 0222 0222
JTWC 01A NAMELESS  040508 1800 140N 0729E 340 021 0991 1004 029  23 074 0157 0157 0213 0213
JTWC 01A NAMELESS  040509 0000 144N 0727E 330 026 0991 1004 029  23 074 0130 0130 0185 0185
JTWC 01A NAMELESS  040509 0600 148N 0722E 320 026 0997 1004 022  18 046 -999 -999 -999 -999
JTWC 01A NAMELESS  040509 1200 160N 0709E 315 046 0997 1004 022  18 046 -999 -999 -999 -999
JTWC 01A NAMELESS  040509 1800 174N 0696E 315 067 0997 1005 022  18 019 0019 0019 0019 0019
