NHC  01E ONE       040522 0600 151N 1082W 285 046 1006 1014 0278 13 185 -999 -999 -999 -999 -999 -999
NHC  01E AGATHA    040522 1200 158N 1093W 300 051 1005 1009 0278 18 074 0139 0139 0139 01399 -999 -999 -999
NHC  01E AGATHA    040522 1800 166N 1096W 315 046 1000 1009 0278 23 056 0139 0139 0139 01399 -999 -999 -999
NHC  01E AGATHA    040523 0000 172N 1099W 325 036 1000 1009 0278 23 056 0139 0139 0139 01399 -999 -999 -999
NHC  01E AGATHA    040523 0600 176N 1101W 330 026 1000 1009 0278 23 056 0139 0139 0139 01399 -999 -999 -999
NHC  01E AGATHA    040523 1200 179N 1103W 335 026 1002 1009 0278 21 056 0093 0093 0093 00939 -999 -999 -999
NHC  01E AGATHA    040523 1800 183N 1103W 345 021 1002 1009 0278 21 056 0093 0093 0093 00939 -999 -999 -999
NHC  01E AGATHA    040524 0000 184N 1108W 325 021 1003 1009 0278 15 056 -999 -999 -999 -999 -999 -999
NHC  01E AGATHA    040524 0600 189N 1114W 315 026 1003 1009 0278 15 056 -999 -999 -999 -999 -999 -999
NHC  01E AGATHA    040524 1200 193N 1118W 310 031 1004 1009 0278 15 056 -999 -999 -999 -999 -999 -999
NHC  01E AGATHA    040524 1800 188N 1110W 000 000 1008 1012 0232 13 056 -999 -999 -999 -999 -999 -999
NHC  01E AGATHA    040525 0000 188N 1107W 045 000 1008 1011 0232 10 056 -999 -999 -999 -999 -999 -999
