JTWC 01W NAMELESS  040213 1200 132N 1359E 285 051 1000 1008 018  15 056 -999 -999 -999 -999
JTWC 01W NAMELESS  040213 1800 142N 1354E 305 046 0994 1006 037  21 056 0074 0074 0056 0074
JTWC 01W NAMELESS  040214 0000 147N 1352E 325 041 0994 1006 037  21 056 0074 0074 0056 0074
JTWC 01W NAMELESS  040214 0600 153N 1354E 345 036 0991 1004 027  23 037 0120 0074 0074 0120
JTWC 01W NAMELESS  040214 1200 158N 1359E  15 031 0991 1004 027  23 037 0120 0074 0074 0120
JTWC 01W NAMELESS  040214 1800 149N 1362E  40 015 1000 1004 022  15 074 -999 -999 -999 -999
JTWC 01W NAMELESS  040215 0000 147N 1366E  75 015 1000 1004 022  15 074 -999 -999 -999 -999
JTWC 01W NAMELESS  040215 0600 148N 1370E  90 021 1000 1004 022  15 074 -999 -999 -999 -999
JTWC 01W NAMELESS  040215 1200 145N 1371E 110 015 1000 1004 022  15 074 -999 -999 -999 -999
JTWC 01W NAMELESS  040215 1800 145N 1366E 180 005 1000 1004 022  15 111 -999 -999 -999 -999
JTWC 01W NAMELESS  040216 0000 132N 1360E 205 031 1000 1004 022  15 111 -999 -999 -999 -999
JTWC 01W NAMELESS  040216 0600 117N 1355E 205 057 1002 1004 022  13 111 -999 -999 -999 -999
