NHC  02L INVEST    040803 1200 129N 0533W 280 103 1011 1015 0278 13 074 -999 -999 -999 -999 -999 -999
NHC  02L TWO       040803 1800 134N 0556W 280 113 1009 1015 0278 13 074 -999 -999 -999 -999 -999 -999
NHC  02L TWO       040804 0000 135N 0573W 280 098 1009 1011 0185 15 074 -999 -999 -999 -999 -999 -999
NHC  02L TWO       040804 1200 137N 0617W 275 113 1011 1013 0139 15 056 -999 -999 -999 -999 -999 -999
NHC  02L TWO       040804 1800 135N 0635W 270 103 1011 1013 0139 15 056 -999 -999 -999 -999 -999 -999
NHC  02L TWO       040805 0000 136N 0650W 275 077 1011 1013 0139 15 074 -999 -999 -999 -999 -999 -999
NHC  02L BONNIE    040809 1800 230N 0886W 300 057 1009 1013 0185 21 037 0046 0046 0046 00469 -999 -999 -999
NHC  02L BONNIE    040810 0000 232N 0889W 300 036 1006 1013 0139 21 019 0046 0046 0046 00469 -999 -999 -999
NHC  02L BONNIE    040810 0600 234N 0897W 290 036 1007 1013 0139 23 019 0046 0046 0046 00469 -999 -999 -999
NHC  02L BONNIE    040810 1200 240N 0905W 300 041 1002 1013 0139 26 019 0046 0046 0046 00469 0019 0019 0019
NHC  02L BONNIE    040810 1800 244N 0907W 355 026 1004 1015 0222 23 019 0046 0046 0046 00469 -999 -999 -999
NHC  02L BONNIE    040811 0000 247N 0905W 010 021 1004 1012 0185 21 028 0046 0046 0046 00469 -999 -999 -999
NHC  02L BONNIE    040811 0600 252N 0904W 010 021 1004 1012 0139 21 028 0046 0046 0046 00469 -999 -999 -999
NHC  02L BONNIE    040811 1200 257N 0905W 015 026 1000 1012 0139 23 028 0083 0111 0046 00469 -999 -999 -999
NHC  02L BONNIE    040811 1800 264N 0896W 040 051 1000 1012 0139 28 019 0083 0111 0046 00468 0028 -999 -999
NHC  02L BONNIE    040812 0000 270N 0888W 045 051 1007 1012 0185 26 046 0083 0111 0046 00466 0046 -999 -999
NHC  02L BONNIE    040812 0600 277N 0881W 045 051 1010 1014 0185 23 046 0083 0111 0046 00469 -999 -999 -999
NHC  02L BONNIE    040812 1200 290N 0861W 050 098 1003 1014 0185 23 046 0083 0111 0046 00469 -999 -999 -999
NHC  02L BONNIE    040812 1800 302N 0840W 052 103 1006 1012 0185 15 046 -999 -999 -999 -999 -999 -999
