NHC  04E FOUR-E    040719 0000 144N 1132W 270 046 1008 1012 0278 15 056 -999 -999 -999 -999 -999 -999
NHC  04E FOUR      040719 0600 145N 1140W 275 046 1008 1012 0278 15 056 -999 -999 -999 -999 -999 -999
NHC  04E FOUR      040719 1200 145N 1152W 270 051 1008 1012 0222 15 056 -999 -999 -999 -999 -999 -999
NHC  04E FOUR      040719 1800 149N 1159W 280 046 1002 1010 0222 21 056 0111 0111 0111 01119 -999 -999 -999
NHC  04E CELIA     040720 0000 150N 1162W 285 036 0996 1010 0222 26 037 0120 0120 0120 01117 -999 -999 0037
NHC  04E CELIA     040720 0600 152N 1169W 285 036 0997 1010 0222 26 037 0130 0093 0093 01307 -999 -999 0037
NHC  04E CELIA     040720 1200 152N 1174W 285 031 0997 1010 0222 26 037 0130 0093 0093 01306 0046 0046 0046
NHC  04E CELIA     040720 1800 154N 1180W 285 031 1000 1010 0222 23 037 0148 0074 -999 01489 -999 -999 -999
NHC  04E CELIA     040721 0000 160N 1187W 295 036 1000 1010 0222 23 037 0148 0074 -999 01489 -999 -999 -999
NHC  04E CELIA     040721 0600 161N 1193W 295 036 1000 1010 0222 23 037 0130 0093 0093 01309 -999 -999 -999
NHC  04E CELIA     040721 1800 162N 1206W 280 031 0991 1010 0222 31 028 0111 0111 0111 01117 0037 0037 0037
NHC  04E CELIA     040722 0000 163N 1210W 280 031 0991 1010 0222 31 028 0111 0111 0111 01117 0037 0037 0037
NHC  04E CELIA     040722 0600 164N 1216W 280 031 0985 1010 0278 36 028 0111 0111 0111 01115 0065 0065 0065
NHC  04E CELIA     040722 1200 163N 1221W 275 026 0985 1010 0278 36 028 0111 0111 0111 01116 0056 0056 0056
NHC  04E CELIA     040722 1800 163N 1230W 270 031 0997 1010 0232 26 046 0111 0111 0111 01116 0056 0056 0056
NHC  04E CELIA     040723 0000 163N 1239W 270 041 1000 1010 0232 21 046 0093 0046 0046 00939 -999 -999 -999
NHC  04E CELIA     040723 0600 164N 1247W 275 041 1002 1010 0232 18 046 0093 0046 0046 00939 -999 -999 -999
NHC  04E CELIA     040723 1200 163N 1253W 270 036 1002 1010 0232 18 093 0093 -999 -999 00939 -999 -999 -999
NHC  04E CELIA     040723 1800 161N 1261W 270 041 1002 1010 0232 18 093 0093 -999 -999 00939 -999 -999 -999
NHC  04E CELIA     040724 0000 162N 1267W 270 036 1002 1010 0232 18 093 0093 -999 -999 00939 -999 -999 -999
NHC  04E CELIA     040724 0600 164N 1275W 280 036 1002 1010 0232 18 093 0093 -999 -999 -999 -999 -999
NHC  04E CELIA     040724 1200 170N 1284W 290 041 1004 1010 0232 15 093 -999 -999 -999 -999 -999 -999
NHC  04E CELIA     040724 1800 172N 1296W 280 046 1004 1010 0232 15 093 -999 -999 -999 -999 -999 -999
NHC  04E CELIA     040725 0000 176N 1307W 285 057 1004 1010 0232 15 093 -999 -999 -999 -999 -999 -999
NHC  04E CELIA     040725 0600 179N 1319W 286 057 1004 1010 0232 15 093 -999 -999 -999 -999 -999 -999
NHC  04E CELIA     040725 1200 183N 1330W 290 057 1006 1010 0232 15 093 -999 -999 -999 -999 -999 -999
NHC  04E CELIA     040725 1800 187N 1341W 285 057 1007 1010 0232 13 093 -999 -999 -999 -999 -999 -999
