NHC  04L FOUR      040813 1200 122N 0221W 280 067 1009 1012 0278 15 074 -999 -999 -999 -999 -999 -999
NHC  04L FOUR      040813 1800 124N 0234W 280 067 1009 1012 0278 15 074 -999 -999 -999 -999 -999 -999
NHC  04L FOUR      040814 0000 126N 0242W 280 062 1009 1012 0278 15 093 -999 -999 -999 -999 -999 -999
NHC  04L DANIELLE  040814 0600 130N 0253W 280 062 1004 1012 0278 21 093 0093 0093 0093 00939 -999 -999 -999
NHC  04L DANIELLE  040814 1200 132N 0267W 280 062 1004 1012 0278 21 074 0093 0093 0093 00939 -999 -999 -999
NHC  04L DANIELLE  040814 1800 135N 0282W 285 067 0994 1012 0324 28 037 0139 0139 0139 01396 0046 0046 0046
NHC  04L DANIELLE  040815 0000 139N 0293W 285 067 0990 1012 0324 31 037 0139 0139 0139 01396 0046 0046 0046
NHC  04L DANIELLE  040815 0600 140N 0308W 275 077 0984 1012 0324 36 019 0222 0139 0139 01853 0074 0074 0093
NHC  04L DANIELLE  040815 1200 147N 0321W 290 072 0981 1012 0324 39 019 0278 0139 0139 02789 0074 0074 0139
NHC  04L DANIELLE  040815 1800 152N 0335W 290 072 0975 1012 0324 41 019 0278 0139 0139 02781 0074 0074 0111
NHC  04L DANIELLE  040816 0000 160N 0348W 305 077 0975 1012 0324 44 019 0111 0167 0111 01114 0130 0037 0056
NHC  04L DANIELLE  040816 0600 167N 0359W 300 072 0970 1012 0324 46 019 0111 0167 0111 01114 0130 0056 0056
NHC  04L DANIELLE  040816 1200 176N 0371W 305 072 0970 1012 0324 46 028 0111 0167 0111 01114 0130 0056 0056
NHC  04L DANIELLE  040816 1800 190N 0382W 315 077 0970 1012 0324 46 028 0111 0167 0111 01112 0130 0056 0056
NHC  04L DANIELLE  040817 0000 203N 0389W 330 077 0970 1012 0222 46 028 0167 0167 0111 01110 0130 0056 0056
NHC  04L DANIELLE  040817 0600 217N 0396W 330 077 0973 1012 0222 44 028 0167 0167 0111 01110 0130 0056 0056
NHC  04L DANIELLE  040817 1200 233N 0400W 340 077 0970 1012 0222 46 028 0167 0167 0111 01110 0130 0056 0056
NHC  04L DANIELLE  040817 1800 250N 0404W 345 082 0974 1012 0222 44 028 0167 0167 0111 01110 0130 0056 0056
NHC  04L DANIELLE  040818 0000 259N 0406W 350 067 0978 1012 0222 41 028 0167 0167 0111 01111 0111 0074 0056
NHC  04L DANIELLE  040818 0600 273N 0407W 355 067 0985 1012 0222 33 028 0167 0111 0074 01113 0056 0037 0037
NHC  04L DANIELLE  040818 1200 281N 0398W 005 062 0994 1012 0222 28 028 0167 0111 -999 01113 0056 -999 0037
NHC  04L DANIELLE  040818 1800 289N 0389W 025 057 1006 1012 0222 23 028 0167 0111 -999 00469 -999 -999 -999
NHC  04L DANIELLE  040819 0000 294N 0379W 060 051 1007 1020 0222 21 037 0167 0111 -999 01119 -999 -999 -999
NHC  04L DANIELLE  040819 0600 298N 0377W 045 026 1007 1020 0278 21 074 0167 0093 -999 00749 -999 -999 -999
NHC  04L DANIELLE  040819 1200 300N 0377W 045 005 1007 1020 0278 18 074 0167 -999 -999 -999 -999 -999
NHC  04L DANIELLE  040819 1800 300N 0374W 090 010 1007 1020 0278 18 074 0167 -999 -999 -999 -999 -999
NHC  04L DANIELLE  040820 0000 297N 0368W 100 015 1008 1020 0278 18 074 0167 -999 -999 -999 -999 -999
NHC  04L DANIELLE  040820 0600 302N 0370W 020 005 1010 1020 0278 18 074 0167 -999 -999 -999 -999 -999
NHC  04L DANIELLE  040820 1200 308N 0375W 330 021 1009 1020 0278 18 074 0167 -999 -999 -999 -999 -999
NHC  04L DANIELLE  040820 1800 309N 0376W 330 026 1009 1020 0278 15 074 -999 -999 -999 -999 -999 -999
NHC  04L DANIELLE  040821 0000 311N 0381W 315 021 1009 1020 0278 15 074 -999 -999 -999 -999 -999 -999
NHC  04L DANIELLE  040821 0600 306N 0386W 235 021 1009 1020 0278 15 074 -999 -999 -999 -999 -999 -999
NHC  04L DANIELLE  040821 1200 307N 0389W 270 015 1009 1020 0278 13 074 -999 -999 -999 -999 -999 -999
NHC  04L DANIELLE  040823 1200 323N 0433W 315 046 1015 1018 0278 13 056 -999 -999 -999 -999 -999 -999
NHC  04L DANIELLE  040824 1200 355N 0450W 340 046 1016 1018 0222 10 056 -999 -999 -999 -999 -999 -999
