NHC  05L INVEST    040813 1800 087N 0453W 275 088 1010 1012 0259 13 074 -999 -999 -999 -999 -999 -999
NHC  05L FIVE      040814 0000 092N 0474W 280 093 1009 1012 0185 15 074 -999 -999 -999 -999 -999 -999
NHC  05L FIVE      040814 0600 095N 0490W 280 093 1009 1012 0185 15 074 -999 -999 -999 -999 -999 -999
NHC  05L FIVE      040814 1200 101N 0513W 285 103 1009 1012 0185 15 074 -999 -999 -999 -999 -999 -999
NHC  05L EARL      040814 1800 105N 0535W 285 108 1006 1012 0185 18 074 0139 -999 -999 01399 -999 -999 -999
NHC  05L EARL      040815 0000 110N 0558W 285 113 1006 1012 0185 18 074 0139 -999 -999 01399 -999 -999 -999
NHC  05L EARL      040815 0600 115N 0580W 285 113 1005 1012 0185 21 074 0139 -999 -999 01399 -999 -999 -999
NHC  05L EARL      040815 1200 118N 0608W 280 124 1009 1014 0185 21 074 0139 -999 -999 01399 -999 -999 -999
NHC  05L EARL      040815 1800 121N 0628W 280 108 1010 1014 0185 21 074 0139 -999 -999 01399 -999 -999 -999
NHC  05L EARL      040816 0000 125N 0644W 280 093 1009 1011 0139 21 074 0139 -999 -999 01399 -999 -999 -999
NHC  05L EARL      040816 0600 130N 0666W 280 103 1009 1012 0222 21 074 0139 -999 -999 01399 -999 -999 -999
NHC  05L EARL      040816 1200 135N 0700W 280 118 1009 1012 0185 21 139 0185 -999 -999 01859 -999 -999 -999
