NHC  07L SEVEN     040827 1800 316N 0780W 135 010 1014 1017 0278 13 074 -999 -999 -999 -999 -999 -999
NHC  07L SEVEN     040828 0000 313N 0778W 150 015 1012 1016 0185 13 074 -999 -999 -999 -999 -999 -999
NHC  07L SEVEN     040828 0600 313N 0782W 190 010 1012 1016 0185 13 074 -999 -999 -999 -999 -999 -999
NHC  07L SEVEN     040828 1200 314N 0783W 270 005 1009 1016 0185 18 056 0093 0093 -999 -999 -999 -999
NHC  07L GASTON    040828 1800 313N 0787W 270 015 1006 1015 0278 23 046 0139 0139 0046 00469 -999 -999 -999
NHC  07L GASTON    040829 0000 315N 0791W 310 015 0994 1012 0278 28 028 0093 0093 0093 00936 0046 0046 0046
NHC  07L GASTON    040829 0600 321N 0794W 330 026 0991 1012 0278 31 028 0093 0093 0074 00936 0046 0046 0046
NHC  07L GASTON    040829 1200 328N 0796W 340 031 0990 1012 0278 31 028 0093 0093 0074 00936 0046 0046 0046
NHC  07L GASTON    040829 1800 335N 0796W 000 036 0998 1012 0222 21 028 0074 0074 0056 00569 -999 -999 -999
NHC  07L GASTON    040830 1800 364N 0778W 030 046 1003 1012 0222 15 056 -999 -999 -999 -999 -999 -999
NHC  07L GASTON    040831 0000 372N 0766W 040 067 1001 1012 0259 15 074 -999 -999 -999 -999 -999 -999
NHC  07L GASTON    040831 0600 380N 0748W 060 082 1001 1012 0259 18 074 -999 0083 -999 -999 -999 -999
NHC  07L GASTON    040831 1200 391N 0729W 055 093 1001 1012 0259 18 074 -999 0083 -999 -999 -999 -999
NHC  07L GASTON    040831 1800 401N 0701W 060 124 1002 1012 0222 18 111 -999 0222 0167 -999 -999 -999
NHC  07L GASTON    040901 0000 413N 0675W 065 139 1000 1010 0222 18 111 0111 0222 0167 -999 -999 -999
NHC  07L GASTON    040901 0600 417N 0635W 075 154 0999 1010 0222 23 111 0222 0222 0111 -999 -999 -999
