NHC  09E NINE      040823 1800 172N 1236W 090 010 1008 1011 0278 13 056 -999 -999 -999 -999 -999 -999
NHC  09E NINE      040824 0000 178N 1236W 010 015 1006 1012 0278 13 056 -999 -999 -999 -999 -999 -999
NHC  09E NINE      040824 0600 183N 1237W 350 026 1005 1012 0278 15 056 -999 -999 -999 -999 -999 -999
NHC  09E NINE-E    040824 1200 186N 1242W 340 021 1005 1012 0278 15 056 -999 -999 -999 -999 -999 -999
NHC  09E NINE-E    040824 1800 186N 1248W 305 026 1005 1012 0278 15 056 -999 -999 -999 -999 -999 -999
NHC  09E NINE      040825 0000 189N 1254W 290 031 1005 1012 0278 15 056 -999 -999 -999 -999 -999 -999
NHC  09E NINE      040825 0600 193N 1266W 290 036 1007 1012 0278 13 056 -999 -999 -999 -999 -999 -999
NHC  09E NINE      040825 1200 194N 1268W 285 041 1007 1012 0278 13 056 -999 -999 -999 -999 -999 -999
NHC  09E NINE      040825 1800 196N 1276W 280 041 1008 1012 0278 13 056 -999 -999 -999 -999 -999 -999
NHC  09E NINE      040826 0000 200N 1287W 290 046 1009 1012 0278 13 056 -999 -999 -999 -999 -999 -999
NHC  09E NINE      040826 0600 200N 1297W 285 046 1009 1012 0278 13 056 -999 -999 -999 -999 -999 -999
NHC  09E NINE      040826 1200 200N 1308W 270 051 1009 1012 0278 13 056 -999 -999 -999 -999 -999 -999
