NHC  09L NINE      040902 1800 097N 0283W 270 088 1009 1011 0278 13 046 -999 -999 -999 -999 -999 -999
NHC  09L NINE      040903 0000 097N 0287W 270 062 1009 1011 0185 13 046 -999 -999 -999 -999 -999 -999
NHC  09L NINE      040903 0600 099N 0300W 275 062 1005 1011 0185 18 046 0093 -999 -999 00939 -999 -999 -999
NHC  09L IVAN      040903 1200 096N 0320W 260 082 1003 1011 0185 21 046 0093 -999 -999 00939 -999 -999 -999
NHC  09L IVAN      040903 1800 090N 0337W 255 088 1000 1010 0417 23 046 0093 -999 -999 00939 -999 -999 -999
NHC  09L IVAN      040904 0000 091N 0350W 265 082 0999 1008 0371 23 046 0111 0232 0232 01119 -999 -999 -999
NHC  09L IVAN      040904 0600 090N 0366W 265 082 0997 1008 0371 26 046 0111 0232 0232 01119 0046 0046 -999
NHC  09L IVAN      040904 1200 088N 0381W 265 082 0997 1008 0371 26 037 0111 0185 0185 01116 0046 0046 0046
NHC  09L IVAN      040904 1800 090N 0399W 270 088 0997 1008 0371 26 028 0111 0185 0185 01117 0037 0037 0037
NHC  09L IVAN      040905 0000 093N 0414W 275 082 0991 1008 0371 31 028 0167 0185 0111 01676 0056 0056 0056
NHC  09L IVAN      040905 0600 095N 0434W 280 093 0987 1008 0371 33 028 0167 0167 0167 01674 0074 0074 0074
NHC  09L IVAN      040905 1200 098N 0451W 280 093 0980 1008 0371 41 028 0204 0204 0130 01674 0074 0074 0074
NHC  09L IVAN      040905 1800 102N 0468W 280 093 0955 1008 0371 57 028 0204 0204 0167 01674 0074 0074 0074
NHC  09L IVAN      040906 0000 106N 0485W 285 093 0948 1010 0371 59 028 0204 0204 0167 01674 0074 0074 0074
NHC  09L IVAN      040906 0600 107N 0506W 275 098 0950 1010 0371 57 028 0222 0222 0185 01853 0093 0093 0093
NHC  09L IVAN      040906 1200 110N 0525W 280 098 0955 1010 0371 57 028 0222 0222 0185 01853 0093 0093 0093
NHC  09L IVAN      040906 1800 114N 0544W 285 098 0969 1010 0371 51 028 0222 0167 0093 01853 0093 0037 0093
NHC  09L IVAN      040907 0000 113N 0563W 265 108 0964 1008 0371 46 028 0222 0093 0093 02229 0037 0037 0139
NHC  09L IVAN      040907 0600 113N 0578W 275 088 0966 1008 0371 46 028 0259 0111 0111 02597 0056 0056 0167
NHC  09L IVAN      040907 1200 116N 0594W 274 082 0963 1008 0371 51 028 0259 0111 0111 02597 0056 0056 0167
NHC  09L IVAN      040907 1800 118N 0612W 275 088 0956 1008 0371 54 028 0259 0232 0056 02595 0139 0046 0185
NHC  09L IVAN      040908 0000 120N 0626W 280 077 0950 1008 0371 59 019 0259 0232 0093 02595 0139 0065 0185
NHC  09L IVAN      040908 0600 123N 0641W 280 077 0947 1008 0371 59 019 0259 0232 0093 02595 0139 0065 0185
NHC  09L IVAN      040908 1200 125N 0655W 280 077 0955 1008 0371 62 019 0259 0232 0093 02595 0139 0065 0185
NHC  09L IVAN      040908 1800 131N 0670W 285 077 0950 1008 0371 62 019 0259 0232 0093 02595 0139 0065 0185
NHC  09L IVAN      040909 0000 134N 0684W 290 077 0938 1008 0371 64 019 0259 0232 0139 02595 0139 0065 0185
NHC  09L IVAN      040909 0600 137N 0695W 290 067 0925 1008 0371 72 019 0259 0232 0139 02595 0139 0065 0185
NHC  09L IVAN      040909 1200 142N 0708W 290 067 0919 1008 0371 72 019 0259 0232 0139 02595 0139 0065 0185
NHC  09L IVAN      040909 1800 147N 0720W 290 067 0924 1008 0371 67 019 0278 0139 0111 02591 0111 0083 0111
NHC  09L IVAN      040910 0000 152N 0728W 300 057 0923 1008 0371 67 019 0278 0167 0167 02782 0111 0111 0111
NHC  09L IVAN      040910 0600 157N 0738W 300 057 0930 1007 0371 64 028 0278 0167 0167 02782 0111 0111 0111
NHC  09L IVAN      040910 1200 162N 0747W 300 051 0934 1007 0371 64 028 0278 0167 0167 02789 0093 0093 0139
NHC  09L IVAN      040910 1800 168N 0758W 300 057 0940 1007 0371 64 028 0278 0167 0167 02789 0093 0093 0139
NHC  09L IVAN      040911 0000 173N 0765W 300 046 0926 1007 0371 67 019 0278 0167 0167 02789 0093 0093 0139
NHC  09L IVAN      040911 0600 174N 0776W 275 051 0923 1007 0371 69 028 0278 0167 0167 02781 0093 0093 0111
NHC  09L IVAN      040911 1200 177N 0784W 290 046 0925 1007 0371 64 028 0278 0185 0185 02781 0111 0111 0111
NHC  09L IVAN      040911 1800 180N 0790W 285 041 0923 1007 0371 64 028 0278 0185 0185 02781 0111 0111 0111
NHC  09L IVAN      040912 0000 182N 0796W 285 036 0910 1007 0445 75 028 0278 0185 0185 02787 0139 0111 0167
NHC  09L IVAN      040912 0600 184N 0804W 285 041 0915 1007 0371 75 019 0278 0185 0185 02787 0139 0111 0167
NHC  09L IVAN      040912 1200 188N 0812W 290 041 0919 1007 0371 69 028 0278 0185 0185 02785 0130 0130 0176
NHC  09L IVAN      040912 1800 191N 0821W 290 046 0920 1007 0371 67 028 0278 0222 0185 02785 0167 0130 0167
NHC  09L IVAN      040913 0000 195N 0828W 300 041 0914 1007 0371 72 028 0324 0278 0232 02782 0185 0139 0185
NHC  09L IVAN      040913 0600 199N 0835W 295 041 0920 1008 0371 72 037 0324 0278 0232 02322 0167 0111 0139
NHC  09L IVAN      040913 1200 204N 0841W 305 041 0917 1008 0371 72 028 0324 0278 0232 02322 0167 0111 0139
NHC  09L IVAN      040913 1800 209N 0847W 310 041 0912 1008 0371 72 028 0334 0278 0232 02322 0167 0111 0139
NHC  09L IVAN      040914 0000 216N 0851W 330 041 0914 1006 0371 72 028 0352 0324 0259 02782 0204 0167 0185
NHC  09L IVAN      040914 0600 224N 0856W 325 041 0924 1006 0371 72 028 0324 0324 0232 02782 0204 0130 0185
NHC  09L IVAN      040914 1200 230N 0860W 330 041 0930 1006 0371 67 056 0408 0324 0324 03712 0204 0130 0185
NHC  09L IVAN      040914 1800 237N 0865W 330 041 0931 1006 0371 62 056 0417 0324 0278 03714 0232 0139 0232
NHC  09L IVAN      040915 0000 247N 0870W 330 051 0928 1006 0371 62 046 0417 0324 0278 03714 0232 0139 0232
NHC  09L IVAN      040915 0600 256N 0874W 335 051 0935 1006 0371 62 046 0417 0324 0278 03714 0232 0139 0232
NHC  09L IVAN      040915 1200 267N 0879W 340 057 0939 1006 0371 59 046 0417 0463 0278 03248 0185 0167 0185
NHC  09L IVAN      040915 1800 279N 0882W 350 062 0937 1006 0371 59 037 0417 0463 0232 02782 0185 0185 0185
NHC  09L IVAN      040916 0000 289N 0882W 000 051 0931 1008 0445 59 037 0417 0463 0232 02782 0232 0185 0185
NHC  09L IVAN      040916 0600 303N 0878W 000 062 0943 1008 0445 57 037 0417 0463 0232 02782 0232 0185 0185
NHC  09L IVAN      040916 1200 314N 0877W 010 062 0965 1008 0445 57 037 0185 0463 0232 01390 0232 0093 0074
NHC  09L IVAN      040916 1800 326N 0871W 015 062 0975 1008 0445 31 056 0139 0167 0139 01393 0093 -999 -999
NHC  09L IVAN      040917 0000 338N 0865W 020 067 0986 1008 0445 15 111 -999 -999 -999 -999 -999 -999
NHC  09L IVAN      040923 0000 271N 0895W 304 062 1007 1010 0445 18 111 0139 -999 -999 -999 -999 -999
NHC  09L IVAN      040923 0600 279N 0910W 300 067 1007 1013 0232 18 111 0139 -999 -999 -999 -999 -999
NHC  09L IVAN      040923 1200 289N 0922W 310 067 0998 1013 0232 26 056 0111 0093 -999 00749 -999 -999 -999
NHC  09L IVAN      040923 1800 292N 0927W 310 036 1003 1013 0232 21 056 0093 0093 -999 00749 -999 -999 -999
NHC  09L IVAN      040924 0000 296N 0932W 310 041 1003 1013 0232 21 056 0056 0056 -999 00569 -999 -999 -999
NHC  09L IVAN      040924 0600 301N 0942W 305 041 1009 1014 0232 13 046 -999 -999 -999 -999 -999 -999
