JTWC 09W NAMELESS  040613 0000 078N 1374E 295 021 1000 1004 0241 15 074 -999 -999 -999 -999
JTWC 09W NAMELESS  040613 1200 092N 1361E 315 036 1000 1006 0463 15 056 -999 -999 -999 -999
JTWC 09W DIANMU    040613 1800 098N 1358E 325 041 0997 1008 0278 18 093 -999 -999 -999 -999
JTWC 09W DIANMU    040614 0000 093N 1364E 350 010 0991 1006 0296 23 056 0167 0130 0130 0167
JTWC 09W DIANMU    040614 0600 096N 1365E  20 010 0984 1008 0370 28 019 0167 0130 0130 0167
JTWC 09W DIANMU    040614 1200 098N 1370E  50 015 0984 1006 0278 28 028 0185 0148 0148 0185
JTWC 09W DIANMU    040614 1800 107N 1374E  35 026 0976 1006 0278 33 028 0185 0185 0204 0185
JTWC 09W DIANMU    040615 0000 112N 1375E  30 031 0972 1002 0259 36 028 0185 0185 0204 0185
JTWC 09W DIANMU    040615 0600 119N 1372E   5 031 0958 1002 0259 44 028 0194 0194 0213 0194
JTWC 09W DIANMU    040615 1200 127N 1369E 350 036 0922 1002 0259 62 009 0259 0259 0296 0259
JTWC 09W DIANMU    040615 1800 134N 1368E 350 041 0892  996 0259 75 019 0241 0259 0241 0241
JTWC 09W DIANMU    040616 0000 143N 1366E 345 041 0885  996 0259 77 019 0269 0259 0259 0241
JTWC 09W DIANMU    040616 0600 151N 1360E 340 046 0879 1004 0417 80 019 0259 0278 0259 0259
JTWC 09W DIANMU    040616 1200 165N 1352E 330 057 0879 1004 0296 80 009 0259 0278 0259 0259
JTWC 09W DIANMU    040616 1800 165N 1352E 330 057 0879 1004 0296 80 009 0259 0278 0259 0259
JTWC 09W DIANMU    040617 0000 171N 1348E 330 041 0879 1004 0296 80 009 0259 0278 0259 0259
JTWC 09W DIANMU    040617 0600 176N 1338E 315 041 0898 1004 0296 72 009 0278 0278 0278 0278
JTWC 09W DIANMU    040617 1200 179N 1328E 300 046 0910 1006 0296 67 028 0278 0278 0315 0315
JTWC 09W DIANMU    040617 1800 180N 1321E 295 041 0910 1006 0370 64 028 0278 0278 0315 0315
JTWC 09W DIANMU    040618 0000 184N 1318E 300 036 0927 1000 0370 59 046 0278 0278 0315 0315
JTWC 09W DIANMU    040618 0600 193N 1313E 315 036 0922 1002 0370 62 028 0278 0278 0296 0315
JTWC 09W DIANMU    040618 1200 203N 1304E 325 051 0916 1000 0407 64 056 0278 0278 0296 0315
JTWC 09W DIANMU    040618 1800 212N 1297E 325 057 0916  996 0472 64 028 0278 0278 0315 0315
JTWC 09W DIANMU    040619 0000 222N 1293E 330 057 0916  996 0407 64 028 0407 0407 0333 0333
JTWC 09W DIANMU    040619 0600 233N 1291E 340 057 0922  996 0407 62 019 0370 0407 0333 0333
JTWC 09W DIANMU    040619 1200 244N 1292E 350 057 0938  996 0407 54 019 0407 0370 0333 0333
JTWC 09W DIANMU    040619 1800 256N 1293E   0 057 0954  998 0370 46 019 0370 0370 0333 0222
JTWC 09W DIANMU    040620 0000 269N 1297E  10 062 0963  998 0370 41 019 0333 0370 0333 0222
JTWC 09W DIANMU    040620 0600 280N 1304E  20 067 0972  998 0370 36 019 0370 0370 0333 0222
JTWC 09W DIANMU    040620 1200 295N 1313E  25 072 0972  998 0370 36 019 0333 0333 0296 0296
JTWC 09W DIANMU    040620 1800 310N 1321E  25 077 0980  996 0278 31 037 0222 0222 0111 0148
JTWC 09W DIANMU    040621 0000 327N 1338E  30 093 0984  996 0278 28 037 0222 0222 0111 0148
JTWC 09W DIANMU    040621 0600 348N 1357E  35 113 0984  996 0278 28 037 0222 0222 0185 0148
