NHC  11L ELEVEN    040913 1800 159N 0599W 285 051 1010 1013 0278 13 074 -999 -999 -999 -999 -999 -999
NHC  11L ELEVEN    040914 0000 160N 0607W 285 051 1010 1013 0278 13 074 -999 -999 -999 -999 -999 -999
NHC  11L ELEVEN    040914 0600 163N 0618W 285 051 1010 1013 0278 13 074 -999 -999 -999 -999 -999 -999
NHC  11L JEANNE    040914 1200 164N 0627W 280 051 1005 1010 0278 18 056 0056 0056 -999 -999 -999 -999
NHC  11L JEANNE    040914 1800 167N 0635W 285 046 1002 1010 0278 23 056 0056 0056 0056 00569 -999 -999 -999
NHC  11L JEANNE    040915 0000 170N 0642W 290 036 0996 1010 0278 26 028 0065 0065 0065 00658 0028 0028 0028
NHC  11L JEANNE    040915 0600 172N 0648W 295 036 0994 1012 0185 28 028 0065 0065 0065 00658 0028 0028 0028
NHC  11L JEANNE    040915 1200 176N 0654W 295 036 0991 1013 0185 31 028 0093 0093 0093 00937 0037 0037 0037
NHC  11L JEANNE    040915 1800 181N 0662W 300 041 0991 1013 0185 31 028 0093 0093 0093 00937 0037 0037 0037
NHC  11L JEANNE    040916 0000 185N 0670W 295 046 0993 1013 0185 28 037 0111 0111 0111 01117 0037 0037 0037
NHC  11L JEANNE    040916 0600 186N 0678W 294 041 0992 1013 0185 31 019 0065 0037 0037 00658 -999 -999 0028
NHC  11L JEANNE    040916 1200 186N 0684W 275 031 0985 1010 0185 36 019 0111 0111 0111 01116 0056 0056 0056
NHC  11L JEANNE    040916 1800 188N 0691W 275 036 0989 1010 0185 31 019 0111 0111 0056 01116 0056 -999 0056
NHC  11L JEANNE    040917 0000 192N 0693W 295 021 0990 1010 0185 31 019 0111 0111 0056 01116 0056 -999 0056
NHC  11L JEANNE    040917 0600 194N 0698W 300 026 0990 1010 0185 31 019 0111 0111 0056 01116 0056 0028 0056
NHC  11L JEANNE    040917 1200 198N 0709W 295 036 0990 1010 0278 28 019 0324 0278 -999 01395 -999 -999 0093
NHC  11L JEANNE    040917 1800 201N 0716W 295 041 1002 1008 0232 26 046 0324 0278 -999 01395 -999 -999 -999
NHC  11L JEANNE    040918 0000 202N 0720W 295 021 1000 1008 0232 21 028 0028 -999 -999 00289 -999 -999 -999
NHC  11L JEANNE    040918 0600 204N 0724W 295 021 1000 1008 0185 21 028 0139 -999 -999 00379 -999 -999 -999
NHC  11L JEANNE    040918 1200 211N 0728W 310 026 1000 1008 0185 23 028 0139 0093 -999 00379 -999 -999 -999
NHC  11L JEANNE    040918 1800 217N 0722W 353 000 1005 1008 0185 18 028 0139 0139 -999 -999 -999 -999
NHC  11L JEANNE    040919 0000 222N 0723W 000 026 1002 1008 0185 21 037 0139 0139 -999 -999 -999 -999
NHC  11L JEANNE    040919 0600 228N 0723W 000 031 1002 1008 0185 21 037 0139 0139 -999 -999 -999 -999
NHC  11L JEANNE    040919 1200 235N 0724W 000 031 1000 1008 0185 21 037 0139 0139 -999 -999 -999 -999
NHC  11L JEANNE    040919 1800 242N 0723W 000 036 0996 1008 0278 23 074 0139 0139 0139 01399 -999 -999 -999
NHC  11L JEANNE    040920 0000 248N 0721W 010 036 0994 1008 0278 26 046 0139 0139 0139 01396 0046 -999 -999
NHC  11L JEANNE    040920 0600 256N 0720W 010 036 0991 1008 0278 26 046 0139 0139 0139 01396 0046 -999 -999
NHC  11L JEANNE    040920 1200 265N 0717W 015 041 0990 1008 0278 28 046 0167 0148 0148 01481 0074 0074 0074
NHC  11L JEANNE    040920 1800 272N 0714W 020 036 0984 1008 0278 31 046 0167 0148 0148 01671 0074 0093 0093
NHC  11L JEANNE    040921 0000 274N 0707W 070 036 0982 1008 0278 39 037 0167 0148 0148 01481 0093 0093 0093
NHC  11L JEANNE    040921 0600 276N 0702W 070 026 0972 1009 0324 41 046 0167 0167 0167 01951 0111 0111 0139
NHC  11L JEANNE    040921 1200 276N 0696W 090 026 0972 1009 0324 41 046 0167 0167 0167 01951 0111 0111 0130
NHC  11L JEANNE    040921 1800 275N 0690W 085 026 0972 1009 0324 41 046 0167 0167 0167 01951 0111 0111 0130
NHC  11L JEANNE    040922 0000 273N 0690W 180 005 0972 1009 0324 41 046 0167 0167 0167 01851 0111 0111 0130
NHC  11L JEANNE    040922 0600 268N 0686W 155 021 0968 1009 0324 41 037 0167 0167 0167 01851 0111 0111 0130
NHC  11L JEANNE    040922 1200 265N 0685W 155 015 0968 1009 0324 41 037 0185 0185 0185 02221 0111 0111 0130
NHC  11L JEANNE    040922 1800 262N 0688W 225 021 0968 1009 0324 44 037 0185 0185 0185 02221 0111 0111 0130
NHC  11L JEANNE    040923 0000 258N 0691W 205 026 0966 1009 0324 44 037 0185 0185 0185 02221 0111 0111 0130
NHC  11L JEANNE    040923 0600 255N 0693W 250 015 0966 1009 0324 44 037 0185 0185 0185 02221 0111 0111 0130
NHC  11L JEANNE    040923 1200 256N 0695W 270 010 0966 1009 0324 46 037 0185 0185 0185 02221 0111 0111 0130
NHC  11L JEANNE    040923 1800 258N 0700W 270 026 0966 1009 0324 46 037 0185 0185 0185 02221 0111 0111 0130
NHC  11L JEANNE    040924 0000 260N 0704W 295 021 0966 1009 0324 46 037 0185 0185 0185 02221 0111 0111 0130
NHC  11L JEANNE    040924 0600 261N 0712W 270 036 0969 1009 0324 44 065 0195 0195 0195 02220 0130 0130 0148
NHC  11L JEANNE    040924 1200 262N 0720W 270 036 0969 1009 0324 44 065 0222 0195 0195 02410 0130 0130 0148
NHC  11L JEANNE    040924 1800 263N 0730W 275 046 0968 1009 0324 44 074 0222 0195 0195 02410 0130 0130 0148
NHC  11L JEANNE    040925 0000 264N 0743W 270 051 0964 1009 0324 44 074 0334 0195 0195 02415 0130 0130 0148
NHC  11L JEANNE    040925 0600 265N 0756W 275 062 0960 1009 0324 46 046 0334 0222 0195 02415 0130 0130 0167
NHC  11L JEANNE    040925 1200 265N 0770W 270 062 0957 1009 0324 46 046 0334 0222 0195 02415 0130 0130 0167
NHC  11L JEANNE    040925 1800 269N 0782W 280 062 0952 1009 0324 51 046 0334 0222 0158 02785 0130 0093 0167
NHC  11L JEANNE    040926 0000 271N 0793W 280 057 0951 1009 0371 51 046 0334 0278 0185 02785 0167 0130 0167
NHC  11L JEANNE    040926 0600 273N 0806W 280 057 0953 1009 0371 51 046 0334 0278 0232 02785 0139 0111 0139
NHC  11L JEANNE    040926 1200 277N 0816W 290 051 0970 1008 0445 39 046 0334 0232 0232 02785 0139 0111 0139
NHC  11L JEANNE    040926 1800 283N 0823W 305 046 0973 1008 0445 28 056 0278 0232 0232 02789 0139 0111 0139
NHC  11L JEANNE    040927 0000 294N 0827W 345 062 0978 1008 0445 23 074 0278 0232 0185 02789 -999 -999 -999
NHC  11L JEANNE    040927 0600 301N 0833W 335 051 0981 1007 0445 23 185 0324 0278 -999 -999 -999 -999
NHC  11L JEANNE    040927 1200 310N 0839W 335 051 0987 1008 0445 21 185 0324 0324 -999 -999 -999 -999
