NHC  12E TWELVE    040908 1200 151N 1109W 265 041 1004 1008 0259 15 083 -999 -999 -999 -999 -999 -999
NHC  12E ISIS      040908 1800 152N 1111W 270 031 1003 1008 0259 18 083 0111 0139 0139 01119 -999 -999 -999
NHC  12E ISIS      040909 0000 162N 1113W 335 057 1002 1008 0259 18 083 0111 0139 0139 01119 -999 -999 -999
NHC  12E ISIS      040909 0600 165N 1127W 295 062 1000 1008 0259 23 083 0139 0158 0111 00939 -999 -999 -999
NHC  12E ISIS      040909 1200 166N 1124W 300 026 1002 1008 0259 21 056 0148 0148 0148 01489 -999 -999 -999
NHC  12E ISIS      040909 1800 172N 1133W 290 041 1002 1008 0259 21 056 0185 0185 0222 00569 -999 -999 -999
NHC  12E ISIS      040910 0000 173N 1142W 290 041 1002 1008 0259 21 056 0185 0185 0222 00569 -999 -999 -999
NHC  12E ISIS      040910 0600 176N 1148W 285 041 1002 1008 0259 21 056 0185 0185 0222 00569 -999 -999 -999
NHC  12E ISIS      040910 1200 173N 1158W 270 041 1003 1008 0259 21 056 0111 0111 0185 00749 -999 -999 -999
NHC  12E ISIS      040910 1800 174N 1166W 275 041 1003 1008 0371 15 056 -999 -999 -999 -999 -999 -999
NHC  12E ISIS      040911 0000 174N 1179W 272 051 1003 1008 0371 15 056 -999 -999 -999 -999 -999 -999
NHC  12E ISIS      040911 0600 174N 1188W 270 046 1003 1008 0371 15 056 -999 -999 -999 -999 -999 -999
NHC  12E ISIS      040911 1200 177N 1196W 275 051 1004 1008 0371 15 056 -999 -999 -999 -999 -999 -999
NHC  12E ISIS      040911 1800 175N 1204W 270 041 1004 1008 0371 15 056 -999 -999 -999 -999 -999 -999
NHC  12E ISIS      040912 0000 174N 1216W 270 046 1003 1008 0371 18 056 -999 0111 0111 00569 -999 -999 -999
NHC  12E ISIS      040912 0600 174N 1230W 270 051 1003 1008 0371 18 056 -999 0111 0111 00569 -999 -999 -999
NHC  12E ISIS      040912 1200 174N 1233W 270 046 1000 1008 0371 23 056 0111 0111 0111 01119 -999 -999 -999
NHC  12E ISIS      040912 1800 174N 1237W 270 041 1000 1008 0371 23 056 0056 0111 0185 00569 -999 -999 -999
NHC  12E ISIS      040913 0000 174N 1246W 270 041 1000 1008 0371 23 037 0056 0074 0074 01119 -999 -999 -999
NHC  12E ISIS      040913 0600 174N 1257W 270 046 1000 1008 0371 23 037 -999 0074 0074 00749 -999 -999 -999
NHC  12E ISIS      040913 1200 173N 1269W 270 051 1000 1008 0371 23 037 -999 0074 0148 00749 -999 -999 -999
NHC  12E ISIS      040913 1800 167N 1280W 265 051 1000 1008 0371 23 037 -999 0074 0148 00749 -999 -999 -999
NHC  12E ISIS      040914 0000 167N 1290W 270 051 1000 1008 0371 23 037 -999 0074 0148 00749 -999 -999 -999
NHC  12E ISIS      040914 0600 165N 1293W 265 000 1000 1008 0371 23 037 0074 0074 0074 00749 -999 -999 -999
NHC  12E ISIS      040914 1200 168N 1299W 280 026 1000 1008 0371 23 037 0074 0074 0074 00749 -999 -999 -999
NHC  12E ISIS      040914 1800 170N 1304W 285 026 1000 1008 0371 23 037 0074 0074 0074 00749 -999 -999 -999
NHC  12E ISIS      040915 0000 172N 1308W 295 026 0994 1008 0297 28 037 0111 0111 0111 01117 0037 0037 0037
NHC  12E ISIS      040915 0600 174N 1313W 295 026 0994 1008 0297 28 037 0093 0093 0093 00936 0046 0046 0046
NHC  12E ISIS      040915 1200 178N 1318W 300 026 0987 1008 0297 33 028 0093 0093 0093 00936 0046 0046 0046
NHC  12E ISIS      040915 1800 182N 1320W 310 021 0991 1008 0297 31 028 0093 0093 0093 00936 0046 0046 0046
NHC  12E ISIS      040916 0000 186N 1320W 000 026 0994 1008 0297 28 028 0093 0093 0093 00936 0046 0046 0046
NHC  12E ISIS      040916 0600 187N 1322W 335 015 0992 1008 0259 28 028 0093 0093 0093 00936 0046 0046 0046
NHC  12E ISIS      040916 1200 183N 1325W 285 010 1003 1008 0259 21 046 0093 0093 0093 00939 -999 -999 -999
NHC  12E ISIS      040916 1800 180N 1323W 205 010 1006 1009 0259 15 046 -999 -999 -999 -999 -999 -999
NHC  12E ISIS      040917 0000 179N 1327W 225 010 1006 1009 0259 15 046 -999 -999 -999 -999 -999 -999
NHC  12E ISIS      040917 0600 177N 1328W 215 010 1007 1009 0259 15 046 -999 -999 -999 -999 -999 -999
