NHC  12L TWELVE    040916 1800 112N 0321W 280 072 1007 1012 0232 15 074 -999 -999 -999 -999 -999 -999
NHC  12L TWELVE    040917 0000 113N 0333W 280 067 1005 1010 0232 18 056 0056 -999 0056 00569 -999 -999 -999
NHC  12L KARL      040917 0600 114N 0348W 275 072 0994 1010 0232 28 037 0093 0093 0093 00937 0037 0037 0037
NHC  12L KARL      040917 1200 121N 0352W 290 046 0994 1010 0232 28 037 0056 0167 0093 00567 0037 0037 0037
NHC  12L KARL      040917 1800 130N 0360W 320 062 0994 1010 0232 28 037 0093 0139 0093 00937 0037 0037 0037
NHC  12L KARL      040918 0000 138N 0369W 310 062 0990 1010 0232 31 028 0111 0111 0111 01116 0046 0046 0046
NHC  12L KARL      040918 0600 146N 0381W 310 067 0987 1010 0232 33 019 0111 0111 0111 01116 0046 0046 0046
NHC  12L KARL      040918 1200 150N 0388W 305 051 0970 1010 0232 46 019 0185 0139 0185 01393 0046 0167 0046
NHC  12L KARL      040918 1800 157N 0397W 305 057 0965 1010 0232 49 019 0185 0185 0185 01853 0093 0093 0093
NHC  12L KARL      040919 0000 160N 0408W 299 051 0960 1010 0232 51 019 0185 0185 0185 01853 0093 0093 0093
NHC  12L KARL      040919 0600 163N 0417W 285 051 0960 1010 0232 51 019 0222 0167 0111 01113 0093 0056 0056
NHC  12L KARL      040919 1200 163N 0424W 285 046 0955 1010 0232 57 019 0222 0167 0111 01113 0093 0056 0056
NHC  12L KARL      040919 1800 168N 0435W 290 046 0948 1010 0278 59 019 0222 0167 0111 01113 0093 0056 0056
NHC  12L KARL      040920 0000 169N 0446W 285 051 0944 1010 0278 59 019 0222 0167 0111 01113 0093 0056 0056
NHC  12L KARL      040920 0600 171N 0452W 280 041 0950 1010 0278 57 019 0222 0167 0111 01113 0093 0056 0056
NHC  12L KARL      040920 1200 176N 0458W 290 041 0955 1010 0417 54 046 0324 0278 0278 03247 0139 0139 0167
NHC  12L KARL      040920 1800 182N 0467W 305 046 0955 1010 0417 54 037 0324 0278 0278 03247 0139 0139 0167
NHC  12L KARL      040921 0000 187N 0471W 310 041 0955 1010 0417 62 037 0324 0324 0232 03247 0139 0139 0167
NHC  12L KARL      040921 0600 196N 0473W 330 046 0938 1010 0417 64 028 0324 0324 0232 03247 0167 0139 0167
NHC  12L KARL      040921 1200 208N 0477W 340 051 0944 1010 0463 59 028 0371 0324 0232 03712 0093 0093 0232
NHC  12L KARL      040921 1800 223N 0484W 340 067 0948 1010 0463 54 028 0371 0463 0232 03712 0093 0093 0232
NHC  12L KARL      040922 0000 238N 0488W 345 082 0948 1010 0463 54 028 0463 0463 0278 03712 0232 0111 0185
NHC  12L KARL      040922 0600 250N 0494W 340 077 0955 1011 0463 51 028 0463 0463 0278 03712 0232 0139 0185
NHC  12L KARL      040922 1200 262N 0493W 000 062 0970 1011 0463 46 028 0463 0463 0278 03712 0232 0139 0185
NHC  12L KARL      040922 1800 275N 0487W 020 072 0970 1011 0463 46 028 0463 0463 0278 03712 0232 0139 0185
NHC  12L KARL      040923 0000 292N 0478W 025 093 0965 1011 0463 49 028 0510 0510 0278 03712 0232 0139 0185
NHC  12L KARL      040923 0600 308N 0464W 030 103 0948 1012 0463 57 028 0510 0510 0371 03712 0232 0139 0185
NHC  12L KARL      040923 1200 328N 0444W 035 113 0955 1012 0463 54 028 0556 0510 0371 03712 0232 0139 0093
NHC  12L KARL      040923 1800 347N 0439W 030 108 0965 1012 0510 49 046 0556 0556 0371 03712 0232 0139 0139
NHC  12L KARL      040924 0000 376N 0420W 020 165 0975 1012 0510 44 046 0556 0695 0324 03718 0278 0139 0139
NHC  12L KARL      040924 0600 395N 0412W 020 124 0965 1012 0510 39 056 0556 0649 0371 03718 0278 0139 0139
NHC  12L KARL      040924 1200 429N 0403W 010 180 0970 1012 0649 36 056 0556 0649 0463 04637 0324 0232 0185
NHC  12L KARL      040924 1800 460N 0405W 005 160 0973 1012 0741 33 056 0602 0649 0649 04637 0324 0232 0278
