JTWC 12W NAMELESS  040713 0600 210N 1295E 285 041 1002 1008 0185 13 093 -999 -999 -999 -999
JTWC 12W NAMELESS  040713 1200 208N 1280E 270 051 1000 1008 0185 15 083 -999 -999 -999 -999
JTWC 12W NAMELESS  040713 1800 207N 1261E 270 067 1004 1008 0185 15 056 -999 -999 -999 -999
JTWC 12W NAMELESS  040714 0000 214N 1250E 275 072 1000 1008 0185 15 056 -999 -999 -999 -999
JTWC 12W KOMPASU   040714 0600 215N 1235E 280 072 0997 1007 0204 18 074 -999 -999 -999 -999
JTWC 12W KOMPASU   040714 1200 207N 1215E 270 077 0994 1007 0204 21 037 0065 0065 0065 0065
JTWC 12W KOMPASU   040714 1800 201N 1198E 260 082 0991 1007 0204 23 037 0093 0074 0074 0093
JTWC 12W KOMPASU   040715 0000 198N 1188E 250 077 0991 1007 0204 23 037 0093 0074 0074 0093
JTWC 12W KOMPASU   040715 0600 202N 1181E 260 057 0991 1007 0204 23 028 0074 0074 0037 0037
JTWC 12W KOMPASU   040715 1200 206N 1171E 285 046 0991 1007 0204 23 037 0074 0074 0056 0056
JTWC 12W KOMPASU   040715 1800 208N 1160E 285 046 0991 1006 0241 23 037 0083 0074 0074 0083
JTWC 12W KOMPASU   040716 0000 212N 1150E 290 051 0994 1006 0241 21 037 0083 0074 0074 0083
JTWC 12W KOMPASU   040716 0600 219N 1144E 300 051 0997 1006 0241 18 037 0074 0074 0074 0074
