NHC  13E THIRTEEN  040910 1800 112N 0933W 290 077 1005 1009 0232 15 074 -999 -999 -999 -999 -999 -999
NHC  13E THIRTEEN  040911 0000 114N 0953W 285 082 1004 1010 0278 15 074 -999 -999 -999 -999 -999 -999
NHC  13E THIRTEEN  040911 0600 116N 0965W 280 062 1003 1010 0278 15 074 -999 -999 -999 -999 -999 -999
NHC  13E THIRTEEN  040911 1200 119N 0981W 280 077 1002 1008 0278 18 074 0111 0111 -999 01119 -999 -999 -999
NHC  13E JAVIER    040911 1800 121N 0991W 280 062 1001 1008 0278 21 074 0111 0111 -999 01119 -999 -999 -999
NHC  13E JAVIER    040912 0000 120N 1004W 275 062 1000 1008 0278 23 074 0111 0111 -999 01119 -999 -999 -999
NHC  13E JAVIER    040912 1200 125N 1024W 285 051 0991 1008 0278 31 037 0130 0130 0130 01306 0046 0046 0046
NHC  13E JAVIER    040912 1800 131N 1034W 295 051 0987 1010 0324 33 028 0130 0130 0130 01306 0056 0056 0056
NHC  13E JAVIER    040913 0000 137N 1039W 310 046 0979 1010 0324 39 028 0148 0148 0148 01484 0074 0074 0074
NHC  13E JAVIER    040913 0600 141N 1048W 305 046 0970 1010 0324 46 028 0185 0185 0185 01853 0093 0093 0093
NHC  13E JAVIER    040913 1200 147N 1054W 310 046 0957 1010 0324 54 028 0167 0167 0167 01671 0111 0111 0111
NHC  13E JAVIER    040913 1800 152N 1061W 310 041 0942 1010 0324 62 028 0185 0185 0185 01850 0130 0130 0130
NHC  13E JAVIER    040914 0000 159N 1068W 315 046 0942 1010 0324 62 028 0185 0185 0185 01850 0130 0130 0130
NHC  13E JAVIER    040914 0600 163N 1072W 315 036 0940 1010 0324 62 056 0204 0204 0204 02048 0148 0148 0148
NHC  13E JAVIER    040914 1800 170N 1077W 325 026 0936 1010 0324 64 037 0204 0204 0204 02048 0148 0148 0148
NHC  13E JAVIER    040915 0000 174N 1081W 320 026 0936 1010 0324 64 037 0204 0204 0204 02048 0148 0148 0148
NHC  13E JAVIER    040915 0600 178N 1082W 330 026 0936 1010 0324 64 037 0185 0185 0185 01850 0111 0130 0130
NHC  13E JAVIER    040915 1200 182N 1086W 325 026 0940 1010 0324 62 037 0185 0185 0185 01850 0111 0130 0130
NHC  13E JAVIER    040915 1800 185N 1090W 320 026 0948 1010 0324 59 037 0185 0185 0185 01850 0130 0130 0130
NHC  13E JAVIER    040916 0000 189N 1093W 320 026 0950 1010 0324 57 037 0185 0185 0185 01850 0130 0130 0130
NHC  13E JAVIER    040916 0600 195N 1100W 315 031 0960 1010 0324 51 037 0185 0185 0185 01850 0130 0130 0130
NHC  13E JAVIER    040916 1200 194N 1104W 305 026 0960 1008 0324 51 037 0185 0185 0167 01670 0130 0130 0130
NHC  13E JAVIER    040916 1800 198N 1109W 305 026 0965 1008 0324 49 037 0185 0185 0167 01670 0130 0130 0130
NHC  13E JAVIER    040917 0000 206N 1111W 335 036 0960 1008 0324 51 037 0185 0185 0167 01670 0130 0130 0130
NHC  13E JAVIER    040917 0600 211N 1115W 330 036 0960 1008 0324 51 037 0185 0185 0185 01850 0130 0130 0130
NHC  13E JAVIER    040917 1200 215N 1121W 320 036 0962 1007 0371 49 037 0185 0185 0185 01850 0130 0130 0130
NHC  13E JAVIER    040917 1800 219N 1123W 330 031 0965 1007 0371 46 037 0139 0139 0139 01393 0093 0093 0093
NHC  13E JAVIER    040918 0000 224N 1124W 330 026 0970 1007 0371 41 037 0139 0139 0139 01393 0093 0093 0093
NHC  13E JAVIER    040918 0600 230N 1128W 330 031 0975 1007 0371 36 037 0139 0139 0139 01393 0093 0093 0093
NHC  13E JAVIER    040918 1200 235N 1132W 330 031 0987 1008 0371 28 037 0139 0139 0139 01393 0093 0093 0093
NHC  13E JAVIER    040918 1800 239N 1134W 340 036 0995 1008 0371 21 046 0139 0139 0056 00569 -999 -999 -999
NHC  13E JAVIER    040919 0600 257N 1132W 020 046 1001 1008 0278 15 046 -999 -999 -999 -999 -999 -999
NHC  13E JAVIER    040919 1200 269N 1127W 020 051 1003 1008 0278 13 056 -999 -999 -999 -999 -999 -999
