JTWC 14S NAMELESS  040227 1200 195S 1194E 255 036 0997 1004 025  18 046 0083 0083 0083 0083
JTWC 14S MONTY     040227 1800 193S 1186E 265 036 0987 1003 029  26 046 0120 0120 0157 0120
JTWC 14S MONTY     040228 0000 194S 1186E 270 021 0976 1003 027  33 037 0120 0120 0157 0120
JTWC 14S MONTY     040228 0600 194S 1179E 270 026 0976 1003 027  33 037 0120 0120 0157 0120
JTWC 14S MONTY     040228 1200 193S 1170E 275 031 0972 1003 024  36 037 0130 0130 0167 0148
JTWC 14S MONTY     040228 1800 193S 1168E 270 026 0967 1003 025  39 028 0111 0130 0167 0130
JTWC 14S MONTY     040229 0000 192S 1163E 275 026 0958 1000 024  44 019 0111 0130 0167 0130
JTWC 14S MONTY     040229 0600 193S 1158E 265 021 0938  998 024  54 019 0130 0167 0167 0130
JTWC 14S MONTY     040229 1200 198S 1156E 240 021 0938  998 024  54 019 0130 0167 0167 0130
JTWC 14S MONTY     040229 1800 201S 1151E 230 026 0938  998 024  54 019 0130 0167 0167 0130
JTWC 14S MONTY     040301 0000 205S 1152E 210 021 0938  998 024  54 019 0130 0167 0167 0130
JTWC 14S MONTY     040301 0600 207S 1152E 190 015 0938  998 024  54 019 0130 0167 0167 0130
JTWC 14S MONTY     040301 1200 214S 1156E 165 026 0949  999 020  49 019 0111 0111 0074 0074
JTWC 14S MONTY     040301 1800 217S 1158E 155 026 0967 1001 024  39 037 0093 0093 0093 0093
