NHC  16L OTTO      041130 1800 317N 0510W 350 021 0997 1012 0556 21 093 0371 -999 -999 03719 -999 -999 -999
NHC  16L OTTO      041201 0000 316N 0509W 135 010 0997 1012 0649 21 111 0278 0111 0111 02789 -999 -999 -999
NHC  16L OTTO      041201 0600 319N 0508W 015 010 0993 1012 0649 26 111 0278 0111 0111 02789 -999 -999 0185
NHC  16L OTTO      041201 1200 316N 0504W 135 015 0995 1012 0649 21 111 0278 0111 0111 02789 -999 -999 -999
NHC  16L OTTO      041201 1800 309N 0501W 145 021 1000 1012 0649 18 111 0278 0111 0111 02789 -999 -999 -999
NHC  16L OTTO      041202 0000 305N 0499W 150 026 0998 1012 0741 18 111 -999 0111 -999 -999 -999 -999
NHC  16L OTTO      041202 0600 300N 0499W 170 026 0996 1012 0741 18 083 -999 0083 -999 -999 -999 -999
NHC  16L OTTO      041202 1200 291N 0506W 200 041 0995 1012 0741 15 093 -999 -999 -999 -999 -999 -999
NHC  16L OTTO      041202 1800 285N 0501W 180 036 0997 1011 0695 15 093 -999 -999 -999 -999
NHC  16L OTTO      041203 0000 279N 0501W 180 031 0997 1011 0695 15 074 -999 -999 -999 -999 -999 -999
NHC  16L OTTO      041203 1200 264N 0502W 180 036 1000 1015 0741 15 111 -999 -999 -999 -999 -999 -999
NHC  16L OTTO      041203 1800 262N 0506W 205 026 1002 1015 0741 15 130 -999 -999 -999 -999 -999 -999
