JTWC 16S NAMELESS  040302 1800 139S 0687E 235 046 1000 1006 020  15 074 -999 -999 -999 -999
JTWC 16S NAMELESS  040303 0000 141S 0679E 245 051 1000 1006 020  18 074 -999 -999 -999 -999
JTWC 16S NAMELESS  040303 0600 134S 0639E 270 093 0991 1006 022  23 093 0148 0148 0259 0259
JTWC 16S GAFILO    040303 1200 131S 0621E 280 098 0980 1004 022  31 037 0185 0185 0259 0259
JTWC 16S GAFILO    040303 1800 123S 0605E 285 093 0976 1006 025  33 037 0185 0185 0259 0259
JTWC 16S GAFILO    040304 0000 121S 0600E 290 067 0976 1006 025  33 037 0185 0185 0259 0259
JTWC 16S GAFILO    040304 0600 122S 0594E 290 046 0976 1006 027  33 037 0148 0148 0259 0259
JTWC 16S GAFILO    040304 1200 127S 0588E 270 036 0967 1005 027  39 028 0148 0148 0259 0259
JTWC 16S GAFILO    040304 1800 131S 0580E 250 036 0958 1000 029  44 037 0333 0370 0259 0259
JTWC 16S GAFILO    040305 0000 131S 0574E 245 036 0958 1000 029  44 037 0333 0370 0259 0259
JTWC 16S GAFILO    040305 0600 135S 0567E 245 036 0954  999 031  46 028 0278 0333 0333 0278
JTWC 16S GAFILO    040305 1200 140S 0560E 240 036 0933  998 037  57 019 0352 0352 0352 0352
JTWC 16S GAFILO    040305 1800 143S 0552E 240 041 0916  998 037  64 028 0352 0352 0352 0352
JTWC 16S GAFILO    040306 0000 145S 0543E 245 041 0904 1000 037  69 028 0352 0352 0352 0352
JTWC 16S GAFILO    040306 0600 146S 0534E 255 046 0898 1000 037  72 019 0333 0333 0333 0333
JTWC 16S GAFILO    040306 1200 148S 0525E 255 046 0892 1000 037  75 019 0352 0352 0352 0352
JTWC 16S GAFILO    040306 1800 150S 0516E 260 046 0898 1000 037  72 028 0352 0352 0352 0352
JTWC 16S GAFILO    040307 0600 151S 0493E 265 057 0949 1000 040  49 028 0407 0315 0185 0463
JTWC 16S GAFILO    040307 1200 157S 0478E 260 062 0954 1000 040  46 028 0407 0315 0185 0463
JTWC 16S GAFILO    040307 1800 162S 0467E 250 067 0967 1000 037  39 046 0389 0296 0222 0389
JTWC 16S GAFILO    040308 0600 181S 0442E 235 077 0984 1000 033  28 046 0370 0204 0204 0259
JTWC 16S GAFILO    040308 1200 184S 0433E 235 067 0976 1000 033  33 046 0259 0204 0204 0333
JTWC 16S GAFILO    040308 1800 187S 0430E 230 046 0976 1002 037  33 046 0259 0185 0185 0333
JTWC 16S GAFILO    040309 0000 190S 0427E 230 026 0976 1002 037  33 037 0259 0185 0185 0333
JTWC 16S GAFILO    040309 0600 193S 0421E 230 026 0976 1002 029  33 046 0259 0185 0185 0259
JTWC 16S GAFILO    040309 1200 202S 0423E 200 026 0976 1000 029  33 046 0259 0185 0185 0259
JTWC 16S GAFILO    040309 1800 209S 0432E 155 036 0980 1000 029  31 056 0259 0185 0185 0259
JTWC 16S GAFILO    040310 1800 234S 0458E 135 041 0991 1003 029  23 037 0093 0093 0093 0093
JTWC 16S GAFILO    040311 0600 239S 0464E 145 021 0997 1003 029  18 037 -999 -999 -999 -999
JTWC 16S GAFILO    040311 1200 245S 0469E 145 026 1000 1004 022  15 037 -999 -999 -999 -999
