JTWC 18W NAMELESS  040814 0000 150N 1429E 295 041 1002 1005 0259 13 093 -999 -999 -999 -999
JTWC 18W NAMELESS  040814 0600 164N 1426E 320 046 1002 1005 0259 13 093 -999 -999 -999 -999
JTWC 18W NAMELESS  040814 1200 167N 1408E 305 057 1002 1005 0259 13 111 -999 -999 -999 -999
JTWC 18W NAMELESS  040814 1800 167N 1381E 285 088 1002 1005 0296 13 111 -999 -999 -999 -999
JTWC 18W NAMELESS  040815 0000 175N 1365E 290 093 1002 1004 0296 13 111 -999 -999 -999 -999
JTWC 18W NAMELESS  040815 0600 180N 1355E 290 077 1002 1004 0296 13 111 -999 -999 -999 -999
JTWC 18W NAMELESS  040815 1200 188N 1333E 290 088 1002 1004 0296 13 111 -999 -999 -999 -999
JTWC 18W NAMELESS  040815 1800 181N 1321E 280 072 0998 1004 0296 15 093 -999 -999 -999 -999
JTWC 18W NAMELESS  040816 0000 184N 1316E 280 057 0998 1004 0296 15 093 -999 -999 -999 -999
JTWC 18W NAMELESS  040816 0600 186N 1308E 280 041 0997 1004 0296 18 083 -999 -999 -999 -999
JTWC 18W MEGI      040816 1200 197N 1295E 295 051 0994 1002 0315 21 074 0093 0120 0120 0093
JTWC 18W MEGI      040816 1800 210N 1290E 315 062 0991 1002 0315 23 065 0167 0222 0222 0148
JTWC 18W MEGI      040817 0000 234N 1279E 330 093 0991 1002 0315 23 065 0167 0222 0222 0148
JTWC 18W MEGI      040817 0600 247N 1271E 335 093 0991 1002 0315 23 065 0167 0222 0222 0148
JTWC 18W MEGI      040817 1200 263N 1263E 335 098 0984 1002 0333 28 056 0204 0250 0250 0157
JTWC 18W MEGI      040818 0000 285N 1252E 335 072 0976 1001 0333 33 037 0222 0250 0250 0157
JTWC 18W MEGI      040818 0600 301N 1253E 345 067 0976 1001 0333 33 037 0259 0259 0259 0167
JTWC 18W MEGI      040818 1200 312N 1263E  10 062 0976 1001 0333 33 037 0204 0232 0204 0176
JTWC 18W MEGI      040818 1800 331N 1277E  25 082 0976 1001 0333 33 037 0232 0232 0232 0194
JTWC 18W MEGI      040819 0000 356N 1294E  30 108 0980 1001 0333 31 037 0241 0204 0241 0204
