JTWC 23W NAMELESS  040904 1800 166N 1503E 300 077 1000 1008 0185 15 056 -999 -999 -999 -999
JTWC 23W SARIKA    040905 0000 171N 1487E 295 082 0991 1004 0185 23 083 0130 0111 0111 0130
JTWC 23W SARIKA    040905 0600 181N 1474E 295 077 0984 1002 0185 28 019 0167 0111 0111 0111
JTWC 23W SARIKA    040905 1200 187N 1457E 295 082 0980 1002 0204 31 028 0167 0111 0111 0111
JTWC 23W SARIKA    040905 1800 189N 1442E 290 077 0980 1002 0204 31 028 0167 0130 0130 0167
JTWC 23W SARIKA    040906 0000 196N 1428E 290 077 0980 1002 0204 31 028 0167 0130 0130 0167
JTWC 23W SARIKA    040906 0600 198N 1412E 290 077 0980 1002 0204 31 028 0185 0111 0111 0111
JTWC 23W SARIKA    040906 1200 201N 1395E 285 082 0980 1003 0204 31 019 0111 0111 0111 0111
JTWC 23W SARIKA    040906 1800 204N 1390E 285 067 0987 1004 0185 26 028 0111 0111 0148 0111
JTWC 23W SARIKA    040907 0000 217N 1389E 310 051 0987 1004 0185 26 028 0111 0111 0148 0111
JTWC 23W SARIKA    040907 0600 230N 1379E 325 062 0991 1004 0185 23 028 0111 0111 0148 0111
JTWC 23W SARIKA    040907 1200 237N 1381E 340 057 0997 1004 0167 18 074 -999 -999 0093 -999
