JTWC 25W NAMELESS  040920 0000 128N 1451E 265 062 1002 1008 0241 13 074 -999 -999 -999 -999
JTWC 25W NAMELESS  040920 0600 126N 1444E 260 046 1000 1008 0241 15 074 -999 -999 -999 -999
JTWC 25W NAMELESS  040920 1200 126N 1435E 260 041 1000 1008 0241 15 074 -999 -999 -999 -999
JTWC 25W NAMELESS  040920 1800 129N 1423E 270 046 1000 1008 0241 15 074 -999 -999 -999 -999
JTWC 25W MEARI     040921 0000 131N 1418E 280 046 0997 1008 0241 18 074 0093 0074 0074 0093
JTWC 25W MEARI     040921 0600 135N 1414E 295 036 0991 1007 0278 23 065 0130 0093 0093 0111
JTWC 25W MEARI     040921 1200 143N 1407E 310 041 0987 1007 0278 26 065 0130 0093 0111 0111
JTWC 25W MEARI     040921 1800 143N 1400E 305 036 0984 1002 0222 28 037 0130 0111 0093 0093
JTWC 25W MEARI     040922 0000 148N 1395E 305 036 0980 1005 0222 31 028 0148 0093 0093 0130
JTWC 25W MEARI     040922 0600 156N 1389E 310 036 0980 1005 0222 31 028 0148 0093 0093 0130
JTWC 25W MEARI     040922 1200 161N 1386E 315 036 0976 1004 0222 33 037 0148 0111 0111 0130
JTWC 25W MEARI     040922 1800 166N 1380E 315 036 0976 1003 0259 33 037 0259 0093 0093 0241
JTWC 25W MEARI     040923 0000 171N 1375E 315 036 0967 1002 0278 39 028 0278 0130 0111 0241
JTWC 25W MEARI     040923 0600 178N 1368E 315 041 0954 1002 0278 46 019 0185 0130 0241 0241
JTWC 25W MEARI     040923 1200 184N 1359E 310 046 0944 1002 0278 51 019 0222 0222 0222 0167
JTWC 25W MEARI     040923 1800 186N 1351E 305 046 0938  999 0333 54 019 0278 0185 0222 0222
JTWC 25W MEARI     040924 0000 193N 1343E 305 046 0927  999 0241 59 009 0250 0167 0148 0232
JTWC 25W MEARI     040924 0600 201N 1334E 310 051 0922  999 0241 62 009 0185 0157 0148 0222
JTWC 25W MEARI     040924 1200 205N 1326E 305 051 0922 1002 0241 62 019 0185 0157 0148 0222
JTWC 25W MEARI     040924 1800 213N 1319E 310 051 0922 1000 0222 62 019 0204 0157 0139 0185
JTWC 25W MEARI     040925 0000 222N 1311E 315 051 0922 1000 0204 62 019 0185 0148 0148 0167
JTWC 25W MEARI     040925 0600 237N 1301E 325 067 0927 1000 0204 59 019 0185 0148 0148 0204
JTWC 25W MEARI     040925 1200 245N 1291E 320 072 0933 1000 0204 57 019 0204 0111 0111 0204
JTWC 25W MEARI     040925 1800 252N 1279E 315 072 0938 1002 0204 54 019 0204 0111 0111 0204
JTWC 25W MEARI     040926 0000 256N 1266E 305 067 0954 1002 0204 46 019 0185 0111 0111 0185
JTWC 25W MEARI     040926 0600 258N 1256E 295 057 0954 1002 0204 46 019 0185 0139 0139 0185
JTWC 25W MEARI     040926 1200 259N 1251E 285 041 0944 1002 0204 51 037 0185 0111 0111 0185
JTWC 25W MEARI     040926 1800 260N 1248E 285 031 0938 1002 0204 54 019 0185 0111 0111 0185
JTWC 25W MEARI     040927 0000 261N 1248E 295 015 0938 1004 0204 54 019 0167 0130 0130 0167
JTWC 25W MEARI     040927 0600 265N 1248E 335 010 0938 1004 0204 54 019 0185 0167 0148 0185
JTWC 25W MEARI     040927 1200 268N 1256E  40 015 0954 1004 0204 46 028 0185 0185 0167 0185
JTWC 25W MEARI     040927 1800 273N 1260E  40 026 0958 1004 0222 44 019 0148 0130 0130 0148
JTWC 25W MEARI     040928 0000 280N 1267E  40 036 0967 1004 0207 39 019 0139 0111 0111 0139
JTWC 25W MEARI     040928 0600 288N 1273E  35 041 0967 1004 0207 39 019 0167 0139 0139 0222
JTWC 25W MEARI     040928 1200 300N 1280E  35 057 0967 1004 0361 39 019 0185 0157 0157 0241
JTWC 25W MEARI     040928 1800 309N 1291E  35 062 0972 1004 0213 36 019 0222 0139 0139 0222
JTWC 25W MEARI     040929 0000 315N 1305E  50 067 0972 1004 0213 36 019 0148 0111 0222 0222
JTWC 25W MEARI     040929 1200 339N 1346E  55 093 0984 1004 0222 28 028 0167 0148 0213 0185
