JTWC 27W NAMELESS  041012 1200 136N 1483E 295 072 1000 1004 0222 15 074 -999 -999 -999 -999
JTWC 27W NAMELESS  041012 1800 140N 1453E 285 103 0997 1004 0222 18 083 0222 0185 0185 0222
JTWC 27W NAMELESS  041013 0000 142N 1438E 280 098 0991 1004 0250 23 093 0222 0185 0222 0278
JTWC 27W TOKAGE    041013 0600 143N 1420E 275 093 0987 1004 0250 26 046 0185 0185 0259 0259
JTWC 27W TOKAGE    041013 1200 141N 1403E 270 082 0980 1004 0259 31 019 0204 0185 0259 0296
JTWC 27W TOKAGE    041013 1800 139N 1390E 265 082 0967 1004 0278 39 037 0222 0278 0278 0333
JTWC 27W TOKAGE    041014 0000 137N 1381E 260 067 0963 1004 0278 41 037 0222 0278 0333 0333
JTWC 27W TOKAGE    041014 0600 137N 1375E 260 046 0963 1004 0278 41 037 0222 0278 0333 0333
JTWC 27W TOKAGE    041014 1200 139N 1365E 270 041 0963 1004 0278 41 037 0250 0269 0315 0287
JTWC 27W TOKAGE    041014 1800 144N 1361E 290 036 0954 1004 0278 46 037 0250 0269 0333 0333
JTWC 27W TOKAGE    041015 0000 148N 1356E 300 036 0944 1004 0296 51 037 0250 0296 0333 0333
JTWC 27W TOKAGE    041015 0600 151N 1347E 305 036 0944 1004 0296 51 037 0250 0296 0333 0333
JTWC 27W TOKAGE    041015 1200 155N 1344E 310 031 0944 1004 0296 51 037 0250 0333 0259 0315
JTWC 27W TOKAGE    041015 1800 158N 1341E 315 026 0944 1003 0296 51 028 0222 0278 0333 0278
JTWC 27W TOKAGE    041016 0000 164N 1340E 330 026 0944 1000 0333 51 028 0222 0278 0370 0222
JTWC 27W TOKAGE    041016 0600 176N 1340E 350 036 0933  999 0370 57 028 0259 0259 0370 0259
JTWC 27W TOKAGE    041016 1200 183N 1331E 340 041 0922  998 0370 62 019 0259 0259 0333 0259
JTWC 27W TOKAGE    041016 1800 186N 1325E 325 041 0922  998 0370 62 019 0278 0333 0370 0241
JTWC 27W TOKAGE    041017 0000 191N 1320E 315 036 0916  998 0370 64 019 0333 0370 0333 0333
JTWC 27W TOKAGE    041017 0600 198N 1311E 310 041 0927  998 0370 59 019 0333 0370 0333 0333
JTWC 27W TOKAGE    041017 1200 201N 1301E 305 046 0927  998 0370 59 019 0333 0370 0333 0333
JTWC 27W TOKAGE    041017 1800 209N 1290E 305 057 0927  996 0370 59 028 0370 0370 0370 0370
JTWC 27W TOKAGE    041018 0000 217N 1282E 310 057 0938  997 0370 54 028 0370 0370 0370 0370
JTWC 27W TOKAGE    041018 0600 222N 1275E 310 057 0949  997 0370 49 028 0296 0333 0389 0296
JTWC 27W TOKAGE    041018 1200 230N 1269E 315 051 0949  997 0370 49 028 0185 0315 0407 0222
JTWC 27W TOKAGE    041018 1800 236N 1269E 330 041 0954  997 0370 46 019 0222 0315 0407 0185
JTWC 27W TOKAGE    041019 0000 248N 1272E 355 046 0963  997 0370 41 019 0259 0315 0407 0222
JTWC 27W TOKAGE    041019 0600 259N 1279E  15 051 0967  997 0370 39 019 0333 0315 0296 0222
JTWC 27W TOKAGE    041019 1200 273N 1288E  25 072 0972  997 0370 36 019 0333 0315 0296 0222
JTWC 27W TOKAGE    041019 1800 290N 1304E  35 088 0976  997 0296 33 019 0333 0333 0185 0222
JTWC 27W TOKAGE    041020 0000 315N 1323E  35 118 0980  997 0296 31 019 0370 0333 0167 0167
JTWC 27W TOKAGE    041020 0600 331N 1333E  35 118 0984  997 0296 28 019 0370 0278 0167 0167
JTWC 27W TOKAGE    041020 1200 358N 1371E  40 149 0994 1000 0259 21 037 0278 0185 0148 0148
