JTWC 28W NAMELESS  041014 0000 087N 1625E 305 067 1002 1008 0222 13 074 -999 -999 -999 -999
JTWC 28W NAMELESS  041014 0600 100N 1614E 305 082 1000 1008 0222 15 074 -999 -999 -999 -999
JTWC 28W NAMELESS  041014 1200 104N 1605E 300 067 1000 1008 0222 15 074 -999 -999 -999 -999
JTWC 28W NAMELESS  041014 1800 110N 1596E 300 057 1000 1008 0222 15 074 -999 -999 -999 -999
JTWC 28W NAMELESS  041015 0000 118N 1590E 310 051 1000 1008 0222 15 074 -999 -999 -999 -999
JTWC 28W NAMELESS  041015 1200 115N 1581E 290 031 1000 1008 0222 15 074 -999 -999 -999 -999
JTWC 28W NAMELESS  041015 1800 108N 1597E 290 010 1000 1008 0222 15 074 -999 -999 -999 -999
JTWC 28W NAMELESS  041016 0000 111N 1583E 275 026 1000 1007 0222 15 074 -999 -999 -999 -999
JTWC 28W NAMELESS  041016 0600 110N 1565E 270 046 1000 1006 0222 18 074 -999 -999 -999 -999
JTWC 28W NAMELESS  041016 1200 109N 1553E 270 051 0994 1005 0222 21 056 0093 0093 0093 0093
JTWC 28W NOCK-TEN  041016 1800 103N 1549E 255 046 0991 1004 0222 23 065 0148 0148 0148 0148
JTWC 28W NOCK-TEN  041017 0000 106N 1544E 260 036 0987 1002 0222 26 019 0111 0222 0222 0204
JTWC 28W NOCK-TEN  041017 0600 104N 1539E 255 031 0984 1001 0333 28 019 0148 0222 0222 0222
JTWC 28W NOCK-TEN  041017 1200 108N 1532E 275 031 0980 1001 0259 31 019 0148 0148 0222 0222
JTWC 28W NOCK-TEN  041017 1800 106N 1528E 265 026 0980 1001 0222 31 056 0204 0259 0241 0241
JTWC 28W NOCK-TEN  041018 0000 103N 1525E 250 026 0976 1000 0222 33 046 0222 0241 0278 0222
JTWC 28W NOCK-TEN  041018 0600 102N 1518E 245 026 0967 1000 0222 39 019 0222 0222 0278 0222
JTWC 28W NOCK-TEN  041018 1200 101N 1509E 255 031 0958 1000 0222 44 028 0222 0222 0278 0222
JTWC 28W NOCK-TEN  041018 1800 101N 1498E 265 041 0958  998 0222 44 019 0222 0222 0278 0185
JTWC 28W NOCK-TEN  041019 0000 098N 1485E 265 057 0958  998 0222 44 019 0222 0222 0278 0185
JTWC 28W NOCK-TEN  041019 1200 098N 1471E 270 046 0954  998 0241 46 019 0278 0278 0333 0278
JTWC 28W NOCK-TEN  041019 1800 102N 1461E 280 041 0954  998 0241 46 019 0222 0241 0259 0222
JTWC 28W NOCK-TEN  041020 0000 107N 1451E 290 051 0949  998 0241 49 019 0222 0241 0259 0222
JTWC 28W NOCK-TEN  041020 0600 116N 1440E 300 062 0949  998 0241 49 019 0222 0241 0278 0222
JTWC 28W NOCK-TEN  041020 1200 121N 1426E 300 067 0949  998 0241 49 019 0222 0241 0278 0222
JTWC 28W NOCK-TEN  041020 1800 126N 1419E 300 062 0949  998 0241 49 019 0111 0222 0222 0148
JTWC 28W NOCK-TEN  041021 0000 134N 1407E 300 062 0949  998 0259 49 019 0167 0167 0222 0167
JTWC 28W NOCK-TEN  041021 0600 137N 1392E 295 062 0949  998 0259 49 019 0185 0222 0296 0148
JTWC 28W NOCK-TEN  041021 1200 141N 1383E 295 067 0954 1004 0278 46 019 0222 0250 0315 0296
JTWC 28W NOCK-TEN  041021 1800 147N 1374E 295 057 0949 1002 0278 49 028 0241 0296 0278 0241
JTWC 28W NOCK-TEN  041022 0000 153N 1365E 300 057 0949 1003 0278 49 019 0185 0185 0222 0130
JTWC 28W NOCK-TEN  041022 0600 158N 1357E 305 051 0944 1003 0278 51 037 0278 0222 0278 0185
JTWC 28W NOCK-TEN  041022 1800 169N 1338E 300 051 0944 1003 0222 51 037 0185 0222 0222 0167
JTWC 28W NOCK-TEN  041023 0000 174N 1323E 295 062 0933 1003 0222 57 028 0185 0241 0185 0167
JTWC 28W NOCK-TEN  041023 0600 180N 1309E 295 072 0933 1004 0222 57 019 0185 0232 0185 0185
JTWC 28W NOCK-TEN  041023 1200 186N 1293E 290 077 0938 1004 0204 54 019 0185 0222 0185 0185
JTWC 28W NOCK-TEN  041023 1800 193N 1277E 295 082 0938 1004 0204 54 028 0185 0222 0185 0185
JTWC 28W NOCK-TEN  041024 0000 200N 1260E 295 088 0938 1004 0204 54 028 0222 0204 0185 0185
JTWC 28W NOCK-TEN  041024 0600 206N 1245E 295 082 0938 1006 0222 54 028 0222 0204 0185 0185
JTWC 28W NOCK-TEN  041024 1200 217N 1232E 300 082 0938 1006 0222 54 019 0222 0204 0185 0222
JTWC 28W NOCK-TEN  041024 1800 227N 1224E 310 072 0944 1006 0222 51 019 0204 0204 0185 0185
JTWC 28W NOCK-TEN  041025 0000 242N 1223E 330 072 0954 1006 0222 46 037 0185 0204 0185 0185
JTWC 28W NOCK-TEN  041025 0600 255N 1220E 345 067 0958 1006 0222 44 037 0176 0167 0139 0176
JTWC 28W NOCK-TEN  041025 1200 261N 1221E 355 057 0976 1006 0222 33 037 0176 0157 0130 0157
