JTWC 29W NAMELESS  041114 0000 105N 1340E 285 031 1000 1006 0222 15 083 -999 -999 -999 -999
JTWC 29W NAMELESS  041114 0600 107N 1314E 275 057 1000 1006 0222 15 083 -999 -999 -999 -999
JTWC 29W NAMELESS  041114 1200 113N 1301E 280 062 1000 1006 0222 15 074 -999 -999 -999 -999
JTWC 29W NAMELESS  041114 1800 124N 1276E 290 082 0997 1005 0222 18 074 -999 -999 -999 -999
JTWC 29W MUIFA     041115 0000 117N 1278E 285 051 0997 1005 0222 18 074 -999 -999 -999 -999
JTWC 29W MUIFA     041115 0600 128N 1271E 305 051 0997 1005 0222 18 074 -999 -999 -999 -999
JTWC 29W MUIFA     041115 1200 138N 1258E 310 062 0997 1005 0222 18 074 -999 -999 -999 -999
JTWC 29W MUIFA     041116 0000 144N 1263E 335 026 0997 1005 0222 18 074 -999 -999 -999 -999
JTWC 29W MUIFA     041116 0600 147N 1247E 305 036 0991 1005 0222 23 074 0185 0139 0185 0222
JTWC 29W MUIFA     041116 1200 147N 1239E 290 041 0984 1005 0222 28 056 0185 0139 0185 0222
JTWC 29W MUIFA     041117 0000 145N 1235E 270 021 0980 1005 0222 31 046 0241 0185 0222 0222
JTWC 29W MUIFA     041117 0600 146N 1235E 270 015 0976 1005 0222 33 028 0222 0185 0204 0241
JTWC 29W MUIFA     041117 1200 152N 1238E 340 010 0967 1005 0222 39 028 0222 0185 0204 0241
JTWC 29W MUIFA     041117 1800 154N 1238E   0 010 0954 1003 0222 46 028 0167 0176 0167 0185
JTWC 29W MUIFA     041118 0000 156N 1238E  10 010 0944 1003 0259 51 028 0148 0148 0148 0176
JTWC 29W MUIFA     041118 0600 157N 1238E   0 010 0933 1003 0259 57 028 0167 0148 0185 0167
JTWC 29W MUIFA     041118 1200 158N 1242E  45 010 0927 1004 0259 59 028 0167 0148 0204 0167
JTWC 29W MUIFA     041118 1800 156N 1244E  90 010 0938 1005 0241 54 019 0130 0148 0111 0148
JTWC 29W MUIFA     041119 0000 155N 1243E 125 005 0949 1005 0259 49 019 0102 0102 0111 0120
JTWC 29W MUIFA     041119 0600 148N 1241E 185 015 0958 1004 0259 44 019 0148 0148 0148 0111
JTWC 29W MUIFA     041119 1200 139N 1238E 200 031 0963 1004 0259 41 019 0130 0130 0148 0167
JTWC 29W MUIFA     041119 1800 137N 1227E 225 041 0972 1004 0222 36 028 0130 0130 0130 0139
JTWC 29W MUIFA     041120 0000 128N 1215E 230 057 0976 1004 0222 33 028 0130 0148 0139 0130
JTWC 29W MUIFA     041120 0600 125N 1201E 245 067 0980 1004 0222 31 037 0130 0148 0139 0130
JTWC 29W MUIFA     041120 1200 123N 1194E 250 062 0980 1004 0185 31 037 0120 0111 0111 0120
JTWC 29W MUIFA     041120 1800 123N 1183E 265 051 0976 1004 0185 33 037 0111 0111 0120 0120
JTWC 29W MUIFA     041121 0000 119N 1172E 260 051 0976 1004 0185 33 028 0130 0139 0120 0120
JTWC 29W MUIFA     041121 0600 118N 1161E 260 057 0972 1004 0204 36 019 0157 0148 0148 0157
JTWC 29W MUIFA     041121 1200 118N 1151E 265 057 0963 1004 0204 41 019 0157 0148 0148 0157
JTWC 29W MUIFA     041121 1800 115N 1143E 260 051 0954 1004 0204 46 019 0157 0157 0148 0148
JTWC 29W MUIFA     041122 0000 115N 1138E 265 041 0958 1004 0204 44 019 0157 0148 0148 0157
JTWC 29W MUIFA     041122 0600 111N 1130E 255 036 0967 1004 0185 39 019 0157 0093 0093 0157
JTWC 29W MUIFA     041122 1200 108N 1125E 245 036 0972 1004 0185 36 019 0148 0093 0093 0148
JTWC 29W MUIFA     041122 1800 106N 1122E 245 031 0976 1004 0185 33 019 0148 0093 0093 0148
JTWC 29W MUIFA     041123 0000 104N 1118E 240 026 0976 1004 0185 33 019 0148 0093 0093 0148
JTWC 29W MUIFA     041123 0600 099N 1111E 235 026 0976 1007 0222 33 019 0111 0093 0130 0111
JTWC 29W MUIFA     041123 1200 096N 1105E 240 031 0976 1008 0222 33 019 0111 0093 0120 0111
JTWC 29W MUIFA     041123 1800 094N 1101E 240 036 0984 1008 0194 28 019 0111 0093 0093 0130
JTWC 29W MUIFA     041124 0000 090N 1097E 235 031 0984 1008 0194 28 046 0111 0093 0093 0130
JTWC 29W MUIFA     041124 0600 087N 1092E 235 026 0984 1007 0222 28 037 0111 0111 0130 0130
JTWC 29W MUIFA     041124 1200 079N 1090E 215 031 0991 1007 0185 23 046 0093 0093 0111 0111
JTWC 29W MUIFA     041124 1800 082N 1056E 260 072 0994 1007 0167 21 065 0093 0074 0093 0111
JTWC 29W MUIFA     041125 0000 087N 1035E 270 093 0994 1007 0167 21 065 0093 0074 0093 0111
JTWC 29W MUIFA     041125 0600 087N 1017E 270 098 0997 1007 0167 18 065 0130 0074 0074 0111
JTWC 29W MUIFA     041125 1200 087N 1009E 275 082 1000 1007 0167 15 083 -999 -999 -999 -999
JTWC 29W MUIFA     041125 1800 095N 0997E 280 067 1000 1007 0167 15 083 -999 -999 -999 -999
JTWC 29W MUIFA     041126 0000 116N 1000E 325 057 1002 1007 0167 13 083 -999 -999 -999 -999
