JTWC 30W NAMELESS  041129 0000 063N 1478E 280 077 0997 1004 0259 18 074 -999 -999 -999 -999
JTWC 30W NANMADOL  041129 0600 066N 1463E 280 077 0984 1002 0259 28 037 0111 0139 0139 0130
JTWC 30W NANMADOL  041129 1200 071N 1445E 280 082 0976 1001 0278 33 037 0148 0148 0213 0167
JTWC 30W NANMADOL  041129 1800 076N 1431E 285 082 0967 1001 0278 39 019 0185 0185 0213 0185
JTWC 30W NANMADOL  041130 0000 085N 1410E 290 093 0967 1001 0241 39 019 0259 0213 0213 0259
JTWC 30W NANMADOL  041130 0600 094N 1391E 295 098 0967 1001 0241 39 019 0259 0259 0287 0259
JTWC 30W NANMADOL  041130 1200 100N 1370E 290 108 0958 1001 0241 44 019 0259 0241 0296 0278
JTWC 30W NANMADOL  041130 1800 106N 1351E 290 108 0954 1003 0259 46 028 0259 0241 0296 0259
JTWC 30W NANMADOL  041201 0000 116N 1328E 290 113 0938 1003 0259 54 019 0269 0250 0296 0269
JTWC 30W NANMADOL  041201 0600 124N 1305E 290 118 0927 1003 0259 59 019 0269 0250 0296 0269
JTWC 30W NANMADOL  041201 1200 131N 1287E 290 113 0916 1003 0259 64 019 0269 0250 0287 0269
JTWC 30W NANMADOL  041201 1800 137N 1269E 290 103 0922 1003 0296 62 019 0352 0287 0370 0370
JTWC 30W NANMADOL  041202 0000 143N 1250E 290 098 0910 1004 0333 67 019 0352 0519 0593 0426
JTWC 30W NANMADOL  041202 0600 149N 1234E 290 093 0910  999 0407 67 019 0463 0333 0296 0370
JTWC 30W NANMADOL  041202 1200 158N 1219E 295 093 0922  999 0407 62 019 0444 0296 0259 0407
JTWC 30W NANMADOL  041202 1800 172N 1198E 300 098 0933  999 0407 57 019 0444 0315 0278 0426
JTWC 30W NANMADOL  041203 0000 179N 1190E 305 088 0949  999 0407 49 028 0407 0296 0259 0370
JTWC 30W NANMADOL  041203 0600 187N 1186E 315 072 0972 1000 0370 36 037 0333 0241 0241 0333
JTWC 30W NANMADOL  041203 1800 217N 1193E   5 067 0984 1001 0333 28 056 0250 0176 0241 0176
