JTWC 31W NAMELESS  041210 0600 084N 1697E 295 088 1000 1008 0222 15 083 -999 -999 -999 -999
JTWC 31W NAMELESS  041210 1200 085N 1682E 290 077 0997 1008 0222 18 074 -999 -999 -999 -999
JTWC 31W NAMELESS  041210 1800 083N 1661E 275 093 0997 1007 0241 18 074 -999 -999 -999 -999
JTWC 31W NAMELESS  041211 0000 083N 1644E 270 088 0997 1005 0241 18 056 0093 0065 0083 0093
JTWC 31W NAMELESS  041211 0600 091N 1621E 275 098 0991 1005 0241 23 056 0130 0111 0139 0139
JTWC 31W TALAS     041211 1200 094N 1597E 280 108 0991 1005 0241 23 056 0130 0111 0139 0139
JTWC 31W TALAS     041211 1800 098N 1570E 280 124 0991 1005 0222 23 056 0148 0111 0167 0167
JTWC 31W TALAS     041212 0000 100N 1555E 280 113 0991 1007 0222 23 056 0139 0111 0167 0167
JTWC 31W TALAS     041212 0600 100N 1532E 275 108 0991 1007 0222 23 056 0139 0111 0167 0167
JTWC 31W TALAS     041212 1200 099N 1512E 270 103 0991 1007 0222 23 056 0139 0111 0167 0167
JTWC 31W TALAS     041212 1800 099N 1495E 270 098 0991 1007 0241 23 056 0139 0139 0167 0167
JTWC 31W TALAS     041213 0000 101N 1474E 270 098 0991 1006 0241 23 056 0167 0111 0111 0167
JTWC 31W TALAS     041213 0600 103N 1456E 275 093 0991 1006 0241 23 056 0111 0111 0204 0204
JTWC 31W TALAS     041213 1200 105N 1440E 275 093 0994 1006 0241 21 065 0111 0111 0148 0185
JTWC 31W TALAS     041213 1800 112N 1424E 285 088 0997 1006 0222 18 074 -999 -999 -999 -999
JTWC 31W TALAS     041214 0000 112N 1412E 280 077 0994 1006 0222 21 074 0130 0130 0148 0167
JTWC 31W TALAS     041214 0600 117N 1392E 285 082 0994 1007 0241 21 074 0130 0130 0148 0167
JTWC 31W TALAS     041214 1200 121N 1374E 285 088 0994 1007 0241 21 074 0130 0130 0130 0148
JTWC 31W TALAS     041215 0000 120N 1363E 280 057 0997 1007 0222 18 083 0148 0120 0139 0130
JTWC 31W TALAS     041215 0600 118N 1353E 270 051 0997 1007 0222 18 083 -999 -999 -999 -999
JTWC 31W TALAS     041215 1200 119N 1347E 270 041 1000 1007 0222 15 083 -999 -999 -999 -999
JTWC 31W TALAS     041215 1800 120N 1341E 275 036 1000 1006 0241 15 083 -999 -999 -999 -999
JTWC 31W TALAS     041216 0600 121N 1324E 275 041 1000 1008 0241 15 083 -999 -999 -999 -999
JTWC 31W TALAS     041216 1200 126N 1319E 285 036 1000 1010 0241 15 083 -999 -999 -999 -999
JTWC 31W TALAS     041216 1800 130N 1316E 300 031 1000 1008 0222 15 083 -999 -999 -999 -999
JTWC 31W TALAS     041217 0000 132N 1314E 315 026 0997 1008 0148 18 074 -999 -999 -999 -999
JTWC 31W TALAS     041217 0600 136N 1315E 340 021 0994 1008 0185 21 074 0111 -999 -999 0111
JTWC 31W TALAS     041217 1200 146N 1314E 355 031 0991 1004 0148 23 065 0111 -999 -999 0111
JTWC 31W TALAS     041217 1800 144N 1315E   0 021 0994 1005 0148 21 065 0111 -999 -999 0111
JTWC 31W TALAS     041218 0000 145N 1315E   0 015 0994 1005 0148 21 074 0130 -999 -999 0130
JTWC 31W TALAS     041218 0600 152N 1309E 335 026 0997 1005 0148 18 074 -999 -999 -999 -999
JTWC 31W TALAS     041219 0600 183N 1308E 355 041 1000 1004 0148 15 074 -999 -999 -999 -999
