JTWC 32W NAMELESS  041218 0000 137N 1510E 290 051 1000 1006 0148 15 111 -999 -999 -999 -999
JTWC 32W NAMELESS  041218 0600 136N 1498E 280 051 0997 1006 0148 18 083 -999 -999 -999 -999
JTWC 32W NORU      041219 0000 134N 1479E 265 031 0997 1006 0148 18 083 -999 -999 -999 -999
JTWC 32W NORU      041219 0600 139N 1474E 285 031 0997 1006 0148 18 083 -999 -999 -999 -999
JTWC 32W NORU      041219 1200 150N 1467E 315 041 0994 1006 0148 21 065 0093 0074 0074 0093
JTWC 32W NORU      041219 1800 164N 1463E 335 057 0987 1006 0148 26 065 0111 0074 0093 0093
JTWC 32W NORU      041220 0000 176N 1463E 345 062 0984 1006 0148 28 019 0148 0148 0111 0130
JTWC 32W NORU      041220 0600 187N 1463E 355 062 0984 1006 0148 28 019 0148 0130 0111 0130
JTWC 32W NORU      041220 1200 198N 1470E  10 057 0984 1006 0148 28 019 0148 0148 0111 0130
JTWC 32W NORU      041220 1800 211N 1479E  25 067 0984 1006 0148 28 019 0148 0148 0111 0130
JTWC 32W NORU      041221 0000 230N 1500E  35 093 0987 1006 0185 26 019 0185 0148 0111 0130
JTWC 32W NORU      041221 0600 245N 1530E  50 124 0991 1006 0185 23 056 0185 0111 0148 0111
