NHC  89L NONAME    040315 1800 230N 0750W 295 046 1005 1013 0278 18 093 0093 0093 0093 00939 -999 -999 -999
NHC  89L NONAME    040322 1200 230N 0750W 295 051 1005 1013 0278 18 093 0093 0093 0093 00939 -999 -999 -999
NHC  89L NONAME    040322 1800 236N 0760W 295 057 1002 1013 0278 21 093 0093 0093 0093 00939 -999 -999 -999
NHC  89L NONAME    040323 1200 258N 0792W 310 062 0994 1013 0324 28 046 0130 0130 0130 01306 0046 0046 0046
NHC  89L NONAME    040401 1200 230N 0750W 290 062 1005 1013 0278 18 093 0093 0093 0093 00939 -999 -999 -999
NHC  89L NONAME    040422 1800 155N 0555W 270 021 1009 1011 0222 18 000 0074 0074 0074 00749 -999 -999 -999
NHC  89L NONAME    040511 1800 230N 0750W 295 062 1005 1013 0278 18 093 0093 0093 0093 00939 -999 -999 -999
NHC  89L NONAME    040524 1800 235N 0759W 295 051 1002 1013 0278 21 000 0093 0093 0093 00939 -999 -999 -999
NHC  89L NONAME    040526 1200 230N 0750W 290 051 1005 1013 0278 18 093 0093 0093 0093 00939 -999 -999 -999
NHC  89L NONAME    040617 1800 130N 0560W 290 031 1009 1010 0278 18 046 0093 0093 0093 00939 -999 -999 -999
NHC  89L NONAME    040720 1200 230N 0750W 300 051 0990 1013 0417 31 046 0185 0185 0185 01854 0074 0074 0074
NHC  89L NONAME    040723 1200 230N 0750W 290 046 1005 1013 0278 18 093 0093 0093 0093 00939 -999 -999 -999
NHC  89L NONAME    040723 1800 236N 0759W 295 051 1002 1013 0278 21 093 0093 0093 0093 00939 -999 -999 -999
NHC  89L NONAME    040724 0000 243N 0767W 305 051 1000 1013 0278 23 074 0111 0111 0111 01119 -999 -999 -999
NHC  89L TEST      040818 0600 230N 0750W 295 051 1005 1013 0278 18 093 0093 0093 0093 00939 -999 -999 -999
NHC  89L TEST      040818 1200 234N 0760W 295 051 1002 1013 0278 21 093 0093 0093 0093 00939 -999 -999 -999
NHC  89L TEST      040818 1800 238N 0769W 295 051 1000 1013 0324 23 074 0111 0111 0111 01119 -999 -999 -999
NHC  89L NONAME    040826 1200 230N 0750W 300 051 1005 1013 0278 18 093 0093 0093 0093 00939 -999 -999 -999
NHC  89L FOXTROT   040902 1800 150N 0550W 275 036 1005 1009 0278 23 000 0093 0093 0093 00939 -999 -999 -999
NHC  89L     NONAM 041206 1800 230N 0750W 300 051 1005 1013 0278 18 093 0093 0093 0093 00939 -999 -999 -999
