NHC  90E INVEST    040423 1800 100N 1275W 285 026 1010 1013 0278 10 074 -999 -999 -999 -999 -999 -999
NHC  90E INVEST    040424 0000 101N 1278W 285 021 1009 1012 0278 13 074 -999 -999 -999 -999 -999 -999
NHC  90E INVEST    040518 0000 090N 1020W 290 051 1010 1012 0278 10 185 -999 -999 -999 -999 -999 -999
NHC  90E INVEST    040520 1200 115N 1032W 340 000 1006 1012 0278 13 185 -999 -999 -999 -999 -999 -999
NHC  90E INVEST    040520 1800 129N 1032W 350 031 1006 1012 0278 13 185 -999 -999 -999 -999 -999 -999
NHC  90E INVEST    040521 0000 130N 1031W 345 026 1011 1014 0278 13 185 -999 -999 -999 -999 -999 -999
NHC  90E INVEST    040521 1200 145N 1049W 310 041 1006 1014 0278 13 185 -999 -999 -999 -999 -999 -999
NHC  90E INVEST    040521 1800 147N 1061W 295 046 1006 1014 0278 13 185 -999 -999 -999 -999 -999 -999
NHC  90E INVEST    040522 0000 146N 1076W 280 057 1006 1014 0278 13 185 -999 -999 -999 -999 -999 -999
NHC  90E INVEST    040711 1800 120N 1030W 280 051 1006 1010 0278 15 139 -999 -999 -999 -999 -999 -999
NHC  90E INVEST    040712 0000 126N 1035W 290 046 1007 1009 0334 13 139 -999 -999 -999 -999 -999 -999
NHC  90E INVEST    040712 1200 137N 1052W 300 041 1006 1010 0371 15 074 -999 -999 -999 -999 -999 -999
NHC  90E INVEST    040826 0000 130N 1030W 270 041 1007 1008 0278 13 000 -999 -999 -999 -999 -999 -999
NHC  90E INVEST    040826 0600 130N 1039W 270 041 1007 1008 0278 13 046 -999 -999 -999 -999 -999 -999
