NHC  92L INVEST    040805 0000 169N 0377W 270 077 1014 1016 0232 10 074 -999 -999 -999 -999 -999 -999
NHC  92L INVEST    040805 1200 168N 0412W 265 077 1013 1016 0232 13 074 -999 -999 -999 -999 -999 -999
NHC  92L INVEST    040805 1800 170N 0423W 270 077 1013 1016 0232 13 074 -999 -999 -999 -999 -999 -999
NHC  92L INVEST    040806 0000 173N 0434W 275 057 1013 1015 0232 13 074 -999 -999 -999 -999 -999 -999
NHC  92L INVEST    040806 0600 175N 0452W 280 067 1013 1015 0232 13 074 -999 -999 -999 -999 -999 -999
NHC  92L INVEST    040806 1200 180N 0468W 285 077 1012 1015 0232 13 074 -999 -999 -999 -999 -999 -999
NHC  92L INVEST    040806 1800 188N 0482W 290 077 1012 1015 0232 13 074 -999 -999 -999 -999 -999 -999
NHC  92L INVEST    040807 1200 217N 0527W 305 082 1014 1016 0232 13 074 -999 -999 -999 -999 -999 -999
NHC  92L INVEST    040919 1200 132N 0316W 265 062 1005 1010 0278 15 046 -999 -999 -999 -999 -999 -999
NHC  92L INVEST    041111 1200 295N 0325W 300 031 1003 1011 0510 18 371 0463 -999 -999 03719 -999 -999 -999
NHC  92L INVEST    041111 1800 302N 0336W 305 041 1003 1011 0510 18 278 0463 -999 -999 03719 -999 -999 -999
