NHC  93E INVEST    040602 0000 104N 0978W 290 072 1007 1008 0278 10 000 -999 -999 -999 -999 -999 -999
NHC  93E INVEST    040603 0000 160N 1016W 315 046 1007 1008 0278 10 000 -999 -999 -999 -999 -999 -999
NHC  93E INVEST    040725 0600 110N 1080W 275 051 1008 1010 0278 10 074 -999 -999 -999 -999 -999 -999
NHC  93E INVEST    040726 0000 120N 1101W 285 041 1008 1010 0278 10 074 -999 -999 -999 -999 -999 -999
NHC  93E INVEST    040726 0600 121N 1114W 280 051 1008 1011 0278 13 074 -999 -999 -999 -999 -999 -999
NHC  93E INVEST    040726 1200 119N 1125W 270 051 1008 1011 0278 13 074 -999 -999 -999 -999 -999 -999
NHC  93E INVEST    040907 0000 158N 1054W 265 041 1009 1011 0232 10 074 -999 -999 -999 -999 -999 -999
NHC  93E INVEST    040907 0600 148N 1064W 265 041 1009 1011 0232 10 074 -999 -999 -999 -999 -999 -999
NHC  93E INVEST    040908 0000 149N 1095W 275 051 1008 1011 0232 10 074 -999 -999 -999 -999 -999 -999
NHC  93E INVEST    040908 0600 150N 1102W 280 041 1005 1008 0259 13 074 -999 -999 -999 -999 -999 -999
NHC  93E INVEST    041024 1200 165N 1095W 355 041 1005 1008 0278 13 056 -999 -999 -999 -999 -999 -999
NHC  93E INVEST    041024 1800 168N 1092W 005 036 1005 1008 0278 15 056 -999 -999 -999 -999 -999 -999
NHC  93E INVEST    041025 0600 186N 1087W 010 036 1005 1008 0278 13 056 -999 -999 -999 -999 -999 -999
NHC  93E INVEST    041025 1200 191N 1084W 020 036 1005 1008 0278 13 056 -999 -999 -999 -999 -999 -999
NHC  93E INVEST    041025 1800 223N 1088W 010 082 1005 1009 0324 15 056 -999 -999 -999 -999 -999 -999
