NHC  94E INVEST    040605 1200 150N 1020W 310 015 1009 1011 0278 10 111 -999 -999 -999 -999 -999 -999
NHC  94E INVEST    040605 1800 152N 1024W 300 021 1009 1012 0278 13 111 -999 -999 -999 -999 -999 -999
NHC  94E INVEST    040606 0000 155N 1025W 300 021 1009 1011 0222 13 111 -999 -999 -999 -999 -999 -999
NHC  94E INVEST    040606 0600 159N 1037W 305 026 1009 1011 0222 13 093 -999 -999 -999 -999 -999 -999
NHC  94E INVEST    040606 1800 162N 1045W 300 026 1008 1010 0222 13 074 -999 -999 -999 -999 -999 -999
NHC  94E INVEST    040607 0000 162N 1045W 300 026 1006 1010 0222 13 074 -999 -999 -999 -999 -999 -999
NHC  94E INVEST    040607 0600 172N 1071W 005 010 1006 1009 0222 13 074 -999 -999 -999 -999 -999 -999
NHC  94E INVEST    040607 1200 170N 1069W 045 010 1006 1009 0278 13 074 -999 -999 -999 -999 -999 -999
NHC  94E INVEST    040607 1800 169N 1064W 090 015 1006 1009 0278 13 074 -999 -999 -999 -999 -999 -999
NHC  94E INVEST    040608 0000 169N 1059W 090 021 1004 1008 0167 13 074 -999 -999 -999 -999 -999 -999
NHC  94E INVEST    040608 1200 167N 1057W 000 000 1007 1009 0167 13 111 -999 -999 -999 -999 -999 -999
NHC  94E INVEST    040608 1800 174N 1058W 000 010 1007 1009 0167 13 111 -999 -999 -999 -999 -999 -999
NHC  94E INVEST    040609 0000 179N 1060W 355 021 1007 1009 0167 13 111 -999 -999 -999 -999 -999 -999
NHC  94E INVEST    040726 0600 120N 0970W 275 072 1009 1011 0278 10 111 -999 -999 -999 -999 -999 -999
NHC  94E INVEST    040727 0600 133N 1015W 285 062 1009 1011 0278 10 111 -999 -999 -999 -999 -999 -999
NHC  94E INVEST    040728 0000 153N 1070W 290 088 1008 1011 0278 13 111 -999 -999 -999 -999 -999 -999
NHC  94E INVEST    040728 0600 154N 1088W 285 082 1008 1011 0278 13 111 -999 -999 -999 -999 -999 -999
NHC  94E INVEST    040728 1800 170N 1116W 295 077 1007 1011 0278 10 111 -999 -999 -999 -999 -999 -999
NHC  94E INVEST    040729 0000 171N 1126W 295 067 1007 1010 0185 13 111 -999 -999 -999 -999 -999 -999
NHC  94E INVEST    040729 0600 169N 1135W 285 051 1007 1010 0185 13 111 -999 -999 -999 -999 -999 -999
NHC  94E INVEST    040801 1800 122N 1275W 250 057 1009 1011 0139 13 093 -999 -999 -999 -999 -999 -999
NHC  94E INVEST    041109 1200 105N 1077W 275 067 1009 1011 0278 10 074 -999 -999 -999 -999 -999 -999
NHC  94E INVEST    041109 1800 109N 1092W 275 062 1008 1011 0278 13 074 -999 -999 -999 -999 -999 -999
NHC  94E INVEST    041110 0000 111N 1103W 275 062 1008 1011 0278 13 074 -999 -999 -999 -999 -999 -999
NHC  94E INVEST    041110 1200 109N 1119W 270 046 1008 1011 0278 13 074 -999 -999 -999 -999 -999 -999
