NHC  94L INVEST    040614 1800 102N 0499W 275 057 1013 1015 0278 10 074 -999 -999 -999 -999 -999 -999
NHC  94L INVEST    040615 0000 104N 0513W 275 062 1012 1015 0278 10 074 -999 -999 -999 -999 -999 -999
NHC  94L INVEST    040615 0600 107N 0527W 280 067 1011 1014 0278 13 074 -999 -999 -999 -999 -999 -999
NHC  94L INVEST    040615 1200 112N 0541W 285 072 1011 1014 0278 13 074 -999 -999 -999 -999 -999 -999
NHC  94L INVEST    040617 1200 161N 0660W 285 082 1015 1017 0278 10 074 -999 -999 -999 -999 -999 -999
NHC  94L INVEST    040812 1200 114N 0166W 275 057 1009 1011 0222 13 074 -999 -999 -999 -999 -999 -999
NHC  94L INVEST    040813 0000 118N 0198W 275 082 1009 1011 0222 13 074 -999 -999 -999 -999 -999 -999
NHC  94L INVEST    040813 0600 119N 0207W 280 067 1009 1011 0222 13 074 -999 -999 -999 -999 -999 -999
NHC  94L INVEST    040813 1200 122N 0221W 280 067 1009 1012 0278 15 074 -999 -999 -999 -999 -999 -999
NHC  94L INVEST    040920 1200 270N 0790W 196 057 1009 1012 0278 13 083 -999 -999 -999 -999 -999 -999
NHC  94L INVEST    040920 1800 264N 0791W 195 051 1008 1012 0278 13 074 -999 -999 -999 -999 -999 -999
NHC  94L INVEST    040921 0600 260N 0804W 250 031 1009 1011 0222 13 074 -999 -999 -999 -999 -999 -999
NHC  94L INVEST    040921 1200 257N 0815W 255 041 1009 1011 0222 13 074 -999 -999 -999 -999 -999 -999
NHC  94L INVEST    040922 0600 251N 0861W 265 072 1009 1011 0222 13 074 -999 -999 -999 -999 -999 -999
NHC  94L INVEST    040922 1200 260N 0873W 280 072 1009 1011 0222 13 074 -999 -999 -999 -999 -999 -999
NHC  94L INVEST    040922 1800 264N 0888W 290 072 1010 1013 0222 13 074 -999 -999 -999 -999 -999 -999
