NHC  99E INVEST    040703 1200 140N 1070W 275 077 1009 1010 0278 10 056 -999 -999 -999 -999 -999 -999
NHC  99E INVEST    040704 1800 172N 1107W 315 051 1008 1010 0185 13 056 -999 -999 -999 -999 -999 -999
NHC  99E INVEST    040705 0000 181N 1113W 325 057 1008 1010 0185 13 056 -999 -999 -999 -999 -999 -999
NHC  99E INVEST    040823 1200 170N 1238W 000 000 1008 1011 0278 13 074 -999 -999 -999 -999 -999 -999
NHC  99E INVEST    040823 1800 170N 1236W 090 010 1008 1011 0278 13 056 -999 -999 -999 -999 -999 -999
NHC  99E INVEST    041005 0000 123N 1215W 270 067 1009 1012 0278 13 056 -999 -999 -999 -999 -999 -999
NHC  99E INVEST    041005 0600 123N 1230W 270 072 1009 1012 0278 13 056 -999 -999 -999 -999 -999 -999
NHC  99E INVEST    041006 0000 118N 1251W 270 041 1006 1009 0371 13 056 -999 -999 -999 -999 -999 -999
NHC  99E INVEST    041006 0600 125N 1273W 280 062 1006 1010 0371 13 056 -999 -999 -999 -999 -999 -999
NHC  99E INVEST    041006 1200 135N 1290W 290 062 1006 1010 0371 13 056 -999 -999 -999 -999 -999 -999
