NHC  01E ONE       070527 0000 126N 1106W 265 021 1006 1009 0334 15 074 -999 -999 -999 -999 -999 -999
NHC  01E ONE       070527 0600 128N 1110W 275 021 1006 1009 0334 15 074 -999 -999 -999 -999 -999 -999
NHC  01E ONE       070527 1200 130N 1111W 280 015 1006 1010 0278 15 074 -999 -999 -999 -999 -999 -999
NHC  01E ONE       070527 1800 132N 1111W 325 010 1007 1010 0278 13 074 -999 -999 -999 -999 -999 -999
NHC  01E ONE       070528 0000 131N 1115W 270 021 1007 1010 0278 13 074 -999 -999 -999 -999 -999 -999
NHC  01E ONE       070528 0600 131N 1121W 270 026 1006 1010 0278 15 074 -999 -999 -999 -999 -999 -999
NHC  01E ONE       070528 1200 131N 1128W 270 031 1005 1010 0324 15 074 -999 -999 -999 -999 -999 -999
NHC  01E ONE       070528 1800 128N 1130W 250 026 1005 1010 0324 15 074 -999 -999 -999 -999 -999 -999
NHC  01E ALVIN     070529 0000 126N 1134W 245 026 1004 1010 0324 18 074 0093 0093 0093 00939 -999 -999 -999
NHC  01E ALVIN     070529 0600 125N 1138W 245 021 1004 1010 0324 18 074 0093 0093 0093 00939 -999 -999 -999
NHC  01E ALVIN     070529 1200 126N 1140W 260 015 1004 1010 0324 18 074 0093 0093 0093 00749 -999 -999 -999
NHC  01E ALVIN     070529 1800 126N 1138W 260 010 1004 1010 0324 18 074 -999 0093 -999 -999 -999 -999
NHC  01E ALVIN     070530 0000 128N 1141W 275 015 1004 1010 0324 18 074 -999 0093 -999 -999 -999 -999
NHC  01E ALVIN     070530 0600 129N 1144W 280 021 1005 1010 0324 15 074 -999 -999 -999 -999 -999 -999
NHC  01E ALVIN     070530 1200 133N 1145W 300 015 1005 1009 0278 15 074 -999 -999 -999 -999 -999 -999
NHC  01E ALVIN     070530 1800 134N 1148W 300 015 1005 1008 0232 15 074 -999 -999 -999 -999 -999 -999
NHC  01E ALVIN     070531 0000 132N 1150W 270 010 1005 1008 0232 15 074 -999 -999 -999 -999 -999 -999
NHC  01E ALVIN     070531 0600 131N 1153W 260 015 1005 1008 0232 15 074 -999 -999 -999 -999 -999 -999
NHC  01E ALVIN     070531 1200 131N 1154W 250 010 1006 1008 0232 13 056 -999 -999 -999 -999 -999 -999
NHC  01E ALVIN     070531 1800 128N 1160W 250 021 1008 1010 0185 10 056 -999 -999 -999 -999 -999 -999
NHC  01E ALVIN     070604 1200 107N 1232W 270 036 1006 1010 0185 15 056 -999 -999 -999 -999 -999 -999
NHC  01E ALVIN     070604 1800 107N 1239W 270 036 1007 1010 0185 13 056 -999 -999 -999 -999 -999 -999
NHC  01E ALVIN     070605 0000 105N 1247W 265 036 1007 1010 0185 13 056 -999 -999 -999 -999 -999 -999
NHC  01E ALVIN     070605 1200 113N 1261W 290 036 1007 1010 0222 13 074 -999 -999 -999 -999 -999 -999
NHC  01E ALVIN     070605 1800 110N 1261W 290 026 1007 1010 0222 13 074 -999 -999 -999 -999 -999 -999
NHC  01E ALVIN     070606 0000 109N 1265W 275 021 1007 1010 0222 13 074 -999 -999 -999 -999 -999 -999
