NHC  01L ANDREA    070509 1200 308N 0791W 290 021 1000 1010 0278 21 111 0185 0185 0111 01119 -999 -999 -999
NHC  01L ANDREA    070509 1800 309N 0800W 270 015 1003 1010 0259 21 111 0185 0185 -999 -999 -999 -999
NHC  01L ANDREA    070510 0000 306N 0797W 265 005 1003 1010 0259 21 111 0167 0167 -999 -999 -999 -999
NHC  01L ANDREA    070510 1200 301N 0798W 180 015 1002 1010 0278 15 093 -999 -999 -999 -999 -999 -999
NHC  01L ANDREA    070510 1800 297N 0798W 180 021 1003 1012 0324 15 093 -999 -999 -999 -999 -999 -999
NHC  01L ANDREA    070511 0000 294N 0798W 175 015 1004 1010 0278 15 093 -999 -999 -999 -999 -999 -999
NHC  01L ANDREA    070511 1200 287N 0797W 175 015 1004 1011 0259 15 046 -999 -999 -999 -999 -999 -999
NHC  01L ANDREA    070511 1800 286N 0795W 160 015 1004 1011 0259 15 046 -999 -999 -999 -999 -999 -999
NHC  01L ANDREA    070512 1200 290N 0786W 045 021 1005 1012 0278 13 046 -999 -999 -999 -999 -999 -999
NHC  01L ANDREA    070512 1800 294N 0782W 040 021 1006 1013 0278 13 046 -999 -999 -999 -999 -999 -999
NHC  01L ANDREA    070513 0000 296N 0770W 070 036 1006 1013 0278 13 046 -999 -999 -999 -999 -999 -999
NHC  01L ANDREA    070513 1200 306N 0748W 065 051 1007 1013 0278 13 046 -999 -999 -999 -999 -999 -999
NHC  01L ANDREA    070513 1800 314N 0719W 070 103 1007 1012 0222 13 046 -999 -999 -999 -999 -999 -999
