JTWC 02A NAMELESS  070602 0600 153N 0676E 285 021 0991 1007 0296 23 056 0093 0083 0083 0093
JTWC 02A GONU      070602 1200 153N 0671E 280 021 0984 1007 0306 28 046 0111 0102 0102 0111
JTWC 02A GONU      070602 1800 154N 0668E 290 015 0984 1008 0306 28 046 0120 0111 0111 0120
JTWC 02A GONU      070603 0000 157N 0667E 305 015 0984 1008 0324 28 037 0120 0111 0111 0120
JTWC 02A GONU      070603 0600 168N 0674E   5 026 0980 1008 0324 31 037 0139 0130 0130 0139
JTWC 02A GONU      070603 1200 175N 0666E 350 031 0976 1007 0315 33 037 0148 0139 0139 0148
JTWC 02A GONU      070603 1800 182N 0660E 330 041 0954 1001 0315 46 009 0167 0157 0157 0167
JTWC 02A GONU      070604 0000 185N 0655E 315 041 0927 1001 0343 59 019 0213 0194 0194 0213
JTWC 02A GONU      070604 0600 192N 0649E 315 041 0910 1001 0343 67 019 0232 0213 0232 0232
JTWC 02A GONU      070604 1200 199N 0641E 315 046 0898 1001 0352 72 019 0241 0222 0241 0241
JTWC 02A GONU      070604 1800 205N 0632E 315 051 0898 1001 0346 72 028 0222 0194 0222 0232
JTWC 02A GONU      070605 0000 209N 0625E 305 046 0904 1001 0346 69 019 0222 0194 0222 0232
JTWC 02A GONU      070605 0600 213N 0619E 305 041 0916 1001 0346 64 019 0232 0204 0222 0232
JTWC 02A GONU      070605 1200 219N 0611E 305 041 0938 1001 0346 54 028 0259 0204 0222 0232
JTWC 02A GONU      070605 1800 221N 0604E 300 041 0954 1001 0346 46 028 0259 0204 0222 0232
JTWC 02A GONU      070606 0000 226N 0600E 310 041 0963 1001 0361 41 028 0241 0185 0213 0232
JTWC 02A GONU      070606 0600 231N 0595E 315 036 0967 1001 0361 39 037 0259 0259 0167 0213
JTWC 02A GONU      070606 1200 239N 0594E 330 036 0972 1001 0343 36 046 0194 0130 0120 0213
JTWC 02A GONU      070606 1800 247N 0588E 335 041 0980  998 0269 31 056 0148 0130 0120 0157
JTWC 02A GONU      070607 0000 251N 0584E 335 036 0991  998 0269 23 065 0111 0102 0102 0120
JTWC 02A GONU      070607 0600 249N 0581E 320 026 0997  998 0250 18 074 -999 -999 -999 -999
