NHC  04L FOUR      070813 1200 121N 0307W 265 093 1005 1010 0334 15 093 -999 -999 -999 -999 -999 -999
NHC  04L FOUR      070813 1800 119N 0323W 265 088 1005 1010 0334 15 074 -999 -999 -999 -999 -999 -999
NHC  04L FOUR      070814 0000 120N 0342W 270 088 1005 1010 0334 15 074 -999 -999 -999 -999 -999 -999
NHC  04L FOUR      070814 0600 120N 0360W 270 088 1005 1010 0334 15 074 -999 -999 -999 -999 -999 -999
NHC  04L FOUR      070814 1200 120N 0386W 270 108 1005 1010 0334 15 074 -999 -999 -999 -999 -999 -999
NHC  04L DEAN      070814 1800 116N 0402W 265 093 1004 1010 0334 18 056 0056 -999 -999 00569 -999 -999 -999
NHC  04L DEAN      070815 0000 119N 0415W 270 077 1000 1010 0334 23 056 0083 0083 0056 00839 -999 -999 -999
NHC  04L DEAN      070815 0600 121N 0434W 275 082 1000 1010 0334 23 056 0083 0083 0056 00839 -999 -999 -999
NHC  04L DEAN      070815 1200 123N 0451W 275 088 0997 1012 0334 26 037 0083 0083 0056 00837 -999 -999 0037
NHC  04L DEAN      070815 1800 128N 0470W 285 098 0994 1011 0259 28 037 0111 0083 0056 00837 -999 -999 0037
NHC  04L DEAN      070816 0000 130N 0492W 280 103 0994 1012 0278 28 037 0111 0083 0056 00837 -999 -999 0037
NHC  04L DEAN      070816 0600 132N 0513W 280 108 0987 1012 0278 33 037 0111 0083 0056 00836 0056 0037 0056
NHC  04L DEAN      070816 1200 135N 0533W 275 108 0982 1011 0334 39 028 0167 0139 0111 01393 0056 0037 0056
NHC  04L DEAN      070816 1800 138N 0555W 280 108 0974 1011 0334 41 028 0222 0139 0111 02416 0028 0037 0056
NHC  04L DEAN      070817 0000 140N 0577W 275 113 0976 1010 0371 44 009 0222 0139 0074 02223 0046 0019 0093
NHC  04L DEAN      070817 0600 142N 0598W 275 108 0976 1010 0371 44 009 0222 0139 0074 02223 0046 0019 0093
NHC  04L DEAN      070817 1200 144N 0617W 275 098 0970 1010 0371 46 019 0222 0185 0093 02970 0093 0037 0093
NHC  04L DEAN      070817 1800 148N 0636W 280 098 0961 1010 0371 57 028 0222 0185 0093 02970 0093 0037 0093
NHC  04L DEAN      070818 0000 149N 0651W 275 088 0946 1010 0445 62 019 0297 0222 0111 02971 0111 0056 0130
NHC  04L DEAN      070818 0600 150N 0666W 275 077 0930 1010 0445 67 019 0334 0222 0185 03345 0111 0093 0185
NHC  04L DEAN      070818 1200 154N 0679W 280 072 0924 1010 0445 67 019 0334 0222 0185 03345 0111 0093 0185
NHC  04L DEAN      070818 1800 159N 0694W 285 077 0930 1010 0445 67 019 0371 0241 0185 02785 0111 0093 0185
NHC  04L DEAN      070819 0000 160N 0710W 280 077 0920 1010 0445 67 019 0334 0222 0185 02787 0130 0130 0167
NHC  04L DEAN      070819 0600 164N 0726W 285 082 0921 1008 0371 64 019 0334 0222 0185 02787 0130 0130 0167
NHC  04L DEAN      070819 1200 168N 0743W 280 082 0923 1008 0371 64 028 0334 0278 0185 02787 0130 0130 0167
NHC  04L DEAN      070819 1800 171N 0760W 280 088 0930 1008 0371 64 046 0334 0278 0139 02228 0130 0093 0148
NHC  04L DEAN      070820 0000 175N 0778W 280 088 0930 1008 0417 64 037 0334 0278 0139 02228 0130 0093 0148
NHC  04L DEAN      070820 0600 176N 0798W 270 093 0926 1010 0371 67 037 0334 0278 0139 02229 0111 0093 0139
NHC  04L DEAN      070820 1200 177N 0815W 275 093 0926 1010 0510 67 037 0334 0278 0139 02229 0111 0093 0139
NHC  04L DEAN      070820 1800 180N 0832W 275 088 0924 1010 0510 67 019 0278 0278 0158 02227 0139 0093 0139
NHC  04L DEAN      070821 0000 182N 0851W 275 088 0916 1010 0510 69 028 0278 0278 0167 02325 0139 0093 0185
NHC  04L DEAN      070821 0600 185N 0869W 280 088 0909 1010 0463 72 019 0278 0278 0167 02325 0139 0093 0185
NHC  04L DEAN      070821 1200 189N 0887W 280 088 0935 1010 0417 57 028 0389 0389 0139 01671 0111 0074 0111
NHC  04L DEAN      070821 1800 192N 0905W 280 088 0960 1010 0371 39 028 0222 0222 0111 02221 0111 0074 0111
NHC  04L DEAN      070822 0000 197N 0922W 285 088 0970 1010 0371 36 028 0222 0222 0111 02221 0111 0074 0111
NHC  04L DEAN      070822 0600 201N 0940W 285 088 0979 1008 0371 36 102 0324 0222 0222 02977 0130 0148 0148
NHC  04L DEAN      070822 1200 205N 0955W 285 082 0976 1008 0371 41 083 0324 0222 0167 02972 0139 0139 0167
NHC  04L DEAN      070822 1800 205N 0973W 275 082 0982 1008 0278 36 056 0445 0185 0093 01399 0056 -999 0056
NHC  04L DEAN      070823 0000 205N 0990W 270 082 0998 1008 0278 15 056 -999 -999 -999 -999 -999 -999
