JTWC 04W MAN-YI    070709 1800 118N 1389E 295 072 0982 1004 0407 28 046 0213 0204 0204 0213
JTWC 04W MAN-YI    070710 0000 123N 1384E 300 057 0978 1004 0482 31 046 0232 0222 0222 0232
JTWC 04W MAN-YI    070710 0600 128N 1374E 300 051 0974 1004 0482 33 046 0232 0222 0222 0232
JTWC 04W MAN-YI    070710 1200 135N 1363E 305 051 0970 1004 0537 36 037 0269 0232 0204 0269
JTWC 04W MAN-YI    070710 1800 149N 1353E 315 067 0967 1004 0537 39 037 0278 0250 0222 0278
JTWC 04W MAN-YI    070711 0000 161N 1342E 320 072 0963 1002 0537 41 037 0287 0259 0222 0287
JTWC 04W MAN-YI    070711 0600 174N 1329E 320 088 0956 1002 0593 46 037 0287 0287 0232 0278
JTWC 04W MAN-YI    070711 1800 198N 1300E 315 093 0937 1002 0593 59 037 0306 0296 0241 0287
JTWC 04W MAN-YI    070712 0000 210N 1291E 315 088 0937 1001 0593 59 065 0306 0287 0241 0287
JTWC 04W MAN-YI    070712 0600 222N 1286E 320 072 0929 1001 0593 64 065 0537 0287 0278 0537
JTWC 04W MAN-YI    070712 1200 236N 1280E 335 072 0929 1001 0565 64 065 0287 0250 0259 0287
JTWC 04W MAN-YI    070712 1800 249N 1274E 340 072 0922  998 0565 69 056 0287 0250 0259 0287
JTWC 04W MAN-YI    070713 0000 260N 1274E 345 067 0929  998 0565 64 056 0287 0250 0259 0287
JTWC 04W MAN-YI    070713 0600 274N 1277E 355 067 0926  998 0565 67 046 0435 0407 0250 0361
JTWC 04W MAN-YI    070713 1200 284N 1277E   5 062 0952  998 0537 49 046 0426 0435 0130 0324
JTWC 04W MAN-YI    070713 1800 293N 1281E  10 057 0956  998 0519 46 028 0296 0296 0259 0278
JTWC 04W MAN-YI    070714 0000 304N 1292E  25 062 0956  998 0519 46 028 0296 0296 0259 0278
JTWC 04W MAN-YI    070714 0600 316N 1311E  40 072 0963  999 0519 41 019 0296 0296 0259 0278
JTWC 04W MAN-YI    070714 1200 327N 1329E  50 093 0974  999 0519 33 037 0278 0269 0232 0222
JTWC 04W MAN-YI    070714 1800 332N 1349E  60 098 0978  999 0500 31 046 0250 0241 0194 0204
JTWC 04W MAN-YI    070715 0000 337N 1374E  65 098 0982  999 0482 28 046 0213 0204 0139 0148
JTWC 04W MAN-YI    070715 0600 344N 1403E  75 108 0982 1001 0306 28 046 0204 0194 0130 0139
