JTWC 05W NAMELESS  070729 0000 185N 1470E 280 062 0996 1007 0315 18 074 -999 -999 -999 -999
JTWC 05W NAMELESS  070729 0600 185N 1453E 280 067 0996 1007 0333 18 074 -999 -999 -999 -999
JTWC 05W USAGI     070729 1200 185N 1438E 275 072 0989 1007 0333 23 056 0083 0083 0083 0083
JTWC 05W USAGI     070729 1800 185N 1430E 270 062 0974 1007 0407 33 056 0120 0120 0120 0120
JTWC 05W USAGI     070730 0000 196N 1425E 295 051 0974 1007 0407 33 056 0157 0157 0130 0130
JTWC 05W USAGI     070730 0600 200N 1418E 305 046 0967 1007 0407 39 046 0204 0194 0213 0232
JTWC 05W USAGI     070730 1200 205N 1415E 310 041 0967 1007 0417 39 046 0232 0204 0222 0232
JTWC 05W USAGI     070730 1800 214N 1408E 315 041 0963 1006 0417 41 046 0232 0222 0222 0232
JTWC 05W USAGI     070731 0000 219N 1399E 315 046 0959 1006 0417 44 046 0232 0222 0222 0232
JTWC 05W USAGI     070731 0600 228N 1396E 325 051 0956 1007 0537 46 037 0241 0241 0204 0204
JTWC 05W USAGI     070731 1200 235N 1388E 320 046 0944 1007 0537 54 046 0259 0222 0222 0259
JTWC 05W USAGI     070731 1800 242N 1378E 320 051 0937 1006 0407 59 046 0269 0222 0213 0259
JTWC 05W USAGI     070801 0000 251N 1369E 315 057 0933 1006 0407 62 056 0278 0222 0213 0259
JTWC 05W USAGI     070801 0600 263N 1357E 315 072 0933 1006 0426 62 056 0324 0232 0185 0278
JTWC 05W USAGI     070801 1200 275N 1348E 320 072 0937 1006 0426 59 046 0315 0222 0194 0287
JTWC 05W USAGI     070801 1800 290N 1338E 325 082 0944 1006 0402 54 028 0269 0269 0222 0269
JTWC 05W USAGI     070802 0000 306N 1329E 330 088 0948 1006 0402 51 037 0269 0269 0222 0269
JTWC 05W USAGI     070802 0600 320N 1320E 330 088 0956 1006 0398 46 037 0259 0241 0232 0259
JTWC 05W USAGI     070802 1200 331N 1317E 335 077 0963 1006 0389 41 046 0213 0194 0185 0204
JTWC 05W USAGI     070802 1800 344N 1314E 340 067 0974 1004 0291 33 046 0194 0176 0167 0185
JTWC 05W USAGI     070803 0000 359N 1316E 355 067 0978 1002 0333 31 056 0176 0157 0148 0167
JTWC 05W USAGI     070803 0600 372N 1336E  20 077 0985 1002 0333 26 056 0157 0139 0130 0148
JTWC 05W USAGI     070803 1200 386N 1353E  35 088 0993 1002 0333 21 065 0130 0102 0130 0111
