JTWC 06W NAMELESS  070803 0000 127N 1128E 325 010 1000 1005 0333 15 083 -999 -999 -999 -999
JTWC 06W NAMELESS  070803 0600 136N 1126E 310 021 1000 1005 0333 15 083 -999 -999 -999 -999
JTWC 06W NAMELESS  070803 1200 137N 1126E 305 015 1000 1005 0333 15 083 -999 -999 -999 -999
JTWC 06W NAMELESS  070803 1800 138N 1130E   0 005 1000 1005 0333 15 083 -999 -999 -999 -999
JTWC 06W NAMELESS  070804 0000 137N 1120E 275 015 0996 1005 0333 18 074 -999 -999 -999 -999
JTWC 06W NAMELESS  070804 0600 139N 1114E 285 021 0996 1005 0333 18 074 -999 -999 -999 -999
JTWC 06W NAMELESS  070804 1200 141N 1100E 280 041 1000 1005 0333 15 074 -999 -999 -999 -999
JTWC 06W NAMELESS  070804 1800 141N 1098E 280 031 1000 1005 0333 15 074 -999 -999 -999 -999
JTWC 06W NAMELESS  070805 0000 143N 1095E 285 021 1000 1005 0333 15 074 -999 -999 -999 -999
JTWC 06W NAMELESS  070805 0600 143N 1093E 285 010 1000 1005 0333 15 083 -999 -999 -999 -999
JTWC 06W NAMELESS  070805 1200 144N 1093E 300 010 1004 1005 0333 13 083 -999 -999 -999 -999
JTWC 06W NAMELESS  070805 1800 150N 1091E 330 015 1000 1005 0333 13 083 -999 -999 -999 -999
JTWC 06W NAMELESS  070806 0000 163N 1091E 355 036 1004 1005 0333 13 083 -999 -999 -999 -999
JTWC 06W NAMELESS  070806 0600 168N 1091E 355 036 1004 1005 0333 13 083 -999 -999 -999 -999
JTWC 06W NAMELESS  070806 1200 174N 1086E 345 036 1004 1005 0333 13 083 -999 -999 -999 -999
JTWC 06W NAMELESS  070806 1800 179N 1076E 320 036 1004 1005 0333 13 083 -999 -999 -999 -999
JTWC 06W NAMELESS  070807 0000 181N 1070E 305 041 1004 1005 0333 13 083 -999 -999 -999 -999
JTWC 06W NAMELESS  070807 0600 182N 1064E 290 036 1004 1005 0352 13 083 -999 -999 -999 -999
