NHC  08L EIGHT     070912 1200 131N 0442W 295 051 1007 1012 0278 15 074 -999 -999 -999 -999 -999 -999
NHC  08L EIGHT     070912 1800 134N 0450W 290 051 1006 1010 0259 15 074 -999 -999 -999 -999 -999 -999
NHC  08L EIGHT     070913 0000 136N 0460W 285 046 1006 1011 0278 15 074 -999 -999 -999 -999 -999 -999
NHC  08L EIGHT     070913 0600 138N 0471W 285 051 1006 1011 0278 15 074 -999 -999 -999 -999 -999 -999
NHC  08L EIGHT     070913 1200 138N 0477W 285 046 1006 1011 0278 15 083 -999 -999 -999 -999 -999 -999
NHC  08L EIGHT     070913 1800 141N 0482W 285 036 1006 1011 0278 15 083 -999 -999 -999 -999 -999 -999
NHC  08L INGRID    070914 0000 146N 0485W 300 026 1005 1012 0278 18 074 0083 0083 -999 00839 -999 -999 -999
NHC  08L INGRID    070914 0600 149N 0490W 300 026 1002 1011 0371 18 074 0083 0083 -999 00839 -999 -999 -999
NHC  08L INGRID    070914 1200 151N 0497W 300 031 1004 1011 0371 21 074 0083 0083 -999 00839 -999 -999 -999
NHC  08L INGRID    070914 1800 154N 0503W 295 031 1004 1011 0371 18 074 0083 0083 -999 00839 -999 -999 -999
NHC  08L INGRID    070915 0000 157N 0511W 295 041 1005 1012 0324 18 065 0083 0065 -999 00839 -999 -999 -999
NHC  08L INGRID    070915 0600 163N 0523W 295 046 1006 1012 0324 18 065 0083 0065 -999 00839 -999 -999 -999
NHC  08L INGRID    070915 1200 165N 0534W 290 051 1006 1012 0324 15 065 -999 -999 -999 -999 -999 -999
NHC  08L INGRID    070915 1800 164N 0546W 275 062 1006 1012 0324 15 065 -999 -999 -999 -999 -999 -999
NHC  08L INGRID    070916 0000 168N 0553W 285 046 1006 1012 0278 15 065 -999 -999 -999 -999 -999 -999
NHC  08L INGRID    070916 0600 169N 0564W 280 051 1006 1012 0278 15 065 -999 -999 -999 -999 -999 -999
NHC  08L INGRID    070916 1200 171N 0575W 280 051 1006 1012 0278 15 074 -999 -999 -999 -999 -999 -999
NHC  08L INGRID    070916 1800 173N 0582W 285 046 1006 1012 0278 15 074 -999 -999 -999 -999 -999 -999
NHC  08L INGRID    070917 0000 173N 0590W 280 041 1010 1012 0278 13 167 -999 -999 -999 -999 -999 -999
NHC  08L INGRID    070917 0600 174N 0597W 280 041 1010 1012 0278 13 167 -999 -999 -999 -999 -999 -999
