JTWC 09W NAMELESS  070812 0600 174N 1356E 270 005 1000 1007 0250 15 056 -999 -999 -999 -999
JTWC 09W NAMELESS  070812 1200 174N 1353E 270 010 0993 1007 0278 21 056 0083 0083 0093 0083
JTWC 09W NAMELESS  070812 1800 171N 1350E 245 010 0993 1007 0278 21 056 0102 0093 0093 0102
JTWC 09W SEPAT     070813 0000 169N 1345E 245 021 0985 1007 0278 26 056 0111 0093 0093 0111
JTWC 09W SEPAT     070813 0600 166N 1338E 245 026 0982 1007 0269 28 056 0120 0111 0111 0120
JTWC 09W SEPAT     070813 1200 165N 1331E 250 031 0978 1007 0269 31 046 0130 0120 0120 0130
JTWC 09W SEPAT     070813 1800 165N 1321E 260 041 0978 1007 0235 31 046 0148 0130 0148 0157
JTWC 09W SEPAT     070814 0000 164N 1315E 265 036 0963 1007 0235 41 028 0232 0194 0222 0232
JTWC 09W SEPAT     070814 0600 161N 1306E 265 041 0959 1006 0296 44 028 0232 0194 0213 0232
JTWC 09W SEPAT     070814 1200 158N 1299E 260 041 0956 1006 0333 46 019 0213 0194 0213 0222
JTWC 09W SEPAT     070815 0000 156N 1286E 255 036 0926 1005 0380 67 028 0324 0278 0333 0269
JTWC 09W SEPAT     070815 0600 157N 1280E 265 031 0926 1004 0398 67 019 0213 0222 0278 0259
JTWC 09W SEPAT     070815 1200 160N 1277E 285 026 0922 1004 0398 69 019 0213 0222 0278 0259
JTWC 09W SEPAT     070815 1800 166N 1271E 305 031 0922 1004 0389 69 028 0250 0241 0241 0259
JTWC 09W SEPAT     070816 0000 172N 1265E 315 036 0918 1004 0389 72 019 0259 0241 0241 0278
JTWC 09W SEPAT     070816 0600 179N 1261E 320 041 0918 1001 0398 72 019 0269 0241 0241 0278
JTWC 09W SEPAT     070816 1200 187N 1256E 325 041 0922 1001 0389 69 019 0259 0250 0259 0269
JTWC 09W SEPAT     070816 1800 194N 1248E 325 046 0922 1001 0370 69 019 0296 0278 0250 0269
JTWC 09W SEPAT     070817 0000 203N 1242E 325 051 0926 1001 0380 67 019 0287 0259 0250 0259
JTWC 09W SEPAT     070817 0600 210N 1234E 320 051 0933 1001 0380 62 019 0278 0269 0259 0278
JTWC 09W SEPAT     070817 1200 218N 1228E 320 051 0937 1001 0389 59 019 0278 0269 0259 0278
JTWC 09W SEPAT     070817 1800 227N 1219E 320 057 0944 1001 0528 54 028 0352 0269 0269 0306
JTWC 09W SEPAT     070818 0000 234N 1213E 320 051 0980 1001 0528 54 037 0398 0352 0232 0343
JTWC 09W SEPAT     070818 0600 240N 1198E 310 062 0959 1001 0463 44 037 0361 0343 0343 0361
JTWC 09W SEPAT     070818 1200 244N 1195E 310 046 0963 1001 0407 41 074 0204 0167 0157 0176
JTWC 09W SEPAT     070818 1800 249N 1189E 305 046 0974 1001 0407 33 102 0241 0213 0167 0157
JTWC 09W SEPAT     070819 0000 253N 1184E 315 031 0985 1001 0407 26 111 -999 -999 -999 -999
