NHC  10E TEN       070829 1200 193N 1089W 287 041 1000 1007 0222 15 074 -999 -999 -999 -999 -999 -999
NHC  10E TEN       070829 1800 196N 1100W 285 051 0999 1008 0278 18 037 0056 0056 0083 00569 -999 -999 -999
NHC  10E GIL       070830 0000 195N 1113W 270 062 0999 1008 0371 18 037 0056 0056 0083 00569 -999 -999 -999
NHC  10E GIL       070830 0600 194N 1124W 270 057 0999 1008 0371 18 037 0056 0056 0083 00569 -999 -999 -999
NHC  10E GIL       070830 1200 191N 1127W 260 041 0999 1008 0371 18 037 0056 0056 0083 00569 -999 -999 -999
NHC  10E GIL       070830 1800 192N 1139W 265 046 0997 1008 0371 21 037 0037 0083 0083 -999 -999 -999
NHC  10E GIL       070831 0000 191N 1148W 270 046 0997 1008 0371 21 037 0037 0083 0083 -999 -999 -999
NHC  10E GIL       070831 0600 190N 1158W 265 046 0997 1008 0371 21 037 0037 0083 0083 -999 -999 -999
NHC  10E GIL       070831 1200 191N 1169W 270 046 0997 1008 0371 18 037 0056 0037 0083 00569 -999 -999 -999
NHC  10E GIL       070831 1800 188N 1180W 265 051 1000 1008 0371 18 037 0056 0046 0083 00569 -999 -999 -999
NHC  10E GIL       070901 0000 187N 1186W 265 041 1001 1008 0371 15 046 -999 -999 -999 -999 -999 -999
NHC  10E GIL       070901 0600 186N 1195W 265 046 1001 1008 0371 15 056 -999 -999 -999 -999 -999 -999
NHC  10E GIL       070901 1200 187N 1203W 275 041 1004 1008 0278 13 056 -999 -999 -999 -999 -999 -999
NHC  10E GIL       070901 1800 190N 1212W 280 041 1005 1008 0222 13 056 -999 -999 -999 -999 -999 -999
NHC  10E GIL       070902 0000 192N 1220W 285 041 1005 1008 0222 13 056 -999 -999 -999 -999 -999 -999
NHC  10E GIL       070902 0600 194N 1228W 285 041 1005 1008 0222 13 056 -999 -999 -999 -999 -999 -999
NHC  10E GIL       070902 1200 196N 1237W 285 041 1007 1008 0111 10 056 -999 -999 -999 -999 -999 -999
