NHC  14E FOURTEEN  070929 0600 149N 1106W 280 072 1006 1009 0278 15 056 -999 -999 -999 -999 -999 -999
NHC  14E FOURTEEN  070929 1200 151N 1112W 280 057 1006 1009 0278 15 056 -999 -999 -999 -999 -999 -999
NHC  14E JULIETTE  070929 1800 161N 1118W 300 057 1003 1009 0278 18 056 -999 0056 0111 00569 -999 -999 -999
NHC  14E JULIETTE  070930 0000 165N 1119W 355 021 1003 1009 0278 18 056 -999 0056 0111 00569 -999 -999 -999
NHC  14E JULIETTE  070930 0600 172N 1124W 325 041 1003 1009 0278 18 056 -999 0056 0111 00569 -999 -999 -999
NHC  14E JULIETTE  070930 1200 181N 1127W 335 046 1002 1009 0278 21 046 -999 0056 0111 00569 -999 -999 -999
NHC  14E JULIETTE  070930 1800 192N 1137W 325 057 0997 1009 0278 26 037 0056 0074 0111 00567 0037 0037 0037
NHC  14E JULIETTE  071001 0000 199N 1145W 320 051 1000 1009 0278 23 037 0074 0074 0074 00749 -999 -999 -999
NHC  14E JULIETTE  071001 0600 206N 1146W 330 046 1001 1009 0278 23 037 -999 -999 0111 01489 -999 -999 -999
NHC  14E JULIETTE  071001 1200 214N 1153W 325 046 1002 1009 0278 23 046 -999 -999 0111 01489 -999 -999 -999
NHC  14E JULIETTE  071001 1800 224N 1154W 335 051 1003 1009 0278 21 056 0074 0074 0111 01489 -999 -999 -999
NHC  14E JULIETTE  071002 0000 231N 1157W 340 041 1005 1011 0278 15 056 -999 -999 -999 -999 -999 -999
