NHC  14L FOURTEEN  070928 1200 140N 0262W 270 021 1008 1014 0324 15 074 -999 -999 -999 -999 -999 -999
NHC  14L FOURTEEN  070928 1800 140N 0267W 270 026 1008 1014 0324 15 074 -999 -999 -999 -999 -999 -999
NHC  14L FOURTEEN  070929 0000 142N 0272W 280 026 1008 1014 0324 15 074 -999 -999 -999 -999 -999 -999
NHC  14L FOURTEEN  070929 0600 141N 0273W 270 015 1007 1014 0324 15 074 -999 -999 -999 -999 -999 -999
NHC  14L MELISSA   070929 1200 150N 0281W 305 031 1005 1014 0324 18 074 0111 0111 -999 01119 -999 -999 -999
NHC  14L MELISSA   070929 1800 153N 0290W 300 041 1005 1012 0278 18 037 0111 0111 0056 01119 -999 -999 -999
NHC  14L MELISSA   070930 0000 156N 0297W 300 041 1003 1012 0278 21 037 0111 0111 0056 01119 -999 -999 -999
NHC  14L MELISSA   070930 0600 162N 0309W 295 067 1005 1012 0278 18 037 0111 0111 -999 -999 -999 -999
NHC  14L MELISSA   070930 1200 159N 0320W 285 051 1007 1012 0278 15 056 -999 -999 -999 -999 -999 -999
NHC  14L MELISSA   070930 1800 161N 0334W 280 067 1007 1012 0278 13 056 -999 -999 -999 -999 -999 -999
NHC  14L MELISSA   071001 0000 162N 0348W 275 067 1007 1012 0278 13 056 -999 -999 -999 -999 -999 -999
NHC  14L MELISSA   071001 0600 163N 0362W 275 072 1007 1012 0278 13 056 -999 -999 -999 -999 -999 -999
NHC  14L MELISSA   071001 1200 165N 0372W 275 072 1008 1012 0278 13 056 -999 -999 -999 -999 -999 -999
NHC  14L MELISSA   071001 1800 169N 0386W 275 072 1008 1012 0278 13 056 -999 -999 -999 -999 -999 -999
NHC  14L MELISSA   071002 0000 172N 0401W 275 072 1009 1012 0278 13 056 -999 -999 -999 -999 -999 -999
NHC  14L MELISSA   071002 0600 175N 0415W 275 072 1010 1012 0278 10 056 -999 -999 -999 -999 -999 -999
NHC  14L MELISSA   071002 1200 182N 0426W 275 072 1010 1012 0278 10 056 -999 -999 -999 -999 -999 -999
NHC  14L MELISSA   071002 1800 189N 0435W 275 072 1010 1012 0278 13 056 -999 -999 -999 -999 -999 -999
NHC  14L MELISSA   071003 0000 195N 0445W 275 072 1010 1012 0278 13 056 -999 -999 -999 -999 -999 -999
NHC  14L MELISSA   071003 0600 201N 0455W 275 072 1010 1012 0278 13 056 -999 -999 -999 -999 -999 -999
NHC  14L MELISSA   071003 1200 207N 0465W 275 072 1010 1012 0278 13 056 -999 -999 -999 -999 -999 -999
NHC  14L MELISSA   071003 1800 214N 0472W 305 057 1010 1013 0278 15 056 -999 -999 -999 -999 -999 -999
NHC  14L MELISSA   071004 0000 217N 0487W 305 057 1010 1013 0278 13 056 -999 -999 -999 -999 -999 -999
NHC  14L MELISSA   071004 0600 220N 0497W 305 057 1010 1013 0278 13 056 -999 -999 -999 -999 -999 -999
NHC  14L MELISSA   071004 1200 224N 0506W 295 051 1010 1013 0222 13 056 -999 -999 -999 -999 -999 -999
NHC  14L MELISSA   071004 1800 232N 0513W 310 046 1010 1013 0222 13 056 -999 -999 -999 -999 -999 -999
NHC  14L MELISSA   071005 0000 240N 0520W 315 046 1010 1013 0222 13 056 -999 -999 -999 -999 -999 -999
NHC  14L MELISSA   071005 0600 243N 0525W 315 046 1010 1013 0222 13 056 -999 -999 -999 -999 -999 -999
NHC  14L MELISSA   071005 1200 244N 0528W 360 000 1010 1013 0167 10 056 -999 -999 -999 -999 -999 -999
