JTWC 14S NAMELESS  070214 1800 159S 0661E 220 057 0997 1009 0352 18 083 -999 -999 -999 -999
JTWC 14S NAMELESS  070215 0600 178S 0640E 225 067 0994 1011 0324 21 065 0120 0083 -999 0074
JTWC 14S FAVIO     070215 1200 187S 0626E 230 072 0994 1011 0324 21 065 0111 0074 -999 0074
JTWC 14S FAVIO     070215 1800 199S 0621E 220 072 0994 1011 0315 21 065 0111 0074 -999 0074
JTWC 14S FAVIO     070216 0000 212S 0612E 215 072 0997 1011 0315 18 065 -999 -999 -999 -999
JTWC 14S FAVIO     070216 0600 222S 0600E 210 072 0997 1011 0315 18 065 -999 -999 -999 -999
JTWC 14S FAVIO     070216 1200 233S 0586E 225 072 0991 1011 0315 23 065 0111 0111 0111 0111
JTWC 14S FAVIO     070216 1800 239S 0576E 230 067 0997 1009 0259 18 065 -999 -999 -999 -999
JTWC 14S FAVIO     070217 0000 246S 0560E 235 072 0997 1009 0278 18 065 -999 -999 -999 -999
JTWC 14S FAVIO     070217 0600 251S 0548E 240 067 0991 1008 0278 23 046 0093 0093 0093 0093
JTWC 14S FAVIO     070217 1200 256S 0529E 250 077 0994 1008 0278 21 056 0083 0102 0102 0083
JTWC 14S FAVIO     070217 1800 259S 0520E 250 067 0991 1005 0278 23 056 0093 0102 0102 0093
JTWC 14S FAVIO     070218 0000 260S 0505E 255 067 0991 1007 0315 23 046 0093 0102 0111 0093
JTWC 14S FAVIO     070218 0600 261S 0495E 260 057 0991 1008 0278 23 046 0093 0111 0111 0093
JTWC 14S FAVIO     070218 1200 265S 0483E 260 057 0991 1008 0278 23 046 0093 0111 0111 0093
JTWC 14S FAVIO     070218 1800 266S 0474E 260 051 0991 1008 0259 23 046 0093 0111 0111 0093
JTWC 14S FAVIO     070219 0000 266S 0465E 260 046 0980 1008 0259 31 028 0102 0120 0120 0111
JTWC 14S FAVIO     070219 0600 266S 0459E 265 036 0980 1007 0259 31 037 0139 0167 0167 0130
JTWC 14S FAVIO     070219 1200 266S 0453E 270 031 0976 1007 0259 33 037 0130 0167 0167 0130
JTWC 14S FAVIO     070219 1800 263S 0447E 280 026 0967 1007 0259 39 028 0148 0167 0167 0148
JTWC 14S FAVIO     070220 0600 254S 0428E 300 041 0954 1003 0296 46 028 0157 0185 0176 0167
JTWC 14S FAVIO     070220 1200 252S 0418E 295 046 0938 1003 0306 54 019 0167 0176 0176 0167
JTWC 14S FAVIO     070220 1800 248S 0410E 295 046 0927 1003 0306 59 019 0167 0176 0176 0167
JTWC 14S FAVIO     070221 0000 244S 0400E 290 046 0916 1006 0278 64 019 0167 0176 0176 0167
JTWC 14S FAVIO     070221 0600 241S 0390E 295 046 0927 1003 0296 59 009 0157 0176 0167 0157
JTWC 14S FAVIO     070221 1200 238S 0381E 290 046 0944 1002 0343 51 019 0157 0185 0176 0167
JTWC 14S FAVIO     070221 1800 235S 0372E 290 046 0954 1002 0343 46 028 0139 0167 0157 0148
JTWC 14S FAVIO     070222 0000 230S 0362E 295 046 0933 1006 0333 57 028 0157 0185 0185 0157
JTWC 14S FAVIO     070222 0600 222S 0357E 305 046 0938 1007 0278 54 019 0194 0194 0213 0194
JTWC 14S FAVIO     070222 1200 217S 0351E 310 046 0954 1007 0278 46 028 0204 0204 0185 0185
JTWC 14S FAVIO     070222 1800 210S 0346E 325 041 0954 1007 0278 46 028 -999 -999 -999 -999
