NHC  15E FIFTEEN   071015 0000 149N 1085W 310 010 1003 1006 0371 15 056 -999 -999 -999 -999 -999 -999
NHC  15E FIFTEEN   071015 0600 152N 1089W 325 015 1003 1007 0324 15 074 -999 -999 -999 -999 -999 -999
NHC  15E FIFTEEN   071015 1200 154N 1089W 325 010 1003 1007 0324 15 074 -999 -999 -999 -999 -999 -999
NHC  15E FIFTEEN   071015 1800 151N 1087W 360 000 1003 1008 0278 15 093 -999 -999 -999 -999 -999 -999
NHC  15E FIFTEEN   071016 0000 147N 1090W 200 010 1002 1008 0371 15 093 -999 -999 -999 -999 -999 -999
NHC  15E FIFTEEN   071016 0600 144N 1089W 180 010 1002 1008 0371 15 093 -999 -999 -999 -999 -999 -999
NHC  15E KIKO      071016 1200 147N 1089W 360 000 1001 1008 0371 18 093 -999 -999 0093 00939 -999 -999 -999
NHC  15E KIKO      071016 1800 141N 1081W 125 015 1001 1008 0371 15 093 -999 -999 -999 -999 -999 -999
NHC  15E KIKO      071017 0000 140N 1076W 110 021 1001 1008 0371 15 093 -999 -999 -999 -999 -999 -999
NHC  15E KIKO      071017 0600 141N 1074W 090 015 1000 1008 0371 18 074 -999 -999 0167 -999 -999 -999
NHC  15E KIKO      071017 1200 146N 1071W 040 021 1000 1008 0371 18 074 -999 0139 0167 -999 -999 -999
NHC  15E KIKO      071017 1800 145N 1056W 080 031 1000 1008 0371 18 074 -999 0139 0167 -999 -999 -999
NHC  15E KIKO      071018 0000 147N 1049W 070 036 1000 1008 0334 18 074 -999 0139 0167 -999 -999 -999
NHC  15E KIKO      071018 0600 151N 1043W 070 036 1000 1008 0278 18 074 -999 0139 0167 -999 -999 -999
NHC  15E KIKO      071018 1200 162N 1035W 040 051 1000 1008 0278 18 074 -999 0139 0167 -999 -999 -999
NHC  15E KIKO      071018 1800 166N 1037W 360 021 1000 1008 0278 18 074 -999 0139 0167 -999 -999 -999
NHC  15E KIKO      071019 0000 167N 1041W 325 015 1000 1008 0278 18 074 -999 0139 0167 -999 -999 -999
NHC  15E KIKO      071019 0600 166N 1048W 360 000 1000 1008 0278 18 056 -999 0111 0111 00839 -999 -999 -999
NHC  15E KIKO      071019 1200 169N 1050W 305 015 0999 1008 0278 21 056 0083 0111 0111 00839 -999 -999 -999
NHC  15E KIKO      071019 1800 173N 1053W 305 021 0998 1008 0278 23 046 0111 0139 0111 01119 -999 -999 -999
NHC  15E KIKO      071020 0000 176N 1057W 315 021 0998 1008 0278 23 046 0111 0139 0111 01119 -999 -999 -999
NHC  15E KIKO      071020 0600 176N 1060W 305 021 0996 1009 0278 25 037 0139 0139 0139 01396 0056 0056 0056
NHC  15E KIKO      071020 1200 179N 1064W 305 021 0994 1009 0278 28 037 0139 0139 0139 01396 0056 0056 0056
NHC  15E KIKO      071020 1800 183N 1068W 310 026 0991 1009 0278 31 037 0167 0139 0139 01396 0056 0056 0056
NHC  15E KIKO      071021 0000 187N 1071W 320 026 0991 1008 0278 31 037 0167 0139 0139 01396 0056 0056 0056
NHC  15E KIKO      071021 0600 191N 1072W 330 026 0991 1008 0278 31 037 0148 0093 0120 01484 0037 0037 0074
NHC  15E KIKO      071021 1200 194N 1074W 345 021 0991 1008 0278 31 037 0148 0093 0120 01484 0037 0037 0074
NHC  15E KIKO      071021 1800 194N 1075W 330 015 0998 1008 0278 23 037 0148 0093 0120 01484 0037 0037 0074
NHC  15E KIKO      071022 0000 195N 1078W 315 015 1000 1008 0324 23 037 0111 0074 0074 01119 -999 -999 -999
NHC  15E KIKO      071022 0600 196N 1080W 300 010 1002 1010 0324 21 037 0111 0056 0056 00939 -999 -999 -999
NHC  15E KIKO      071022 1200 197N 1086W 285 021 1002 1010 0371 21 037 0111 0056 0056 00939 -999 -999 -999
NHC  15E KIKO      071022 1800 195N 1094W 265 041 1005 1012 0278 18 037 0111 0056 0056 00939 -999 -999 -999
NHC  15E KIKO      071023 0000 194N 1104W 260 046 1006 1010 0278 15 037 -999 -999 -999 -999 -999 -999
NHC  15E KIKO      071023 0600 191N 1117W 260 057 1007 1011 0278 15 037 -999 -999 -999 -999 -999 -999
NHC  15E KIKO      071023 1200 187N 1123W 255 051 1007 1011 0278 13 037 -999 -999 -999 -999 -999 -999
NHC  15E KIKO      071023 1800 183N 1138W 250 057 1009 1011 0278 13 037 -999 -999 -999 -999 -999 -999
