JTWC 23W NAMELESS  071119 0000 095N 1265E 305 036 1000 1008 0278 15 083 -999 -999 -999 -999
JTWC 23W NAMELESS  071119 0600 105N 1252E 305 057 1000 1007 0241 15 074 -999 -999 -999 -999
JTWC 23W NAMELESS  071119 1200 106N 1235E 290 067 1000 1007 0250 15 056 -999 -999 -999 -999
JTWC 23W NAMELESS  071119 1800 104N 1222E 275 072 0996 1007 0250 18 056 -999 -999 -999 -999
JTWC 23W NAMELESS  071120 0000 091N 1208E 255 072 0996 1007 0250 18 074 -999 -999 -999 -999
JTWC 23W NAMELESS  071120 0600 095N 1194E 260 057 0996 1007 0250 18 074 -999 -999 -999 -999
JTWC 23W NAMELESS  071120 1200 095N 1189E 270 026 0996 1007 0250 18 074 -999 -999 -999 -999
JTWC 23W HAGIBIS   071121 0000 095N 1161E 270 057 0985 1007 0259 26 083 0111 0102 0102 0111
JTWC 23W HAGIBIS   071121 0600 096N 1150E 270 057 0985 1008 0278 26 083 0111 0102 0083 0111
JTWC 23W HAGIBIS   071121 1200 096N 1139E 270 057 0978 1008 0278 31 037 0139 0102 0111 0148
JTWC 23W HAGIBIS   071121 1800 098N 1130E 275 051 0974 1008 0278 33 037 0139 0102 0111 0148
JTWC 23W HAGIBIS   071122 0000 104N 1131E 295 036 0970 1008 0315 36 037 0157 0130 0130 0157
JTWC 23W HAGIBIS   071122 0600 107N 1123E 295 041 0967 1005 0315 39 028 0157 0148 0157 0167
JTWC 23W HAGIBIS   071122 1200 109N 1120E 295 036 0963 1005 0315 41 028 0157 0148 0167 0176
JTWC 23W HAGIBIS   071122 1800 112N 1113E 295 031 0959 1006 0389 44 028 0157 0148 0167 0176
JTWC 23W HAGIBIS   071123 0000 115N 1110E 300 026 0967 1006 0389 39 028 0157 0148 0167 0176
JTWC 23W HAGIBIS   071123 0600 117N 1109E 310 021 0967 1006 0370 39 037 0167 0157 0176 0185
JTWC 23W HAGIBIS   071123 1200 119N 1112E 350 010 0970 1006 0370 36 037 0167 0167 0176 0185
JTWC 23W HAGIBIS   071123 1800 120N 1105E 315 010 0978 1006 0370 31 046 0167 0167 0176 0185
JTWC 23W HAGIBIS   071124 0000 117N 1110E   0 -99 0982 1006 0370 28 046 0130 0120 0120 0130
JTWC 23W HAGIBIS   071124 0600 120N 1114E   0 005 0982 1006 0333 28 046 0111 0111 0111 0111
JTWC 23W HAGIBIS   071124 1200 120N 1119E  70 010 0985 1006 0333 26 046 0120 0120 0120 0120
JTWC 23W HAGIBIS   071124 1800 120N 1122E  80 010 0993 1006 0333 21 074 0120 0130 0130 0120
JTWC 23W HAGIBIS   071125 0600 116N 1133E 105 026 0996 1006 0333 18 074 0120 0120 0120 0120
JTWC 23W HAGIBIS   071125 1200 115N 1137E 110 026 0996 1006 0296 18 083 -999 -999 -999 -999
JTWC 23W HAGIBIS   071125 1800 115N 1140E 110 021 0996 1006 0296 18 083 0120 0130 0130 0120
JTWC 23W HAGIBIS   071126 0000 113N 1146E 105 021 1000 1006 0296 15 083 -999 -999 -999 -999
JTWC 23W HAGIBIS   071126 0600 116N 1155E  85 031 1000 1008 0296 15 083 -999 -999 -999 -999
JTWC 23W HAGIBIS   071126 1200 119N 1168E  70 067 1000 1006 0333 15 083 -999 -999 -999 -999
JTWC 23W HAGIBIS   071126 1800 118N 1180E  80 057 1003 1005 0278 13 083 -999 -999 -999 -999
JTWC 23W HAGIBIS   071127 0000 119N 1192E  85 062 1004 1005 0278 13 083 -999 -999 -999 -999
