JTWC 24W MITAG     071121 0000 138N 1338E 295 062 0993 1008 0380 21 046 0102 0074 0065 0102
JTWC 24W MITAG     071121 0600 142N 1323E 290 072 0989 1008 0380 23 046 0102 0074 0074 0102
JTWC 24W MITAG     071121 1200 142N 1317E 270 031 0982 1008 0278 28 028 0111 0093 0093 0111
JTWC 24W MITAG     071121 1800 144N 1308E 280 072 0978 1008 0380 31 028 0120 0102 0102 0120
JTWC 24W MITAG     071122 0000 146N 1295E 280 046 0970 1008 0380 36 028 0120 0102 0102 0120
JTWC 24W MITAG     071122 0600 145N 1286E 275 051 0963 1006 0389 41 028 0157 0139 0139 0167
JTWC 24W MITAG     071122 1200 141N 1277E 265 051 0959 1006 0389 44 037 0167 0148 0148 0176
JTWC 24W MITAG     071122 1800 140N 1269E 260 046 0956 1006 0389 46 028 0185 0157 0157 0176
JTWC 24W MITAG     071123 0000 136N 1267E 245 036 0956 1006 0389 46 028 0185 0157 0157 0176
JTWC 24W MITAG     071123 0600 136N 1265E 250 021 0952 1005 0398 49 037 0185 0176 0185 0204
JTWC 24W MITAG     071123 1200 139N 1266E 295 005 0952 1005 0398 49 028 0194 0176 0185 0204
JTWC 24W MITAG     071123 1800 142N 1263E 320 015 0952 1005 0398 49 028 0296 0232 0250 0296
JTWC 24W MITAG     071124 0000 144N 1259E 315 015 0952 1005 0398 49 019 0296 0250 0250 0296
JTWC 24W MITAG     071124 0600 149N 1258E 325 021 0959 1006 0407 44 037 0296 0296 0259 0296
JTWC 24W MITAG     071124 1200 151N 1259E 335 015 0959 1006 0407 44 037 0315 0296 0278 0296
JTWC 24W MITAG     071124 1800 152N 1251E 305 021 0959 1006 0407 44 028 0315 0296 0278 0296
JTWC 24W MITAG     071125 0000 155N 1243E 295 036 0959 1006 0407 44 028 0315 0296 0278 0296
JTWC 24W MITAG     071125 0600 165N 1239E 305 041 0963 1006 0407 41 037 0259 0204 0204 0222
JTWC 24W MITAG     071125 1200 171N 1233E 320 046 0967 1006 0407 39 028 0259 0194 0176 0222
JTWC 24W MITAG     071125 1800 179N 1221E 310 057 0967 1006 0407 39 028 0269 0176 0148 0232
JTWC 24W MITAG     071126 0000 186N 1210E 310 062 0967 1006 0407 39 028 0269 0259 0176 0222
JTWC 24W MITAG     071126 0600 193N 1205E 310 062 0974 1006 0407 33 028 0269 0259 0157 0222
JTWC 24W MITAG     071126 1200 203N 1206E   5 051 0974 1006 0407 33 028 0204 0185 0139 0157
JTWC 24W MITAG     071126 1800 211N 1210E   0 041 0982 1004 0333 28 046 0185 0120 0120 0130
JTWC 24W MITAG     071127 0000 208N 1215E  30 031 0989 1004 0333 23 056 0157 0120 0120 0130
JTWC 24W MITAG     071127 0600 198N 1229E  90 041 0993 1003 0222 21 065 0148 0120 0120 0139
JTWC 24W MITAG     071127 1200 200N 1243E  90 051 0997 1002 0232 18 074 0120 0120 0139 0148
