NHC  90E INVEST    070525 0000 122N 1083W 090 005 1006 1008 0297 13 111 -999 -999 -999 -999 -999 -999
NHC  90E INVEST    070525 1200 123N 1077W 080 010 1006 1008 0297 13 111 -999 -999 -999 -999 -999 -999
NHC  90E INVEST    070525 1800 119N 1082W 160 005 1006 1008 0297 13 111 -999 -999 -999 -999 -999 -999
NHC  90E INVEST    070526 0000 119N 1091W 260 015 1006 1008 0297 13 111 -999 -999 -999 -999 -999 -999
NHC  90E INVEST    070526 1800 129N 1100W 320 021 1006 1008 0297 13 111 -999 -999 -999 -999 -999 -999
NHC  90E INVEST    070803 1800 168N 1164W 310 046 1008 1009 0278 13 000 -999 -999 -999 -999 -999 -999
NHC  90E INVEST    070804 0000 166N 1177W 300 051 1008 1010 0278 13 083 -999 -999 -999 -999 -999 -999
NHC  90E INVEST    070804 1200 175N 1195W 295 046 1008 1010 0278 13 083 -999 -999 -999 -999 -999 -999
NHC  90E INVEST    071013 1200 138N 1063W 290 031 1006 1008 0297 13 074 -999 -999 -999 -999 -999 -999
NHC  90E INVEST    071013 1800 139N 1069W 285 031 1006 1008 0297 13 074 -999 -999 -999 -999 -999 -999
NHC  90E INVEST    071014 0000 140N 1074W 280 031 1004 1006 0371 13 056 -999 -999 -999 -999 -999 -999
NHC  90E INVEST    071014 0600 144N 1080W 290 026 1004 1006 0371 13 056 -999 -999 -999 -999 -999 -999
NHC  90E INVEST    071014 1200 149N 1084W 305 031 1004 1006 0371 13 056 -999 -999 -999 -999 -999 -999
NHC  90E INVEST    071014 1800 147N 1083W 360 000 1005 1007 0371 13 056 -999 -999 -999 -999 -999 -999
