NHC  94E INVEST    070706 1800 092N 1044W 270 057 1009 1013 0371 10 111 -999 -999 -999 -999 -999 -999
NHC  94E INVEST    070708 0000 132N 1139W 285 057 1008 1013 0463 13 111 -999 -999 -999 -999 -999 -999
NHC  94E INVEST    070708 0600 133N 1149W 280 051 1008 1013 0445 13 111 -999 -999 -999 -999 -999 -999
NHC  94E INVEST    070708 1200 132N 1160W 275 051 1007 1010 0371 13 111 -999 -999 -999 -999 -999 -999
NHC  94E INVEST    070708 1800 134N 1168W 275 046 1007 1010 0371 13 093 -999 -999 -999 -999 -999 -999
NHC  94E INVEST    070709 0000 154N 1168W 300 051 1007 1010 0371 13 093 -999 -999 -999 -999 -999 -999
NHC  94E INVEST    070709 1200 163N 1183W 305 041 1007 1010 0371 13 093 -999 -999 -999 -999 -999 -999
NHC  94E INVEST    070709 1800 166N 1187W 305 036 1006 1010 0371 15 093 -999 -999 -999 -999 -999 -999
NHC  94E INVEST    070828 0600 176N 1052W 290 046 1007 1010 0278 10 074 -999 -999 -999 -999 -999 -999
NHC  94E INVEST    070828 1200 175N 1055W 285 036 1004 1008 0371 13 093 -999 -999 -999 -999 -999 -999
NHC  94E INVEST    070828 1800 177N 1056W 290 021 1004 1008 0371 13 093 -999 -999 -999 -999 -999 -999
NHC  94E INVEST    070829 0000 186N 1075W 280 036 1004 1008 0371 13 093 -999 -999 -999 -999 -999 -999
NHC  94E INVEST    070829 0600 189N 1080W 285 036 1006 1009 0334 13 093 -999 -999 -999 -999 -999 -999
NHC  94E INVEST    070829 1200 190N 1088W 280 041 1002 1007 0222 13 093 -999 -999 -999 -999 -999 -999
