NHC  96L INVEST    070703 0000 090N 0365W 275 051 1009 1010 0278 10 000 -999 -999 -999 -999 -999 -999
NHC  96L INVEST    070703 1200 098N 0383W 285 051 1012 1014 0185 13 037 -999 -999 -999 -999 -999 -999
NHC  96L INVEST    070703 1800 103N 0398W 287 057 1012 1014 0185 13 037 -999 -999 -999 -999 -999 -999
NHC  96L INVEST    070704 0000 105N 0407W 285 057 1013 1015 0232 13 074 -999 -999 -999 -999 -999 -999
NHC  96L INVEST    070704 0600 104N 0415W 275 051 1013 1015 0241 13 083 -999 -999 -999 -999 -999 -999
NHC  96L INVEST    070704 1200 106N 0430W 276 057 1013 1015 0222 13 056 -999 -999 -999 -999 -999 -999
NHC  96L INVEST    070704 1800 108N 0441W 280 057 1013 1015 0222 13 056 -999 -999 -999 -999 -999 -999
NHC  96L INVEST    070705 0000 108N 0452W 275 057 1013 1015 0222 13 056 -999 -999 -999 -999 -999 -999
NHC  96L INVEST    070706 0000 113N 0505W 275 067 1013 1015 0371 13 056 -999 -999 -999 -999 -999 -999
NHC  96L INVEST    070830 1200 357N 0704W 360 000 1011 1013 0222 13 111 -999 -999 -999 -999 -999 -999
NHC  96L INVEST    070830 1800 362N 0700W 360 015 1011 1013 0222 13 111 -999 -999 -999 -999 -999 -999
NHC  96L INVEST    070831 0000 372N 0705W 340 057 1009 1013 0222 13 111 -999 -999 -999 -999 -999 -999
NHC  96L INVEST    070831 0600 377N 0710W 345 036 1009 1012 0222 13 111 -999 -999 -999 -999 -999 -999
NHC  96L INVEST    070831 1200 381N 0705W 040 026 1003 1010 0167 15 056 -999 -999 -999 -999 -999 -999
NHC  96L INVEST    070923 0600 062N 0261W 270 077 1007 1010 0324 13 083 -999 -999 -999 -999 -999 -999
NHC  96L INVEST    070923 1200 064N 0280W 275 088 1007 1010 0324 13 083 -999 -999 -999 -999 -999 -999
NHC  96L INVEST    070923 1800 071N 0294W 280 082 1007 1010 0324 13 083 -999 -999 -999 -999 -999 -999
NHC  96L INVEST    070924 0000 077N 0302W 290 072 1007 1010 0324 13 083 -999 -999 -999 -999 -999 -999
NHC  96L INVEST    070924 0600 085N 0310W 305 062 1007 1010 0324 13 083 -999 -999 -999 -999 -999 -999
NHC  96L INVEST    070924 1200 094N 0317W 315 057 1007 1010 0324 13 083 -999 -999 -999 -999 -999 -999
NHC  96L INVEST    070924 1800 093N 0345W 290 077 1007 1010 0324 13 083 -999 -999 -999 -999 -999 -999
NHC  96L INVEST    071011 1200 298N 0528W 065 062 1011 1013 0222 13 111 -999 -999 -999 -999 -999 -999
NHC  96L INVEST    071011 1800 300N 0510W 075 072 1011 1015 0278 15 093 -999 -999 -999 -999 -999 -999
