NHC  97E INVEST    070713 0000 125N 1075W 285 072 1009 1011 0185 13 093 -999 -999 -999 -999 -999 -999
NHC  97E INVEST    070713 1200 137N 1100W 290 067 1009 1011 0185 13 093 -999 -999 -999 -999 -999 -999
NHC  97E INVEST    070713 1800 143N 1110W 300 067 1007 1011 0232 13 093 -999 -999 -999 -999 -999 -999
NHC  97E INVEST    070714 0000 144N 1120W 295 057 1007 1011 0232 13 093 -999 -999 -999 -999 -999 -999
NHC  97E INVEST    070916 1800 114N 0988W 285 051 1008 1011 0259 10 000 -999 -999 -999 -999 -999 -999
NHC  97E INVEST    070917 0000 116N 0998W 285 051 1008 1011 0259 13 065 -999 -999 -999 -999 -999 -999
NHC  97E INVEST    070917 0600 117N 1015W 280 062 1008 1011 0259 13 065 -999 -999 -999 -999 -999 -999
NHC  97E INVEST    070917 1200 119N 1027W 280 062 1008 1010 0259 13 074 -999 -999 -999 -999 -999 -999
NHC  97E INVEST    070917 1800 125N 1045W 285 077 1008 1010 0259 13 074 -999 -999 -999 -999 -999 -999
NHC  97E INVEST    070918 0000 126N 1055W 280 067 1007 1010 0278 13 074 -999 -999 -999 -999 -999 -999
NHC  97E INVEST    070918 1200 132N 1069W 300 041 1007 1010 0278 13 074 -999 -999 -999 -999 -999 -999
