NHC  99E INVEST    070729 0000 095N 1125W 270 062 1009 1011 0222 13 056 -999 -999 -999 -999 -999 -999
NHC  99E INVEST    070729 1200 098N 1153W 275 072 1009 1011 0222 13 056 -999 -999 -999 -999 -999 -999
NHC  99E INVEST    070729 1800 109N 1159W 295 062 1009 1011 0222 13 056 -999 -999 -999 -999 -999 -999
NHC  99E INVEST    070730 0000 113N 1165W 305 057 1009 1011 0222 13 056 -999 -999 -999 -999 -999 -999
NHC  99E INVEST    070730 0600 120N 1172W 310 051 1008 1010 0371 13 056 -999 -999 -999 -999 -999 -999
NHC  99E INVEST    070730 1200 120N 1182W 300 046 1008 1010 0371 13 093 -999 -999 -999 -999 -999 -999
NHC  99E INVEST    070730 1800 122N 1192W 290 046 1008 1010 0324 13 111 -999 -999 -999 -999 -999 -999
NHC  99E INVEST    070731 0000 129N 1202W 295 051 1008 1010 0324 13 111 -999 -999 -999 -999 -999 -999
NHC  99E INVEST    070731 0600 129N 1210W 290 051 1008 1010 0324 13 111 -999 -999 -999 -999 -999 -999
NHC  99E INVEST    070731 1200 131N 1218W 285 046 1008 1010 0324 13 111 -999 -999 -999 -999 -999 -999
NHC  99E INVEST    070927 1200 141N 1024W 300 036 1009 1012 0278 10 056 -999 -999 -999 -999 -999 -999
NHC  99E INVEST    070927 1800 142N 1031W 290 036 1010 1012 0278 10 056 -999 -999 -999 -999 -999 -999
NHC  99E INVEST    070928 0000 142N 1043W 280 046 1007 1010 0232 10 056 -999 -999 -999 -999 -999 -999
NHC  99E INVEST    070928 0600 142N 1061W 270 051 1007 1010 0232 13 046 -999 -999 -999 -999 -999 -999
NHC  99E INVEST    070928 1200 142N 1069W 270 046 1007 1010 0232 13 046 -999 -999 -999 -999 -999 -999
NHC  99E INVEST    070928 1800 145N 1076W 275 041 1007 1010 0232 13 046 -999 -999 -999 -999 -999 -999
NHC  99E INVEST    070929 0000 147N 1086W 285 041 1006 1009 0278 13 056 -999 -999 -999 -999 -999 -999
