NHC  99L INVEST    070730 1200 097N 0457W 280 051 1010 1013 0297 10 093 -999 -999 -999 -999 -999 -999
NHC  99L INVEST    070730 1800 098N 0471W 280 057 1009 1012 0278 10 093 -999 -999 -999 -999 -999 -999
NHC  99L INVEST    070731 0000 102N 0490W 280 072 1009 1012 0324 10 093 -999 -999 -999 -999 -999 -999
NHC  99L INVEST    070731 0600 103N 0500W 280 072 1009 1012 0324 10 093 -999 -999 -999 -999 -999 -999
NHC  99L INVEST    070731 1200 110N 0504W 285 062 1009 1012 0324 13 093 -999 -999 -999 -999 -999 -999
NHC  99L INVEST    070731 1800 112N 0521W 280 062 1009 1012 0324 10 093 -999 -999 -999 -999 -999 -999
NHC  99L INVEST    070801 0000 113N 0533W 275 062 1009 1012 0324 13 093 -999 -999 -999 -999 -999 -999
NHC  99L INVEST    070801 0600 115N 0547W 275 072 1009 1012 0278 13 093 -999 -999 -999 -999 -999 -999
NHC  99L INVEST    070801 1200 118N 0564W 280 077 1009 1012 0278 13 093 -999 -999 -999 -999 -999 -999
NHC  99L INVEST    070801 1800 121N 0584W 280 082 1009 1012 0232 13 093 -999 -999 -999 -999 -999 -999
NHC  99L INVEST    070802 0000 125N 0599W 280 082 1009 1012 0232 13 093 -999 -999 -999 -999 -999 -999
NHC  99L INVEST    070802 0600 126N 0612W 280 082 1009 1012 0232 13 093 -999 -999 -999 -999 -999 -999
NHC  99L INVEST    070802 1200 126N 0650W 275 108 1009 1012 0232 13 093 -999 -999 -999 -999 -999 -999
NHC  99L INVEST    070802 1800 130N 0670W 275 113 1010 1013 0232 15 111 -999 -999 -999 -999 -999 -999
NHC  99L INVEST    070803 0000 136N 0693W 280 118 1010 1013 0232 15 111 -999 -999 -999 -999 -999 -999
NHC  99L INVEST    070804 0000 142N 0803W 275 139 1010 1013 0232 15 111 -999 -999 -999 -999 -999 -999
NHC  99L INVEST    070804 1200 151N 0833W 280 098 1010 1013 0232 15 111 -999 -999 -999 -999 -999 -999
NHC  99L INVEST    070903 1800 307N 0784W 090 026 1013 1016 0297 13 111 -999 -999 -999 -999 -999 -999
NHC  99L INVEST    070904 0000 300N 0775W 110 031 1011 1015 0278 13 111 -999 -999 -999 -999 -999 -999
NHC  99L INVEST    070904 0600 297N 0769W 115 036 1011 1014 0324 13 111 -999 -999 -999 -999 -999 -999
NHC  99L INVEST    070904 1200 294N 0758W 115 041 1009 1014 0343 13 111 -999 -999 -999 -999 -999 -999
NHC  99L INVEST    070904 1800 293N 0743W 100 046 1009 1014 0389 13 111 -999 -999 -999 -999 -999 -999
NHC  99L INVEST    070905 0000 294N 0736W 085 036 1009 1013 0389 13 093 -999 -999 -999 -999 -999 -999
NHC  99L INVEST    070905 0600 295N 0727W 085 041 1009 1013 0389 13 093 -999 -999 -999 -999 -999 -999
NHC  99L INVEST    070905 1200 291N 0715W 095 041 1008 1013 0389 13 093 -999 -999 -999 -999 -999 -999
NHC  99L INVEST    070905 1800 293N 0705W 090 046 1004 1013 0371 15 074 -999 -999 -999 -999 -999 -999
NHC  99L INVEST    070906 0000 297N 0695W 075 046 1005 1013 0371 15 074 -999 -999 -999 -999 -999 -999
NHC  99L INVEST    070906 0600 295N 0695W 080 031 1006 1013 0371 15 074 -999 -999 -999 -999 -999 -999
NHC  99L INVEST    070906 1200 286N 0695W 180 015 1010 1013 0371 15 139 -999 -999 -999 -999 -999 -999
NHC  99L INVEST    070906 1800 284N 0696W 185 021 1009 1011 0139 15 111 -999 -999 -999 -999 -999 -999
NHC  99L INVEST    070907 0000 283N 0696W 360 000 1009 1012 0185 15 111 -999 -999 -999 -999 -999 -999
NHC  99L INVEST    070907 1200 291N 0701W 355 026 1006 1013 0278 15 074 -999 -999 -999 -999 -999 -999
NHC  99L INVEST    070907 1800 295N 0708W 295 031 1006 1013 0278 15 093 -999 -999 -999 -999 -999 -999
NHC  99L INVEST    070908 0000 301N 0717W 300 041 1011 1015 0324 21 158 0167 -999 -999 01679 -999 -999 -999
NHC  99L INVEST    070928 0600 140N 0255W 270 021 1010 1014 0324 13 074 -999 -999 -999 -999 -999 -999
NHC  99L INVEST    070928 1200 140N 0262W 270 021 1008 1014 0324 15 074 -999 -999 -999 -999 -999 -999
NHC  99L INVEST    071014 1200 182N 0862W 315 021 1006 1009 0278 10 056 -999 -999 -999 -999 -999 -999
NHC  99L INVEST    071014 1800 185N 0870W 310 031 1007 1009 0278 10 111 -999 -999 -999 -999 -999 -999
NHC  99L INVEST    071015 0600 193N 0887W 290 051 1006 1008 0278 10 111 -999 -999 -999 -999 -999 -999
NHC  99L INVEST    071015 1200 207N 0907W 305 072 1006 1008 0232 10 083 -999 -999 -999 -999 -999 -999
NHC  99L INVEST    071015 1800 211N 0922W 300 077 1006 1008 0232 10 083 -999 -999 -999 -999 -999 -999
NHC  99L INVEST    071016 0000 215N 0930W 295 051 1005 1007 0232 10 083 -999 -999 -999 -999 -999 -999
NHC  99L INVEST    071016 0600 220N 0938W 300 051 1006 1008 0278 10 083 -999 -999 -999 -999 -999 -999
NHC  99L INVEST    071016 1200 228N 0943W 310 046 1006 1008 0278 13 083 -999 -999 -999 -999 -999 -999
NHC  99L INVEST    071016 1800 242N 0943W 345 051 1007 1009 0259 10 083 -999 -999 -999 -999 -999 -999
NHC  99L INVEST    071017 0000 252N 0943W 360 057 1006 1009 0278 13 222 -999 -999 -999 -999 -999 -999
