NHC  01E NAMELESS  990618 0600 130N 0980W 270 036 1006 1010 0222 15 074 -999 -999 -999 -999 -999 -999
NHC  01E ONE       990618 1200 133N 0989W 270 036 1006 1009 0222 15 093 -999 -999 -999 -999 -999 -999
NHC  01E ONE       990618 1800 139N 1002W 280 051 1005 1009 0222 18 093 0167 0111 0111 01679 -999 -999 -999
NHC  01E ADRIAN    990619 0000 145N 1016W 290 057 1003 1009 0222 21 093 0167 0111 0111 01679 -999 -999 -999
NHC  01E ADRIAN    990619 0600 151N 1031W 290 067 0998 1009 0222 26 074 0167 0111 0111 01673 -999 -999 0111
NHC  01E ADRIAN    990619 1200 154N 1046W 285 072 0998 1009 0222 28 074 0185 0139 0139 01859 0093 0093 0139
NHC  01E ADRIAN    990619 1800 161N 1057W 290 067 0993 1009 0278 31 056 0185 0139 0139 01399 0093 0093 0093
NHC  01E ADRIAN    990620 0000 167N 1067W 295 067 0987 1008 0278 33 056 0185 0139 0139 01399 0093 0093 0093
NHC  01E ADRIAN    990620 0600 174N 1082W 295 067 0984 1008 0278 36 056 0185 0139 0139 01859 0093 0093 0139
NHC  01E ADRIAN    990620 1200 175N 1085W 300 057 0980 1009 0371 39 056 0185 0139 0139 01859 0093 0093 0139
NHC  01E ADRIAN    990620 1800 180N 1099W 295 057 0975 1009 0371 44 056 0185 0139 0139 01859 0093 0093 0139
NHC  01E ADRIAN    990621 0000 180N 1105W 280 041 0978 1008 0445 41 056 0185 0139 0139 01859 0093 0093 0139
NHC  01E ADRIAN    990621 0600 183N 1115W 285 046 0979 1008 0445 39 056 0185 0139 0111 00933 0093 0056 -999
NHC  01E ADRIAN    990621 1200 185N 1118W 290 031 0987 1008 0445 33 056 0185 0139 0111 00933 0093 0056 -999
NHC  01E ADRIAN    990621 1800 187N 1118W 300 021 0991 1008 0445 31 056 0185 0139 0111 00933 0093 0056 -999
NHC  01E ADRIAN    990622 0000 187N 1124W 270 031 0997 1008 0445 23 056 0139 0111 0111 01399 -999 -999 -999
NHC  01E ADRIAN    990622 0600 186N 1129W 275 026 1000 1008 0445 18 056 0139 0111 0111 01399 -999 -999 -999
NHC  01E ADRIAN    990622 1200 186N 1130W 270 015 1001 1008 0445 15 056 -999 -999 -999 -999 -999 -999
NHC  01E ADRIAN    990622 1800 188N 1131W 300 010 1003 1008 0445 13 056 -999 -999 -999 -999 -999 -999
