NHC  01L ONE       990612 0000 279N 0572W 055 051 1009 1017 0222 18 111 0139 0111 0111 01119 -999 -999 -999
NHC  01L ONE       990612 0600 281N 0572W 030 021 1012 1017 0222 15 111 -999 -999 -999 -999 -999 -999
NHC  01L ONE       990612 1200 283N 0575W 015 015 1012 1017 0222 18 111 0111 -999 -999 -999 -999 -999
NHC  01L ARLENE    990612 1800 285N 0574W 360 010 1010 1018 0222 21 111 0111 -999 -999 -999 -999 -999
NHC  01L ARLENE    990613 0000 291N 0573W 360 015 1000 1016 0222 23 111 0148 0111 -999 -999 -999 -999
NHC  01L ARLENE    990613 0600 290N 0574W 350 010 1000 1016 0222 26 074 0185 0139 0093 00934 -999 -999 -999
NHC  01L ARLENE    990613 1200 291N 0583W 300 015 1000 1018 0185 26 046 0185 0139 0093 01394 0056 0056 0074
NHC  01L ARLENE    990613 1800 291N 0588W 280 021 1000 1016 0185 26 046 0167 0167 0139 01674 0074 0056 0074
NHC  01L ARLENE    990614 0000 292N 0593W 280 026 1009 1016 0185 23 046 0139 0167 0167 01399 -999 -999 -999
NHC  01L ARLENE    990614 0600 292N 0599W 280 026 1009 1016 0185 23 046 0167 0139 0139 01679 -999 -999 -999
NHC  01L ARLENE    990614 1200 293N 0604W 280 026 1009 1018 0222 23 074 0185 0139 0139 01399 -999 -999 -999
NHC  01L ARLENE    990614 1800 298N 0608W 295 026 1009 1020 0334 23 093 0185 0139 0139 01399 -999 -999 -999
NHC  01L ARLENE    990615 0000 298N 0612W 300 021 1012 1018 0222 21 093 0185 0185 0093 00939 -999 -999 -999
NHC  01L ARLENE    990615 0600 296N 0615W 285 021 1012 1018 0222 21 093 0185 0185 0093 00939 -999 -999 -999
NHC  01L ARLENE    990615 1200 296N 0613W 285 005 1008 1018 0278 23 074 0139 0093 0093 00939 -999 -999 -999
NHC  01L ARLENE    990616 0000 300N 0616W 310 021 1009 1018 0278 23 093 0185 0185 0093 01399 -999 -999 -999
NHC  01L ARLENE    990616 0600 302N 0622W 300 021 1010 1018 0278 26 093 0232 0093 0093 01395 -999 -999 -999
NHC  01L ARLENE    990616 1200 309N 0623W 335 026 1012 1016 0222 23 111 0167 0111 0111 01679 -999 -999 -999
NHC  01L ARLENE    990616 1800 316N 0626W 340 036 1012 1016 0222 21 111 0167 0111 0111 01679 -999 -999 -999
NHC  01L ARLENE    990617 0000 318N 0626W 345 026 1014 1018 0185 18 111 0167 0111 0111 01679 -999 -999 -999
NHC  01L ARLENE    990617 0600 324N 0631W 335 036 1015 1019 0185 15 111 -999 -999 -999 -999 -999 -999
NHC  01L ARLENE    990617 1200 335N 0630W 360 051 1015 1019 0185 15 111 -999 -999 -999 -999 -999 -999
NHC  01L ARLENE    990617 1800 344N 0623W 025 057 1015 1018 0185 15 111 -999 -999 -999 -999 -999 -999
NHC  01L ARLENE    990618 0000 354N 0616W 020 057 1015 1018 0185 13 111 -999 -999 -999 -999 -999 -999
