NHC  02E TWO       990709 1200 132N 1036W 280 046 1005 1013 0334 18 111 0139 0139 0139 01399 -999 -999 -999
NHC  02E BEATRIZ   990709 1800 133N 1055W 275 072 1005 1011 0334 18 139 0167 0167 -999 01679 -999 -999 -999
NHC  02E BEATRIZ   990710 0000 138N 1068W 280 072 1000 1011 0334 23 139 0232 0232 0139 02329 -999 -999 -999
NHC  02E BEATRIZ   990710 0600 140N 1079W 285 067 1000 1011 0334 23 139 0232 0232 0139 02329 -999 -999 -999
NHC  02E BEATRIZ   990710 1200 144N 1089W 285 072 1000 1011 0334 23 139 0185 0185 0139 01859 -999 -999 -999
NHC  02E BEATRIZ   990710 1800 144N 1102W 280 062 0997 1011 0334 26 139 0278 0278 0139 02785 0185 -999 0185
NHC  02E BEATRIZ   990711 0000 144N 1114W 275 057 0990 1011 0334 31 139 0278 0278 0139 02785 0185 -999 0185
NHC  02E BEATRIZ   990711 0600 145N 1130W 275 067 0990 1010 0334 31 056 0278 0278 0139 02785 0185 0093 0185
NHC  02E BEATRIZ   990711 1200 144N 1143W 270 067 0985 1010 0334 33 056 0278 0278 0139 02785 0185 0093 0185
NHC  02E BEATRIZ   990711 1800 141N 1153W 265 062 0980 1010 0334 39 056 0278 0278 0139 02785 0185 0093 0185
NHC  02E BEATRIZ   990712 0000 141N 1163W 270 057 0975 1010 0334 41 056 0278 0278 0139 02785 0185 0093 0185
NHC  02E BEATRIZ   990712 0600 140N 1174W 270 051 0970 1009 0371 46 056 0185 0185 0185 01859 0139 0139 0139
NHC  02E BEATRIZ   990712 1200 142N 1183W 275 051 0970 1009 0371 46 028 0185 0185 0185 01859 0139 0139 0139
NHC  02E BEATRIZ   990712 1800 142N 1193W 275 051 0960 1009 0371 51 037 0204 0204 0204 02048 0158 0158 0158
NHC  02E BEATRIZ   990713 0000 145N 1203W 280 051 0956 1009 0371 54 028 0204 0204 0204 02048 0158 0158 0158
NHC  02E BEATRIZ   990713 0600 147N 1213W 280 051 0956 1009 0371 54 028 0204 0204 0204 02048 0158 0158 0158
NHC  02E BEATRIZ   990713 1200 151N 1222W 290 051 0956 1009 0371 54 028 0204 0204 0204 02048 0158 0158 0158
NHC  02E BEATRIZ   990713 1800 154N 1230W 290 046 0961 1009 0371 51 028 0204 0204 0204 02048 0158 0158 0158
NHC  02E BEATRIZ   990714 0000 160N 1240W 295 051 0961 1010 0371 51 028 0204 0204 0139 02048 0158 0093 0158
NHC  02E BEATRIZ   990714 0600 164N 1249W 295 051 0965 1010 0371 49 037 0204 0204 0139 02048 0158 0093 0158
NHC  02E BEATRIZ   990714 1200 170N 1257W 300 051 0965 1010 0371 49 037 0204 0204 0139 02048 0158 0093 0158
NHC  02E BEATRIZ   990714 1800 175N 1265W 305 046 0970 1010 0371 46 037 0204 0204 0139 02048 0158 0093 0158
NHC  02E BEATRIZ   990715 0000 179N 1273W 305 046 0978 1010 0324 41 037 0204 0204 0139 02048 0158 0093 0158
NHC  02E BEATRIZ   990715 0600 184N 1280W 305 046 0978 1010 0324 41 037 0204 0204 0139 02048 0158 0093 0158
NHC  02E BEATRIZ   990715 1200 187N 1288W 300 046 0978 1010 0324 41 037 0204 0204 0139 02048 0158 0093 0158
NHC  02E BEATRIZ   990715 1800 190N 1293W 300 041 0984 1010 0324 36 037 0185 0185 0185 01859 0139 0139 0139
NHC  02E BEATRIZ   990716 0000 191N 1302W 290 036 0994 1010 0278 28 093 0185 0185 0185 01851 0111 0111 0111
NHC  02E BEATRIZ   990716 0600 196N 1316W 285 051 0999 1011 0278 23 093 0139 0139 0139 01399 -999 -999 -999
NHC  02E BEATRIZ   990716 1800 196N 1328W 280 041 1003 1011 0278 15 093 -999 -999 -999 -999 -999 -999
