NHC  03L THREE     990818 1800 200N 0935W 275 051 1010 1014 0278 15 056 -999 -999 -999 -999 -999 -999
NHC  03L THREE     990819 0000 196N 0942W 270 021 1007 1014 0278 15 074 -999 -999 -999 -999 -999 -999
NHC  03L THREE     990819 0600 199N 0937W 275 021 1007 1014 0278 15 074 -999 -999 -999 -999 -999 -999
NHC  03L THREE     990819 1200 195N 0944W 000 000 1008 1014 0278 15 111 -999 -999 -999 -999 -999 -999
NHC  03L THREE     990819 1800 198N 0946W 330 010 1006 1014 0278 15 019 -999 -999 -999 -999 -999 -999
NHC  03L BRET      990820 0000 198N 0947W 000 000 1000 1010 0185 18 019 0056 0056 0167 01119 -999 -999 -999
NHC  03L BRET      990820 0600 199N 0946W 335 005 0999 1010 0185 23 019 0056 0056 0167 01119 -999 -999 -999
NHC  03L BRET      990820 1200 207N 0946W 360 031 0993 1010 0185 26 019 0056 0056 0167 01119 -999 -999 -999
NHC  03L BRET      990820 1800 211N 0944W 005 031 0992 1010 0185 28 019 0139 0139 0167 01117 0037 0037 0037
NHC  03L BRET      990821 0000 220N 0944W 000 041 0983 1011 0222 31 019 0167 0167 0074 00747 0037 -999 -999
NHC  03L BRET      990821 0600 225N 0946W 345 031 0980 1011 0222 39 024 0185 0167 0083 01674 0056 0037 0056
NHC  03L BRET      990821 1200 231N 0948W 340 036 0979 1012 0222 41 019 0185 0167 0083 01674 0056 0037 0056
NHC  03L BRET      990821 1800 238N 0950W 345 036 0976 1009 0278 44 024 0185 0185 0083 01304 0074 0037 0056
NHC  03L BRET      990822 0000 246N 0951W 360 062 0955 1009 0278 54 024 0232 0185 0083 01302 0074 0037 0056
NHC  03L BRET      990822 0600 256N 0954W 340 041 0952 1010 0278 59 022 0158 0139 0093 01113 0074 0056 0056
NHC  03L BRET      990822 1200 262N 0961W 325 046 0945 1009 0232 62 022 0158 0139 0139 01113 0074 0046 0074
NHC  03L BRET      990822 1800 266N 0968W 300 036 0945 1009 0232 62 022 0204 0167 0083 01119 0074 0046 0056
NHC  03L BRET      990823 0000 269N 0974W 295 031 0952 1009 0232 54 019 0204 0167 0139 01399 0074 0046 0056
NHC  03L BRET      990823 0600 270N 0979W 280 026 0965 1009 0232 41 028 0167 0167 0139 01391 0074 0046 0056
NHC  03L BRET      990823 1200 272N 0983W 295 026 0985 1010 0232 28 093 0185 0093 -999 -999 -999 -999
NHC  03L BRET      990823 1800 276N 0988W 005 026 0993 1010 0232 18 565 -999 -999 -999 -999 -999 -999
