NHC  07E SEVEN     990806 0600 124N 1022W 285 077 1007 1012 0222 15 056 -999 -999 -999 -999 -999 -999
NHC  07E SEVEN     990806 1200 129N 1035W 285 077 1007 1010 0222 15 056 -999 -999 -999 -999 -999 -999
NHC  07E DORA      990806 1800 132N 1050W 285 077 1005 1010 0222 18 093 0111 0093 -999 01119 -999 -999 -999
NHC  07E DORA      990807 0000 136N 1065W 285 077 0999 1010 0222 23 093 0111 0093 -999 01119 -999 -999 -999
NHC  07E DORA      990807 0600 139N 1078W 285 067 0999 1010 0222 23 093 0139 0093 0093 01399 -999 -999 -999
NHC  07E DORA      990807 1200 144N 1085W 290 062 0997 1010 0222 23 093 0139 0093 0093 01399 -999 -999 -999
NHC  07E DORA      990807 1800 152N 1085W 310 046 0996 1010 0222 26 093 0139 0093 0093 01393 -999 -999 0093
NHC  07E DORA      990808 0000 151N 1100W 295 041 0991 1010 0222 31 093 0139 0093 0093 01393 -999 -999 0093
NHC  07E DORA      990808 0600 154N 1113W 290 051 0987 1010 0222 33 056 0185 0139 0139 01853 0074 0074 0093
NHC  07E DORA      990808 1200 155N 1125W 280 051 0987 1010 0222 33 056 0185 0139 0139 01853 0074 0074 0093
NHC  07E DORA      990808 1800 150N 1130W 270 046 0980 1010 0222 39 056 0222 0185 0185 02221 0093 0093 0111
NHC  07E DORA      990809 0000 150N 1141W 270 051 0970 1010 0222 46 056 0222 0185 0185 02221 0093 0093 0111
NHC  07E DORA      990809 0600 148N 1152W 265 051 0970 1010 0278 46 056 0222 0185 0185 02221 0093 0093 0111
NHC  07E DORA      990809 1200 147N 1160W 260 046 0970 1010 0278 46 046 0222 0185 0185 02221 0093 0093 0111
NHC  07E DORA      990809 1800 145N 1168W 260 046 0970 1010 0278 46 046 0222 0222 0222 02221 0111 0111 0111
NHC  07E DORA      990810 0000 145N 1175W 265 041 0960 1010 0278 51 046 0222 0222 0222 02221 0111 0111 0111
NHC  07E DORA      990810 0600 144N 1185W 265 041 0956 1010 0278 54 037 0222 0222 0222 02229 0139 0139 0139
NHC  07E DORA      990810 1200 143N 1194W 270 046 0952 1010 0278 57 037 0222 0222 0222 02229 0139 0139 0139
NHC  07E DORA      990810 1800 144N 1204W 270 046 0948 1010 0278 59 037 0222 0222 0222 02229 0139 0139 0139
NHC  07E DORA      990811 0000 145N 1215W 275 051 0948 1010 0278 59 037 0139 0139 0139 01673 0093 0093 0111
NHC  07E DORA      990811 0600 146N 1226W 275 051 0948 1010 0463 59 028 0139 0139 0139 01673 0093 0093 0111
NHC  07E DORA      990811 1200 146N 1238W 270 051 0948 1010 0463 59 028 0139 0139 0139 01673 0093 0093 0111
NHC  07E DORA      990811 1800 148N 1250W 275 062 0948 1010 0463 59 028 0139 0139 0139 01673 0093 0093 0111
NHC  07E DORA      990812 0000 149N 1264W 275 062 0945 1010 0463 59 028 0139 0139 0139 01673 0093 0093 0111
NHC  07E DORA      990812 0600 150N 1277W 275 067 0948 1010 0463 59 028 0232 0167 0167 02329 0139 0139 0139
NHC  07E DORA      990812 1200 153N 1291W 280 067 0948 1010 0463 59 028 0232 0167 0167 02329 0139 0139 0139
NHC  07E DORA      990812 1800 155N 1305W 280 072 0943 1010 0334 62 028 0232 0167 0167 02329 0139 0139 0139
NHC  07E DORA      990813 0000 155N 1323W 275 082 0943 1010 0334 62 028 0232 0167 0167 02329 0139 0139 0139
NHC  07E DORA      990813 0600 155N 1339W 270 082 0943 1010 0334 62 028 0232 0167 0167 02329 0139 0139 0139
NHC  07E DORA      990813 1200 156N 1358W 270 093 0948 1010 0334 59 028 0232 0167 0167 02329 0139 0139 0139
NHC  07E DORA      990813 1800 155N 1376W 270 093 0950 1010 0334 57 028 0232 0167 0167 02329 0139 0139 0139
NHC  07E DORA      990814 0000 156N 1397W 270 098 0960 1010 0334 51 028 0232 0167 0167 02329 0111 0111 0139
NHC  07E DORA      990814 0600 155N 1419W 270 103 0960 1010 0334 44 028 0232 0167 0167 02329 0111 0111 0139
NHC  07E DORA      990814 1200 155N 1433W 270 093 0985 1010 0334 39 028 0204 0167 0167 02041 0074 0074 0111
NHC  07E DORA      990814 1800 152N 1454W 265 093 0985 1010 0334 36 028 0204 0167 0167 02041 0074 0074 0111
NHC  07E DORA      990815 0000 152N 1472W 265 093 0985 1010 0334 36 028 0204 0167 0167 02041 0074 0074 0111
NHC  07E DORA      990815 0600 155N 1490W 270 093 0982 1008 0185 46 028 0222 0185 0185 02228 0111 0111 0148
NHC  07E DORA      990815 1200 155N 1508W 275 088 0978 1008 0185 51 028 0222 0111 0111 02228 0074 0074 0148
NHC  07E DORA      990815 1800 156N 1525W 275 088 0978 1008 0185 49 028 0222 0111 0111 02228 0074 0074 0148
NHC  07E DORA      990816 0000 158N 1543W 275 088 0965 1008 0185 49 028 0222 0111 0111 02228 0074 0074 0148
NHC  07E DORA      990816 0600 158N 1559W 275 082 0965 1008 0185 51 028 0222 0111 0111 02228 0074 0074 0148
NHC  07E DORA      990816 1200 157N 1577W 270 088 0972 1008 0185 46 028 0222 0111 0111 02228 0074 0074 0148
NHC  07E DORA      990816 1800 155N 1591W 265 077 0980 1008 0185 44 028 0222 0111 0111 02228 0074 0074 0148
NHC  07E DORA      990817 0000 155N 1608W 270 082 0989 1008 0185 41 028 0167 0111 0111 01670 0074 0074 0130
NHC  07E DORA      990817 0600 156N 1628W 270 088 0990 1008 0185 39 028 0167 0111 0111 01670 0074 0074 0130
NHC  07E DORA      990817 1200 155N 1644W 270 088 0987 1008 0185 39 028 0167 0111 0111 01670 0074 0074 0130
NHC  07E DORA      990817 1800 155N 1660W 270 088 0990 1008 0185 36 028 0148 0093 0093 01481 0074 0074 0111
NHC  07E DORA      990818 0000 156N 1678W 270 088 0992 1008 0185 33 028 0148 0074 0074 01483 0056 0056 0056
NHC  07E DORA      990818 0600 156N 1695W 270 088 0995 1008 0185 33 028 0111 0056 0056 01116 0037 0037 0056
NHC  07E DORA      990818 1200 157N 1714W 275 088 0995 1008 0185 33 028 0111 0056 0056 01116 0037 0037 0056
NHC  07E DORA      990818 1800 162N 1736W 275 098 0995 1008 0185 33 028 0111 0074 0074 01116 0056 0056 0056
NHC  07E DORA      990819 0000 165N 1753W 280 093 0995 1008 0185 33 028 0111 0074 0074 01116 0056 0056 0056
NHC  07E DORA      990819 0600 166N 1764W 275 067 0995 1008 0185 33 028 0111 0074 0074 01116 0056 0056 0056
NHC  07E DORA      990819 1200 172N 1777W 290 067 0995 1008 0185 33 028 0111 0074 0074 01116 0056 0056 0056
NHC  07E DORA      990819 1800 173N 1789W 285 062 0995 1008 0185 33 028 0111 0074 0074 01116 0056 0056 0056
NHC  07E DORA      990820 0000 180N 1808W 290 077 0996 1008 0185 28 028 0111 0074 0074 01117 0037 0037 0037
