NHC  10E TEN       990817 1800 134N 1153W 295 051 1006 1011 0334 15 139 -999 -999 -999 -999 -999 -999
NHC  10E TEN       990818 0000 140N 1164W 295 057 1003 1011 0334 15 139 -999 -999 -999 -999 -999 -999
NHC  10E TEN       990818 0600 150N 1180W 295 077 1000 1011 0334 18 139 -999 -999 0185 01859 -999 -999 -999
NHC  10E FERNANDA  990818 1200 154N 1186W 295 057 1000 1011 0334 21 111 -999 -999 0185 01859 -999 -999 -999
NHC  10E FERNANDA  990818 1800 156N 1195W 295 057 1000 1011 0334 23 111 -999 -999 0185 01859 -999 -999 -999
NHC  10E FERNANDA  990819 0000 160N 1205W 290 041 1000 1011 0334 23 111 -999 -999 0185 01859 -999 -999 -999
NHC  10E FERNANDA  990819 0600 167N 1212W 295 051 1000 1010 0334 23 111 0139 0139 0185 01859 -999 -999 -999
NHC  10E FERNANDA  990819 1200 171N 1220W 290 051 0997 1010 0334 26 111 0139 0139 0185 01859 -999 -999 -999
NHC  10E FERNANDA  990819 1800 169N 1230W 290 051 0997 1010 0334 28 111 0167 0167 0167 01679 -999 -999 -999
NHC  10E FERNANDA  990820 0000 167N 1233W 280 036 1000 1010 0334 26 111 0167 0167 0167 01679 -999 -999 -999
NHC  10E FERNANDA  990820 0600 165N 1241W 270 036 1003 1010 0334 21 111 0167 0167 0167 01679 -999 -999 -999
NHC  10E FERNANDA  990820 1200 165N 1247W 270 036 1004 1010 0278 18 139 -999 -999 0232 02329 -999 -999 -999
NHC  10E FERNANDA  990820 1800 161N 1256W 255 036 1004 1010 0278 18 139 -999 -999 0232 01859 -999 -999 -999
NHC  10E FERNANDA  990821 0000 158N 1264W 255 041 1004 1010 0278 15 139 -999 -999 -999 -999 -999 -999
NHC  10E FERNANDA  990821 0600 157N 1274W 255 046 1006 1010 0278 15 139 -999 -999 -999 -999 -999 -999
NHC  10E FERNANDA  990821 1200 155N 1280W 260 046 1006 1010 0278 15 139 -999 -999 -999 -999 -999 -999
NHC  10E FERNANDA  990821 1800 149N 1286W 250 041 1006 1010 0278 15 139 -999 -999 -999 -999 -999 -999
NHC  10E FERNANDA  990822 0000 147N 1294W 250 041 1006 1010 0278 15 139 -999 -999 -999 -999 -999 -999
NHC  10E FERNANDA  990822 0600 145N 1302W 250 041 1006 1010 0278 15 093 -999 -999 -999 -999 -999 -999
NHC  10E FERNANDA  990822 1200 143N 1305W 250 036 1006 1010 0278 15 093 -999 -999 -999 -999 -999 -999
