NHC  12E NAMELESS  990905 1800 190N 1053W 340 026 1002 1008 0334 21 093 0111 0167 -999 -999 -999 -999
NHC  12E GREG      990906 0000 200N 1060W 330 041 1002 1008 0334 21 093 0111 0185 0185 01119 -999 -999 -999
NHC  12E GREG      990906 0600 207N 1066W 325 041 1000 1008 0334 23 093 0111 0185 0185 01119 -999 -999 -999
NHC  12E GREG      990906 1200 210N 1078W 300 046 0994 1008 0334 28 056 0185 0185 0139 01394 0056 -999 -999
NHC  12E GREG      990906 1800 215N 1085W 305 031 0987 1008 0334 33 056 0185 0185 0139 01391 0111 0074 0074
NHC  12E GREG      990907 0000 219N 1090W 310 036 0987 1008 0334 33 056 0139 0185 0185 01394 0111 0111 0074
NHC  12E GREG      990907 0600 222N 1095W 305 031 0990 1008 0278 33 056 0111 0139 0139 01114 0093 0093 0074
NHC  12E GREG      990907 1200 225N 1095W 315 021 0990 1008 0278 33 056 0111 0139 0139 01114 0093 0093 0074
NHC  12E GREG      990907 1800 228N 1096W 340 021 0994 1008 0278 28 056 0083 0139 0139 00839 0093 0093 -999
NHC  12E GREG      990908 0000 231N 1103W 320 021 1001 1008 0278 23 056 0083 0139 0139 00839 -999 -999 -999
NHC  12E GREG      990908 0600 232N 1109W 285 031 1001 1008 0278 18 056 0083 0139 0139 00839 -999 -999 -999
NHC  12E GREG      990908 1200 229N 1113W 275 026 1005 1010 0278 15 056 -999 -999 -999 -999 -999 -999
NHC  12E GREG      990908 1800 228N 1113W 000 000 1007 1011 0278 15 056 -999 -999 -999 -999 -999 -999
NHC  12E GREG      990909 0000 230N 1115W 360 000 1007 1011 0278 13 056 -999 -999 -999 -999 -999 -999
NHC  12E GREG      990909 0600 232N 1118W 285 010 1006 1010 0278 13 056 -999 -999 -999 -999 -999 -999
NHC  12E GREG      990909 1200 232N 1120W 285 010 1008 1010 0278 13 056 -999 -999 -999 -999 -999 -999
