NHC  12L TWELVE    991006 0000 144N 0449W 300 021 1008 1012 0222 15 139 -999 -999 -999 -999 -999 -999
NHC  12L TWELVE    991006 0600 150N 0455W 290 036 1008 1012 0222 15 139 -999 -999 -999 -999 -999 -999
NHC  12L TWELVE    991006 1200 151N 0461W 280 031 1007 1012 0222 15 139 -999 -999 -999 -999 -999 -999
NHC  12L TWELVE    991006 1800 154N 0459W 290 021 1007 1012 0222 15 139 -999 -999 -999 -999 -999 -999
NHC  12L TWELVE    991007 0000 155N 0463W 295 026 1008 1012 0222 15 139 -999 -999 -999 -999 -999 -999
NHC  12L TWELVE    991007 0600 158N 0469W 295 026 1008 1012 0222 15 139 -999 -999 -999 -999 -999 -999
NHC  12L TWELVE    991007 1200 158N 0467W 300 015 1008 1012 0222 15 139 -999 -999 -999 -999 -999 -999
NHC  12L TWELVE    991007 1800 160N 0471W 300 021 1008 1012 0222 15 139 -999 -999 -999 -999 -999 -999
NHC  12L TWELVE    991008 0000 165N 0475W 320 015 1008 1012 0222 15 139 -999 -999 -999 -999 -999 -999
NHC  12L TWELVE    991008 0600 165N 0477W 300 015 1008 1012 0222 15 139 -999 -999 -999 -999 -999 -999
NHC  12L TWELVE    991008 1200 164N 0477W 000 000 1008 1012 0222 15 139 -999 -999 -999 -999 -999 -999
NHC  12L TWELVE    991008 1800 164N 0477W 000 000 1010 1012 0222 13 139 -999 -999 -999 -999 -999 -999
NHC  12L TWELVE    991010 0000 190N 0515W 305 057 1009 1012 0222 15 139 -999 -999 -999 -999 -999 -999
NHC  12L TWELVE    991010 0600 200N 0523W 310 067 1009 1012 0222 13 139 -999 -999 -999 -999 -999 -999
