NHC  13L IRENE     991013 1800 197N 0834W 360 046 1002 1010 0445 18 056 0167 0167 -999 -999 -999 -999
NHC  13L IRENE     991014 0000 207N 0835W 360 041 0999 1010 0445 26 056 0204 0204 -999 01116 0056 -999 0056
NHC  13L IRENE     991014 0600 213N 0837W 355 031 0995 1010 0445 33 056 0204 0204 -999 01116 0056 -999 0056
NHC  13L IRENE     991014 1200 218N 0835W 360 026 0995 1010 0445 33 056 0185 0185 -999 -999 -999 -999
NHC  13L IRENE     991014 1800 222N 0824W 035 031 0993 1010 0445 33 056 0185 0185 -999 -999 -999 -999
NHC  13L IRENE     991015 0000 233N 0827W 360 041 0988 1008 0371 33 037 0185 0185 0074 00743 0093 -999 0046
NHC  13L IRENE     991015 0600 238N 0821W 360 041 0988 1008 0371 33 037 0222 0222 0111 01118 0093 -999 0083
NHC  13L IRENE     991015 1200 244N 0818W 020 036 0986 1008 0371 33 074 0278 0278 0139 01858 0093 -999 0083
NHC  13L IRENE     991015 1800 251N 0813W 030 041 0985 1008 0371 33 074 0278 0278 0139 01858 0093 -999 0083
NHC  13L IRENE     991016 0000 261N 0806W 030 057 0987 1008 0334 33 074 0278 0278 0139 01858 0148 -999 0083
NHC  13L IRENE     991016 0600 270N 0802W 020 051 0989 1008 0334 33 074 0278 0278 0139 01857 0167 -999 0111
NHC  13L IRENE     991016 1200 278N 0801W 005 051 0985 1008 0334 36 074 0278 0278 0139 01852 0167 -999 0111
NHC  13L IRENE     991016 1800 286N 0798W 015 046 0987 1008 0371 33 111 0334 0334 0139 01852 0222 -999 0139
NHC  13L IRENE     991017 0000 294N 0798W 010 046 0984 1008 0334 33 111 0408 0334 0139 02328 0222 -999 0185
NHC  13L IRENE     991017 0600 302N 0799W 360 041 0982 1008 0334 33 111 0408 0371 0167 02328 0222 -999 0185
NHC  13L IRENE     991017 1200 312N 0799W 360 046 0982 1008 0334 33 111 0408 0371 0167 02328 0222 -999 0185
NHC  13L IRENE     991017 1800 321N 0793W 020 051 0978 1008 0334 33 056 0408 0371 0167 02328 0222 -999 0185
NHC  13L IRENE     991018 0000 333N 0778W 050 088 0977 1008 0334 33 056 0500 0500 0093 00935 0185 -999 0056
NHC  13L IRENE     991018 0600 347N 0753W 050 134 0964 1008 0334 39 056 0500 0500 0093 00935 0185 -999 0056
NHC  13L IRENE     991018 1200 367N 0723W 050 160 0958 1008 0417 46 019 0463 0510 0232 01852 0278 0074 0056
NHC  13L IRENE     991018 1800 391N 0678W 055 206 0960 1008 0417 44 019 0463 0510 0232 02322 0278 0185 0185
NHC  13L IRENE     991019 0000 415N 0610W 065 283 0965 1008 0417 41 046 0185 0556 0741 04179 0278 0371 0185
