NHC  14E NAMELESS  991008 1200 173N 1050W 355 021 1005 1007 0185 13 111 -999 -999 -999 -999 -999 -999
NHC  14E NAMELESS  991008 1800 177N 1051W 350 021 1004 1007 0185 15 111 -999 -999 -999 -999 -999 -999
NHC  14E IRWIN     991009 0000 182N 1051W 360 041 1000 1007 0185 18 111 -999 -999 -999 -999 -999 -999
NHC  14E IRWIN     991009 0600 186N 1055W 330 021 1000 1007 0185 21 074 0093 0139 0139 00939 -999 -999 -999
NHC  14E IRWIN     991009 1200 187N 1061W 315 026 1000 1007 0185 23 074 0093 0093 0093 00939 -999 -999 -999
NHC  14E IRWIN     991009 1800 190N 1069W 300 031 0997 1008 0185 26 056 0074 0074 0111 00749 -999 0056 -999
NHC  14E IRWIN     991010 0000 190N 1080W 285 036 0997 1008 0185 26 056 0074 0074 0111 00749 -999 0056 -999
NHC  14E IRWIN     991010 0600 192N 1090W 280 046 0998 1008 0185 23 056 0074 0074 0093 00749 -999 -999 -999
NHC  14E IRWIN     991010 1200 192N 1100W 275 046 0999 1008 0185 23 056 0074 0074 0093 00749 -999 -999 -999
NHC  14E IRWIN     991010 1800 189N 1108W 260 046 1002 1008 0185 21 056 0074 0074 0074 00749 -999 -999 -999
NHC  14E IRWIN     991011 0000 184N 1113W 250 041 1004 1008 0185 13 056 -999 -999 -999 -999 -999 -999
