NHC  14L FOURTEEN  991018 0000 100N 0520W 275 051 1006 1011 0334 15 074 -999 -999 -999 -999 -999 -999
NHC  14L FOURTEEN  991018 0600 103N 0528W 280 046 1004 1011 0334 18 074 0083 -999 -999 00839 -999 -999 -999
NHC  14L JOSE      991018 1200 106N 0538W 285 046 1004 1011 0334 18 074 0083 -999 -999 00839 -999 -999 -999
NHC  14L JOSE      991018 1800 122N 0551W 295 062 1003 1011 0334 21 074 0083 0083 0083 -999 -999 -999
NHC  14L JOSE      991019 0000 129N 0560W 300 057 1000 1009 0334 23 074 0083 0083 0083 00839 -999 -999 -999
NHC  14L JOSE      991019 0600 136N 0571W 305 057 0994 1009 0334 28 037 0093 0093 0093 00936 0046 0046 0046
NHC  14L JOSE      991019 1200 140N 0580W 300 057 0994 1009 0334 31 037 0093 0093 0093 00936 0046 0046 0046
NHC  14L JOSE      991019 1800 148N 0590W 305 057 0992 1009 0334 33 037 0185 0185 0056 01394 0093 -999 -999
NHC  14L JOSE      991020 0000 157N 0595W 315 057 0987 1010 0278 33 037 0185 0185 0056 01394 0074 -999 0056
NHC  14L JOSE      991020 0600 164N 0603W 315 051 0980 1010 0278 41 037 0185 0185 0056 01394 0074 0037 0056
NHC  14L JOSE      991020 1200 168N 0611W 305 051 0983 1010 0278 41 037 0185 0185 0056 01393 0093 0037 0056
NHC  14L JOSE      991020 1800 172N 0620W 300 046 0983 1010 0278 44 037 0185 0185 0056 01393 0093 0037 0056
NHC  14L JOSE      991021 0000 176N 0627W 300 046 0990 1010 0278 44 037 0185 0185 0056 01393 0093 0037 0056
NHC  14L JOSE      991021 0600 181N 0639W 295 057 0994 1010 0278 36 056 0222 0185 0056 01393 -999 -999 -999
NHC  14L JOSE      991021 1200 184N 0647W 295 046 0996 1010 0278 31 056 0222 0185 0056 01393 -999 -999 -999
NHC  14L JOSE      991021 1800 190N 0653W 300 041 0993 1009 0278 28 056 0222 0139 -999 01397 -999 -999 -999
NHC  14L JOSE      991022 0000 194N 0659W 305 036 0993 1009 0278 28 056 0222 0139 -999 01397 -999 -999 -999
NHC  14L JOSE      991022 0600 200N 0662W 315 036 0991 1006 0278 28 111 0232 0139 -999 01857 -999 -999 -999
NHC  14L JOSE      991022 1200 203N 0663W 325 031 0992 1006 0278 28 111 0232 0139 -999 01857 -999 -999 -999
NHC  14L JOSE      991022 1800 207N 0658W 005 021 0990 1006 0278 28 111 0232 0139 -999 01857 -999 -999 -999
NHC  14L JOSE      991023 0000 220N 0653W 020 051 0994 1006 0278 28 093 0232 0232 -999 -999 -999 -999
NHC  14L JOSE      991023 0600 230N 0649W 020 057 0995 1006 0278 26 056 0232 0232 -999 -999 -999 -999
NHC  14L JOSE      991023 1200 240N 0643W 020 062 0995 1006 0278 26 056 0232 0232 -999 -999 -999 -999
NHC  14L JOSE      991023 1800 252N 0638W 025 067 0995 1006 0278 26 056 0278 0278 -999 -999 -999 -999
NHC  14L JOSE      991024 0000 264N 0632W 025 067 0995 1006 0278 26 056 0278 0278 -999 -999 -999 -999
NHC  14L JOSE      991024 0600 282N 0630W 015 088 0994 1006 0278 28 056 0278 0278 -999 -999 -999 -999
NHC  14L JOSE      991024 1200 295N 0610W 030 093 0987 1006 0278 33 056 0278 0278 0056 00569 0139 -999 -999
NHC  14L JOSE      991024 1800 322N 0598W 025 149 0987 1005 0222 33 056 0278 0278 -999 -999 -999 -999
NHC  14L JOSE      991025 0000 348N 0583W 025 149 0987 1005 0222 33 056 0324 0278 -999 -999 -999 -999
NHC  14L JOSE      991025 0600 378N 0564W 025 175 0994 1005 0222 28 056 0324 0278 -999 -999 -999 -999
