NHC  15L FIFTEEN   991029 0000 116N 0813W 290 015 1002 1008 0278 15 074 -999 -999 -999 -999 -999 -999
NHC  15L FIFTEEN   991029 0600 117N 0820W 280 026 1002 1008 0278 15 074 -999 -999 -999 -999 -999 -999
NHC  15L FIFTEEN   991029 1200 127N 0820W 320 036 1002 1008 0278 15 074 -999 -999 -999 -999 -999 -999
NHC  15L KATRINA   991030 0000 137N 0835W 305 041 0999 1008 0278 18 046 -999 -999 0074 00749 -999 -999 -999
NHC  15L KATRINA   991030 0600 142N 0843W 305 046 1001 1008 0278 15 046 -999 -999 -999 -999 -999 -999
NHC  15L KATRINA   991030 1200 142N 0847W 285 031 1002 1008 0334 13 046 -999 -999 -999 -999 -999 -999
NHC  15L KATRINA   991030 1800 147N 0855W 295 036 1005 1008 0334 13 278 -999 -999 -999 -999 -999 -999
NHC  15L KATRINA   991031 0000 166N 0869W 305 046 1007 1010 0334 13 167 -999 -999 -999 -999 -999 -999
NHC  15L KATRINA   991031 0600 182N 0881W 330 077 1007 1010 0334 13 167 -999 -999 -999 -999 -999 -999
NHC  15L KATRINA   991031 1200 197N 0887W 330 082 1007 1010 0334 13 167 -999 -999 -999 -999 -999 -999
NHC  15L KATRINA   991031 1800 191N 0891W 320 051 1010 1014 0334 13 167 -999 -999 -999 -999 -999 -999
NHC  15L KATRINA   991101 0000 198N 0896W 325 041 1011 1014 0222 10 167 -999 -999 -999 -999 -999 -999
NHC  15L KATRINA   991101 0600 203N 0897W 330 036 1011 1014 0222 10 167 -999 -999 -999 -999 -999 -999
NHC  15L KATRINA   991101 1200 206N 0896W 020 015 1011 1014 0222 10 167 -999 -999 -999 -999 -999 -999
NHC  15L KATRINA   991101 1800 208N 0895W 020 015 1012 1014 0222 10 167 -999 -999 -999 -999 -999 -999
