NHC  16L SIXTEEN   991114 0000 161N 0810W 135 041 1003 1010 0445 15 222 -999 -999 -999 -999 -999 -999
NHC  16L SIXTEEN   991114 0600 160N 0802W 100 041 1002 1010 0445 15 222 -999 -999 -999 -999 -999 -999
NHC  16L SIXTEEN   991114 1200 159N 0799W 125 031 1002 1010 0445 15 222 -999 -999 -999 -999 -999 -999
NHC  16L LENNY     991114 1800 164N 0794W 100 026 0992 1010 0445 28 056 0139 0139 0093 01394 0074 0074 0074
NHC  16L LENNY     991115 0000 162N 0788W 100 031 0988 1010 0445 36 037 0074 0111 0111 01396 0056 0056 0056
NHC  16L LENNY     991115 0600 155N 0777W 115 041 0977 1010 0445 39 019 0074 0111 0111 01396 0056 0056 0056
NHC  16L LENNY     991115 1200 152N 0767W 110 046 0971 1010 0445 44 019 0074 0111 0111 01396 0056 0056 0056
NHC  16L LENNY     991115 1800 148N 0749W 110 062 0983 1010 0445 39 019 0074 0111 0111 00936 0056 0056 0046
NHC  16L LENNY     991116 0000 151N 0736W 080 067 0982 1010 0445 39 037 0222 0222 0222 00931 0111 0111 0046
NHC  16L LENNY     991116 0600 152N 0723W 085 062 0977 1010 0445 39 074 0222 0222 0222 00931 0139 0139 -999
NHC  16L LENNY     991116 1200 152N 0706W 085 072 0971 1010 0445 44 074 0232 0232 0232 01399 0139 0139 0111
NHC  16L LENNY     991116 1800 155N 0689W 085 077 0967 1010 0445 44 074 0232 0278 0232 01671 0139 0139 0111
NHC  16L LENNY     991117 0000 159N 0676W 070 072 0960 1007 0445 51 037 0232 0278 0232 01391 0139 0139 0074
NHC  16L LENNY     991117 0600 164N 0665W 065 062 0952 1007 0445 54 037 0232 0278 0232 01391 0139 0139 0074
NHC  16L LENNY     991117 1200 168N 0655W 070 062 0948 1007 0445 59 037 0232 0278 0232 01391 0139 0139 0074
NHC  16L LENNY     991117 1800 174N 0648W 060 051 0936 1007 0445 64 037 0185 0334 0232 01679 0222 0111 0074
NHC  16L LENNY     991118 0000 177N 0641W 060 036 0939 1006 0334 64 037 0185 0297 0250 01300 0195 0139 0111
NHC  16L LENNY     991118 0600 177N 0639W 085 010 0944 1006 0334 64 019 0185 0297 0250 01300 0195 0139 0111
NHC  16L LENNY     991118 1200 178N 0636W 070 005 0952 1006 0334 64 019 0185 0297 0250 01399 0195 0139 0111
NHC  16L LENNY     991118 1800 180N 0633W 070 015 0966 1006 0334 57 019 0185 0297 0250 01399 0195 0139 0111
NHC  16L LENNY     991119 0000 181N 0632W 060 010 0975 1006 0334 49 019 0139 0232 0167 01113 0093 0093 0093
NHC  16L LENNY     991119 0600 180N 0629W 135 010 0978 1006 0334 46 019 0139 0232 0167 01113 0093 0093 0093
NHC  16L LENNY     991119 1200 179N 0629W 105 000 0986 1006 0334 41 019 0139 0232 0167 01113 0093 0093 0093
NHC  16L LENNY     991119 1800 175N 0625W 130 015 0987 1006 0334 33 019 0111 0185 0111 01116 0056 0056 0056
NHC  16L LENNY     991120 0000 174N 0619W 100 015 0995 1007 0334 31 037 0111 0185 0111 01116 0056 0056 0056
NHC  16L LENNY     991120 0600 170N 0612W 115 031 0999 1008 0278 26 111 0167 0222 -999 -999 -999 -999
NHC  16L LENNY     991120 1200 161N 0598W 120 046 0995 1006 0278 26 111 0139 0139 -999 -999 -999 -999
NHC  16L LENNY     991120 1800 157N 0595W 125 036 0998 1006 0278 23 111 0139 0139 -999 -999 -999 -999
NHC  16L LENNY     991121 0000 155N 0590W 125 041 0998 1006 0278 21 111 -999 0185 -999 -999 -999 -999
NHC  16L LENNY     991121 0600 164N 0582W 060 041 0998 1002 0278 15 111 -999 -999 -999 -999 -999 -999
NHC  16L LENNY     991121 1200 172N 0570W 065 051 1000 1004 0278 15 111 -999 -999 -999 -999 -999 -999
NHC  16L LENNY     991121 1800 180N 0565W 050 051 1004 1008 0278 15 111 -999 -999 -999 -999 -999 -999
