JTWC 26W NAMELESS  991002 1800 169N 1322E 293 026 1000 1009 0222 15 056 -999 -999 -999 -999
JTWC 26W DAN       991003 0600 180N 1294E 301 041 0997 1010 0333 18 065 -999 -999 -999 -999
JTWC 26W DAN       991003 1800 188N 1277E 290 046 0984 1008 0333 28 028 0130 0130 0130 0130
JTWC 26W DAN       991004 0600 183N 1254E 270 057 0976 1008 0333 33 028 0213 0213 0213 0213
JTWC 26W DAN       991004 1800 184N 1231E 270 067 0954 1008 0333 46 056 0167 0167 0167 0167
JTWC 26W DAN       991005 0000 182N 1224E 270 051 0949 1004 0333 49 056 0185 0185 0185 0185
JTWC 26W DAN       991005 0600 183N 1215E 276 051 0944 1005 0333 51 056 0185 0185 0185 0185
JTWC 26W DAN       991006 0600 186N 1187E 298 010 0958 1004 0333 44 056 0222 0222 0222 0222
JTWC 26W DAN       991006 1800 41 056 0296 0296 0296 0296 D      194N 1 310 -999 -999 -999
JTWC 26W DAN       991007 0600 201N 1177E 360 021 0958 1004 0333 44 046 0296 0296 0296 0296
JTWC 26W DAN       991007 1800 214N 1181E 360 036 0954 1005 0333 46 046 0296 0296 0296 0296
JTWC 26W DAN       991008 0600 49 037 0278 0278 0278 0278 D      224N 1 335 -999 -999 -999
JTWC 26W DAN       991008 1800 229N 1181E 360 015 0958 1004 0333 44 056 0241 0241 0241 0241
JTWC 26W DAN       991009 0600 247N 1180E 345 036 0976 1005 0333 33 037 0204 0204 0204 0204
JTWC 26W DAN       991009 1800 265N 1182E 360 036 0997 1007 0333 18 139 -999 -999 -999 -999
JTWC 26W DAN       991010 0600 283N 1199E  33 067 1002 1011 0333 13 130 -999 -999 -999 -999
