NHC  90E NAMELESS  990607 1800 102N 0984W 000 000 1008 1013 0445 10 167 -999 -999 -999 -999 -999 -999
NHC  90E NAMELESS  990608 0000 098N 0986W 205 005 1008 1012 0389 10 259 -999 -999 -999 -999 -999 -999
NHC  90E NAMELESS  990608 1200 099N 1005W 270 026 1008 1012 0389 10 259 -999 -999 -999 -999 -999 -999
NHC  90E NAMELESS  990608 1800 103N 1021W 270 041 1008 1012 0389 10 222 -999 -999 -999 -999 -999 -999
NHC  90E NAMELESS  990609 0000 106N 1027W 285 051 1008 1011 0389 10 148 -999 -999 -999 -999 -999 -999
NHC  90E NAMELESS  990609 1200 108N 1028W 330 015 1008 1011 0389 13 148 -999 -999 -999 -999 -999 -999
NHC  90E NAMELESS  990609 1800 112N 1038W 300 021 1008 1011 0389 13 148 -999 -999 -999 -999 -999 -999
NHC  90E NAMELESS  990610 0000 097N 1059W 260 046 1008 1011 0278 10 111 -999 -999 -999 -999 -999 -999
NHC  90E NAMELESS  990709 0000 126N 1026W 280 062 1010 1013 0334 13 111 -999 -999 -999 -999 -999 -999
NHC  90E TD-2E     990709 0600 131N 1026W 280 046 1008 1013 0334 15 111 -999 -999 -999 -999 -999 -999
NHC  90E NAMELESS  990712 1800 153N 0953W 260 067 1006 1011 0278 13 185 -999 -999 -999 -999 -999 -999
NHC  90E NAMELESS  990713 0000 150N 0971W 260 082 1006 1008 0278 13 185 -999 -999 -999 -999 -999 -999
NHC  90E NAMELESS  990713 0600 152N 0991W 270 088 1006 1008 0278 13 167 -999 -999 -999 -999 -999 -999
NHC  90E NAMELESS  990713 1200 152N 1010W 270 093 1006 1009 0278 13 167 -999 -999 -999 -999 -999 -999
NHC  90E NAMELESS  990713 1800 160N 1040W 280 113 1008 1011 0278 13 167 -999 -999 -999 -999 -999 -999
NHC  90E NAMELESS  990714 0600 168N 1074W 285 088 1008 1011 0278 13 167 -999 -999 -999 -999 -999 -999
NHC  90E NAMELESS  990722 1200 132N 1271W 295 057 1010 1012 0222 13 111 -999 -999 -999 -999 -999 -999
NHC  90E NAMELESS  990722 1800 133N 1292W 285 072 1010 1012 0222 15 111 -999 -999 -999 -999 -999 -999
NHC  90E NAMELESS  990723 0000 135N 1307W 275 082 1009 1012 0222 15 056 -999 -999 -999 -999 -999 -999
NHC  90E NAMELESS  990723 0600 136N 1318W 275 077 1009 1012 0222 15 056 -999 -999 -999 -999 -999 -999
NHC  90E NAMELESS  990725 0000 137N 1130W 300 082 1006 1011 0278 13 093 -999 -999 -999 -999 -999 -999
NHC  90E NAMELESS  990725 1200 155N 1163W 295 077 1006 1010 0278 13 139 -999 -999 -999 -999 -999 -999
NHC  90E NAMELESS  990801 1200 129N 1315W 270 103 1009 1012 0222 13 093 -999 -999 -999 -999 -999 -999
NHC  90E NAMELESS  990801 1800 121N 1325W 270 088 1007 1012 0222 15 093 -999 -999 -999 -999 -999 -999
NHC  90E NAMELESS  990802 0000 122N 1346W 270 093 1009 1011 0222 13 093 -999 -999 -999 -999 -999 -999
NHC  90E NAMELESS  990802 1200 128N 1390W 275 108 1009 1011 0222 13 093 -999 -999 -999 -999 -999 -999
NHC  90E NAMELESS  990802 1800 134N 1375W 280 062 1009 1011 0222 13 093 -999 -999 -999 -999 -999 -999
NHC  90E NAMELESS  990803 0000 134N 1386W 275 062 1009 1011 0222 13 093 -999 -999 -999 -999 -999 -999
NHC  90E NAMELESS  990803 0600 136N 1398W 275 057 1009 1011 0222 13 093 -999 -999 -999 -999 -999 -999
NHC  90E NAMELESS  990803 1200 141N 1416W 280 067 1009 1011 0222 13 093 -999 -999 -999 -999 -999 -999
NHC  90E NAMELESS  990803 1800 144N 1445W 280 098 1009 1011 0222 13 093 -999 -999 -999 -999 -999 -999
NHC  90E NAMELESS  990804 0000 146N 1469W 280 118 1009 1011 0222 13 093 -999 -999 -999 -999 -999 -999
NHC  90E NAMELESS  990804 0600 155N 1481W 285 108 1012 1016 0222 13 093 -999 -999 -999 -999 -999 -999
NHC  90E NAMELESS  990804 1200 150N 1510W 275 108 1012 1016 0222 13 093 -999 -999 -999 -999 -999 -999
NHC  90E NAMELESS  990804 1800 152N 1535W 275 108 1012 1016 0222 13 093 -999 -999 -999 -999 -999 -999
NHC  90E NAMELESS  990805 0000 153N 1558W 275 118 1012 1016 0222 13 093 -999 -999 -999 -999 -999 -999
NHC  90E NAMELESS  990805 0600 153N 1588W 275 129 1012 1016 0222 13 093 -999 -999 -999 -999 -999 -999
NHC  90E NAMELESS  990805 1200 150N 1614W 270 129 1012 1016 0222 13 093 -999 -999 -999 -999 -999 -999
NHC  90E NAMELESS  991024 0600 161N 1121W 315 077 1008 1010 0222 13 056 -999 -999 -999 -999 -999 -999
NHC  90E NAMELESS  991024 1200 172N 1131W 315 072 1008 1011 0222 13 056 -999 -999 -999 -999 -999 -999
NHC  90E NAMELESS  991025 0000 180N 1143W 305 036 1008 1011 0222 15 056 -999 -999 -999 -999 -999 -999
