NHC  91E TEST3     990519 1200 100N 1140W 280 051 1000 1012 0371 21 056 0139 0139 0139 01399 -999 -999 -999
NHC  91E NAMELESS  990617 1800 137N 0966W 285 031 1008 1010 0222 13 074 -999 -999 -999 -999 -999 -999
NHC  91E NAMELESS  990618 0000 137N 0972W 280 031 1008 1010 0222 13 074 -999 -999 -999 -999 -999 -999
NHC  91E NAMELESS  990726 1200 134N 1264W 270 051 1006 1010 0232 13 093 -999 -999 -999 -999 -999 -999
NHC  91E NAMELESS  990726 1800 138N 1270W 275 057 1006 1010 0232 15 093 -999 -999 -999 -999 -999 -999
NHC  91E NAMELESS  990727 0000 145N 1277W 300 041 1006 1010 0185 15 093 -999 -999 -999 -999 -999 -999
NHC  91E NAMELESS  990805 1200 113N 0978W 280 062 1009 1011 0222 13 056 -999 -999 -999 -999 -999 -999
NHC  91E NAMELESS  990805 1800 117N 0992W 285 062 1009 1011 0222 13 056 -999 -999 -999 -999 -999 -999
NHC  91E NAMELESS  990806 0000 122N 1007W 285 072 1008 1012 0222 15 056 -999 -999 -999 -999 -999 -999
NHC  91E EP9199    990902 0000 131N 1053W 300 046 1008 1010 0222 13 056 -999 -999 -999 -999 -999 -999
