NHC  94L NAMELESS  991012 1200 165N 0820W 315 051 1006 1010 0278 13 056 -999 -999 -999 -999 -999 -999
NHC  94L NAMELESS  991012 1800 163N 0832W 305 051 1006 1010 0278 13 056 -999 -999 -999 -999 -999 -999
NHC  94L NAMELESS  991013 0000 166N 0838W 305 046 1006 1010 0278 13 056 -999 -999 -999 -999 -999 -999
NHC  94L NAMELESS  991013 0600 174N 0835W 315 036 1006 1010 0445 13 056 -999 -999 -999 -999 -999 -999
NHC  94L NAMELESS  991013 1200 178N 0835W 340 026 1004 1010 0445 15 056 -999 -999 -999 -999 -999 -999
NHC  94L NAMELESS  991111 0000 176N 0844W 335 036 1006 1010 0334 13 139 -999 -999 -999 -999 -999 -999
NHC  94L NAMELESS  991111 0600 175N 0850W 320 031 1006 1010 0278 13 139 -999 -999 -999 -999 -999 -999
NHC  94L NAMELESS  991111 1200 173N 0835W 000 000 1006 1010 0278 13 232 -999 -999 -999 -999 -999 -999
NHC  94L NAMELESS  991111 1800 180N 0835W 000 000 1006 1010 0278 13 232 -999 -999 -999 -999 -999 -999
NHC  94L NAMELESS  991112 0000 185N 0835W 360 021 1006 1010 0278 15 232 -999 -999 -999 -999 -999 -999
NHC  94L NAMELESS  991112 0600 189N 0832W 025 026 1006 1010 0278 13 232 -999 -999 -999 -999 -999 -999
NHC  94L NAMELESS  991112 1200 194N 0827W 030 026 1004 1008 0278 15 232 -999 -999 -999 -999 -999 -999
NHC  94L NAMELESS  991112 1800 188N 0827W 060 015 1004 1008 0278 15 232 -999 -999 -999 -999 -999 -999
NHC  94L NAMELESS  991113 0000 192N 0815W 080 021 1004 1008 0334 15 222 -999 -999 -999 -999 -999 -999
NHC  94L NAMELESS  991113 0600 179N 0817W 145 015 1004 1008 0389 15 222 -999 -999 -999 -999 -999 -999
NHC  94L NAMELESS  991113 1200 183N 0816W 125 015 1003 1008 0389 15 222 -999 -999 -999 -999 -999 -999
NHC  94L NAMELESS  991113 1800 169N 0816W 165 031 1003 1008 0389 15 222 -999 -999 -999 -999 -999 -999
NHC  94L NAMELESS  991130 1200 264N 0426W 320 021 1008 1013 0445 18 667 0667 -999 -999 -999 -999 -999
