NHC  01L ONE       060610 1200 210N 0853W 340 051 1003 1010 0463 15 111 -999 -999 -999 -999 -999 -999
NHC  01L ONE       060610 1800 215N 0855W 355 026 1004 1010 0463 15 111 -999 -999 -999 -999 -999 -999
NHC  01L ONE       060611 0000 230N 0861W 340 057 1003 1010 0463 15 111 -999 -999 -999 -999 -999 -999
NHC  01L ONE       060611 0600 232N 0868W 325 041 1003 1009 0417 15 111 -999 -999 -999 -999 -999 -999
NHC  01L ONE       060611 1200 236N 0879W 310 046 1002 1009 0417 15 111 -999 -999 -999 -999 -999 -999
NHC  01L ALBERTO   060611 1800 242N 0877W 010 031 1004 1009 0417 21 278 0371 0278 -999 -999 -999 -999
NHC  01L ALBERTO   060612 0000 251N 0878W 360 041 1004 1009 0417 21 278 0371 0278 -999 -999 -999 -999
NHC  01L ALBERTO   060612 0600 258N 0874W 020 036 1004 1010 0417 23 278 0371 0278 -999 -999 -999 -999
NHC  01L ALBERTO   060612 1200 265N 0870W 020 041 1001 1009 0371 23 167 0371 0278 -999 -999 -999 -999
NHC  01L ALBERTO   060612 1800 275N 0854W 040 051 0997 1009 0371 31 167 0371 0278 -999 -999 -999 -999
NHC  01L ALBERTO   060613 0000 280N 0849W 040 036 0995 1009 0371 31 093 0259 0259 -999 01111 0111 -999 -999
NHC  01L ALBERTO   060613 0600 288N 0844W 035 041 0995 1009 0324 28 093 0167 0278 -999 01119 0093 -999 -999
NHC  01L ALBERTO   060613 1200 295N 0841W 035 036 0996 1009 0324 26 093 0167 0278 -999 01119 0093 -999 -999
NHC  01L ALBERTO   060613 1800 303N 0835W 035 046 1000 1012 0324 18 222 0232 0232 -999 -999 -999 -999
NHC  01L ALBERTO   060614 0000 313N 0828W 035 062 1001 1012 0324 18 222 0222 -999 -999 -999 -999 -999
NHC  01L ALBERTO   060614 0600 330N 0818W 029 093 1004 1012 0278 15 222 -999 -999 -999 -999 -999 -999
NHC  01L ALBERTO   060614 1200 343N 0807W 035 093 1004 1012 0278 15 222 -999 -999 -999 -999 -999 -999
