JTWC 02B NAMELESS  060425 1200 103N 0896E 350 026 0991 1004 0222 23 056 0074 0074 0083 0083
JTWC 02B NAMELESS  060425 1800 105N 0896E 355 021 0991 1004 0222 23 056 0074 0074 0083 0083
JTWC 02B NAMELESS  060426 0000 106N 0893E 330 015 0991 1005 0213 23 056 0093 0093 0093 0093
JTWC 02B MALA      060426 0600 107N 0908E  65 021 0991 1005 0222 23 056 0093 0093 0093 0093
JTWC 02B MALA      060426 1200 116N 0907E  35 026 0991 1002 0185 23 056 0111 0111 0093 0093
JTWC 02B MALA      060426 1800 121N 0907E  20 026 0991 1005 0296 23 056 0111 0111 0093 0111
JTWC 02B MALA      060427 0000 124N 0903E 355 021 0984 1004 0296 28 028 0102 0083 0167 0130
JTWC 02B MALA      060427 0600 127N 0898E 325 021 0972 1005 0306 36 028 0120 0120 0222 0204
JTWC 02B MALA      060427 1200 129N 0903E   0 015 0972 1003 0269 36 028 0139 0139 0176 0176
JTWC 02B MALA      060427 1800 133N 0908E  40 021 0963 1004 0333 41 028 0204 0241 0204 0185
JTWC 02B MALA      060428 0000 141N 0916E  50 036 0954 1003 0352 46 028 0167 0185 0185 0194
JTWC 02B MALA      060428 0600 148N 0921E  40 046 0927 1002 0352 59 019 0194 0185 0185 0194
JTWC 02B MALA      060428 1200 155N 0928E  40 046 0916 1001 0306 64 009 0213 0213 0204 0204
JTWC 02B MALA      060428 1800 163N 0933E  35 046 0927 1001 0241 59 037 0167 0185 0167 0167
JTWC 02B MALA      060429 0000 167N 0937E  40 041 0938 1004 0333 54 037 0130 0148 0167 0167
JTWC 02B MALA      060429 0600 177N 0945E  40 046 0944 1004 0315 51 037 0130 0148 0167 0167
