NHC  04L FOUR      060821 1800 123N 0210W 285 051 1007 1013 0417 15 111 -999 -999 -999 -999 -999 -999
NHC  04L FOUR      060822 0000 120N 0226W 280 067 1007 1014 0463 15 167 -999 -999 -999 -999 -999 -999
NHC  04L FOUR      060822 0600 125N 0240W 285 072 1007 1011 0463 15 111 -999 -999 -999 -999 -999 -999
NHC  04L FOUR      060822 1200 133N 0254W 290 077 1007 1011 0371 15 111 -999 -999 -999 -999 -999 -999
NHC  04L FOUR      060822 1800 142N 0268W 300 088 1005 1011 0417 15 111 -999 -999 -999 -999 -999 -999
NHC  04L FOUR      060823 0000 149N 0282W 300 082 1003 1011 0417 18 056 0074 -999 -999 00569 -999 -999 -999
NHC  04L DEBBY     060823 0600 155N 0294W 295 072 1003 1011 0417 18 056 0074 -999 -999 00569 -999 -999 -999
NHC  04L DEBBY     060823 1200 164N 0308W 300 077 1000 1011 0417 23 056 0083 0083 0083 00839 -999 -999 -999
NHC  04L DEBBY     060823 1800 175N 0325W 305 088 1002 1012 0417 23 074 0083 0083 0083 00839 -999 -999 -999
NHC  04L DEBBY     060824 0000 184N 0339W 305 082 1003 1012 0417 21 074 -999 -999 0083 00839 -999 -999 -999
NHC  04L DEBBY     060824 0600 192N 0355W 302 088 1003 1013 0371 21 074 -999 -999 0083 00839 -999 -999 -999
NHC  04L DEBBY     060824 1200 200N 0370W 300 088 1000 1013 0278 23 056 0093 -999 -999 00749 -999 -999 -999
NHC  04L DEBBY     060824 1800 210N 0387W 300 088 1000 1013 0278 23 056 0093 -999 -999 00749 -999 -999 -999
NHC  04L DEBBY     060825 0000 215N 0403W 295 082 1000 1013 0278 23 056 0083 -999 -999 00839 -999 -999 -999
NHC  04L DEBBY     060825 0600 225N 0416W 301 082 1000 1013 0278 23 056 0083 -999 -999 00839 -999 -999 -999
NHC  04L DEBBY     060825 1200 236N 0428W 305 082 1003 1013 0278 18 056 0083 -999 -999 00839 -999 -999 -999
NHC  04L DEBBY     060825 1800 245N 0441W 310 077 1003 1013 0278 18 056 0083 -999 -999 00839 -999 -999 -999
NHC  04L DEBBY     060826 0000 248N 0451W 300 057 1008 1015 0176 18 167 0167 -999 -999 -999 -999 -999
NHC  04L DEBBY     060826 0600 251N 0462W 290 057 1009 1016 0185 15 167 -999 -999 -999 -999 -999 -999
NHC  04L DEBBY     060826 1200 254N 0469W 290 046 1009 1016 0185 15 167 -999 -999 -999 -999 -999 -999
NHC  04L DEBBY     060826 1800 265N 0473W 310 046 1009 1016 0185 13 167 -999 -999 -999 -999 -999 -999
NHC  04L DEBBY     060827 0000 273N 0482W 325 046 1012 1016 0185 13 167 -999 -999 -999 -999 -999 -999
NHC  04L DEBBY     060827 0600 281N 0491W 320 057 1012 1016 0185 13 167 -999 -999 -999 -999 -999 -999
NHC  04L DEBBY     060827 1200 291N 0492W 330 051 1012 1016 0195 13 185 -999 -999 -999 -999 -999 -999
NHC  04L DEBBY     060827 1800 306N 0489W 350 057 1012 1016 0195 13 185 -999 -999 -999 -999 -999 -999
