JTWC 04W NAMELESS  060630 0000 065N 1377E 295 031 1000 1008 0333 15 083 -999 -999 -999 -999
JTWC 04W NAMELESS  060630 0600 067N 1385E 300 021 1000 1008 0333 15 083 -999 -999 -999 -999
JTWC 04W NAMELESS  060630 1200 070N 1377E 290 031 1000 1008 0333 15 083 -999 -999 -999 -999
JTWC 04W NAMELESS  060630 1800 074N 1372E 295 036 0997 1008 0352 18 074 -999 -999 -999 -999
JTWC 04W EWINIAR   060701 0000 085N 1376E 335 031 0987 1008 0380 26 046 0111 0120 0120 0111
JTWC 04W EWINIAR   060701 0600 092N 1370E 320 046 0987 1008 0380 26 037 0111 0120 0120 0111
JTWC 04W EWINIAR   060701 1200 100N 1364E 330 051 0984 1008 0296 28 028 0148 0148 0148 0148
JTWC 04W EWINIAR   060701 1800 107N 1360E 325 046 0984 1007 0333 28 028 0157 0148 0148 0148
JTWC 04W EWINIAR   060702 0000 109N 1357E 325 036 0984 1007 0333 28 028 0157 0148 0157 0148
JTWC 04W EWINIAR   060702 0600 112N 1353E 320 026 0984 1007 0333 28 028 0157 0148 0157 0148
JTWC 04W EWINIAR   060702 1200 117N 1349E 315 031 0984 1007 0333 28 028 0157 0148 0157 0148
JTWC 04W EWINIAR   060702 1800 121N 1344E 315 031 0980 1008 0444 31 019 0185 0185 0194 0185
JTWC 04W EWINIAR   060703 0000 124N 1343E 320 026 0976 1008 0444 33 019 0204 0204 0204 0204
JTWC 04W EWINIAR   060703 0600 131N 1344E  10 036 0967 1007 0444 39 037 0232 0204 0232 0204
JTWC 04W EWINIAR   060703 1200 141N 1341E 345 051 0958 1008 0389 44 019 0250 0204 0250 0204
JTWC 04W EWINIAR   060704 0000 154N 1329E 330 046 0944 1005 0259 51 019 0259 0241 0222 0222
JTWC 04W EWINIAR   060705 1200 184N 1296E 300 036 0927 1006 0463 59 019 0259 0241 0259 0259
JTWC 04W EWINIAR   060705 1800 188N 1292E 300 031 0938 1004 0482 54 019 0278 0241 0278 0259
JTWC 04W EWINIAR   060706 0000 193N 1288E 310 031 0938 1004 0482 54 019 0259 0241 0269 0241
JTWC 04W EWINIAR   060706 0600 196N 1285E 320 021 0938 1004 0482 54 019 0259 0241 0269 0241
JTWC 04W EWINIAR   060706 1200 201N 1282E 325 026 0938 1002 0444 54 019 0259 0241 0269 0241
JTWC 04W EWINIAR   060706 1800 206N 1278E 325 026 0944 1003 0426 51 019 0241 0250 0250 0241
JTWC 04W EWINIAR   060707 0000 207N 1275E 320 026 0944 1003 0426 51 019 0250 0241 0250 0241
JTWC 04W EWINIAR   060707 0600 213N 1274E 330 026 0944 1002 0426 51 019 0269 0259 0250 0250
JTWC 04W EWINIAR   060707 1200 221N 1271E 340 041 0954 1003 0407 46 028 0269 0259 0250 0250
JTWC 04W EWINIAR   060707 1800 225N 1266E 335 036 0958 1003 0407 44 019 0269 0259 0250 0250
JTWC 04W EWINIAR   060708 0000 232N 1265E 335 036 0958 1003 0407 44 019 0269 0269 0250 0232
JTWC 04W EWINIAR   060708 0600 242N 1263E 340 051 0958 1000 0352 44 028 0315 0315 0250 0232
JTWC 04W EWINIAR   060708 1200 251N 1261E 350 046 0967  998 0333 39 028 0315 0315 0250 0250
JTWC 04W EWINIAR   060708 1800 263N 1258E 350 057 0967  998 0315 39 037 0315 0315 0250 0250
JTWC 04W EWINIAR   060709 0000 276N 1257E 350 057 0967  998 0315 39 037 0315 0315 0259 0259
JTWC 04W EWINIAR   060709 0600 292N 1258E 355 082 0976 1000 0370 33 046 0333 0296 0259 0222
JTWC 04W EWINIAR   060709 1200 307N 1258E   0 077 0980 1000 0370 31 046 0315 0278 0204 0222
JTWC 04W EWINIAR   060709 1800 322N 1257E   0 077 0987 1000 0333 26 056 0296 0222 0185 0185
JTWC 04W EWINIAR   060710 0000 337N 1259E   0 077 0994 1000 0333 21 065 0241 0213 0185 0185
