JTWC 05W NAMELESS  060708 0600 119N 1415E 305 041 1001 1006 0370 13 083 -999 -999 -999 -999
JTWC 05W NAMELESS  060708 1200 122N 1406E 295 046 1000 1005 0370 15 083 -999 -999 -999 -999
JTWC 05W NAMELESS  060708 1800 122N 1392E 285 051 1000 1005 0370 15 083 -999 -999 -999 -999
JTWC 05W NAMELESS  060709 0000 128N 1381E 285 057 1000 1005 0370 15 083 -999 -999 -999 -999
JTWC 05W NAMELESS  060709 0600 132N 1367E 285 062 0999 1005 0407 15 083 -999 -999 -999 -999
JTWC 05W BILIS     060709 1200 138N 1355E 290 067 0995 1005 0426 18 083 -999 -999 -999 -999
JTWC 05W BILIS     060709 1800 140N 1347E 290 062 0997 1005 0426 18 083 -999 -999 -999 -999
JTWC 05W BILIS     060710 0000 157N 1338E 310 067 0997 1005 0426 18 093 -999 -999 -999 -999
JTWC 05W BILIS     060710 0600 166N 1321E 310 072 0991 1005 0444 23 093 0222 0222 0241 0204
JTWC 05W BILIS     060710 1200 171N 1312E 305 051 0991 1005 0482 23 093 0278 0278 0278 0241
JTWC 05W BILIS     060710 1800 175N 1303E 295 046 0987 1004 0482 26 093 0241 0278 0278 0241
JTWC 05W BILIS     060711 0000 180N 1297E 300 041 0987 1004 0482 26 074 0241 0278 0278 0241
JTWC 05W BILIS     060711 0600 188N 1288E 305 046 0991 1004 0537 23 074 0232 0259 0259 0232
JTWC 05W BILIS     060711 1200 195N 1282E 315 046 0991 1004 0537 23 074 0232 0259 0259 0232
JTWC 05W BILIS     060711 1800 203N 1270E 310 062 0994 1002 0611 21 074 0232 0259 0259 0232
JTWC 05W BILIS     060712 0000 216N 1260E 315 062 0991 1002 0611 23 083 0241 0259 0259 0232
JTWC 05W BILIS     060712 0600 215N 1255E 305 046 0994 1000 0509 21 083 0232 0250 0250 0232
JTWC 05W BILIS     060712 1200 218N 1245E 300 046 0994 1000 0509 21 083 0232 0250 0250 0232
JTWC 05W BILIS     060712 1800 220N 1242E 300 036 0994  995 0259 21 083 0232 0250 0250 0232
JTWC 05W BILIS     060713 0000 235N 1239E 325 041 0987 1000 0509 26 083 0232 0250 0250 0232
JTWC 05W BILIS     060713 0600 240N 1231E 325 041 0984 1000 0509 28 083 0232 0250 0250 0232
JTWC 05W BILIS     060713 1200 247N 1223E 320 046 0978 1000 0509 28 083 0250 0250 0222 0250
JTWC 05W BILIS     060713 1800 252N 1213E 310 051 0984  990 0370 28 083 0306 0306 0222 0250
JTWC 05W BILIS     060714 0600 264N 1192E 300 057 0984  992 0407 23 083 0370 0389 0204 0204
