NHC  06L SIX       060903 1800 142N 0399W 305 062 1005 1009 0324 15 139 -999 -999 -999 -999 -999 -999
NHC  06L SIX       060904 0000 146N 0399W 310 051 1005 1009 0324 15 139 -999 -999 -999 -999 -999 -999
NHC  06L SIX       060904 0600 153N 0407W 310 046 1005 1009 0324 15 139 -999 -999 -999 -999 -999 -999
NHC  06L SIX       060904 1200 160N 0423W 305 051 1005 1009 0324 15 111 -999 -999 -999 -999 -999 -999
NHC  06L SIX       060904 1800 166N 0433W 305 051 1005 1009 0324 15 111 -999 -999 -999 -999 -999 -999
NHC  06L SIX       060905 0000 170N 0443W 300 051 1007 1012 0371 15 130 -999 -999 -999 -999 -999 -999
NHC  06L SIX       060905 0600 175N 0455W 295 067 1007 1012 0371 15 130 -999 -999 -999 -999 -999 -999
NHC  06L SIX       060905 1200 172N 0468W 285 057 1005 1013 0389 18 167 0185 -999 -999 01679 -999 -999 -999
NHC  06L FLORENCE  060905 1800 172N 0480W 280 057 1005 1013 0389 18 167 0204 -999 -999 01679 -999 -999 -999
NHC  06L FLORENCE  060906 0000 175N 0490W 285 051 1003 1012 0389 21 167 0232 -999 -999 01679 -999 -999 -999
NHC  06L FLORENCE  060906 0600 181N 0498W 295 057 1003 1012 0389 21 167 0232 -999 -999 01679 -999 -999 -999
NHC  06L FLORENCE  060906 1200 183N 0506W 290 051 1003 1012 0389 23 167 0463 -999 -999 01859 -999 -999 -999
NHC  06L FLORENCE  060906 1800 187N 0511W 295 041 1000 1012 0463 23 139 0417 0185 -999 01859 -999 -999 -999
NHC  06L FLORENCE  060907 0000 193N 0520W 300 041 0999 1012 0463 23 139 0417 0185 -999 01859 -999 -999 -999
NHC  06L FLORENCE  060907 0600 198N 0527W 300 046 0999 1010 0463 23 139 0417 0463 -999 01859 -999 -999 -999
NHC  06L FLORENCE  060907 1200 196N 0531W 297 031 0999 1012 0667 23 185 0417 0463 -999 01859 -999 -999 -999
NHC  06L FLORENCE  060907 1800 203N 0543W 300 062 1000 1014 0834 23 185 0649 0463 -999 04639 -999 -999 -999
NHC  06L FLORENCE  060908 0000 210N 0555W 300 067 1000 1014 0834 23 185 0649 0463 -999 04639 -999 -999 -999
NHC  06L FLORENCE  060908 0600 217N 0570W 300 072 1000 1012 0649 23 185 0649 0463 -999 04639 -999 -999 -999
NHC  06L FLORENCE  060908 1200 224N 0582W 300 072 1000 1012 0649 23 185 0649 0463 -999 04639 -999 -999 -999
NHC  06L FLORENCE  060908 1800 235N 0596W 305 077 1000 1012 0649 23 185 0602 0463 -999 04639 -999 -999 -999
NHC  06L FLORENCE  060909 0000 241N 0609W 305 072 0997 1014 0649 26 074 0556 0371 0111 04633 -999 -999 0093
NHC  06L FLORENCE  060909 0600 238N 0623W 300 062 0993 1014 0649 28 083 0556 0371 0111 04633 -999 -999 0093
NHC  06L FLORENCE  060909 1200 244N 0633W 300 057 0992 1014 0649 31 083 0556 0371 0111 04633 -999 -999 0093
NHC  06L FLORENCE  060909 1800 251N 0640W 310 051 0990 1014 0649 31 083 0463 0371 0167 04633 -999 -999 0093
NHC  06L FLORENCE  060910 0000 261N 0647W 325 057 0992 1015 0649 28 083 0417 0371 0167 04173 -999 -999 0093
NHC  06L FLORENCE  060910 0600 271N 0652W 330 057 0981 1015 0649 33 074 0417 0222 0167 04179 -999 -999 0093
NHC  06L FLORENCE  060910 1200 281N 0658W 330 057 0976 1012 0593 36 056 0417 0222 0167 04179 0056 0056 0139
NHC  06L FLORENCE  060910 1800 292N 0661W 345 057 0976 1010 0556 41 056 0417 0222 0167 04179 0056 0056 0139
NHC  06L FLORENCE  060911 0000 305N 0662W 360 062 0975 1010 0602 41 046 0417 0222 0167 04178 0111 0074 0074
NHC  06L FLORENCE  060911 0600 313N 0662W 360 051 0977 1010 0556 39 074 0463 0324 0167 03240 0093 0074 0074
NHC  06L FLORENCE  060911 1200 323N 0658W 010 051 0974 1010 0593 36 074 0463 0324 0167 03240 0111 0074 0074
NHC  06L FLORENCE  060911 1800 336N 0652W 020 067 0972 1010 0593 41 083 0463 0324 0167 03718 0148 -999 -999
NHC  06L FLORENCE  060912 0000 351N 0643W 025 082 0974 1012 0612 39 083 0463 0371 0232 04637 0167 0083 0083
NHC  06L FLORENCE  060912 0600 365N 0630W 030 082 0980 1012 0612 36 083 0445 0445 0445 05562 0222 0278 0222
NHC  06L FLORENCE  060912 1200 374N 0620W 035 082 0980 1012 0584 33 111 0667 0556 0445 06672 0222 0222 0222
NHC  06L FLORENCE  060912 1800 385N 0602W 045 088 0980 1013 0602 33 111 0667 0556 0445 06672 0222 0222 0222
