JTWC 06W NAMELESS  060718 1200 103N 1445E 295 057 1000 1008 0333 15 083 -999 -999 -999 -999
JTWC 06W NAMELESS  060718 1800 108N 1435E 290 062 0997 1008 0333 18 083 -999 -999 -999 -999
JTWC 06W NAMELESS  060719 0000 110N 1424E 285 057 0997 1008 0333 18 083 -999 -999 -999 -999
JTWC 06W NAMELESS  060719 0600 119N 1409E 295 067 0997 1008 0333 18 083 -999 -999 -999 -999
JTWC 06W KAEMI     060719 1200 121N 1395E 290 072 0994 1008 0278 21 056 0074 0056 0056 0074
JTWC 06W KAEMI     060719 1800 121N 1389E 290 057 0991 1008 0278 23 028 0083 0074 0056 0074
JTWC 06W KAEMI     060720 0000 123N 1382E 280 046 0984 1006 0296 28 028 0120 0093 0102 0111
JTWC 06W KAEMI     060720 0600 135N 1377E 305 041 0980 1007 0333 31 028 0130 0111 0111 0130
JTWC 06W KAEMI     060720 1200 143N 1367E 315 051 0972 1007 0333 36 028 0204 0194 0194 0204
JTWC 06W KAEMI     060720 1800 149N 1356E 315 062 0967 1007 0370 39 028 0278 0259 0278 0269
JTWC 06W KAEMI     060721 0000 154N 1341E 300 067 0958 1007 0370 44 028 0278 0296 0306 0278
JTWC 06W KAEMI     060721 0600 159N 1327E 295 072 0958 1007 0426 44 028 0278 0296 0306 0278
JTWC 06W KAEMI     060721 1200 161N 1318E 290 062 0958 1007 0426 44 028 0278 0296 0315 0278
JTWC 06W KAEMI     060721 1800 164N 1308E 290 057 0954 1006 0463 46 028 0278 0222 0296 0222
JTWC 06W KAEMI     060722 0600 168N 1289E 280 046 0954 1006 0463 46 037 0241 0204 0185 0222
JTWC 06W KAEMI     060722 1200 171N 1288E 290 031 0958 1004 0407 44 037 0241 0204 0222 0222
JTWC 06W KAEMI     060722 1800 179N 1281E 310 046 0958 1004 0407 44 028 0241 0204 0278 0241
JTWC 06W KAEMI     060723 0000 186N 1275E 320 046 0958 1004 0426 44 028 0185 0241 0278 0185
JTWC 06W KAEMI     060723 0600 192N 1265E 315 051 0958 1000 0259 44 028 0185 0241 0278 0185
JTWC 06W KAEMI     060723 1200 202N 1259E 320 051 0963 1000 0259 41 028 0185 0222 0241 0185
JTWC 06W KAEMI     060723 1800 209N 1245E 310 062 0972 1000 0259 36 028 0185 0222 0222 0185
JTWC 06W KAEMI     060724 0000 210N 1238E 305 051 0976 1000 0259 33 028 0185 0185 0185 0213
JTWC 06W KAEMI     060724 0600 218N 1229E 300 051 0967 1000 0259 39 028 0185 0185 0185 0213
JTWC 06W KAEMI     060724 1200 223N 1223E 305 041 0967 1000 0259 39 028 0222 0176 0176 0185
JTWC 06W KAEMI     060724 1800 230N 1214E 310 046 0972 1000 0287 36 028 0194 0204 0176 0157
JTWC 06W KAEMI     060725 0000 235N 1196E 300 062 0976 1000 0287 33 028 0185 0194 0213 0194
JTWC 06W KAEMI     060725 0600 241N 1187E 300 062 0987 1000 0287 26 028 0148 0194 0213 0120
JTWC 06W KAEMI     060725 1200 246N 1175E 295 062 0991 1000 0241 23 028 -999 -999 -999 -999
