JTWC 07W NAMELESS  060731 0600 164N 1226E 310 051 1000 1006 0185 15 074 -999 -999 -999 -999
JTWC 07W NAMELESS  060731 1200 166N 1221E 315 041 1000 1006 0185 15 065 -999 -999 -999 -999
JTWC 07W NAMELESS  060731 1800 166N 1211E 300 041 1000 1006 0185 15 065 -999 -999 -999 -999
JTWC 07W NAMELESS  060801 0600 174N 1176E 285 062 0991 1004 0204 23 037 0093 0093 0102 0093
JTWC 07W PRAPIROON 060801 1200 178N 1165E 290 057 0991 1004 0278 23 037 0102 0102 0120 0102
JTWC 07W PRAPIROON 060801 1800 178N 1159E 285 051 0984 1005 0370 28 037 0130 0139 0139 0130
JTWC 07W PRAPIROON 060802 0000 181N 1152E 285 041 0984 1001 0370 28 037 0167 0167 0204 0167
JTWC 07W PRAPIROON 060802 0600 189N 1147E 305 036 0976 1000 0370 33 037 0167 0185 0222 0167
JTWC 07W PRAPIROON 060802 1200 192N 1137E 300 041 0976 1000 0389 33 046 0204 0204 0241 0204
JTWC 07W PRAPIROON 060802 1800 193N 1131E 295 041 0976 1002 0407 33 046 0204 0222 0222 0204
JTWC 07W PRAPIROON 060803 0000 201N 1130E 310 031 0972 1000 0333 36 019 0222 0222 0222 0194
JTWC 07W PRAPIROON 060803 0600 208N 1122E 320 036 0972  997 0296 36 037 0259 0222 0222 0194
JTWC 07W PRAPIROON 060803 1200 215N 1114E 320 046 0976  997 0296 33 037 0259 0222 0185 0185
