NHC  08L EIGHT     060912 1200 124N 0222W 270 088 1007 1010 0278 13 056 -999 -999 -999 -999 -999 -999
NHC  08L EIGHT     060912 1800 120N 0232W 270 072 1007 1010 0222 15 056 -999 -999 -999 -999 -999 -999
NHC  08L EIGHT     060913 0000 118N 0246W 265 067 1007 1010 0334 15 111 -999 -999 -999 -999 -999 -999
NHC  08L EIGHT     060913 0600 118N 0260W 270 067 1007 1010 0334 15 111 -999 -999 -999 -999 -999 -999
NHC  08L EIGHT     060913 1200 119N 0276W 270 077 1007 1010 0334 15 111 -999 -999 -999 -999 -999 -999
NHC  08L EIGHT     060913 1800 126N 0299W 275 082 1007 1012 0445 15 111 -999 -999 -999 -999 -999 -999
NHC  08L EIGHT     060914 0000 131N 0319W 285 103 1005 1012 0649 18 083 0111 -999 -999 01119 -999 -999 -999
NHC  08L HELENE    060914 0600 135N 0338W 280 098 1005 1012 0649 18 111 0139 -999 -999 01399 -999 -999 -999
NHC  08L HELENE    060914 1200 133N 0360W 275 103 1003 1012 0649 21 111 0139 -999 -999 01399 -999 -999 -999
NHC  08L HELENE    060914 1800 140N 0370W 285 077 1003 1012 0649 21 111 0167 -999 -999 01679 -999 -999 -999
NHC  08L HELENE    060915 0000 143N 0383W 285 067 1003 1012 0649 21 111 0167 -999 -999 01679 -999 -999 -999
NHC  08L HELENE    060915 0600 148N 0397W 285 067 1003 1011 0649 21 111 0167 -999 -999 01679 -999 -999 -999
NHC  08L HELENE    060915 1200 155N 0409W 295 067 1000 1011 0649 26 046 0167 0083 -999 01676 0046 -999 0046
NHC  08L HELENE    060915 1800 164N 0422W 300 072 0992 1011 0649 31 046 0185 0139 0093 01856 0046 -999 0046
NHC  08L HELENE    060916 0000 169N 0433W 300 072 0992 1011 0649 31 046 0185 0139 0093 01856 0046 -999 0046
NHC  08L HELENE    060916 0600 178N 0443W 305 067 0992 1011 0649 31 046 0185 0139 0093 01856 0046 -999 0046
NHC  08L HELENE    060916 1200 185N 0452W 305 062 0987 1011 0602 33 046 0278 0278 0185 02324 0074 0046 0074
NHC  08L HELENE    060916 1800 191N 0459W 310 057 0987 1011 0556 33 046 0278 0278 0185 02324 0074 0046 0074
NHC  08L HELENE    060917 0000 193N 0471W 295 046 0984 1011 0556 36 037 0278 0278 0185 02324 0074 0056 0074
NHC  08L HELENE    060917 0600 198N 0479W 295 046 0979 1010 0556 39 037 0278 0232 0167 02324 0074 0056 0074
NHC  08L HELENE    060917 1200 203N 0486W 300 046 0979 1010 0556 44 037 0278 0232 0167 02321 0111 0074 0111
NHC  08L HELENE    060917 1800 209N 0490W 310 041 0976 1010 0556 44 037 0278 0232 0167 02321 0111 0074 0111
NHC  08L HELENE    060918 0000 213N 0492W 315 031 0962 1011 0556 51 046 0324 0278 0185 02327 0120 0083 0111
NHC  08L HELENE    060918 0600 220N 0494W 330 031 0958 1014 0741 54 046 0324 0278 0185 02327 0120 0083 0111
NHC  08L HELENE    060918 1200 229N 0499W 335 036 0954 1014 0741 57 046 0324 0278 0185 02327 0120 0083 0111
NHC  08L HELENE    060918 1800 237N 0507W 315 046 0960 1014 0741 51 046 0324 0278 0185 02325 0120 0056 0148
NHC  08L HELENE    060919 0000 241N 0511W 310 041 0960 1015 0371 51 037 0371 0278 0232 02785 0139 0111 0185
NHC  08L HELENE    060919 0600 243N 0518W 290 036 0960 1014 0445 51 037 0371 0278 0232 03245 0139 0111 0185
NHC  08L HELENE    060919 1200 245N 0525W 294 036 0960 1014 0445 51 037 0371 0278 0232 03245 0139 0111 0185
NHC  08L HELENE    060919 1800 244N 0537W 280 041 0956 1014 0445 49 037 0352 0259 0213 03066 0130 0102 0176
NHC  08L HELENE    060920 0000 246N 0543W 275 041 0958 1014 0510 49 046 0324 0324 0278 03245 0111 0111 0185
NHC  08L HELENE    060920 0600 249N 0551W 290 041 0958 1014 0510 49 028 0324 0324 0278 03245 0111 0111 0185
NHC  08L HELENE    060920 1200 256N 0560W 310 051 0958 1014 0510 49 028 0371 0324 0278 03245 0139 0111 0185
NHC  08L HELENE    060920 1800 259N 0568W 305 046 0960 1014 0510 46 037 0278 0278 0278 02789 0139 0185 0139
NHC  08L HELENE    060921 0000 267N 0570W 345 041 0961 1014 0510 44 037 0324 0324 0278 02789 0139 0111 0139
NHC  08L HELENE    060921 0600 278N 0569W 360 051 0964 1014 0510 41 028 0324 0324 0278 02780 0130 0111 0111
NHC  08L HELENE    060921 1200 290N 0570W 360 057 0970 1012 0436 36 028 0324 0324 0324 03240 0130 0111 0111
NHC  08L HELENE    060921 1800 301N 0570W 360 057 0972 1012 0463 36 028 0324 0324 0324 03240 0130 0111 0111
NHC  08L HELENE    060922 0000 310N 0567W 010 057 0970 1009 0556 39 028 0371 0371 0324 03240 0130 0111 0111
NHC  08L HELENE    060922 0600 324N 0558W 040 067 0970 1009 0556 39 028 0334 0371 0371 03240 0167 0111 0111
NHC  08L HELENE    060922 1200 338N 0550W 030 088 0970 1008 0556 39 028 0371 0371 0371 03719 0167 0111 0139
NHC  08L HELENE    060922 1800 349N 0539W 040 088 0980 1008 0556 33 028 0371 0371 0222 03719 0167 0056 0139
NHC  08L HELENE    060923 0000 356N 0516W 070 103 0982 1008 0556 31 037 0417 0417 0371 05567 0250 0093 0167
NHC  08L HELENE    060923 0600 367N 0493W 060 113 0982 1008 0556 31 093 0417 0417 0371 05567 0250 0093 0167
NHC  08L HELENE    060923 1200 373N 0475W 065 103 0970 1012 0556 41 093 0417 0417 0556 05569 0278 0278 0324
NHC  08L HELENE    060923 1800 376N 0455W 075 098 0970 1012 0556 41 093 0417 0417 0556 05569 0278 0278 0324
NHC  08L HELENE    060924 0000 386N 0428W 070 098 0973 1012 0556 39 093 0602 0426 0463 06028 0241 0241 0371
NHC  08L HELENE    060924 0600 395N 0410W 065 103 0973 1012 0602 39 093 0602 0426 0463 06028 0241 0241 0371
NHC  08L HELENE    060924 1200 404N 0384W 065 113 0970 1012 0556 33 093 0445 0556 0695 06677 0232 0324 0324
