JTWC 08W NAMELESS  060805 0000 098N 1487E 320 057 1000 1007 0333 15 074 -999 -999 -999 -999
JTWC 08W NAMELESS  060805 0600 112N 1474E 315 067 0997 1008 0389 18 074 -999 -999 -999 -999
JTWC 08W NAMELESS  060805 1200 121N 1467E 320 072 0997 1008 0389 18 074 -999 -999 -999 -999
JTWC 08W SAOMAI    060805 1800 132N 1456E 320 072 0991 1008 0389 23 046 0083 0083 0093 0093
JTWC 08W SAOMAI    060806 0000 144N 1441E 315 077 0991 1008 0389 23 046 0093 0093 0083 0093
JTWC 08W SAOMAI    060806 0600 153N 1430E 315 082 0984 1008 0389 28 037 0111 0093 0111 0130
JTWC 08W SAOMAI    060806 1200 165N 1419E 315 082 0976 1008 0389 33 037 0167 0139 0111 0139
JTWC 08W SAOMAI    060806 1800 171N 1405E 310 077 0976 1008 0389 33 037 0167 0139 0111 0139
JTWC 08W SAOMAI    060807 0000 180N 1394E 310 077 0967 1007 0389 39 028 0185 0157 0111 0139
JTWC 08W SAOMAI    060807 0600 188N 1381E 305 072 0967 1005 0389 39 028 0185 0157 0130 0148
JTWC 08W SAOMAI    060807 1200 196N 1367E 305 077 0967 1005 0389 39 028 0185 0157 0139 0185
JTWC 08W SAOMAI    060807 1800 204N 1353E 305 077 0967 1001 0278 39 028 0167 0139 0139 0157
JTWC 08W SAOMAI    060808 0000 210N 1340E 300 077 0967 1001 0278 39 028 0185 0157 0157 0176
JTWC 08W SAOMAI    060808 0600 217N 1327E 300 072 0954 1002 0278 46 028 0185 0167 0167 0185
JTWC 08W SAOMAI    060808 1200 223N 1315E 300 067 0954 1002 0278 46 019 0185 0167 0167 0185
JTWC 08W SAOMAI    060808 1800 230N 1302E 300 072 0954 1000 0213 46 019 0185 0167 0167 0185
JTWC 08W SAOMAI    060809 0000 239N 1285E 300 077 0938  998 0213 54 019 0259 0259 0259 0259
JTWC 08W SAOMAI    060809 0600 247N 1270E 300 082 0916 1002 0333 64 028 0278 0259 0259 0278
JTWC 08W SAOMAI    060809 1200 254N 1252E 300 088 0898 1002 0333 72 009 0278 0259 0259 0278
JTWC 08W SAOMAI    060809 1800 260N 1238E 295 082 0898 1001 0315 72 019 0269 0250 0259 0269
JTWC 08W SAOMAI    060810 0000 265N 1225E 295 077 0898 1002 0269 72 019 0185 0157 0157 0176
JTWC 08W SAOMAI    060810 0600 270N 1212E 295 067 0910 1003 0278 67 028 0222 0176 0176 0185
JTWC 08W SAOMAI    060810 1200 272N 1201E 290 057 0927 1003 0278 59 019 0185 0185 0130 0130
