NHC  09E NINE      060815 1800 129N 1133W 275 067 1006 1010 0324 15 093 -999 -999 -999 -999 -999 -999
NHC  09E NINE      060816 0000 132N 1147W 275 072 1006 1012 0371 15 093 -999 -999 -999 -999 -999 -999
NHC  09E HECTOR    060816 0600 131N 1159W 270 067 1000 1010 0371 21 074 0093 0139 0139 00939 -999 -999 -999
NHC  09E HECTOR    060816 1200 130N 1167W 270 051 0995 1010 0463 26 037 0139 0139 0139 01397 0037 0037 0037
NHC  09E HECTOR    060816 1800 136N 1171W 280 041 0992 1010 0463 28 037 0102 0139 0130 00937 0037 0037 0037
NHC  09E HECTOR    060817 0000 141N 1180W 290 041 0992 1010 0463 28 037 0102 0139 0130 00937 0037 0037 0037
NHC  09E HECTOR    060817 0600 143N 1191W 290 046 0989 1010 0463 31 028 0139 0139 0139 01396 0056 0056 0056
NHC  09E HECTOR    060817 1200 146N 1207W 285 062 0979 1010 0463 39 028 0185 0185 0167 01674 0074 0074 0074
NHC  09E HECTOR    060817 1800 148N 1216W 285 062 0975 1010 0463 41 028 0222 0222 0167 01853 0093 0074 0093
NHC  09E HECTOR    060818 0000 152N 1227W 285 057 0975 1010 0463 41 028 0222 0222 0167 01853 0093 0074 0093
NHC  09E HECTOR    060818 0600 157N 1239W 290 062 0970 1010 0463 46 019 0278 0278 0185 02221 0111 0074 0093
NHC  09E HECTOR    060818 1200 161N 1252W 290 062 0972 1010 0463 44 019 0278 0278 0185 02221 0111 0074 0093
NHC  09E HECTOR    060818 1800 164N 1264W 290 062 0972 1010 0408 44 028 0232 0232 0139 02321 0111 0074 0093
NHC  09E HECTOR    060819 0000 168N 1275W 290 057 0972 1010 0408 44 037 0232 0232 0139 02321 0111 0074 0093
NHC  09E HECTOR    060819 0600 172N 1286W 290 057 0970 1010 0408 46 037 0232 0232 0139 02321 0111 0074 0093
NHC  09E HECTOR    060819 1200 176N 1297W 290 057 0972 1009 0426 44 037 0232 0232 0139 02321 0111 0074 0111
NHC  09E HECTOR    060819 1800 181N 1306W 295 057 0979 1009 0426 39 037 0222 0213 0083 02048 0111 0065 0083
NHC  09E HECTOR    060820 0000 187N 1316W 300 057 0982 1009 0426 36 028 0222 0213 0083 02049 0111 0065 0083
NHC  09E HECTOR    060820 0600 192N 1322W 305 046 0980 1009 0426 39 028 0185 0185 0111 01851 0111 0074 0111
NHC  09E HECTOR    060820 1200 195N 1332W 300 046 0986 1011 0371 33 028 0185 0185 0111 01851 0111 0074 0111
NHC  09E HECTOR    060820 1800 201N 1339W 305 046 0995 1011 0324 26 037 0139 0139 0074 01114 0074 -999 0056
NHC  09E HECTOR    060821 0000 207N 1344W 310 041 1000 1010 0324 23 046 0130 0130 0056 00839 -999 -999 -999
NHC  09E HECTOR    060821 0600 211N 1349W 310 031 1005 1010 0278 18 046 0130 0130 0056 00839 -999 -999 -999
NHC  09E HECTOR    060821 1200 216N 1352W 315 031 1005 1010 0278 18 046 0130 0130 0056 00839 -999 -999 -999
NHC  09E HECTOR    060821 1800 221N 1353W 330 031 1002 1010 0278 21 083 0139 0139 0093 01399 -999 -999 -999
NHC  09E HECTOR    060822 0000 225N 1357W 325 031 1005 1010 0371 18 111 0139 -999 -999 01399 -999 -999 -999
NHC  09E HECTOR    060822 0600 226N 1361W 310 021 1005 1010 0371 18 093 0139 -999 -999 01399 -999 -999 -999
NHC  09E HECTOR    060822 1200 227N 1366W 280 026 1007 1010 0371 18 093 0139 -999 -999 01399 -999 -999 -999
NHC  09E HECTOR    060822 1800 228N 1371W 280 026 1007 1010 0371 18 093 0130 0111 -999 01309 -999 -999 -999
NHC  09E HECTOR    060823 0000 229N 1378W 280 026 1009 1011 0371 15 093 -999 -999 -999 -999 -999 -999
