NHC  11E ELEVEN    060828 1800 132N 0963W 300 031 1003 1008 0315 18 056 0056 -999 -999 00569 -999 -999 -999
NHC  11E JOHN      060829 0000 138N 0970W 300 036 0997 1008 0371 26 037 0083 0083 0083 00837 0037 0037 0037
NHC  11E JOHN      060829 0600 138N 0975W 290 031 0990 1008 0371 31 037 0111 0083 0083 01116 0037 0037 0046
NHC  11E JOHN      060829 1200 141N 0985W 290 036 0983 1008 0371 36 037 0148 0111 0111 01484 0056 0056 0074
NHC  11E JOHN      060829 1800 142N 0993W 285 041 0970 1007 0232 46 037 0204 0167 0167 02043 0093 0093 0093
NHC  11E JOHN      060830 0000 149N 1000W 300 057 0970 1008 0371 51 037 0204 0167 0167 02041 0093 0093 0111
NHC  11E JOHN      060830 0600 153N 1007W 300 046 0965 1010 0352 51 037 0204 0185 0185 02041 0093 0093 0111
NHC  11E JOHN      060830 1200 161N 1018W 305 051 0955 1010 0352 57 037 0222 0222 0093 02221 0074 0046 0111
NHC  11E JOHN      060830 1800 170N 1028W 305 062 0948 1010 0278 59 037 0222 0222 0111 02220 0093 0056 0130
NHC  11E JOHN      060831 0000 177N 1041W 300 072 0950 1010 0278 57 037 0222 0222 0111 02220 0111 0074 0130
NHC  11E JOHN      060831 0600 182N 1049W 300 057 0950 1010 0278 57 037 0185 0185 0111 01671 0093 0074 0111
NHC  11E JOHN      060831 1200 190N 1058W 300 062 0950 1008 0324 57 037 0167 0167 0111 01671 0093 0074 0111
NHC  11E JOHN      060831 1800 202N 1066W 317 062 0955 1008 0324 54 037 0167 0167 0111 01671 0093 0074 0111
NHC  11E JOHN      060901 0000 210N 1074W 320 062 0970 1008 0324 46 028 0167 0167 0111 01675 0065 -999 0065
NHC  11E JOHN      060901 0600 215N 1085W 305 057 0960 1008 0324 51 028 0167 0167 0111 01673 0065 0046 0065
NHC  11E JOHN      060901 1200 217N 1087W 305 036 0960 1008 0324 51 028 0167 0167 0111 01673 0065 0046 0065
NHC  11E JOHN      060902 0000 232N 1093W 335 041 0958 1008 0278 49 019 0139 0111 0056 00564 0056 0037 0037
NHC  11E JOHN      060902 0600 238N 1099W 330 041 0962 1008 0278 46 019 0139 0111 0056 00564 0056 0037 0037
NHC  11E JOHN      060902 1200 243N 1105W 320 041 0975 1008 0278 39 019 0139 0111 0046 00564 0056 0028 0037
NHC  11E JOHN      060902 1800 247N 1110W 315 036 0980 1008 0278 33 019 0139 0111 0046 00564 0056 0028 0037
NHC  11E JOHN      060903 0000 253N 1115W 320 036 0988 1008 0278 28 019 0139 0111 0046 00564 0056 0028 0037
NHC  11E JOHN      060903 1200 268N 1124W 325 041 0995 1008 0259 21 037 0139 0139 0046 00569 -999 -999 -999
NHC  11E JOHN      060903 1800 273N 1125W 325 031 0996 1008 0222 21 037 0111 0111 0037 00379 -999 -999 -999
NHC  11E JOHN      060904 0000 279N 1129W 335 036 1002 1008 0222 15 037 -999 -999 -999 -999 -999 -999
NHC  11E JOHN      060904 0600 282N 1130W 340 015 1004 1008 0222 13 037 -999 -999 -999 -999 -999 -999
NHC  11E JOHN      060904 1200 289N 1132W 340 031 1004 1007 0222 13 037 -999 -999 -999 -999 -999 -999
