NHC  13E INVEST    060913 1800 156N 1011W 300 057 1006 1010 0232 15 111 -999 -999 -999 -999 -999 -999
NHC  13E THIRTEEN  060914 0000 164N 1020W 305 057 1005 1010 0232 15 111 -999 -999 -999 -999 -999 -999
NHC  13E THIRTEEN  060914 0600 166N 1025W 307 051 1000 1008 0232 18 111 0111 0139 0222 02229 -999 -999 -999
NHC  13E LANE      060914 1200 173N 1039W 295 057 0999 1008 0232 21 111 0111 0139 0222 02229 -999 -999 -999
NHC  13E LANE      060914 1800 178N 1049W 300 062 0997 1008 0232 26 037 0139 0139 0222 01117 0037 0037 0037
NHC  13E LANE      060915 0000 179N 1052W 295 046 0997 1008 0232 26 037 0139 0222 0222 01117 0037 0037 0037
NHC  13E LANE      060915 0600 187N 1057W 310 062 0994 1008 0232 28 037 0111 0139 0111 01116 0046 0046 0046
NHC  13E LANE      060915 1200 193N 1060W 325 046 0990 1009 0232 31 028 0139 0139 0167 01116 0056 0056 0056
NHC  13E LANE      060915 1800 202N 1062W 340 041 0989 1009 0232 31 028 0139 0139 0167 01116 0046 0046 0046
NHC  13E LANE      060916 0000 213N 1067W 340 046 0975 1009 0232 44 028 0185 0185 0185 01303 0083 0083 0083
NHC  13E LANE      060916 0600 222N 1068W 350 046 0960 1008 0185 51 028 0185 0185 0185 01393 0093 0093 0083
NHC  13E LANE      060916 1200 231N 1071W 350 046 0956 1008 0185 54 019 0185 0185 0185 01393 0093 0093 0083
NHC  13E LANE      060916 1800 240N 1072W 350 046 0954 1008 0185 57 019 0167 0185 0185 01393 0083 0083 0074
NHC  13E LANE      060917 0000 247N 1073W 350 041 0978 1008 0185 41 019 0130 0130 0148 00936 0056 0074 0056
NHC  13E LANE      060917 0600 253N 1074W 350 031 0990 1010 0185 31 037 0074 0148 0148 00377 0074 0074 -999
