NHC  14E FOURTEEN  060916 0600 171N 1148W 090 015 1004 1008 0371 15 056 -999 -999 -999 -999 -999 -999
NHC  14E FOURTEEN  060916 1200 175N 1144W 045 015 1004 1008 0371 15 056 -999 -999 -999 -999 -999 -999
NHC  14E MIRIAM    060916 1800 180N 1145W 040 015 1003 1008 0371 18 056 -999 0167 0167 -999 -999 -999
NHC  14E MIRIAM    060917 0000 182N 1145W 015 015 1002 1008 0371 21 056 -999 0167 0167 -999 -999 -999
NHC  14E MIRIAM    060917 0600 189N 1140W 015 021 1002 1009 0324 21 111 0111 0222 0222 01119 -999 -999 -999
NHC  14E MIRIAM    060917 1200 189N 1139W 015 015 1002 1009 0324 21 111 0111 0222 0222 01119 -999 -999 -999
NHC  14E MIRIAM    060917 1800 191N 1139W 015 010 1004 1014 0324 18 111 -999 -999 0278 -999 -999 -999
NHC  14E MIRIAM    060918 0000 192N 1140W 360 010 1007 1014 0324 15 111 -999 -999 -999 -999 -999 -999
NHC  14E MIRIAM    060918 0600 196N 1136W 015 026 1001 1014 0324 18 093 -999 0111 -999 -999 -999 -999
NHC  14E MIRIAM    060918 1200 199N 1137W 360 021 1005 1014 0324 15 093 -999 -999 -999 -999 -999 -999
