JTWC 14S NAMELESS  060223 1800 109S 0814E 180 021 0997 1003 0259 18 074 0083 0083 0111 0083
JTWC 14S NAMELESS  060224 0000 118S 0813E 185 031 0984 1003 0343 28 028 0120 0120 0148 0120
JTWC 14S CARINA    060224 0600 114S 0811E 200 015 0984 1003 0370 28 028 0148 0148 0148 0148
JTWC 14S CARINA    060224 1200 116S 0809E 220 015 0984 1003 0370 28 028 0148 0148 0148 0148
JTWC 14S CARINA    060224 1800 119S 0807E 220 015 0984 1004 0407 28 037 0148 0148 0148 0167
JTWC 14S CARINA    060225 0000 125S 0803E 215 026 0976 1004 0426 33 028 0204 0185 0185 0185
JTWC 14S CARINA    060225 0600 126S 0800E 220 021 0972 1004 0444 36 028 0204 0185 0185 0185
JTWC 14S CARINA    060225 1200 130S 0799E 215 021 0967 1004 0444 39 028 0185 0204 0185 0185
JTWC 14S CARINA    060225 1800 125S 0802E 220 010 0967 1004 0444 39 028 0204 0222 0222 0185
JTWC 14S CARINA    060226 0000 131S 0798E 210 015 0967 1005 0444 39 028 0204 0222 0222 0185
JTWC 14S CARINA    060226 0600 132S 0796E 215 015 0967 1005 0444 39 028 0204 0204 0204 0204
JTWC 14S CARINA    060226 1200 136S 0796E 210 015 0963 1004 0407 41 019 0148 0148 0167 0167
JTWC 14S CARINA    060226 1800 140S 0798E 185 015 0954 1004 0389 46 019 0194 0204 0213 0222
JTWC 14S CARINA    060227 0000 145S 0798E 180 021 0949 1004 0389 49 019 0194 0167 0204 0222
JTWC 14S CARINA    060227 0600 149S 0797E 185 021 0944 1004 0306 51 019 0213 0213 0213 0213
JTWC 14S CARINA    060227 1200 153S 0797E 185 021 0938 1002 0296 54 019 0213 0213 0213 0213
JTWC 14S CARINA    060227 1800 158S 0796E 190 021 0927 1002 0333 59 009 0222 0222 0222 0222
JTWC 14S CARINA    060228 0000 164S 0792E 200 026 0910 1002 0361 67 019 0241 0241 0241 0241
JTWC 14S CARINA    060228 0600 164S 0786E 225 026 0910 1002 0361 67 028 0241 0259 0278 0241
JTWC 14S CARINA    060228 1200 167S 0782E 235 026 0910 1002 0361 67 028 0241 0259 0278 0241
JTWC 14S CARINA    060228 1800 168S 0780E 245 021 0916 1002 0278 64 019 0241 0241 0241 0241
JTWC 14S CARINA    060301 0000 169S 0779E 235 015 0922 1002 0278 62 009 0241 0241 0241 0241
JTWC 14S CARINA    060301 0600 174S 0777E 215 015 0927 1002 0259 59 056 0130 0185 0167 0111
JTWC 14S CARINA    060301 1200 176S 0768E 235 026 0927 1002 0232 59 019 0111 0157 0157 0111
JTWC 14S CARINA    060301 1800 180S 0763E 235 031 0976 1003 0278 33 019 0130 0167 0148 0111
JTWC 14S CARINA    060302 0000 182S 0760E 240 031 0980 1003 0278 31 019 0130 0167 0148 0111
JTWC 14S CARINA    060302 0600 191S 0780E 145 031 0994 1003 0241 21 019 0093 0167 0074 0065
JTWC 14S CARINA    060302 1200 202S 0778E 155 036 0997 1003 0241 18 019 -999 -999 -999 -999
JTWC 14S CARINA    060302 1800 195S 0771E 170 015 0997 1003 0185 18 074 -999 -999 -999 -999
