JTWC 14W NAMELESS  060910 1200 171N 1346E 325 051 0994 1009 0370 21 074 0102 0102 0093 0093
JTWC 14W SHANSHAN  060910 1800 177N 1341E 325 041 0984 1007 0370 28 028 0120 0120 0102 0102
JTWC 14W SHANSHAN  060911 0000 182N 1337E 325 031 0980 1006 0370 31 037 0139 0130 0130 0139
JTWC 14W SHANSHAN  060911 0600 187N 1333E 320 036 0980 1009 0380 31 037 0148 0139 0130 0139
JTWC 14W SHANSHAN  060911 1200 190N 1331E 325 026 0976 1009 0380 33 037 0148 0157 0157 0148
JTWC 14W SHANSHAN  060911 1800 193N 1327E 320 026 0972 1009 0333 36 028 0157 0157 0157 0148
JTWC 14W SHANSHAN  060912 0000 194N 1321E 300 021 0954 1009 0333 46 028 0259 0259 0259 0259
JTWC 14W SHANSHAN  060912 0600 197N 1315E 295 026 0954 1009 0333 46 028 0232 0259 0259 0232
JTWC 14W SHANSHAN  060912 1200 200N 1309E 295 031 0954 1009 0333 46 028 0232 0259 0259 0232
JTWC 14W SHANSHAN  060912 1800 201N 1302E 290 031 0954 1009 0333 46 028 0232 0259 0232 0232
JTWC 14W SHANSHAN  060913 0000 202N 1290E 280 041 0954 1009 0389 46 028 0259 0259 0259 0259
JTWC 14W SHANSHAN  060913 0600 202N 1282E 275 041 0958 1009 0389 44 028 0241 0259 0259 0241
JTWC 14W SHANSHAN  060913 1200 204N 1276E 280 041 0958 1009 0389 44 028 0241 0259 0259 0241
JTWC 14W SHANSHAN  060915 1800 241N 1238E 355 046 0922 1007 0407 62 028 0306 0287 0287 0296
JTWC 14W SHANSHAN  060916 0000 249N 1242E   5 046 0922 1007 0407 62 028 0306 0287 0287 0296
JTWC 14W SHANSHAN  060916 0600 259N 1248E  20 046 0922 1007 0407 62 028 0306 0287 0287 0296
JTWC 14W SHANSHAN  060916 1200 271N 1259E  30 062 0922 1007 0407 62 019 0296 0259 0278 0259
JTWC 14W SHANSHAN  060916 1800 286N 1271E  35 077 0938 1007 0426 54 019 0315 0315 0278 0259
JTWC 14W SHANSHAN  060917 0000 304N 1280E  30 093 0949 1007 0426 49 019 0315 0315 0278 0259
JTWC 14W SHANSHAN  060917 0600 323N 1291E  25 103 0967 1007 0444 39 037 0269 0250 0250 0232
