JTWC 18P WATI      060320 0000 172S 1600E 250 077 0984 1009 0232 28 019 0120 0185 0167 0120
JTWC 18P WATI      060320 0600 176S 1588E 250 077 0984 1006 0222 28 019 0111 0130 0130 0111
JTWC 18P WATI      060320 1200 179S 1578E 255 067 0984 1006 0222 28 019 0139 0148 0148 0139
JTWC 18P WATI      060320 1800 182S 1565E 255 062 0984 1005 0222 28 019 0139 0148 0148 0139
JTWC 18P WATI      060321 0000 176S 1554E 265 057 0984 1006 0296 28 028 0204 0222 0148 0111
JTWC 18P WATI      060321 0600 179S 1548E 265 046 0976 1004 0306 33 037 0204 0222 0167 0167
JTWC 18P WATI      060321 1200 177S 1543E 270 031 0976 1005 0259 33 028 0139 0176 0130 0139
JTWC 18P WATI      060321 1800 175S 1537E 275 026 0972 1005 0296 36 028 0167 0185 0148 0139
JTWC 18P WATI      060322 0000 176S 1538E 245 010 0967 1005 0333 39 019 0148 0194 0176 0148
JTWC 18P WATI      060322 0600 179S 1537E 240 010 0963 1001 0250 41 028 0185 0222 0167 0167
JTWC 18P WATI      060322 1200 180S 1537E 210 010 0967 1001 0222 39 028 0185 0222 0167 0167
JTWC 18P WATI      060322 1800 181S 1537E 190 010 0967 1001 0222 39 028 0185 0204 0167 0167
JTWC 18P WATI      060323 0000 186S 1545E 135 015 0967 1001 0222 39 028 0185 0204 0167 0167
JTWC 18P WATI      060323 0600 190S 1550E 130 026 0976 1002 0407 33 019 0157 0185 0167 0157
JTWC 18P WATI      060323 1200 190S 1564E 110 041 0976 1002 0407 33 019 0167 0194 0167 0139
JTWC 18P WATI      060323 1800 201S 1572E 125 051 0976 1002 0407 33 019 0167 0194 0167 0139
JTWC 18P WATI      060324 0000 211S 1585E 130 067 0980 1001 0278 31 019 0167 0232 0185 0139
JTWC 18P WATI      060324 0600 221S 1599E 130 077 0984 1003 0352 28 019 0148 0213 0167 0120
JTWC 18P WATI      060324 1200 238S 1606E 140 088 0991 1003 0352 23 056 0176 0213 0213 0148
JTWC 18P WATI      060324 1800 253S 1621E 140 093 0997 1005 0352 18 074 0176 0213 0167 0102
