JTWC 18W NAMELESS  060925 1800 116N 1282E 280 010 0997 1006 0333 18 074 -999 -999 -999 -999
JTWC 18W NAMELESS  060926 0000 117N 1280E 280 010 0997 1006 0333 18 074 -999 -999 -999 -999
JTWC 18W XANGSANE  060926 0600 121N 1273E 295 021 0991 1007 0370 23 074 0241 0241 0222 0222
JTWC 18W XANGSANE  060926 1200 122N 1268E 295 026 0984 1007 0370 28 037 0241 0241 0222 0222
JTWC 18W XANGSANE  060926 1800 122N 1262E 285 026 0976 1007 0352 33 037 0241 0241 0222 0222
JTWC 18W XANGSANE  060927 0000 125N 1255E 285 031 0954 1002 0333 46 019 0232 0232 0213 0213
JTWC 18W XANGSANE  060927 0600 129N 1246E 290 041 0927 1006 0482 59 019 0278 0259 0241 0241
JTWC 18W XANGSANE  060927 1200 131N 1236E 290 046 0916 1006 0500 64 019 0287 0278 0259 0259
JTWC 18W XANGSANE  060927 1800 136N 1226E 290 051 0922 1006 0343 62 009 0278 0278 0259 0250
JTWC 18W XANGSANE  060928 0000 141N 1215E 290 057 0938 1006 0343 54 019 0232 0241 0250 0232
JTWC 18W XANGSANE  060928 0600 146N 1203E 295 062 0938 1007 0389 54 019 0185 0222 0232 0157
JTWC 18W XANGSANE  060928 1200 156N 1191E 300 067 0938 1007 0389 54 019 0167 0157 0167 0176
JTWC 18W XANGSANE  060928 1800 156N 1181E 295 062 0949 1007 0389 49 019 0167 0157 0167 0176
JTWC 18W XANGSANE  060929 0000 154N 1169E 280 057 0944 1006 0389 51 019 0185 0167 0176 0185
JTWC 18W XANGSANE  060929 0600 154N 1157E 265 057 0927 1006 0389 59 019 0185 0167 0176 0185
JTWC 18W XANGSANE  060929 1200 154N 1144E 270 062 0927 1006 0389 59 019 0185 0167 0176 0185
JTWC 18W XANGSANE  060929 1800 155N 1132E 270 062 0927 1006 0370 59 009 0185 0167 0176 0185
JTWC 18W XANGSANE  060930 0000 155N 1123E 270 057 0927 1006 0370 59 019 0222 0185 0185 0222
JTWC 18W XANGSANE  060930 0600 156N 1115E 275 046 0927 1007 0463 59 019 0204 0185 0185 0204
JTWC 18W XANGSANE  060930 1200 159N 1106E 280 041 0933 1007 0444 57 019 0185 0167 0167 0185
JTWC 18W XANGSANE  060930 1800 160N 1097E 280 046 0954 1007 0444 46 019 0185 0185 0167 0194
