NHC  19E NINETEEN  061108 0600 125N 1042W 305 031 1007 1011 0278 15 056 -999 -999 -999 -999 -999 -999
NHC  19E NINETEEN  061108 1200 133N 1040W 325 031 1005 1008 0278 15 056 -999 -999 -999 -999 -999 -999
NHC  19E ROSA      061108 1800 140N 1042W 335 031 1004 1009 0278 18 056 0083 0083 -999 -999 -999 -999
NHC  19E NINETEEN  061109 0000 144N 1049W 320 036 1005 1009 0278 15 056 -999 -999 -999 -999 -999 -999
NHC  19E NINETEEN  061109 0600 146N 1053W 320 031 1005 1010 0334 15 056 -999 -999 -999 -999 -999 -999
NHC  19E ROSA      061109 1200 154N 1053W 340 031 1003 1010 0334 18 056 0056 0056 -999 00569 -999 -999 -999
NHC  19E ROSA      061109 1800 157N 1054W 350 026 1003 1010 0334 18 056 0111 0111 -999 00569 -999 -999 -999
NHC  19E ROSA      061110 0000 160N 1054W 350 021 1005 1010 0278 15 056 -999 -999 -999 -999 -999 -999
NHC  19E ROSA      061110 0600 156N 1058W 320 010 1007 1010 0278 13 056 -999 -999 -999 -999 -999 -999
NHC  19E ROSA      061110 1200 159N 1059W 330 015 1006 1009 0278 13 056 -999 -999 -999 -999 -999 -999
NHC  19E ROSA      061110 1800 160N 1063W 300 015 1007 1010 0278 13 056 -999 -999 -999 -999 -999 -999
