JTWC 19S FLOYD     060321 1200 128S 1150E 245 026 0994 1005 0278 21 074 0093 0102 0102 0102
JTWC 19S FLOYD     060321 1800 132S 1140E 245 036 0984 1004 0296 28 019 0111 0093 0093 0120
JTWC 19S FLOYD     060322 0000 133S 1133E 250 041 0980 1004 0296 31 019 0111 0093 0093 0120
JTWC 19S FLOYD     060322 0600 134S 1125E 260 041 0976 1003 0306 33 028 0120 0093 0093 0120
JTWC 19S FLOYD     060322 1200 134S 1117E 265 036 0967 1003 0287 39 019 0139 0111 0111 0139
JTWC 19S FLOYD     060322 1800 134S 1110E 265 036 0967 1003 0287 39 019 0139 0204 0204 0139
JTWC 19S FLOYD     060323 0000 133S 1105E 275 031 0967 1003 0287 39 019 0139 0204 0204 0139
JTWC 19S FLOYD     060323 0600 135S 1098E 265 031 0976 1003 0324 33 019 0148 0148 0148 0148
JTWC 19S FLOYD     060323 1200 141S 1089E 250 036 0976 1003 0324 33 019 0148 0148 0148 0148
JTWC 19S FLOYD     060323 1800 147S 1084E 235 041 0938 1003 0324 54 019 0185 0222 0222 0185
JTWC 19S FLOYD     060324 0000 151S 1082E 220 036 0927 1003 0278 59 019 0204 0241 0241 0204
JTWC 19S FLOYD     060324 0600 159S 1081E 205 036 0927 1003 0296 59 009 0241 0241 0204 0204
JTWC 19S FLOYD     060324 1200 166S 1083E 185 031 0927 1003 0296 59 009 0194 0222 0222 0185
JTWC 19S FLOYD     060324 1800 172S 1085E 170 036 0954 1004 0296 46 028 0167 0222 0222 0148
JTWC 19S FLOYD     060325 0000 177S 1091E 150 036 0954 1004 0296 46 028 0167 0222 0222 0148
JTWC 19S FLOYD     060325 0600 181S 1100E 135 036 0954 1005 0315 46 028 0167 0222 0222 0148
JTWC 19S FLOYD     060325 1200 188S 1108E 125 046 0958 1004 0278 44 028 0157 0213 0213 0157
JTWC 19S FLOYD     060325 1800 193S 1116E 125 051 0963 1004 0278 39 028 0157 0213 0213 0157
JTWC 19S FLOYD     060326 0000 195S 1122E 125 041 0980 1006 0278 31 028 0157 0157 0157 0102
JTWC 19S FLOYD     060326 0600 202S 1129E 130 041 0987 1006 0278 26 037 0102 0139 0120 0102
JTWC 19S FLOYD     060326 1200 207S 1134E 135 041 0994 1006 0278 21 046 0093 0111 0093 0093
