JTWC 19W NAMELESS  061001 1800 147N 1302E 285 098 1000 1002 0519 15 083 -999 -999 -999 -999
JTWC 19W NAMELESS  061002 0600 144N 1310E 280 036 0998 1002 0463 15 083 -999 -999 -999 -999
JTWC 19W BEBINCA   061003 0600 152N 1305E 320 015 0997 1000 0491 18 083 -999 -999 -999 -999
JTWC 19W BEBINCA   061003 1200 164N 1303E 340 036 0997 1000 0491 18 083 -999 -999 -999 -999
JTWC 19W BEBINCA   061004 0600 183N 1318E  30 036 0994  997 0407 21 083 0176 0167 0176 0167
JTWC 19W BEBINCA   061004 1200 196N 1338E  55 057 0997  998 0407 18 083 0157 0148 0157 0148
JTWC 19W BEBINCA   061004 1800 208N 1345E  45 067 1000 1001 0407 15 083 -999 -999 -999 -999
JTWC 19W BEBINCA   061005 0600 258N 1346E  15 082 0991 1001 0426 23 083 0222 0185 0204 0204
JTWC 19W BEBINCA   061005 1200 265N 1361E  30 082 0991 1000 0370 23 083 0185 0167 0167 0167
JTWC 19W BEBINCA   061005 1800 265N 1368E  50 057 0997 1000 0370 18 083 0185 0167 0167 0167
