JTWC 20S GLENDA    060327 1200 157S 1228E 240 036 0987 1005 0259 26 037 0111 0093 0120 0130
JTWC 20S GLENDA    060327 1800 156S 1222E 250 036 0976 1005 0389 33 019 0111 0111 0148 0148
JTWC 20S GLENDA    060328 0000 156S 1217E 255 031 0967 1005 0389 39 009 0148 0148 0167 0185
JTWC 20S GLENDA    060328 0600 160S 1211E 255 031 0927 1005 0407 59 019 0148 0167 0194 0185
JTWC 20S GLENDA    060328 1200 168S 1204E 235 036 0898 1006 0407 72 019 0148 0167 0194 0185
JTWC 20S GLENDA    060328 1800 171S 1194E 240 041 0922 1004 0370 62 009 0167 0148 0194 0185
JTWC 20S GLENDA    060329 0000 175S 1186E 240 046 0922 1005 0435 62 009 0167 0167 0204 0185
JTWC 20S GLENDA    060329 0600 179S 1179E 245 046 0922 1005 0407 62 009 0204 0232 0250 0222
JTWC 20S GLENDA    060329 1200 187S 1172E 230 046 0933 1005 0389 57 009 0185 0213 0213 0185
JTWC 20S GLENDA    060329 1800 190S 1168E 230 041 0938 1005 0333 54 009 0157 0185 0194 0148
JTWC 20S GLENDA    060330 0000 197S 1164E 220 041 0938 1005 0315 54 009 0185 0148 0222 0148
JTWC 20S GLENDA    060330 0600 209S 1158E 210 051 0938 1005 0296 54 019 0185 0148 0185 0167
JTWC 20S GLENDA    060330 1200 221S 1153E 205 057 0954 1005 0259 46 019 -999 -999 -999 -999
