NHC  21E TWENTY-ON 061114 0000 127N 1040W 295 046 1008 1011 0278 13 074 -999 -999 -999 -999 -999 -999
NHC  21E TWENTY-ON 061114 0600 128N 1044W 300 026 1007 1011 0278 15 056 -999 -999 -999 -999 -999 -999
NHC  21E TWENTY-ON 061114 1200 131N 1045W 315 015 1006 1011 0324 18 046 0046 0046 -999 00469 -999 -999 -999
NHC  21E SERGIO    061114 1800 130N 1046W 360 000 1000 1010 0324 23 028 0056 0056 0037 00569 -999 -999 -999
NHC  21E SERGIO    061115 0000 128N 1044W 360 000 0994 1010 0334 28 028 0074 0074 0074 00747 0037 0037 0037
NHC  21E SERGIO    061115 0600 127N 1043W 135 005 0994 1010 0334 28 019 0074 0074 0074 00747 0037 0037 0037
NHC  21E SERGIO    061115 1200 123N 1040W 140 015 0987 1010 0334 33 019 0074 0074 0074 00747 0037 0037 0037
NHC  21E SERGIO    061115 1800 120N 1037W 140 021 0965 1010 0334 49 019 0148 0148 0148 01484 0074 0074 0074
NHC  21E SERGIO    061116 0000 121N 1033W 080 021 0970 1010 0334 46 019 0148 0148 0148 01484 0074 0074 0074
NHC  21E SERGIO    061116 0600 123N 1031W 060 015 0970 1010 0334 46 019 0148 0148 0148 01484 0074 0074 0074
NHC  21E SERGIO    061116 1200 127N 1030W 045 015 0975 1010 0334 44 019 0148 0148 0148 01484 0074 0074 0074
NHC  21E SERGIO    061116 1800 134N 1028W 010 026 0982 1010 0334 36 019 0167 0185 0111 01116 0056 0028 0056
NHC  21E SERGIO    061117 0000 136N 1027W 015 021 0982 1010 0334 36 019 0167 0185 0111 01116 0056 0028 0056
NHC  21E SERGIO    061117 0600 138N 1027W 360 015 0985 1010 0334 33 028 0167 0185 0111 01113 0056 0028 0056
NHC  21E SERGIO    061117 1200 140N 1025W 015 015 0994 1010 0334 28 028 0167 0185 0111 01113 0056 0028 0056
NHC  21E SERGIO    061117 1800 139N 1025W 360 005 1002 1010 0278 21 028 0111 0111 0083 00839 -999 -999 -999
NHC  21E SERGIO    061118 0000 143N 1029W 315 031 1005 1010 0278 18 028 0111 0111 0083 00839 -999 -999 -999
NHC  21E SERGIO    061118 0600 147N 1031W 325 026 1000 1010 0278 23 028 0111 0056 0056 00839 -999 -999 -999
NHC  21E SERGIO    061118 1200 150N 1039W 310 031 1000 1010 0278 23 028 0111 0056 0056 00839 -999 -999 -999
NHC  21E SERGIO    061118 1800 154N 1044W 310 031 1000 1010 0278 23 028 0093 0056 -999 00939 -999 -999 -999
NHC  21E SERGIO    061119 0000 156N 1049W 300 031 1002 1010 0278 21 037 0093 0056 -999 00939 -999 -999 -999
NHC  21E SERGIO    061119 0600 156N 1051W 280 015 1002 1010 0278 21 037 0093 0056 -999 00569 -999 -999 -999
NHC  21E SERGIO    061119 1200 154N 1054W 275 015 1002 1010 0278 21 037 0093 0056 -999 -999 -999 -999
NHC  21E SERGIO    061119 1800 152N 1058W 245 015 1007 1010 0278 18 037 0093 0056 -999 -999 -999 -999
NHC  21E SERGIO    061120 0000 150N 1062W 245 021 1005 1010 0278 15 037 -999 -999 -999 -999 -999 -999
NHC  21E SERGIO    061120 0600 148N 1065W 245 021 1005 1010 0278 15 056 -999 -999 -999 -999 -999 -999
NHC  21E SERGIO    061120 1200 148N 1068W 250 015 1003 1010 0278 18 056 0074 -999 -999 -999 -999 -999
NHC  21E SERGIO    061120 1800 148N 1076W 270 021 1005 1010 0306 15 056 -999 -999 -999 -999 -999 -999
NHC  21E SERGIO    061121 1200 153N 1113W 280 062 1007 1010 0306 13 056 -999 -999 -999 -999 -999 -999
NHC  21E SERGIO    061121 1800 155N 1126W 280 062 1007 1010 0306 13 056 -999 -999 -999 -999 -999 -999
