JTWC 22S NAMELESS  060413 0000 136S 0899E 225 026 0994 1006 0167 21 056 0111 0130 0130 0111
JTWC 22S NAMELESS  060413 0600 132S 0899E 245 010 0991 1006 0167 23 056 0111 0130 0130 0111
JTWC 22S NAMELESS  060413 1200 132S 0895E 255 015 0991 1006 0167 23 056 0111 0130 0130 0111
JTWC 22S ELIA      060413 1800 133S 0893E 255 015 0991 1006 0185 23 046 0093 0130 0130 0093
JTWC 22S ELIA      060414 0000 135S 0890E 245 015 0991 1006 0185 23 046 0093 0130 0130 0093
JTWC 22S ELIA      060414 0600 142S 0884E 225 026 0987 1006 0185 26 046 0120 0130 0130 0102
JTWC 22S ELIA      060414 1200 147S 0884E 215 026 0984 1006 0185 28 037 0111 0130 0130 0102
JTWC 22S ELIA      060414 1800 152S 0889E 180 021 0984 1006 0185 28 037 0111 0130 0130 0102
JTWC 22S ELIA      060415 0000 150S 0869E 245 031 0991 1006 0167 23 037 0102 0130 0102 0102
JTWC 22S ELIA      060415 0600 152S 0860E 255 036 0997 1009 0167 18 056 -999 -999 -999 -999
JTWC 22S ELIA      060415 1200 155S 0854E 250 036 0997 1009 0167 18 056 -999 -999 -999 -999
