NHC  80C MAKANI    060515 1800 180N 1460W 275 026 1009 1012 0139 15 093 -999 -999 -999 -999 -999 -999
NHC  80C MAKANI    060516 0000 180N 1472W 270 036 1007 1012 0176 18 093 0093 -999 -999 00939 -999 -999 -999
NHC  80C MAKANI    060516 0600 181N 1486W 270 051 1005 1012 0204 21 083 0102 -999 -999 01029 -999 -999 -999
NHC  80C MAKANI    060516 1200 180N 1498W 270 062 1004 1012 0222 23 083 0130 0083 0083 01309 -999 -999 -999
NHC  80C MAKANI    060517 0000 181N 1522W 270 057 0997 1012 0241 31 046 0204 0167 0167 02043 0083 0083 0093
NHC  80C MAKANI    060517 0600 181N 1535W 270 062 0985 1012 0222 39 037 0232 0204 0204 02328 0111 0111 0148
NHC  80C MAKANI    060517 1200 181N 1548W 270 062 0971 1012 0241 46 037 0259 0222 0222 02595 0167 0167 0185
NHC  80C MAKANI    060517 1800 182N 1560W 270 062 0961 1012 0259 51 037 0278 0241 0241 02785 0167 0167 0185
NHC  80C MAKANI    060518 0000 184N 1572W 275 062 0951 1012 0278 57 028 0297 0278 0269 02975 0195 0176 0195
NHC  80C MAKANI    060518 0600 196N 1581W 295 062 0948 1012 0297 59 028 0306 0297 0278 02974 0204 0185 0195
NHC  80C MAKANI    060518 1200 213N 1579W 360 067 0935 1012 0315 64 028 0334 0334 0297 02972 0222 0185 0195
NHC  80C MAKANI    060518 1800 232N 1575W 355 082 0990 1012 0222 33 028 0222 0222 0185 02229 0139 0111 0111
NHC  80C MAKANI    060519 0000 252N 1570W 010 098 1005 1012 0111 15 046 -999 -999 -999 -999 -999 -999
NHC  80C MAKANI    060519 0600 273N 1564W 015 108 1006 1012 0074 15 056 -999 -999 -999 -999 -999 -999
NHC  80C TEST_SAM  060522 0600 196N 1504W 270 031 1007 1012 0139 18 065 0074 -999 -999 00749
NHC  80C TEST_SAM  060522 1200 196N 1511W 270 031 1004 1012 0139 21 056 0093 0065 0065 00939 -999 -999 -999
NHC  80C TEST      060619 0600 189N 1488W 275 031 1006 1008 0278 18 056 0065 -999 -999 00659 -999 -999 -999
NHC  80C TEST      060619 1200 189N 1496W 275 036 1005 1010 0232 21 065 0083 -999 -999 00749 -999 -999 -999
