NHC  90E INVEST    060710 1800 113N 0961W 275 036 1009 1011 0278 10 083 -999 -999 -999 -999 -999 -999
NHC  90E INVEST    060711 0000 114N 0968W 280 036 1008 1011 0278 13 074 -999 -999 -999 -999 -999 -999
NHC  90E INVEST    060711 0600 115N 0975W 280 036 1008 1011 0278 13 074 -999 -999 -999 -999 -999 -999
NHC  90E INVEST    060711 1200 122N 0983W 295 041 1008 1011 0278 13 074 -999 -999 -999 -999 -999 -999
NHC  90E INVEST    060711 1800 135N 1017W 290 062 1006 1011 0278 13 093 -999 -999 -999 -999 -999 -999
NHC  90E INVEST    060825 0600 092N 0873W 285 041 1007 1008 0278 10 037 -999 -999 -999 -999 -999 -999
NHC  90E INVEST    060825 1200 106N 0895W 295 036 1007 1008 0278 10 037 -999 -999 -999 -999 -999 -999
NHC  90E INVEST    060826 0600 114N 0928W 280 057 1006 1008 0278 10 037 -999 -999 -999 -999 -999 -999
NHC  90E INVEST    060826 1200 112N 0931W 270 046 1006 1008 0278 10 037 -999 -999 -999 -999 -999 -999
NHC  90E INVEST    060826 1800 116N 0942W 280 046 1006 1008 0278 10 037 -999 -999 -999 -999 -999 -999
NHC  90E INVEST    060827 1800 116N 0942W 280 046 1006 1008 0278 10 037 -999 -999 -999 -999 -999 -999
NHC  90E INVEST    060828 0000 125N 0946W 290 031 1005 1008 0278 13 037 -999 -999 -999 -999 -999 -999
NHC  90E INVEST    060828 0600 123N 0950W 305 036 1005 1008 0278 13 037 -999 -999 -999 -999 -999 -999
NHC  90E INVEST    060828 1200 131N 0957W 310 036 1004 1008 0315 15 056 -999 -999 -999 -999 -999 -999
NHC  90E INVEST    061007 1200 099N 1127W 275 072 1007 1009 0259 10 000 -999 -999 -999 -999 -999 -999
NHC  90E INVEST    061007 1800 099N 1137W 275 057 1007 1009 0259 10 056 -999 -999 -999 -999 -999 -999
NHC  90E INVEST    061008 0000 103N 1147W 280 057 1006 1009 0259 13 056 -999 -999 -999 -999 -999 -999
NHC  90E INVEST    061008 1200 122N 1165W 310 062 1006 1009 0324 13 093 -999 -999 -999 -999 -999 -999
NHC  90E INVEST    061008 1800 130N 1168W 325 057 1006 1009 0324 13 093 -999 -999 -999 -999 -999 -999
NHC  90E INVEST    061009 0000 142N 1171W 335 057 1006 1009 0324 13 093 -999 -999 -999 -999 -999 -999
