NHC  90L INVEST    060609 1800 180N 0850W 360 000 1006 1011 0417 13 111 -999 -999 -999 -999 -999 -999
NHC  90L INVEST    060731 1200 343N 0732W 110 041 1010 1012 0222 13 000 -999 -999 -999 -999 -999 -999
NHC  90L INVEST    060731 1800 342N 0723W 115 041 1010 1012 0222 13 000 -999 -999 -999 -999 -999 -999
NHC  90L INVEST    060903 0000 115N 0360W 270 026 1008 1010 0324 13 111 -999 -999 -999 -999 -999 -999
NHC  90L INVEST    060903 0600 119N 0380W 280 051 1008 1011 0324 13 074 -999 -999 -999 -999 -999 -999
NHC  90L INVEST    060903 1200 137N 0386W 300 057 1007 1011 0324 13 074 -999 -999 -999 -999 -999 -999
NHC  90L INVEST    060903 1800 142N 0399W 305 062 1005 1009 0324 15 139 -999 -999 -999 -999 -999 -999
NHC  90L INVEST    061011 0000 128N 0575W 280 077 1010 1013 0278 10 000 -999 -999 -999 -999 -999 -999
NHC  90L INVEST    061011 0600 131N 0586W 280 072 1010 1012 0324 13 167 -999 -999 -999 -999 -999 -999
NHC  90L INVEST    061011 1200 136N 0597W 285 067 1010 1012 0278 13 139 -999 -999 -999 -999 -999 -999
NHC  90L INVEST    061012 0000 158N 0617W 310 067 1010 1013 0278 13 139 -999 -999 -999 -999 -999 -999
NHC  90L INVEST    061012 0600 165N 0627W 310 062 1009 1012 0278 13 093 -999 -999 -999 -999 -999 -999
NHC  90L INVEST    061012 1200 178N 0638W 315 072 1011 1013 0222 13 111 -999 -999 -999 -999 -999 -999
NHC  90L INVEST    061012 1800 223N 0653W 340 026 1009 1013 0222 13 111 -999 -999 -999 -999 -999 -999
NHC  90L INVEST    061013 0000 217N 0649W 090 021 1009 1013 0222 13 111 -999 -999 -999 -999 -999 -999
NHC  90L INVEST    061013 1200 220N 0651W 360 010 1008 1013 0278 13 111 -999 -999 -999 -999 -999 -999
NHC  90L INVEST    061014 0000 214N 0658W 235 015 1008 1013 0371 13 111 -999 -999 -999 -999 -999 -999
NHC  90L INVEST    061015 0000 203N 0666W 325 010 1008 1012 0371 13 111 -999 -999 -999 -999 -999 -999
NHC  90L INVEST    061017 1200 194N 0663W 230 021 1007 1012 0371 13 111 -999 -999 -999 -999 -999 -999
NHC  90L INVEST    061019 1200 180N 0650W 090 010 1007 1010 0334 13 093 -999 -999 -999 -999 -999 -999
NHC  90L INVEST    061019 1800 180N 0656W 270 015 1007 1010 0334 13 093 -999 -999 -999 -999 -999 -999
NHC  90L INVEST    061020 0600 189N 0649W 045 026 1007 1010 0297 13 093 -999 -999 -999 -999 -999 -999
NHC  90L INVEST    061020 1200 190N 0643W 050 026 1007 1010 0297 13 093 -999 -999 -999 -999 -999 -999
