NHC  91C INVEST    060817 0000 103N 1482W 270 072 1009 1010 0278 13 000 -999 -999 -999 -999 -999 -999
NHC  91C INVEST    060817 0600 104N 1488W 270 057 1009 1010 0278 13 065 -999 -999 -999 -999 -999 -999
NHC  91C INVEST    060817 1200 101N 1497W 270 051 1009 1011 0204 13 074 -999 -999 -999 -999 -999 -999
NHC  91C INVEST    060817 1800 102N 1506W 270 051 1009 1011 0204 13 074 -999 -999 -999 -999 -999 -999
NHC  91C INVEST    060818 0000 104N 1515W 275 046 1009 1011 0204 13 074 -999 -999 -999 -999 -999 -999
NHC  91C INVEST    060818 0600 106N 1520W 285 041 1009 1011 0185 13 074 -999 -999 -999 -999 -999 -999
NHC  91C INVEST    060818 1200 106N 1530W 280 041 1009 1011 0241 13 083 -999 -999 -999 -999 -999 -999
NHC  91C INVEST    060818 1800 097N 1548W 265 057 1009 1011 0241 13 083 -999 -999 -999 -999 -999 -999
NHC  91C INVEST    060819 0000 100N 1554W 270 057 1009 1011 0241 13 083 -999 -999 -999 -999 -999 -999
NHC  91C INVEST    060819 0600 100N 1564W 270 051 1009 1011 0241 13 083 -999 -999 -999 -999 -999 -999
NHC  91C INVEST    060819 1200 100N 1574W 270 051 1009 1011 0241 13 083 -999 -999 -999 -999 -999 -999
NHC  91C INVEST    060819 1800 103N 1574W 280 036 1008 1011 0241 13 083 -999 -999 -999 -999 -999 -999
NHC  91C INVEST    060820 0000 100N 1577W 270 031 1008 1010 0222 13 083 -999 -999 -999 -999 -999 -999
NHC  91C INVEST    061102 1800 430N 1374W 075 118 0990 0998 0334 18 074 -999 0074 -999 -999 -999 -999
NHC  91C INVEST    061103 1200 464N 1282W 060 129 0996 1002 0334 18 074 0111 0167 0111 -999 -999 -999
