NHC  92C INVEST    060821 0000 120N 1419W 260 046 1010 1012 0278 08 000 -999 -999 -999 -999 -999 -999
NHC  92C INVEST    060821 0600 139N 1424W 300 041 1010 1012 0167 10 083 -999 -999 -999 -999 -999 -999
NHC  92C INVEST    060821 1200 142N 1431W 295 036 1010 1012 0167 13 083 -999 -999 -999 -999 -999 -999
NHC  92C INVEST    060822 0000 151N 1435W 300 031 1010 1012 0167 10 083 -999 -999 -999 -999 -999 -999
NHC  92C INVEST    060822 1200 149N 1450W 270 036 1010 1012 0167 10 083 -999 -999 -999 -999 -999 -999
NHC  92C INVEST    060822 1800 147N 1457W 260 036 1010 1012 0167 10 083 -999 -999 -999 -999 -999 -999
NHC  92C INVEST    060823 0000 150N 1459W 270 026 1010 1012 0167 10 083 -999 -999 -999 -999 -999 -999
NHC  92C INVEST    060823 0600 150N 1468W 275 031 1010 1012 0167 10 083 -999 -999 -999 -999 -999 -999
NHC  92C INVEST    060823 1200 150N 1476W 270 036 1010 1012 0167 10 083 -999 -999 -999 -999 -999 -999
NHC  92C INVEST    060823 1800 156N 1482W 285 041 1010 1012 0167 10 083 -999 -999 -999 -999 -999 -999
NHC  92C INVEST    060824 0000 158N 1490W 285 036 1010 1012 0167 10 083 -999 -999 -999 -999 -999 -999
NHC  92C INVEST    061114 1800 080N 1770W 290 041 1008 1009 0102 13 093 -999 -999 -999 -999 -999 -999
NHC  92C INVEST    061115 0000 086N 1777W 285 041 1006 1009 0102 13 093 -999 -999 -999 -999 -999 -999
NHC  92C INVEST    061115 1200 099N 1782W 320 031 1008 1009 0102 10 093 -999 -999 -999 -999 -999 -999
NHC  92C INVEST    061115 1800 100N 1780W 340 021 1008 1009 0102 10 093 -999 -999 -999 -999 -999 -999
