NHC  92E INVEST    060716 1200 100N 0970W 275 051 1009 1011 0278 10 056 -999 -999 -999 -999 -999 -999
NHC  92E INVEST    060716 1800 101N 0978W 275 046 1009 1011 0278 10 056 -999 -999 -999 -999 -999 -999
NHC  92E INVEST    060717 0000 099N 0986W 270 046 1009 1011 0278 10 056 -999 -999 -999 -999 -999 -999
NHC  92E INVEST    060717 0600 100N 0991W 275 036 1009 1011 0278 10 056 -999 -999 -999 -999 -999 -999
NHC  92E INVEST    060717 1200 100N 1004W 270 046 1009 1011 0278 10 056 -999 -999 -999 -999 -999 -999
NHC  92E INVEST    060717 1800 096N 1002W 260 026 1008 1011 0278 13 056 -999 -999 -999 -999 -999 -999
NHC  92E INVEST    060718 0000 095N 1005W 255 021 1008 1011 0278 13 056 -999 -999 -999 -999 -999 -999
NHC  92E INVEST    060718 0600 091N 1010W 250 026 1008 1011 0278 13 046 -999 -999 -999 -999 -999 -999
NHC  92E INVEST    060718 1200 093N 1018W 265 026 1008 1011 0278 13 046 -999 -999 -999 -999 -999 -999
NHC  92E INVEST    060718 1800 095N 1022W 275 026 1008 1011 0278 13 046 -999 -999 -999 -999 -999 -999
NHC  92E INVEST    060719 0000 095N 1025W 280 026 1008 1011 0278 13 037 -999 -999 -999 -999 -999 -999
NHC  92E INVEST    060719 0600 097N 1027W 285 015 1008 1011 0278 13 037 -999 -999 -999 -999 -999 -999
NHC  92E INVEST    060719 1200 098N 1030W 290 015 1008 1011 0278 13 037 -999 -999 -999 -999 -999 -999
NHC  92E INVEST    060719 1800 099N 1023W 025 005 1008 1011 0278 13 037 -999 -999 -999 -999 -999 -999
NHC  92E INVEST    060720 0000 104N 1022W 360 015 1008 1011 0278 13 037 -999 -999 -999 -999 -999 -999
NHC  92E INVEST    060720 0600 106N 1026W 360 015 1008 1011 0324 13 037 -999 -999 -999 -999 -999 -999
NHC  92E INVEST    060720 1200 109N 1031W 320 021 1007 1011 0324 13 037 -999 -999 -999 -999 -999 -999
NHC  92E INVEST    060720 1800 114N 1026W 350 021 1007 1011 0324 13 037 -999 -999 -999 -999 -999 -999
NHC  92E INVEST    060721 0000 117N 1028W 350 021 1007 1011 0324 13 037 -999 -999 -999 -999 -999 -999
NHC  92E INVEST    060721 0600 117N 1030W 345 015 1008 1011 0324 13 037 -999 -999 -999 -999 -999 -999
NHC  92E INVEST    060721 1200 119N 1030W 320 010 1007 1011 0324 13 037 -999 -999 -999 -999 -999 -999
NHC  92E INVEST    061019 0600 142N 0942W 280 098 1007 1009 0334 13 111 -999 -999 -999 -999 -999 -999
NHC  92E INVEST    061019 1200 149N 0966W 285 103 1006 1009 0334 13 093 -999 -999 -999 -999 -999 -999
NHC  92E INVEST    061019 1800 140N 0973W 275 077 1006 1009 0334 13 093 -999 -999 -999 -999 -999 -999
NHC  92E INVEST    061020 0600 155N 1014W 280 046 1006 1009 0334 13 093 -999 -999 -999 -999 -999 -999
NHC  92E INVEST    061020 1200 156N 1021W 280 041 1005 1009 0334 13 093 -999 -999 -999 -999 -999 -999
NHC  92E INVEST    061020 1800 157N 1029W 280 041 1005 1009 0334 13 093 -999 -999 -999 -999 -999 -999
NHC  92E INVEST    061021 0000 160N 1043W 280 051 1004 1006 0278 13 056 -999 -999 -999 -999 -999 -999
