NHC  92L INVEST    060624 1200 341N 0490W 320 036 1019 1025 0222 13 083 -999 -999 -999 -999 -999 -999
NHC  92L INVEST    060624 1800 341N 0500W 300 051 1019 1025 0222 13 065 -999 -999 -999 -999 -999 -999
NHC  92L INVEST    060625 0000 341N 0510W 275 036 1019 1025 0222 13 065 -999 -999 -999 -999 -999 -999
NHC  92L INVEST    060813 1200 133N 0596W 295 051 1011 1013 0222 10 083 -999 -999 -999 -999 -999 -999
NHC  92L INVEST    060814 0000 135N 0587W 275 021 1011 1013 0222 10 083 -999 -999 -999 -999 -999 -999
NHC  92L INVEST    060906 1800 312N 0784W 050 067 1012 1014 0232 13 093 -999 -999 -999 -999 -999 -999
NHC  92L INVEST    060907 0000 334N 0765W 045 093 1012 1014 0232 13 093 -999 -999 -999 -999 -999 -999
NHC  92L INVEST    061015 0000 216N 0973W 360 015 1006 1009 0334 10 167 -999 -999 -999 -999 -999 -999
NHC  92L INVEST    061015 1200 225N 0978W 340 021 1005 1007 0417 13 167 -999 -999 -999 -999 -999 -999
NHC  92L INVEST    061015 1800 232N 0971W 015 026 1003 1006 0371 13 167 -999 -999 -999 -999 -999 -999
