NHC  93E INVEST    060726 1800 080N 0910W 270 062 1009 1012 0278 10 000 -999 -999 -999 -999 -999 -999
NHC  93E INVEST    060727 0000 080N 0920W 270 051 1009 1011 0278 10 074 -999 -999 -999 -999 -999 -999
NHC  93E INVEST    060912 1800 135N 0973W 275 057 1008 1011 0232 10 074 -999 -999 -999 -999 -999 -999
NHC  93E INVEST    060913 0000 139N 0972W 285 036 1008 1011 0232 10 074 -999 -999 -999 -999 -999 -999
NHC  93E INVEST    060913 0600 141N 0976W 295 026 1008 1011 0232 10 074 -999 -999 -999 -999 -999 -999
NHC  93E INVEST    060913 1200 145N 1003W 285 062 1008 1011 0232 13 074 -999 -999 -999 -999 -999 -999
NHC  93E INVEST    060913 1800 156N 1011W 300 057 1006 1010 0232 15 111 -999 -999 -999 -999 -999 -999
NHC  93E INVEST    061025 1800 157N 1024W 290 062 1009 1012 0222 13 056 -999 -999 -999 -999 -999 -999
NHC  93E INVEST    061026 0000 162N 1025W 310 046 1009 1012 0222 13 056 -999 -999 -999 -999 -999 -999
NHC  93E INVEST    061026 0600 169N 1029W 320 036 1009 1012 0222 13 056 -999 -999 -999 -999 -999 -999
NHC  93E INVEST    061026 1200 167N 1039W 295 041 1008 1012 0222 15 056 -999 -999 -999 -999 -999 -999
