NHC  94E INVEST    060729 1200 119N 1121W 270 067 1009 1010 0278 10 111 -999 -999 -999 -999 -999 -999
NHC  94E INVEST    060729 1800 122N 1132W 275 062 1009 1010 0278 10 111 -999 -999 -999 -999 -999 -999
NHC  94E INVEST    060730 0000 132N 1143W 290 062 1009 1010 0278 10 111 -999 -999 -999 -999 -999 -999
NHC  94E INVEST    060730 0600 138N 1153W 300 062 1008 1011 0278 13 074 -999 -999 -999 -999 -999 -999
NHC  94E INVEST    060730 1200 140N 1153W 300 041 1008 1011 0278 13 074 -999 -999 -999 -999 -999 -999
NHC  94E INVEST    060730 1800 142N 1166W 290 046 1008 1011 0278 13 074 -999 -999 -999 -999 -999 -999
NHC  94E INVEST    060731 0000 144N 1180W 285 057 1009 1011 0278 15 074 -999 -999 -999 -999 -999 -999
NHC  94E INVEST    060731 0600 145N 1186W 280 051 1009 1012 0278 13 056 -999 -999 -999 -999 -999 -999
NHC  94E INVEST    060731 1200 147N 1207W 280 067 1009 1012 0278 13 056 -999 -999 -999 -999 -999 -999
NHC  94E INVEST    060914 1200 123N 1212W 360 000 1009 1011 0278 13 111 -999 -999 -999 -999 -999 -999
NHC  94E INVEST    061107 1200 112N 1025W 280 046 1007 1009 0278 13 083 -999 -999 -999 -999 -999 -999
NHC  94E INVEST    061107 1800 120N 1034W 295 051 1007 1011 0278 13 083 -999 -999 -999 -999 -999 -999
NHC  94E INVEST    061108 0000 124N 1036W 315 041 1007 1011 0278 15 083 -999 -999 -999 -999 -999 -999
