NHC  96E INVEST    060629 1200 097N 1152W 275 118 1009 1010 0278 10 000 -999 -999 -999 -999 -999 -999
NHC  96E INVEST    060629 1800 099N 1165W 275 093 1009 1010 0278 10 000 -999 -999 -999 -999 -999 -999
NHC  96E INVEST    060630 0000 113N 1172W 280 082 1007 1010 0278 13 083 -999 -999 -999 -999 -999 -999
NHC  96E INVEST    060630 0600 116N 1187W 290 077 1007 1010 0278 13 083 -999 -999 -999 -999 -999 -999
NHC  96E INVEST    060630 1200 100N 1197W 270 088 1008 1010 0278 13 083 -999 -999 -999 -999 -999 -999
NHC  96E INVEST    060630 1800 100N 1225W 270 103 1008 1010 0278 13 083 -999 -999 -999 -999 -999 -999
NHC  96E INVEST    060701 0000 100N 1240W 270 098 1008 1010 0278 13 083 -999 -999 -999 -999 -999 -999
NHC  96E INVEST    060701 1200 117N 1275W 280 098 1008 1012 0232 13 083 -999 -999 -999 -999 -999 -999
NHC  96E INVEST    060701 1800 119N 1292W 280 098 1008 1012 0232 13 083 -999 -999 -999 -999 -999 -999
NHC  96E INVEST    060702 0000 120N 1304W 280 082 1008 1012 0232 13 083 -999 -999 -999 -999 -999 -999
NHC  96E INVEST    060702 1200 122N 1322W 275 051 1009 1012 0232 13 083 -999 -999 -999 -999 -999 -999
NHC  96E INVEST    060702 1800 122N 1341W 275 062 1009 1012 0232 13 083 -999 -999 -999 -999 -999 -999
NHC  96E INVEST    060703 0000 122N 1352W 270 062 1009 1012 0232 13 083 -999 -999 -999 -999 -999 -999
NHC  96E INVEST    060703 1200 116N 1373W 265 057 1009 1012 0324 13 093 -999 -999 -999 -999 -999 -999
NHC  96E INVEST    060703 1800 118N 1385W 270 051 1009 1012 0324 13 093 -999 -999 -999 -999 -999 -999
NHC  96E INVEST    060811 1200 105N 1355W 290 036 1009 1010 0278 13 111 -999 -999 -999 -999 -999 -999
NHC  96E INVEST    060812 0000 105N 1381W 275 041 1009 1010 0278 10 111 -999 -999 -999 -999 -999 -999
NHC  96E INVEST    060920 1800 159N 1043W 270 026 1009 1012 0371 13 093 -999 -999 -999 -999 -999 -999
NHC  96E INVEST    060921 0000 159N 1051W 270 026 1009 1012 0371 13 093 -999 -999 -999 -999 -999 -999
NHC  96E INVEST    060921 1200 158N 1056W 265 021 1009 1012 0371 13 093 -999 -999 -999 -999 -999 -999
NHC  96E INVEST    060922 0000 155N 1054W 360 000 1009 1012 0371 13 093 -999 -999 -999 -999 -999 -999
NHC  96E INVEST    060922 0600 159N 1060W 290 021 1009 1012 0371 10 093 -999 -999 -999 -999 -999 -999
NHC  96E INVEST    060922 1200 159N 1065W 270 026 1009 1010 0371 10 093 -999 -999 -999 -999 -999 -999
NHC  96E INVEST    060922 1800 161N 1068W 290 021 1008 1010 0371 10 093 -999 -999 -999 -999 -999 -999
NHC  96E INVEST    060923 0000 161N 1072W 280 021 1007 1010 0371 10 093 -999 -999 -999 -999 -999 -999
NHC  96E INVEST    060923 1800 165N 1065W 010 010 1008 1010 0371 10 093 -999 -999 -999 -999 -999 -999
NHC  96E INVEST    060924 0000 167N 1065W 360 000 1008 1010 0371 10 093 -999 -999 -999 -999 -999 -999
NHC  96E INVEST    061112 1200 107N 1021W 290 077 1008 1009 0232 13 111 -999 -999 -999 -999 -999 -999
NHC  96E INVEST    061112 1800 112N 1001W 285 057 1008 1010 0278 13 111 -999 -999 -999 -999 -999 -999
NHC  96E INVEST    061113 0000 114N 1005W 295 031 1008 1010 0278 13 111 -999 -999 -999 -999 -999 -999
NHC  96E INVEST    061113 1200 119N 1025W 290 046 1008 1010 0278 13 111 -999 -999 -999 -999 -999 -999
NHC  96E INVEST    061113 1800 122N 1035W 285 046 1008 1011 0278 13 111 -999 -999 -999 -999 -999 -999
NHC  96E INVEST    061114 0000 127N 1040W 295 046 1008 1011 0278 13 093 -999 -999 -999 -999 -999 -999
