NHC  96L INVEST    060709 0600 075N 0399W 275 051 1010 1013 0278 13 111 -999 -999 -999 -999 -999 -999
NHC  96L INVEST    060710 0000 098N 0420W 295 051 1010 1013 0278 13 111 -999 -999 -999 -999 -999 -999
NHC  96L INVEST    060710 1200 109N 0455W 290 077 1011 1014 0278 13 111 -999 -999 -999 -999 -999 -999
NHC  96L INVEST    060711 0000 116N 0483W 285 072 1011 1014 0278 13 111 -999 -999 -999 -999 -999 -999
NHC  96L INVEST    060711 0600 119N 0496W 285 067 1011 1014 0278 13 111 -999 -999 -999 -999 -999 -999
NHC  96L INVEST    060711 1800 125N 0530W 280 082 1011 1014 0278 13 111 -999 -999 -999 -999 -999 -999
NHC  96L INVEST    060712 0000 127N 0542W 280 072 1011 1014 0278 13 111 -999 -999 -999 -999 -999 -999
NHC  96L INVEST    060712 1200 123N 0575W 270 077 1011 1014 0278 13 111 -999 -999 -999 -999 -999 -999
NHC  96L INVEST    060821 0000 108N 0182W 275 082 1008 1012 0371 13 111 -999 -999 -999 -999 -999 -999
NHC  96L INVEST    060821 0600 120N 0193W 285 072 1008 1011 0371 13 111 -999 -999 -999 -999 -999 -999
NHC  96L INVEST    060821 1200 122N 0203W 285 062 1008 1013 0371 13 111 -999 -999 -999 -999 -999 -999
NHC  96L INVEST    060920 0600 085N 0275W 270 051 1010 1012 0278 10 093 -999 -999 -999 -999 -999 -999
NHC  96L INVEST    060921 0000 095N 0311W 285 062 1010 1013 0278 13 130 -999 -999 -999 -999 -999 -999
NHC  96L INVEST    060921 0600 107N 0333W 290 077 1010 1013 0278 13 167 -999 -999 -999 -999 -999 -999
NHC  96L INVEST    060921 1200 120N 0343W 290 067 1010 1013 0278 13 167 -999 -999 -999 -999 -999 -999
NHC  96L INVEST    060922 0000 118N 0355W 280 036 1010 1013 0278 13 167 -999 -999 -999 -999 -999 -999
NHC  96L INVEST    060922 0600 120N 0380W 280 067 1010 1014 0371 13 185 -999 -999 -999 -999 -999 -999
NHC  96L INVEST    060922 1200 121N 0394W 275 062 1010 1014 0371 13 139 -999 -999 -999 -999 -999 -999
NHC  96L INVEST    060922 1800 122N 0406W 275 062 1010 1013 0371 13 185 -999 -999 -999 -999 -999 -999
NHC  96L INVEST    060923 0000 140N 0400W 310 041 1010 1013 0371 13 185 -999 -999 -999 -999 -999 -999
NHC  96L INVEST    060923 0600 146N 0403W 320 036 1010 1013 0371 13 185 -999 -999 -999 -999 -999 -999
NHC  96L INVEST    060923 1200 150N 0408W 310 031 1010 1012 0463 13 185 -999 -999 -999 -999 -999 -999
NHC  96L INVEST    060923 1800 168N 0415W 330 051 1010 1012 0463 13 185 -999 -999 -999 -999 -999 -999
NHC  96L INVEST    060924 0000 182N 0425W 330 067 1009 1012 0463 13 185 -999 -999 -999 -999 -999 -999
NHC  96L INVEST    060924 0600 190N 0433W 325 067 1008 1012 0463 13 185 -999 -999 -999 -999 -999 -999
NHC  96L INVEST    060924 1200 192N 0433W 325 051 1008 1012 0463 13 139 -999 -999 -999 -999 -999 -999
NHC  96L INVEST    060924 1800 189N 0439W 290 041 1009 1012 0371 13 139 -999 -999 -999 -999 -999 -999
NHC  96L INVEST    060925 1200 197N 0453W 300 026 1009 1012 0463 13 139 -999 -999 -999 -999 -999 -999
NHC  96L INVEST    060926 0000 202N 0472W 275 051 1009 1012 0463 13 139 -999 -999 -999 -999 -999 -999
NHC  96L INVEST    060926 1200 214N 0490W 295 051 1011 1014 0463 13 139 -999 -999 -999 -999 -999 -999
NHC  96L INVEST    060926 1800 227N 0500W 310 062 1011 1014 0417 13 139 -999 -999 -999 -999 -999 -999
NHC  96L INVEST    060927 0000 230N 0510W 315 062 1011 1014 0334 13 139 -999 -999 -999 -999 -999 -999
NHC  96L INVEST    060927 1200 252N 0521W 323 057 1011 1014 0334 13 139 -999 -999 -999 -999 -999 -999
