NHC  97C INVEST    061008 1800 110N 1625W 265 046 1009 1010 0278 13 000 -999 -999 -999 -999 -999 -999
NHC  97C INVEST    061009 0000 110N 1625W 265 015 1009 1010 0278 13 000 -999 -999 -999 -999 -999 -999
NHC  97C INVEST    061009 0600 110N 1626W 265 015 1009 1011 0334 13 056 -999 -999 -999 -999 -999 -999
NHC  97C INVEST    061009 1200 102N 1624W 170 015 1008 1010 0232 13 056 -999 -999 -999 -999 -999 -999
NHC  97C INVEST    061009 1800 100N 1639W 240 031 1008 1010 0232 13 056 -999 -999 -999 -999 -999 -999
NHC  97C INVEST    061010 0000 097N 1644W 240 031 1008 1010 0232 13 056 -999 -999 -999 -999 -999 -999
NHC  97C INVEST    061010 0600 091N 1649W 230 036 1009 1010 0167 13 056 -999 -999 -999 -999 -999 -999
NHC  97C INVEST    061010 1200 082N 1652W 215 041 1010 1011 0167 13 056 -999 -999 -999 -999 -999 -999
NHC  97C INVEST    061010 1800 086N 1653W 220 026 1010 1011 0167 13 056 -999 -999 -999 -999 -999 -999
NHC  97C INVEST    061011 0000 089N 1620W 240 015 1010 1011 0167 13 056 -999 -999 -999 -999 -999 -999
NHC  97C INVEST    061011 0600 090N 1633W 270 031 1010 1011 0167 13 056 -999 -999 -999 -999 -999 -999
NHC  97C INVEST    061011 1200 090N 1630W 275 021 1010 1011 0167 13 056 -999 -999 -999 -999 -999 -999
NHC  97C INVEST    061011 1800 086N 1629W 240 010 1010 1011 0167 13 056 -999 -999 -999 -999 -999 -999
NHC  97C INVEST    061012 0000 081N 1642W 255 031 1008 1009 0185 13 056 -999 -999 -999 -999 -999 -999
NHC  97C INVEST    061012 0600 082N 1647W 265 031 1008 1010 0371 13 074 -999 -999 -999 -999 -999 -999
NHC  97C INVEST    061012 1200 090N 1656W 290 036 1008 1010 0371 13 074 -999 -999 -999 -999 -999 -999
NHC  97C INVEST    061012 1800 091N 1663W 290 036 1008 1010 0371 13 074 -999 -999 -999 -999 -999 -999
NHC  97C INVEST    061013 0000 106N 1669W 310 046 1008 1010 0371 13 074 -999 -999 -999 -999 -999 -999
NHC  97C INVEST    061013 0600 120N 1669W 340 051 1008 1011 0371 13 065 -999 -999 -999 -999 -999 -999
NHC  97C INVEST    061013 1200 134N 1668W 360 062 1008 1012 0445 13 056 -999 -999 -999 -999 -999 -999
