NHC  97L INVEST    060717 1200 315N 0754W 190 021 1012 1015 0278 10 074 -999 -999 -999 -999 -999 -999
NHC  97L INVEST    060717 1800 310N 0755W 190 026 1012 1015 0278 13 074 -999 -999 -999 -999 -999 -999
NHC  97L INVEST    060718 0600 315N 0735W 085 021 1012 1015 0278 13 074 -999 -999 -999 -999 -999 -999
NHC  97L INVEST    060718 1200 320N 0735W 360 021 1011 1015 0278 15 074 -999 -999 -999 -999 -999 -999
NHC  97L INVEST    060822 1800 100N 0470W 270 088 1009 1011 0185 13 000 -999 -999 -999 -999 -999 -999
NHC  97L INVEST    060823 0000 098N 0487W 275 082 1009 1013 0334 13 083 -999 -999 -999 -999 -999 -999
NHC  97L INVEST    060823 0600 099N 0501W 275 072 1010 1013 0371 13 083 -999 -999 -999 -999 -999 -999
NHC  97L INVEST    060823 1200 105N 0525W 280 093 1010 1013 0371 13 083 -999 -999 -999 -999 -999 -999
NHC  97L INVEST    060823 1800 110N 0547W 280 093 1009 1013 0371 15 083 -999 -999 -999 -999 -999 -999
NHC  97L INVEST    060824 0000 113N 0563W 280 088 1009 1013 0371 15 083 -999 -999 -999 -999 -999 -999
NHC  97L INVEST    060824 0600 117N 0585W 280 093 1009 1013 0371 15 083 -999 -999 -999 -999 -999 -999
NHC  97L INVEST    060824 1200 119N 0604W 280 098 1009 1012 0185 15 083 -999 -999 -999 -999 -999 -999
NHC  97L INVEST    060824 1800 123N 0624W 280 098 1008 1012 0287 15 278 -999 -999 -999 -999 -999 -999
NHC  97L INVEST    060928 1200 180N 0605W 285 046 1011 1013 0167 13 056 -999 -999 -999 -999 -999 -999
NHC  97L INVEST    060928 1800 180N 0612W 285 041 1011 1013 0167 13 056 -999 -999 -999 -999 -999 -999
NHC  97L INVEST    060929 0000 186N 0623W 290 046 1013 1014 0167 10 056 -999 -999 -999 -999 -999 -999
NHC  97L INVEST    060929 1200 192N 0637W 295 041 1013 1014 0139 10 056 -999 -999 -999 -999 -999 -999
