NHC  99E INVEST    060710 0000 117N 1079W 280 041 1008 1009 0278 10 056 -999 -999 -999 -999 -999 -999
NHC  99E INVEST    060710 1200 119N 1089W 280 031 1007 1009 0278 10 056 -999 -999 -999 -999 -999 -999
NHC  99E INVEST    060710 1800 122N 1097W 285 036 1007 1010 0278 13 056 -999 -999 -999 -999 -999 -999
NHC  99E INVEST    060711 0000 124N 1103W 285 036 1007 1010 0278 15 056 -999 -999 -999 -999 -999 -999
NHC  99E INVEST    060825 1200 106N 1046W 285 051 1008 1009 0278 10 000 -999 -999 -999 -999 -999 -999
NHC  99E INVEST    060826 1200 122N 1048W 305 026 1008 1009 0278 10 000 -999 -999 -999 -999 -999 -999
NHC  99E INVEST    060828 0000 152N 1126W 300 031 1006 1009 0278 13 000 -999 -999 -999 -999 -999 -999
NHC  99E INVEST    060829 0000 152N 1126W 305 031 1006 1009 0278 13 037 -999 -999 -999 -999 -999 -999
NHC  99E INVEST    060829 0600 155N 1135W 295 036 1006 1009 0278 13 037 -999 -999 -999 -999 -999 -999
NHC  99E INVEST    060829 1200 160N 1135W 310 026 1005 1009 0278 13 037 -999 -999 -999 -999 -999 -999
NHC  99E INVEST    060829 1800 161N 1137W 310 021 1005 1009 0278 13 037 -999 -999 -999 -999 -999 -999
NHC  99E INVEST    060830 0000 160N 1140W 300 026 1005 1009 0278 13 056 -999 -999 -999 -999 -999 -999
NHC  99E INVEST    061006 0000 105N 1210W 270 046 1007 1009 0278 10 056 -999 -999 -999 -999 -999 -999
NHC  99E INVEST    061006 1200 105N 1227W 270 046 1007 1009 0278 10 056 -999 -999 -999 -999 -999 -999
NHC  99E INVEST    061006 1800 115N 1236W 290 046 1007 1009 0278 10 056 -999 -999 -999 -999 -999 -999
NHC  99E INVEST    061007 0000 117N 1248W 285 051 1007 1009 0278 10 056 -999 -999 -999 -999 -999 -999
NHC  99E INVEST    061007 1200 120N 1262W 280 041 1006 1009 0278 13 056 -999 -999 -999 -999 -999 -999
NHC  99E INVEST    061007 1800 118N 1270W 275 036 1006 1009 0259 13 056 -999 -999 -999 -999 -999 -999
NHC  99E INVEST    061008 0000 120N 1271W 280 026 1005 1009 0259 15 056 -999 -999 -999 -999 -999 -999
NHC  99E INVEST    061008 1200 122N 1282W 280 031 1005 1009 0259 15 093 -999 -999 -999 -999 -999 -999
NHC  99E INVEST    061008 1800 123N 1276W 300 010 1005 1009 0259 15 093 -999 -999 -999 -999 -999 -999
NHC  99E INVEST    061009 0600 124N 1276W 360 000 1006 1009 0278 15 074 -999 -999 -999 -999 -999 -999
NHC  99E INVEST    061009 1200 127N 1277W 345 005 1006 1009 0278 15 074 -999 -999 -999 -999 -999 -999
NHC  99E INVEST    061009 1800 127N 1278W 325 005 1005 1009 0278 15 074 -999 -999 -999 -999 -999 -999
