JTWC 03S NAMELESS  031206 0000 119S 0605E 270 036 1000 1007 051  15 074 -999 -999 -999 -999
JTWC 03S NAMELESS  031206 0600 119S 0603E 265 026 1000 1012 046  15 074 -999 -999 -999 -999
JTWC 03S NAMELESS  031206 1800 125S 0591E 250 031 1000 1008 046  15 074 -999 -999 -999 -999
JTWC 03S NAMELESS  031207 0600 131S 0579E 245 036 0997 1008 033  18 074 -999 -999 -999 -999
JTWC 03S NAMELESS  031207 1200 132S 0574E 250 031 0997 1008 033  18 074 -999 -999 -999 -999
JTWC 03S NAMELESS  031207 1800 135S 0568E 250 031 0994 1007 025  21 074 0130 0185 0185 0130
JTWC 03S NAMELESS  031208 0000 138S 0560E 250 036 0991 1007 025  23 074 0130 0185 0185 0130
JTWC 03S CELA      031208 0600 135S 0549E 265 041 0991 1007 025  23 074 0130 0185 0185 0130
JTWC 03S CELA      031208 1200 135S 0539E 270 046 0991 1007 025  23 074 0130 0185 0185 0130
JTWC 03S CELA      031208 1800 135S 0531E 275 046 0991 1010 027  23 056 0056 0185 0185 0056
JTWC 03S CELA      031209 0000 135S 0530E 270 031 0991 1010 027  23 056 0056 0185 0185 0056
JTWC 03S CELA      031209 0600 131S 0513E 275 046 0987 1007 020  26 046 0185 0185 0111 0111
JTWC 03S CELA      031209 1200 132S 0506E 270 041 0991 1007 020  23 046 0185 0185 0111 0111
JTWC 03S CELA      031209 1800 133S 0500E 265 036 0997 1004 016  18 046 0111 0111 0111 0111
JTWC 03S CELA      031210 0000 133S 0494E 265 031 1000 1004 016  15 046 -999 -999 -999 -999
JTWC 03S CELA      031211 0000 156S 0439E 245 062 0997 1007 018  18 074 -999 -999 -999 -999
JTWC 03S CELA      031211 0600 158S 0436E 240 046 0997 1007 018  18 074 -999 -999 -999 -999
JTWC 03S CELA      031211 1200 158S 0438E 240 026 0997 1007 018  18 074 -999 -999 -999 -999
JTWC 03S CELA      031211 1800 157S 0439E 225 005 0994 1007 025  21 065 0167 0167 0167 0167
JTWC 03S CELA      031212 0000 157S 0439E 225 005 0987 1005 020  26 046 0185 0185 0185 0185
JTWC 03S CELA      031212 0600 159S 0439E 180 005 0994 1005 020  21 056 0185 0185 0185 0185
JTWC 03S CELA      031212 1200 163S 0440E 170 010 0994 1005 020  21 056 0185 0185 0185 0185
JTWC 03S CELA      031212 1800 162S 0439E 180 005 0997 1005 022  18 037 0148 0148 0148 0148
JTWC 03S CELA      031213 0600 164S 0437E 180 005 0997 1005 027  18 009 -999 -999 -999 -999
JTWC 03S CELA      031213 1200 160S 0429E 285 015 0997 1006 020  18 093 -999 -999 -999 -999
JTWC 03S CELA      031213 1800 163S 0427E 260 010 0997 1006 020  18 093 -999 -999 -999 -999
JTWC 03S CELA      031214 0600 171S 0417E 230 026 0997 1006 020  18 093 -999 -999 -999 -999
JTWC 03S CELA      031214 1200 177S 0419E 205 026 0997 1006 020  18 093 -999 -999 -999 -999
JTWC 03S CELA      031214 1800 183S 0414E 200 031 0997 1006 020  18 093 -999 -999 -999 -999
JTWC 03S CELA      031215 0600 196S 0409E 200 036 0997 1006 020  18 056 -999 -999 -999 -999
JTWC 03S CELA      031215 1800 207S 0414E 175 031 0994 1006 022  23 065 0148 0148 0148 0148
JTWC 03S CELA      031216 0000 208S 0415E 165 021 0991 1006 022  23 056 0185 0148 0185 0185
JTWC 03S CELA      031216 0600 207S 0416E 150 010 0976 1002 022  33 028 0185 0185 0185 0185
JTWC 03S CELA      031216 1200 208S 0416E 145 010 0976 1002 022  33 028 0185 0185 0185 0185
JTWC 03S CELA      031216 1800 211S 0418E 145 010 0976 1002 022  33 028 0185 0185 0185 0185
JTWC 03S CELA      031217 0000 214S 0415E 180 010 0980 1002 022  31 028 0185 0185 0185 0185
JTWC 03S CELA      031217 0600 215S 0409E 235 015 0984 1002 022  28 037 0185 0185 0185 0185
JTWC 03S CELA      031217 1200 223S 0403E 225 031 0984 1002 022  28 037 0185 0185 0185 0185
JTWC 03S CELA      031217 1800 231S 0399E 215 036 0984 1002 022  28 037 0185 0185 0185 0185
JTWC 03S CELA      031218 0000 238S 0393E 215 046 0984 1002 022  28 037 0185 0185 0185 0185
JTWC 03S CELA      031218 0600 240S 0390E 215 036 0984 1003 022  28 046 0185 0185 0185 0185
JTWC 03S CELA      031218 1200 242S 0391E 215 021 0984 1003 027  28 046 0167 0185 0185 0167
JTWC 03S CELA      031218 1800 246S 0397E 160 021 0984 1003 022  28 037 0130 0185 0185 0130
JTWC 03S CELA      031219 0000 248S 0403E 130 026 0984 1003 022  28 037 0130 0185 0185 0130
JTWC 03S CELA      031219 0600 250S 0413E 115 036 0984 1003 022  28 037 0130 0185 0185 0130
JTWC 03S CELA      031219 1200 255S 0422E 110 041 0976 1003 033  33 037 0148 0222 0222 0148
JTWC 03S CELA      031219 1800 262S 0428E 125 046 0976 1003 033  33 037 0148 0222 0222 0148
JTWC 03S CELA      031220 0600 279S 0422E 180 041 0976 1003 033  33 037 0222 0222 0222 0222
JTWC 03S CELA      031220 1200 290S 0420E 195 051 0980 1003 022  31 037 0222 0222 0222 0222
JTWC 03S CELA      031221 0600 343S 0438E 165 093 0997 1003 022  18 037 0222 0222 0222 0222
