JTWC 04W NAMELESS  030519 0600 068N 1497E  35 026 0997 1007 024  18 093 -999 -999 -999 -999
JTWC 04W NAMELESS  030519 1200 070N 1500E  50 021 0997 1007 024  18 074 -999 -999 -999 -999
JTWC 04W NAMELESS  030519 1800 074N 1498E  25 015 0997 1007 024  18 074 -999 -999 -999 -999
JTWC 04W NAMELESS  030520 0000 073N 1510E  75 026 0997 1007 024  18 074 -999 -999 -999 -999
JTWC 04W NAMELESS  030520 0600 076N 1511E  25 015 0997 1008 024  18 083 0083 0083 0111 0111
JTWC 04W NAMELESS  030520 1200 080N 1507E 345 015 0984 1008 024  28 028 0120 0120 0148 0148
JTWC 04W CHAN-HOM  030520 1800 086N 1500E 325 026 0984 1007 024  28 037 0120 0120 0148 0148
JTWC 04W CHAN-HOM  030521 0000 088N 1501E 325 021 0984 1007 024  28 037 0120 0120 0148 0148
JTWC 04W CHAN-HOM  030521 0600 092N 1503E 350 015 0984 1007 024  28 037 0120 0120 0148 0148
JTWC 04W CHAN-HOM  030521 1200 103N 1505E   5 031 0984 1006 022  28 037 0148 0148 0148 0148
JTWC 04W CHAN-HOM  030521 1800 111N 1509E  10 036 0980 1004 024  31 037 0148 0185 0185 0185
JTWC 04W CHAN-HOM  030522 0000 118N 1510E   5 036 0976 1004 024  33 037 0148 0185 0185 0185
JTWC 04W CHAN-HOM  030522 0600 127N 1511E   0 041 0976 1004 024  33 037 0130 0222 0222 0185
JTWC 04W CHAN-HOM  030522 1200 132N 1512E   5 036 0976 1004 024  33 037 0130 0222 0222 0185
JTWC 04W CHAN-HOM  030522 1800 142N 1513E   5 041 0972 1003 033  36 037 0130 0185 0222 0130
JTWC 04W CHAN-HOM  030523 0000 149N 1511E   0 041 0967 1003 033  39 046 0222 0194 0194 0222
JTWC 04W CHAN-HOM  030523 0600 156N 1511E 355 041 0949 1003 024  49 028 0222 0194 0194 0222
JTWC 04W CHAN-HOM  030523 1200 164N 1514E   0 036 0938 1003 024  54 028 0222 0194 0194 0222
JTWC 04W CHAN-HOM  030523 1800 174N 1516E  10 041 0927 1003 024  59 019 0222 0194 0194 0222
JTWC 04W CHAN-HOM  030524 0000 182N 1516E  10 046 0927 1003 025  59 019 0222 0259 0222 0222
JTWC 04W CHAN-HOM  030524 0600 194N 1521E  10 051 0927 1003 025  59 037 0222 0259 0222 0222
JTWC 04W CHAN-HOM  030524 1200 199N 1525E  20 046 0927 1003 025  59 037 0222 0259 0222 0222
JTWC 04W CHAN-HOM  030524 1800 211N 1538E  35 062 0927 1003 025  59 037 0222 0259 0222 0222
JTWC 04W CHAN-HOM  030525 0000 224N 1548E  35 072 0927 1003 025  59 037 0222 0259 0222 0222
JTWC 04W CHAN-HOM  030525 1200 252N 1566E  35 082 0954 1004 025  46 037 0222 0222 0222 0278
JTWC 04W CHAN-HOM  030525 1800 269N 1576E  30 088 0976 1004 025  33 046 0222 0222 0222 0278
JTWC 04W CHAN-HOM  030526 0000 283N 1585E  30 093 0976 1005 038  33 046 0222 0222 0222 0259
JTWC 04W CHAN-HOM  030526 0600 296N 1605E  35 098 0984 1003 025  28 037 0259 0222 0222 0222
JTWC 04W CHAN-HOM  030526 1200 305N 1625E  50 098 0984 1003 025  28 037 0259 0259 0167 0167
