JTWC 05W NAMELESS  030525 1200 163N 1182E 270 010 1000 1004 022  15 111 -999 -999 -999 -999
JTWC 05W NAMELESS  030525 1800 162N 1184E 215 005 0997 1005 022  18 093 -999 -999 -999 -999
JTWC 05W NAMELESS  030526 0000 161N 1182E 195 005 0991 1005 022  23 074 0130 0130 0130 0130
JTWC 05W LINFA     030526 0600 161N 1185E 130 010 0991 1004 022  23 056 0130 0130 0130 0130
JTWC 05W LINFA     030526 1200 160N 1191E  95 015 0991 1004 022  23 056 0130 0130 0130 0130
JTWC 05W LINFA     030526 1800 161N 1194E  85 015 0984 1000 022  28 028 0157 0157 0194 0194
JTWC 05W LINFA     030527 0600 161N 1205E  90 026 0991 1000 022  23 028 0157 0157 0194 0194
JTWC 05W LINFA     030527 1800 163N 1227E  85 046 0994 1000 022  21 028 0157 0157 0194 0194
JTWC 05W LINFA     030528 0000 167N 1229E  75 041 1002 1003 022  13 028 -999 -999 -999 -999
JTWC 05W LINFA     030528 0600 175N 1234E  55 036 1002 1003 022  13 083 -999 -999 -999 -999
JTWC 05W LINFA     030528 1200 183N 1240E  40 041 1002 1003 022  13 083 -999 -999 -999 -999
JTWC 05W LINFA     030528 1800 184N 1243E  40 036 1002 1003 022  13 102 -999 -999 -999 -999
JTWC 05W LINFA     030529 0000 223N 1258E  25 051 1002 1003 022  13 102 -999 -999 -999 -999
JTWC 05W LINFA     030529 0600 227N 1270E  30 057 0997 1000 020  18 028 0102 0102 0037 0037
JTWC 05W LINFA     030529 1200 231N 1280E  40 051 0994 1000 020  21 037 0120 0120 0037 0037
JTWC 05W LINFA     030529 1800 243N 1293E  45 062 0984 1000 024  28 037 0185 0185 0074 0074
JTWC 05W LINFA     030530 0000 256N 1302E  40 072 0984 1000 029  28 046 0259 0259 0111 0111
JTWC 05W LINFA     030530 0600 274N 1307E  30 082 0980 1000 029  31 046 0259 0259 0093 0093
JTWC 05W LINFA     030530 1200 298N 1313E  20 098 0984 1000 031  28 037 0315 0315 0111 0111
