NHC  06L SIX       030720 0000 125N 0454W 275 082 1008 1012 0278 15 056 -999 -999 -999 -999 -999 -999
NHC  06L SIX       030720 0600 128N 0474W 275 098 1008 1012 0278 15 056 -999 -999 -999 -999 -999 -999
NHC  06L SIX       030720 1200 130N 0496W 275 103 1008 1012 0278 15 056 -999 -999 -999 -999 -999 -999
NHC  06L SIX       030720 1800 132N 0518W 275 108 1008 1012 0278 15 056 -999 -999 -999 -999 -999 -999
NHC  06L SIX       030721 0000 135N 0536W 275 103 1008 1012 0278 15 056 -999 -999 -999 -999 -999 -999
NHC  06L SIX       030721 0600 138N 0557W 280 103 1008 1012 0278 15 056 -999 -999 -999 -999 -999 -999
NHC  06L SIX       030721 1200 140N 0577W 280 103 1009 1012 0278 15 056 -999 -999 -999 -999 -999 -999
NHC  06L SIX       030721 1800 140N 0600W 275 103 1014 1016 0185 15 056 -999 -999 -999 -999 -999 -999
NHC  06L SIX       030722 0600 152N 0637W 280 103 1013 1016 0185 15 074 -999 -999 -999 -999 -999 -999
NHC  06L SIX       030722 1200 145N 0674W 270 118 1013 1016 0185 15 074 -999 -999 -999 -999 -999 -999
