JTWC 06S NAMELESS  031229 0600 102S 0643E 250 046 1002 1012 022  13 056 -999 -999 -999 -999
JTWC 06S NAMELESS  031229 1800 113S 0630E 235 046 0997 1008 022  18 065 -999 -999 -999 -999
JTWC 06S NAMELESS  031230 0000 118S 0625E 230 041 0994 1007 022  21 065 -999 -999 -999 -999
JTWC 06S DARIUS    031230 0600 128S 0613E 225 051 0994 1007 022  21 065 0148 0148 0093 0093
JTWC 06S DARIUS    031230 1200 136S 0606E 225 057 0991 1007 022  23 065 0148 0148 0093 0093
JTWC 06S DARIUS    031230 1800 144S 0599E 225 057 0991 1007 022  23 065 0148 0148 0093 0093
JTWC 06S DARIUS    031231 0000 152S 0602E 205 046 0984 1006 025  28 056 0185 0185 0185 0185
JTWC 06S DARIUS    031231 0600 154S 0594E 210 036 0984 1006 025  28 056 0185 0185 0185 0185
JTWC 06S DARIUS    031231 1200 155S 0591E 215 026 0984 1006 025  28 056 0185 0185 0185 0185
JTWC 06S DARIUS    031231 1800 160S 0590E 210 026 0976 1004 022  33 056 0185 0185 0185 0185
