JTWC 07W NAMELESS  030612 1200 100N 1336E 280 062 1000 1008 018  15 065 -999 -999 -999 -999
JTWC 07W NAMELESS  030612 1800 104N 1335E 290 041 1000 1006 018  15 065 -999 -999 -999 -999
JTWC 07W NAMELESS  030613 0000 108N 1319E 290 051 0997 1006 018  18 074 -999 -999 -999 -999
JTWC 07W NAMELESS  030613 0600 112N 1308E 290 051 0991 1006 020  23 074 0148 0148 0148 0148
JTWC 07W SOUDELOR  030613 1200 116N 1298E 290 057 0991 1006 020  23 065 0148 0148 0148 0148
JTWC 07W SOUDELOR  030613 1800 116N 1279E 280 067 0987 1005 022  26 056 0185 0185 0241 0241
JTWC 07W SOUDELOR  030614 0000 114N 1270E 270 057 0987 1005 022  26 056 0185 0185 0241 0241
JTWC 07W SOUDELOR  030614 0600 122N 1271E 290 036 0991 1005 027  23 056 0185 0185 0185 0185
JTWC 07W SOUDELOR  030614 1200 124N 1265E 300 031 0991 1005 030  23 056 0204 0185 0185 0185
JTWC 07W SOUDELOR  030614 1800 132N 1264E 320 031 0991 1005 022  23 056 0185 0185 0185 0185
JTWC 07W SOUDELOR  030615 0000 142N 1266E 350 036 0991 1005 022  23 056 0185 0185 0185 0185
JTWC 07W SOUDELOR  030615 0600 147N 1261E 345 041 0991 1005 022  23 056 0185 0185 0185 0185
JTWC 07W SOUDELOR  030615 1200 150N 1257E 340 031 0984 1005 036  28 046 0241 0204 0185 0185
JTWC 07W SOUDELOR  030615 1800 155N 1249E 320 036 0980 1005 022  31 046 0241 0204 0185 0185
JTWC 07W SOUDELOR  030616 0000 165N 1248E 335 041 0980 1005 022  31 046 0241 0204 0185 0185
JTWC 07W SOUDELOR  030616 0600 175N 1242E 335 046 0980 1005 022  31 046 0241 0222 0204 0185
JTWC 07W SOUDELOR  030616 1200 180N 1235E 330 051 0980 1005 022  31 046 0241 0222 0204 0185
JTWC 07W SOUDELOR  030616 1800 190N 1229E 330 051 0976 1005 025  33 037 0241 0241 0241 0241
JTWC 07W SOUDELOR  030617 0000 199N 1232E 345 046 0967 1005 025  39 037 0241 0241 0241 0241
JTWC 07W SOUDELOR  030617 0600 208N 1233E   0 046 0967 1005 025  39 065 0278 0278 0222 0222
JTWC 07W SOUDELOR  030617 1200 220N 1235E  10 051 0967 1004 025  39 065 0278 0278 0222 0222
JTWC 07W SOUDELOR  030617 1800 236N 1238E  10 067 0954 1004 029  46 046 0278 0278 0222 0222
JTWC 07W SOUDELOR  030618 0000 251N 1238E   5 072 0944 1004 044  51 028 0296 0296 0222 0222
JTWC 07W SOUDELOR  030618 0600 263N 1242E  10 072 0927 1004 033  59 028 0296 0296 0296 0296
JTWC 07W SOUDELOR  030618 1200 277N 1253E  20 072 0927 1004 033  59 028 0296 0259 0259 0296
JTWC 07W SOUDELOR  030618 1800 301N 1270E  30 098 0958 1002 024  44 028 0222 0148 0111 0185
JTWC 07W SOUDELOR  030619 0000 325N 1285E  30 124 0972 1003 024  36 028 0222 0148 0111 0222
JTWC 07W SOUDELOR  030619 0600 348N 1300E  30 134 0976 1003 024  33 037 0222 0148 0111 0222
