NHC  08E EIGHT     030809 0600 130N 1110W 270 062 1007 1011 0278 13 046 -999 -999 -999 -999 -999 -999
NHC  08E EIGHT     030809 1200 136N 1126W 275 077 1008 1011 0278 15 046 -999 -999 -999 -999 -999 -999
NHC  08E EIGHT     030809 1800 140N 1138W 280 067 1005 1011 0278 15 046 -999 -999 -999 -999 -999 -999
NHC  08E EIGHT     030810 0000 147N 1149W 290 067 1005 1011 0278 18 046 -999 -999 0056 -999 -999 -999
NHC  08E HILDA     030810 0600 147N 1159W 280 062 1005 1010 0334 18 046 0111 0111 0111 01119 -999 -999 -999
NHC  08E HILDA     030810 1200 150N 1170W 285 057 1005 1009 0278 18 046 0111 0111 0111 01119 -999 -999 -999
NHC  08E HILDA     030810 1800 157N 1176W 295 051 1005 1009 0222 18 046 0111 0111 0111 01119 -999 -999 -999
NHC  08E HILDA     030811 0000 168N 1191W 300 062 1005 1009 0222 18 046 0056 0111 0111 00569 -999 -999 -999
NHC  08E HILDA     030811 0600 174N 1203W 300 067 1005 1009 0222 18 046 0111 0111 0111 01119 -999 -999 -999
NHC  08E HILDA     030811 1200 179N 1214W 295 062 1005 1009 0222 18 046 0111 0111 0111 01119 -999 -999 -999
NHC  08E HILDA     030811 1800 187N 1232W 295 077 1006 1009 0222 15 046 -999 -999 -999 -999 -999 -999
NHC  08E HILDA     030812 0000 184N 1249W 270 072 1007 1009 0222 15 046 -999 -999 -999 -999 -999 -999
NHC  08E HILDA     030812 0600 183N 1262W 270 072 1007 1011 0222 15 093 -999 -999 -999 -999 -999 -999
NHC  08E HILDA     030812 1200 184N 1274W 270 067 1009 1011 0222 15 093 -999 -999 -999 -999 -999 -999
NHC  08E HILDA     030812 1800 190N 1286W 280 062 1009 1012 0222 13 093 -999 -999 -999 -999 -999 -999
NHC  08E HILDA     030813 0000 184N 1292W 270 046 1009 1012 0222 13 093 -999 -999 -999 -999 -999 -999
NHC  08E HILDA     030813 0600 184N 1299W 270 036 1009 1012 0222 13 093 -999 -999 -999 -999 -999 -999
NHC  08E HILDA     030813 1200 184N 1305W 270 031 1009 1012 0222 13 093 -999 -999 -999 -999 -999 -999
