JTWC 10P NAMELESS  030112 0000 113S 1792W 200 021 0994 1008 025  21 093 0222 0222 0222 0222
JTWC 10P AMI       030112 0600 115S 1795W 205 015 0994 1006 025  28 074 0222 0222 0222 0222
JTWC 10P AMI       030112 1200 119S 1799E 215 026 0984 1008 025  28 074 0222 0222 0222 0222
JTWC 10P AMI       030112 1800 126S 1798E 205 031 0976 1006 025  33 065 0222 0222 0241 0241
JTWC 10P AMI       030113 0000 132S 1798E 190 031 0967 1006 025  39 065 0222 0222 0259 0259
JTWC 10P AMI       030113 0600 144S 1797E 185 041 0963 1006 041  41 065 0278 0259 0222 0259
JTWC 10P AMI       030113 1200 152S 1798E 180 046 0958 1006 041  44 065 0278 0259 0222 0259
JTWC 10P AMI       030113 1800 166S 1799E 180 057 0954  997 025  46 065 0278 0259 0222 0222
JTWC 10P AMI       030114 0000 190S 1790W 165 082 0956  997 025  54 037 0278 0278 0222 0222
JTWC 10P AMI       030114 0600 210S 1779W 160 103 0933  997 025  57 037 0278 0278 0222 0222
JTWC 10P AMI       030114 1200 231S 1760W 150 124 0944  997 025  51 037 0278 0278 0222 0222
JTWC 10P AMI       030114 1800 251S 1734W 140 134 0944  997 025  51 046 0278 0278 0222 0250
JTWC 10P AMI       030115 0000 271S 1700W 130 160 0954  997 025  46 056 0278 0278 0222 0250
JTWC 10P AMI       030115 0600 288S 1657W 125 185 0984  997 025  36 056 0278 0278 0222 0250
