JTWC 11S NAMELESS  030124 0000 153S 0733E 250 057 0997 1008 024  18 074 0148 0185 0185 0148
JTWC 11S NAMELESS  030125 1800 130S 0628E 280 088 1002 1007 025  13 148 -999 -999 -999 -999
JTWC 11S NAMELESS  030126 0000 131S 0616E 275 077 1002 1006 022  13 148 -999 -999 -999 -999
JTWC 11S NAMELESS  030126 0600 134S 0603E 265 072 1002 1006 022  13 148 -999 -999 -999 -999
JTWC 11S NAMELESS  030126 1200 137S 0595E 255 057 1002 1006 022  13 148 -999 -999 -999 -999
JTWC 11S NAMELESS  030126 1800 140S 0581E 255 057 1002 1006 022  13 148 -999 -999 -999 -999
JTWC 11S NAMELESS  030127 0000 148S 0561E 250 072 1002 1006 022  13 139 -999 -999 -999 -999
JTWC 11S NAMELESS  030127 0600 158S 0550E 245 072 1002 1006 022  13 139 -999 -999 -999 -999
JTWC 11S NAMELESS  030127 1200 174S 0540E 230 082 1002 1006 022  13 139 -999 -999 -999 -999
JTWC 11S NAMELESS  030128 0600 189S 0510E 240 057 0994 1006 022  21 111 0185 0185 0148 0148
JTWC 11S NAMELESS  030128 1200 196S 0502E 240 051 0994 1006 022  21 093 0185 0185 0148 0148
JTWC 11S FARI      030128 1800 201S 0496E 235 046 0984 1005 022  28 046 0185 0185 0148 0148
JTWC 11S FARI      030130 0000 229S 0431E 240 077 1000 1002 022  15 111 -999 -999 -999 -999
JTWC 11S FARI      030130 0600 231S 0419E 245 067 1002 1003 022  13 111 -999 -999 -999 -999
JTWC 11S FARI      030130 1200 239S 0425E 205 036 1000 1003 022  15 111 -999 -999 -999 -999
