JTWC 12P BENI      030125 0600 132S 1611E 220 015 0997 1004 024  18 139 -999 -999 -999 -999
JTWC 12P BENI      030125 1200 133S 1607E 245 021 0997 1004 024  18 139 -999 -999 -999 -999
JTWC 12P BENI      030125 1800 126S 1612E 335 005 0991 1004 024  23 074 0167 0213 0213 0167
JTWC 12P BENI      030126 0000 122S 1610E 355 015 0994 1004 024  21 074 0167 0213 0213 0167
JTWC 12P BENI      030126 0600 125S 1613E  60 010 0987 1004 024  26 065 0167 0213 0213 0167
JTWC 12P BENI      030126 1200 127S 1612E 125 005 0987 1004 024  26 065 0185 0241 0241 0185
JTWC 12P BENI      030126 1800 128S 1610E 190 010 0984 1002 024  28 056 0204 0241 0241 0185
JTWC 12P BENI      030127 0000 132S 1604E 235 021 0980 1001 023  31 046 0185 0194 0222 0185
JTWC 12P BENI      030127 0600 134S 1603E 230 021 0980 1001 022  31 056 0185 0194 0222 0185
JTWC 12P BENI      030127 1200 139S 1610E 175 015 0980 1001 022  31 056 0185 0194 0222 0185
JTWC 12P BENI      030127 1800 142S 1607E 180 015 0980 1004 022  31 056 0185 0185 0222 0222
JTWC 12P BENI      030128 0000 147S 1606E 190 021 0967 1001 022  39 056 0185 0185 0222 0222
JTWC 12P BENI      030128 0600 152S 1608E 175 026 0963 1001 022  41 056 0185 0185 0222 0222
JTWC 12P BENI      030128 1200 156S 1610E 165 026 0958 1001 022  44 028 0185 0185 0222 0222
JTWC 12P BENI      030128 1800 160S 1618E 140 031 0938 1001 022  54 037 0185 0185 0222 0222
JTWC 12P BENI      030129 0000 164S 1626E 125 036 0916 1001 033  64 037 0222 0222 0222 0222
JTWC 12P BENI      030129 0600 171S 1637E 120 051 0916  999 022  64 037 0222 0222 0222 0222
JTWC 12P BENI      030129 1200 178S 1650E 120 062 0916  999 022  64 037 0222 0222 0222 0222
JTWC 12P BENI      030129 1800 183S 1661E 120 062 0916  999 022  64 037 0222 0222 0222 0222
JTWC 12P BENI      030130 0000 190S 1677E 115 072 0933  999 022  59 037 0222 0222 0222 0222
JTWC 12P BENI      030130 0600 197S 1687E 120 067 0944  999 022  51 037 0222 0222 0222 0222
JTWC 12P BENI      030130 1200 210S 1691E 135 067 0967  999 022  39 037 0185 0222 0241 0185
JTWC 12P BENI      030130 1800 220S 1696E 150 062 0980 1002 024  31 037 0056 0111 0111 0056
JTWC 12P BENI      030131 0000 221S 1681E 190 036 0991 1002 018  23 037 0056 0093 0093 0056
JTWC 12P BENI      030131 0600 230S 1670E 220 051 1000 1002 018  15 093 -999 -999 -999 -999
