JTWC 12W NAMELESS  030815 0600 098N 1500E 300 067 1002 1008 025  13 065 -999 -999 -999 -999
JTWC 12W NAMELESS  030815 1200 099N 1497E 295 051 1002 1008 025  13 065 -999 -999 -999 -999
JTWC 12W NAMELESS  030815 1800 104N 1495E 305 036 1002 1008 025  13 074 -999 -999 -999 -999
JTWC 12W NAMELESS  030816 0000 107N 1491E 305 031 1002 1008 025  13 083 -999 -999 -999 -999
JTWC 12W NAMELESS  030816 0600 116N 1480E 310 046 1002 1008 025  13 083 -999 -999 -999 -999
JTWC 12W NAMELESS  030816 1200 124N 1474E 315 051 1002 1008 025  13 083 -999 -999 -999 -999
JTWC 12W NAMELESS  030816 1800 130N 1464E 310 057 1002 1008 025  13 083 -999 -999 -999 -999
JTWC 12W NAMELESS  030817 0000 139N 1446E 305 067 1002 1008 025  13 083 -999 -999 -999 -999
JTWC 12W NAMELESS  030817 0600 139N 1440E 295 057 1002 1008 025  13 083 -999 -999 -999 -999
JTWC 12W NAMELESS  030817 1200 147N 1426E 295 062 1002 1008 025  13 083 -999 -999 -999 -999
JTWC 12W NAMELESS  030817 1800 154N 1422E 305 051 1002 1008 025  13 083 -999 -999 -999 -999
JTWC 12W NAMELESS  030819 0600 209N 1355E 320 072 1000 1007 022  15 083 -999 -999 -999 -999
JTWC 12W NAMELESS  030819 1200 203N 1339E 300 067 1000 1007 022  15 083 -999 -999 -999 -999
JTWC 12W NAMELESS  030819 1800 203N 1334E 285 051 1000 1007 022  15 074 -999 -999 -999 -999
JTWC 12W NAMELESS  030820 0000 205N 1328E 275 041 1000 1007 022  15 065 -999 -999 -999 -999
JTWC 12W NAMELESS  030820 0600 199N 1318E 260 041 0997 1007 022  18 065 -999 -999 -999 -999
JTWC 12W NAMELESS  030820 1200 189N 1314E 235 041 0994 1006 022  21 065 0111 0093 0093 0111
JTWC 12W KROVANH   030820 1800 187N 1305E 240 041 0991 1006 027  23 065 0185 0185 0185 0185
JTWC 12W KROVANH   030821 0000 187N 1293E 255 046 0980 1004 022  31 056 0185 0185 0185 0185
JTWC 12W KROVANH   030821 0600 186N 1283E 265 051 0976 1004 022  33 056 0185 0185 0222 0185
JTWC 12W KROVANH   030821 1200 182N 1271E 260 057 0976 1004 022  33 056 0185 0185 0222 0185
JTWC 12W KROVANH   030821 1800 179N 1260E 260 057 0967 1003 027  39 037 0185 0185 0185 0185
JTWC 12W KROVANH   030822 0000 176N 1245E 255 062 0954 1002 025  46 028 0185 0185 0222 0185
JTWC 12W KROVANH   030822 0600 177N 1229E 265 067 0954 1002 027  46 037 0204 0204 0157 0204
JTWC 12W KROVANH   030822 1200 176N 1221E 265 062 0963 1002 027  41 037 0185 0185 0148 0185
JTWC 12W KROVANH   030822 1800 172N 1204E 265 067 0972 1002 025  36 046 0185 0185 0148 0185
JTWC 12W KROVANH   030823 0000 177N 1193E 270 067 0972 1002 025  36 046 0185 0185 0148 0185
JTWC 12W KROVANH   030823 0600 176N 1179E 270 067 0972 1002 025  36 046 0185 0185 0148 0185
JTWC 12W KROVANH   030823 1200 177N 1168E 275 062 0972 1002 025  36 046 0148 0185 0185 0185
JTWC 12W KROVANH   030824 0000 187N 1149E 290 051 0967 1002 025  39 046 0204 0185 0148 0204
JTWC 12W KROVANH   030824 0600 192N 1134E 290 062 0963 1001 025  41 046 0222 0222 0222 0167
JTWC 12W KROVANH   030824 1200 195N 1121E 290 062 0958 1001 025  44 046 0222 0222 0222 0167
JTWC 12W KROVANH   030824 1800 199N 1111E 290 062 0958 1001 025  44 046 0222 0194 0185 0194
JTWC 12W KROVANH   030825 0000 205N 1102E 295 057 0963 1001 025  41 046 0222 0194 0185 0194
JTWC 12W KROVANH   030825 0600 208N 1089E 295 057 0954  999 024  46 037 0241 0241 0241 0194
JTWC 12W KROVANH   030825 1200 212N 1077E 290 057 0954  999 024  46 037 0241 0241 0241 0194
