JTWC 15W NAMELESS  030905 1200 134N 1440E 295 082 1002 1008 022  13 083 -999 -999 -999 -999
JTWC 15W NAMELESS  030905 1800 139N 1437E 295 062 1000 1007 022  15 083 -999 -999 -999 -999
JTWC 15W NAMELESS  030906 0000 147N 1419E 295 072 0994 1005 025  21 111 -999 -999 -999 -999
JTWC 15W NAMELESS  030906 0600 150N 1410E 295 067 0994 1005 016  21 074 0111 0111 0111 0111
JTWC 15W MAEMI     030906 1200 157N 1404E 300 051 0991 1005 018  23 056 0056 0083 0083 0083
JTWC 15W MAEMI     030906 1800 166N 1390E 305 062 0987 1004 022  26 056 0185 0148 0148 0185
JTWC 15W MAEMI     030907 0000 172N 1378E 305 062 0980 1004 022  31 046 0185 0148 0148 0185
JTWC 15W MAEMI     030907 0600 182N 1368E 305 067 0980 1004 022  31 046 0185 0148 0148 0185
JTWC 15W MAEMI     030907 1200 186N 1360E 305 062 0976 1004 029  33 046 0194 0148 0148 0194
JTWC 15W MAEMI     030907 1800 193N 1350E 305 057 0976 1004 025  33 046 0185 0148 0148 0185
JTWC 15W MAEMI     030908 0000 198N 1341E 300 051 0972 1004 025  36 046 0185 0185 0185 0185
JTWC 15W MAEMI     030908 0600 202N 1327E 295 057 0972 1004 025  36 046 0185 0185 0185 0185
JTWC 15W MAEMI     030908 1200 205N 1318E 290 057 0967 1004 029  39 046 0185 0185 0185 0194
JTWC 15W MAEMI     030908 1800 210N 1309E 290 057 0967 1003 033  39 046 0185 0222 0222 0185
JTWC 15W MAEMI     030909 0600 224N 1294E 305 051 0927 1002 025  59 046 0222 0222 0222 0222
JTWC 15W MAEMI     030909 1200 230N 1285E 310 051 0910 1000 025  67 037 0278 0278 0278 0278
JTWC 15W MAEMI     030909 1800 234N 1279E 305 046 0910 1000 031  67 037 0278 0278 0278 0278
JTWC 15W MAEMI     030910 0000 236N 1273E 300 041 0885 1000 031  77 037 0278 0278 0278 0278
JTWC 15W MAEMI     030910 0600 239N 1268E 300 036 0885 1000 029  77 028 0278 0296 0296 0278
JTWC 15W MAEMI     030910 1200 243N 1261E 305 031 0885 1000 029  77 028 0278 0296 0296 0278
JTWC 15W MAEMI     030910 1800 248N 1255E 305 036 0904 1000 029  69 028 0278 0278 0259 0259
JTWC 15W MAEMI     030911 0000 253N 1252E 315 036 0910 1000 029  67 028 0278 0278 0259 0259
JTWC 15W MAEMI     030911 0600 257N 1252E 330 026 0904 1000 044  69 028 0296 0278 0259 0296
JTWC 15W MAEMI     030911 1200 268N 1254E 355 036 0904 1000 043  69 028 0287 0278 0259 0278
JTWC 15W MAEMI     030911 1800 284N 1258E  10 057 0922 1000 029  62 019 0324 0296 0259 0259
JTWC 15W MAEMI     030912 0000 306N 1266E  15 082 0922 1000 029  62 019 0324 0296 0259 0259
JTWC 15W MAEMI     030912 0600 327N 1270E  15 103 0938 1000 045  54 019 0306 0278 0259 0241
JTWC 15W MAEMI     030912 1200 348N 1283E  20 113 0954 1000 041  46 019 0278 0241 0241 0241
JTWC 15W MAEMI     030912 1800 369N 1297E  20 113 0963 1001 029  41 037 0278 0241 0241 0241
JTWC 15W MAEMI     030913 0000 387N 1316E  30 118 0967 1002 029  39 056 0278 0204 0278 0204
JTWC 15W MAEMI     030913 0600 405N 1348E  40 134 0980 1002 029  31 056 0278 0204 0204 0204
