JTWC 17S HAPE      030211 0600 169S 0647E 180 041 0991 1003 022  23 074 0148 0111 0111 0148
JTWC 17S HAPE      030211 1800 177S 0661E 135 041 0967 1002 022  39 028 0120 0167 0167 0167
JTWC 17S HAPE      030212 0000 176S 0667E 115 041 0963 1002 022  41 028 0120 0167 0167 0167
JTWC 17S HAPE      030212 0600 170S 0681E  80 046 0963 1002 022  41 028 0120 0167 0167 0167
JTWC 17S HAPE      030212 1200 167S 0690E  70 051 0954 1002 022  46 028 0120 0167 0167 0167
JTWC 17S HAPE      030212 1800 166S 0696E  70 051 0954 1002 022  39 028 0120 0167 0167 0167
JTWC 17S HAPE      030213 0000 162S 0702E  70 036 0958 1002 025  39 028 0139 0167 0167 0167
JTWC 17S HAPE      030213 0600 151S 0709E  50 036 0963 1002 020  41 037 0167 0139 0167 0167
JTWC 17S HAPE      030213 1200 147S 0714E  45 036 0963 1002 020  41 037 0167 0139 0167 0167
JTWC 17S HAPE      030213 1800 146S 0720E  55 031 0963 1002 020  41 037 0167 0139 0167 0167
JTWC 17S HAPE      030214 0000 151S 0723E  90 026 0967 1002 020  39 037 0167 0139 0167 0167
JTWC 17S HAPE      030214 0600 154S 0730E 115 031 0976 1002 020  33 037 0167 0167 0167 0167
JTWC 17S HAPE      030214 1200 163S 0737E 135 041 0984 1002 020  28 037 0167 0167 0167 0167
JTWC 17S HAPE      030215 0000 176S 0749E 135 046 0984 1002 020  28 037 0167 0167 0167 0167
JTWC 17S HAPE      030215 0600 203S 0763E 150 082 0997 1004 016  18 093 -999 -999 -999 -999
