JTWC 17W NAMELESS  030924 1800 165N 1360E 300 057 1000 1006 025  15 111 -999 -999 -999 -999
JTWC 17W NAMELESS  030925 0000 167N 1358E 300 041 1000 1006 025  15 111 -999 -999 -999 -999
JTWC 17W NAMELESS  030925 0600 165N 1357E 295 021 1000 1006 025  15 111 -999 -999 -999 -999
JTWC 17W NAMELESS  030925 1200 170N 1360E 335 015 1000 1006 025  15 111 -999 -999 -999 -999
JTWC 17W NAMELESS  030925 1800 172N 1359E 350 010 1000 1006 025  15 093 -999 -999 -999 -999
JTWC 17W NAMELESS  030926 0000 162N 1356E 260 010 1002 1006 025  13 167 -999 -999 -999 -999
JTWC 17W NAMELESS  030926 0600 182N 1369E  25 031 0998 1004 027  13 148 -999 -999 -999 -999
JTWC 17W NAMELESS  030926 1200 190N 1374E  25 036 0998 1004 027  15 148 -999 -999 -999 -999
JTWC 17W NAMELESS  030926 1800 199N 1379E  35 041 1000 1004 027  15 148 -999 -999 -999 -999
JTWC 17W KOPPU     030927 0000 214N 1391E  35 067 0987 1002 027  26 111 0222 0222 0148 0148
JTWC 17W KOPPU     030927 0600 222N 1396E  35 062 0980 1001 040  31 056 0222 0222 0148 0148
JTWC 17W KOPPU     030927 1200 235N 1397E  25 062 0980 1001 050  31 056 0333 0259 0259 0259
JTWC 17W KOPPU     030927 1800 244N 1399E  20 057 0980 1001 040  31 056 0333 0259 0259 0259
JTWC 17W KOPPU     030928 0000 250N 1403E  20 046 0980 1001 040  31 056 0333 0222 0148 0333
JTWC 17W KOPPU     030928 0600 257N 1406E  20 041 0980 1001 033  31 065 0259 0259 0259 0259
JTWC 17W KOPPU     030928 1200 259N 1407E  20 031 0972 1000 050  36 046 0333 0333 0333 0333
JTWC 17W KOPPU     030928 1800 267N 1409E  15 031 0963 1000 037  41 028 0333 0333 0333 0333
JTWC 17W KOPPU     030929 0000 275N 1413E  20 031 0963 1000 037  41 046 0278 0278 0278 0333
JTWC 17W KOPPU     030929 0600 284N 1417E  20 041 0954  999 037  46 028 0278 0278 0333 0333
JTWC 17W KOPPU     030929 1200 296N 1425E  25 057 0958 1000 037  44 046 0333 0278 0333 0333
JTWC 17W KOPPU     030929 1800 306N 1445E  40 072 0958 1000 048  39 065 0324 0259 0324 0259
