NHC  18L MINDY     031011 0000 199N 0695W 320 057 1002 1010 0278 21 037 0139 0093 -999 -999 -999 -999
NHC  18L MINDY     031011 0600 212N 0700W 330 062 1002 1010 0278 21 037 0139 0093 -999 -999 -999 -999
NHC  18L MINDY     031011 1200 218N 0713W 320 062 1005 1010 0278 18 037 0232 0232 -999 -999 -999 -999
NHC  18L MINDY     031011 1800 228N 0714W 335 057 1007 1010 0278 18 056 0185 0185 -999 -999 -999 -999
NHC  18L MINDY     031012 0000 237N 0719W 340 051 1006 1010 0278 18 056 0185 0185 -999 -999 -999 -999
NHC  18L MINDY     031012 0600 240N 0724W 335 041 1007 1011 0278 18 056 0111 0111 -999 -999 -999 -999
NHC  18L MINDY     031012 1200 247N 0721W 025 036 1007 1010 0222 18 111 0185 0185 -999 -999 -999 -999
NHC  18L MINDY     031012 1800 255N 0720W 015 041 1008 1010 0334 15 111 -999 -999 -999 -999 -999 -999
NHC  18L MINDY     031013 0000 256N 0713W 090 031 1008 1012 0334 15 111 -999 -999 -999 -999 -999 -999
NHC  18L MINDY     031013 0600 257N 0703W 080 041 1008 1012 0334 15 111 -999 -999 -999 -999 -999 -999
NHC  18L MINDY     031013 1200 258N 0693W 090 046 1008 1011 0334 13 111 -999 -999 -999 -999 -999 -999
NHC  18L MINDY     031013 1800 260N 0683W 080 046 1007 1011 0334 13 130 -999 -999 -999 -999 -999 -999
NHC  18L MINDY     031014 0000 259N 0677W 085 041 1008 1011 0334 13 130 -999 -999 -999 -999 -999 -999
