JTWC 19S NAMELESS  030226 0600 223S 0407E 245 031 1000 1006 024  15 093 -999 -999 -999 -999
JTWC 19S NAMELESS  030226 1200 215S 0396E 285 046 0997 1005 025  18 093 -999 -999 -999 -999
JTWC 19S JAPHET    030226 1800 214S 0395E 295 036 0991 1005 029  23 093 0204 0204 0278 0278
JTWC 19S JAPHET    030227 0000 213S 0391E 300 026 0991 1005 029  23 093 0204 0204 0278 0278
JTWC 19S JAPHET    030227 1200 220S 0388E 230 015 0980 1005 024  31 056 0176 0176 0241 0241
JTWC 19S JAPHET    030227 1800 222S 0382E 235 021 0976 1005 024  33 056 0176 0176 0241 0241
JTWC 19S JAPHET    030228 0000 230S 0379E 220 031 0967 1003 024  39 056 0222 0222 0241 0241
JTWC 19S JAPHET    030228 0600 230S 0378E 225 026 0967 1004 024  39 046 0222 0222 0241 0241
JTWC 19S JAPHET    030228 1200 233S 0376E 215 021 0958 1004 022  44 028 0222 0222 0241 0241
JTWC 19S JAPHET    030228 1800 236S 0375E 205 021 0949 1004 022  49 037 0222 0222 0241 0241
JTWC 19S JAPHET    030301 0000 239S 0376E 190 015 0927 1004 022  59 037 0222 0222 0241 0241
JTWC 19S JAPHET    030301 0600 238S 0377E 170 010 0927 1004 022  59 037 0222 0222 0222 0241
JTWC 19S JAPHET    030301 1200 237S 0376E 180 -99 0927 1003 022  59 028 0185 0222 0222 0185
JTWC 19S JAPHET    030301 1800 235S 0375E   0 005 0933 1003 022  57 037 0185 0222 0222 0185
JTWC 19S JAPHET    030302 0000 231S 0370E 315 015 0944 1003 022  54 037 0185 0222 0222 0185
JTWC 19S JAPHET    030302 0600 227S 0365E 315 026 0949 1003 022  49 065 0185 0222 0222 0185
JTWC 19S JAPHET    030302 1200 222S 0358E 310 036 0958 1003 022  44 065 0167 0204 0204 0167
