JTWC 22P ERICA     030304 1800 205S 1539E 110 026 0997 1006 024  18 148 -999 -999 -999 -999
JTWC 22P ERICA     030305 0000 202S 1541E  60 021 1000 1006 024  15 148 -999 -999 -999 -999
JTWC 22P ERICA     030305 0600 193S 1548E  20 036 0994 1004 033  21 074 0074 0222 0222 0074
JTWC 22P ERICA     030305 1800 184S 1552E  15 036 1000 1004 020  15 083 -999 -999 -999 -999
JTWC 22P ERICA     030306 0600 167S 1539E 330 041 1000 1004 020  15 093 -999 -999 -999 -999
JTWC 22P ERICA     030310 1200 121S 1582E 105 021 1000 1004 024  15 093 -999 -999 -999 -999
JTWC 22P ERICA     030310 1800 125S 1580E 125 015 0997 1004 024  18 093 -999 -999 -999 -999
JTWC 22P ERICA     030311 0000 128S 1582E 140 015 0994 1004 024  21 074 0102 0102 0102 0102
JTWC 22P ERICA     030311 0600 132S 1588E 135 026 0994 1004 024  23 074 0102 0102 0102 0102
JTWC 22P ERICA     030311 1200 138S 1592E 140 031 0984 1004 024  28 074 0222 0111 0222 0222
JTWC 22P ERICA     030311 1800 152S 1596E 150 046 0984 1004 024  28 065 0222 0111 0222 0222
JTWC 22P ERICA     030312 0000 163S 1598E 160 057 0984 1004 022  33 037 0148 0148 0148 0222
JTWC 22P ERICA     030312 0600 169S 1597E 170 046 0976 1004 022  33 037 0148 0148 0148 0222
JTWC 22P ERICA     030312 1200 179S 1604E 165 051 0949 1004 022  49 028 0222 0148 0148 0222
JTWC 22P ERICA     030312 1800 189S 1611E 155 057 0944 1002 024  51 065 0222 0167 0167 0222
JTWC 22P ERICA     030313 0000 196S 1617E 145 057 0944 1004 024  64 065 0222 0167 0167 0222
JTWC 22P ERICA     030313 0600 202S 1620E 145 046 0898 1002 024  72 028 0222 0222 0167 0167
JTWC 22P ERICA     030313 1200 209S 1628E 140 046 0904 1002 024  69 028 0222 0222 0167 0167
JTWC 22P ERICA     030313 1800 212S 1644E 125 057 0944 1003 025  51 028 0222 0222 0176 0176
JTWC 22P ERICA     030314 0000 220S 1657E 120 067 0958 1003 033  44 037 0222 0222 0185 0185
JTWC 22P ERICA     030314 0600 230S 1688E 115 098 0963 1003 025  41 028 0222 0222 0185 0185
JTWC 22P ERICA     030314 1200 246S 1713E 120 124 0972 1003 025  36 028 0222 0222 0185 0185
JTWC 22P ERICA     030314 1800 260S 1732E 125 129 0972 1003 025  36 037 0222 0222 0185 0185
JTWC 22P ERICA     030315 0000 279S 1766E 125 144 0976 1003 025  33 056 0241 0241 0204 0204
JTWC 22P ERICA     030315 0600 290S 1787E 125 139 0991 1003 025  23 083 0241 0241 0204 0204
