JTWC 23S KALUNDE   030305 1800 109S 0765E 290 026 0994 1004 022  21 093 0157 0157 0157 0157
JTWC 23S KALUNDE   030306 0600 113S 0763E 265 015 0991 1004 024  23 083 0157 0167 0167 0167
JTWC 23S KALUNDE   030306 1200 115S 0756E 240 021 0987 1004 024  26 065 0157 0167 0167 0167
JTWC 23S KALUNDE   030306 1800 118S 0750E 250 036 0987 1004 025  26 065 0167 0185 0185 0185
JTWC 23S KALUNDE   030307 0000 121S 0744E 245 036 0976 1004 025  33 065 0167 0185 0185 0185
JTWC 23S KALUNDE   030307 0600 124S 0737E 245 036 0972 1003 025  36 037 0185 0222 0222 0222
JTWC 23S KALUNDE   030307 1200 130S 0728E 240 041 0958 1003 025  44 037 0185 0222 0222 0222
JTWC 23S KALUNDE   030307 1800 135S 0721E 235 046 0927 1003 026  59 046 0222 0185 0185 0222
JTWC 23S KALUNDE   030308 0000 138S 0713E 240 046 0898 1003 036  72 046 0222 0222 0241 0241
JTWC 23S KALUNDE   030308 0600 139S 0702E 250 046 0898 1002 026  72 046 0213 0213 0241 0241
JTWC 23S KALUNDE   030308 1200 144S 0697E 250 041 0898 1001 026  72 046 0222 0222 0241 0241
JTWC 23S KALUNDE   030308 1800 149S 0693E 240 036 0910 1000 026  67 046 0222 0222 0241 0241
JTWC 23S KALUNDE   030309 0000 154S 0688E 220 036 0922 1000 026  62 046 0222 0222 0241 0241
JTWC 23S KALUNDE   030309 0600 158S 0683E 225 031 0922 1000 026  62 037 0222 0222 0241 0241
JTWC 23S KALUNDE   030309 1200 161S 0679E 230 031 0927 1000 036  59 037 0204 0241 0241 0204
JTWC 23S KALUNDE   030309 1800 164S 0675E 230 026 0927 1000 036  59 037 0204 0204 0241 0204
JTWC 23S KALUNDE   030310 0000 168S 0671E 230 026 0944 1000 025  51 019 0194 0194 0222 0194
JTWC 23S KALUNDE   030310 0600 170S 0667E 230 026 0949 1000 025  49 019 0194 0194 0222 0194
JTWC 23S KALUNDE   030310 1200 175S 0664E 225 026 0949 1000 025  49 037 0194 0194 0222 0194
JTWC 23S KALUNDE   030310 1800 177S 0661E 225 026 0949 1000 025  49 037 0194 0194 0222 0194
JTWC 23S KALUNDE   030311 0000 179S 0656E 230 026 0944 1000 025  51 037 0222 0222 0185 0185
JTWC 23S KALUNDE   030311 0600 181S 0652E 235 021 0944 1000 025  51 037 0222 0222 0185 0185
JTWC 23S KALUNDE   030311 1200 184S 0649E 235 021 0944 1000 024  51 037 0222 0222 0185 0185
JTWC 23S KALUNDE   030311 1800 187S 0647E 225 021 0944 1000 024  51 037 0222 0222 0185 0185
JTWC 23S KALUNDE   030312 0000 188S 0643E 230 021 0938 1000 024  54 037 0185 0278 0185 0185
JTWC 23S KALUNDE   030312 0600 191S 0641E 225 015 0938 1000 024  54 037 0185 0278 0185 0185
JTWC 23S KALUNDE   030312 1200 196S 0638E 215 021 0938 1000 024  54 037 0185 0278 0185 0185
JTWC 23S KALUNDE   030312 1800 201S 0637E 205 026 0963 1000 024  41 037 0185 0232 0185 0185
JTWC 23S KALUNDE   030313 0000 204S 0641E 180 021 0967 1004 024  39 037 0185 0232 0185 0185
JTWC 23S KALUNDE   030313 0600 210S 0645E 160 026 0967 1004 024  39 037 0185 0232 0185 0185
JTWC 23S KALUNDE   030313 1200 217S 0647E 155 031 0967 1004 024  39 037 0185 0232 0185 0185
JTWC 23S KALUNDE   030313 1800 224S 0648E 160 036 0976 1004 027  33 037 0204 0250 0204 0204
JTWC 23S KALUNDE   030314 0000 229S 0653E 155 036 0976 1004 027  33 037 0204 0250 0204 0204
JTWC 23S KALUNDE   030314 0600 238S 0663E 145 046 0980 1004 041  31 037 0278 0278 0204 0204
JTWC 23S KALUNDE   030314 1200 248S 0655E 165 041 0987 1004 027  26 056 0167 0222 0167 0167
JTWC 23S KALUNDE   030314 1800 256S 0652E 175 041 0987 1004 027  26 056 0167 0222 0167 0167
JTWC 23S KALUNDE   030315 0000 260S 0656E 165 036 0991 1004 027  23 056 0167 0222 0167 0167
JTWC 23S KALUNDE   030315 0600 274S 0662E 160 046 0997 1004 027  18 056 0167 0222 0167 0167
JTWC 23S KALUNDE   030315 1200 287S 0662E 165 057 1002 1004 024  13 056 -999 -999 -999 -999
