JTWC 26S NAMELESS  030401 1800 100S 1197E 255 031 0997 1007 024  18 139 -999 -999 -999 -999
JTWC 26S NAMELESS  030402 0000 109S 1194E 230 031 0991 1007 027  23 102 0139 0185 0185 0139
JTWC 26S INIGO     030402 0600 112S 1189E 230 031 0987 1007 024  26 102 0130 0185 0185 0130
JTWC 26S INIGO     030402 1200 113S 1185E 240 026 0984 1006 024  28 056 0130 0185 0185 0130
JTWC 26S INIGO     030403 0000 119S 1182E 225 015 0963 1004 024  41 028 0130 0185 0185 0130
JTWC 26S INIGO     030403 0600 119S 1174E 240 021 0944 1004 023  51 046 0157 0213 0157 0157
JTWC 26S INIGO     030403 1200 121S 1169E 245 026 0927 1004 023  59 046 0157 0213 0157 0157
JTWC 26S INIGO     030403 1800 123S 1164E 250 026 0916 1002 022  64 028 0167 0167 0167 0167
JTWC 26S INIGO     030404 0000 125S 1159E 248 026 0898  999 022  72 028 0167 0167 0167 0167
JTWC 26S INIGO     030404 0600 131S 1152E 240 031 0898 1000 025  72 056 0241 0241 0241 0241
JTWC 26S INIGO     030404 1200 136S 1146E 235 036 0898 1000 025  72 056 0241 0241 0241 0241
JTWC 26S INIGO     030405 0000 143S 1136E 230 036 0904 1000 025  69 046 0185 0241 0204 0185
JTWC 26S INIGO     030405 0600 145S 1132E 235 026 0916 1001 024  64 019 0167 0241 0222 0167
JTWC 26S INIGO     030405 1200 146S 1130E 235 021 0922 1001 025  62 019 0204 0241 0222 0204
JTWC 26S INIGO     030405 1800 150S 1129E 225 015 0933 1001 025  57 046 0204 0241 0222 0204
JTWC 26S INIGO     030406 0000 152S 1128E 210 015 0944 1001 025  51 046 0204 0241 0222 0204
JTWC 26S INIGO     030406 0600 153S 1127E 205 010 0944 1001 024  51 028 0185 0222 0222 0185
JTWC 26S INIGO     030406 1200 156S 1128E 180 010 0954 1002 025  46 028 0204 0241 0222 0185
JTWC 26S INIGO     030406 1800 164S 1131E 165 026 0963 1002 025  41 028 0204 0241 0222 0185
JTWC 26S INIGO     030407 0000 170S 1133E 160 031 0972 1002 025  36 046 0194 0232 0213 0176
JTWC 26S INIGO     030407 0600 175S 1138E 150 036 0976 1002 025  33 056 0194 0232 0185 0130
JTWC 26S INIGO     030407 1200 183S 1148E 140 046 0980 1005 025  31 056 0194 0232 0185 0130
JTWC 26S INIGO     030407 1800 189S 1156E 130 051 0984 1005 025  28 056 0167 0232 0167 0139
JTWC 26S INIGO     030408 0000 198S 1151E 155 041 0987 1005 025  26 046 0139 0241 0139 0111
JTWC 26S INIGO     030408 0600 208S 1161E 155 046 0994 1007 025  21 046 0139 0241 0139 0111
