JTWC 27W NAMELESS  031224 1200 139N 1348E 290 057 1003 1008 019  13 093 -999 -999 -999 -999
JTWC 27W NAMELESS  031224 1800 138N 1333E 280 062 1000 1008 019  15 093 -999 -999 -999 -999
JTWC 27W NAMELESS  031225 0000 139N 1327E 280 051 1000 1008 019  15 093 -999 -999 -999 -999
JTWC 27W NAMELESS  031225 0600 135N 1310E 270 062 1000 1008 019  15 093 -999 -999 -999 -999
JTWC 27W NAMELESS  031225 1200 137N 1298E 270 062 0997 1007 019  18 083 -999 -999 -999 -999
JTWC 27W NAMELESS  031225 1800 139N 1290E 275 051 0997 1007 019  18 083 -999 -999 -999 -999
JTWC 27W NAMELESS  031226 0000 137N 1285E 270 041 0997 1007 019  18 083 -999 -999 -999 -999
JTWC 27W NAMELESS  031226 0600 136N 1283E 260 026 0997 1007 019  18 083 -999 -999 -999 -999
JTWC 27W NAMELESS  031226 1200 135N 1279E 250 021 1000 1008 019  15 093 -999 -999 -999 -999
JTWC 27W NAMELESS  031226 1800 131N 1272E 245 026 0997 1008 020  18 148 -999 -999 -999 -999
JTWC 27W NAMELESS  031227 0000 117N 1268E 215 036 0997 1008 020  18 148 -999 -999 -999 -999
JTWC 27W NAMELESS  031227 0600 108N 1266E 200 041 0997 1008 022  18 111 -999 -999 -999 -999
JTWC 27W NAMELESS  031227 1200 099N 1255E 210 051 0997 1008 022  18 111 -999 -999 -999 -999
JTWC 27W NAMELESS  031227 1800 094N 1253E 215 046 1002 1008 022  13 111 -999 -999 -999 -999
