JTWC 28S NAMELESS  030503 1800 142S 0626E 220 051 0997 1004 018  18 120 -999 -999 -999 -999
JTWC 28S NAMELESS  030504 0000 153S 0615E 225 067 0987 1004 022  26 074 0111 0176 0176 0111
JTWC 28S NAMELESS  030504 0600 154S 0612E 230 046 0991 1004 020  23 056 0111 0176 0176 0111
JTWC 28S MANOU     030504 1200 156S 0607E 235 036 0991 1004 018  23 037 0111 0157 0157 0111
JTWC 28S MANOU     030504 1800 163S 0602E 230 031 0991 1004 020  23 056 0111 0157 0157 0111
JTWC 28S MANOU     030505 0000 164S 0589E 240 041 0991 1004 020  23 056 0111 0157 0157 0111
JTWC 28S MANOU     030505 0600 161S 0588E 255 031 0991 1004 020  23 056 0065 0185 0065 0185
JTWC 28S MANOU     030505 1200 162S 0584E 260 026 0994 1004 020  21 056 0065 0185 0065 0185
JTWC 28S MANOU     030505 1800 163S 0577E 260 026 0994 1008 027  21 056 0065 0185 0185 0065
JTWC 28S MANOU     030506 0000 168S 0569E 250 036 0997 1006 020  18 056 0065 0185 0185 0065
JTWC 28S MANOU     030506 0600 174S 0558E 245 046 0997 1006 020  18 056 0065 0185 0185 0065
JTWC 28S MANOU     030506 1200 172S 0553E 250 041 1000 1006 020  15 056 -999 -999 -999 -999
JTWC 28S MANOU     030506 1800 179S 0544E 245 041 0997 1006 020  18 065 -999 -999 -999 -999
JTWC 28S MANOU     030507 0000 180S 0533E 250 046 0991 1006 020  23 065 0111 0157 -999 -999
JTWC 28S MANOU     030507 0600 181S 0523E 255 046 0991 1006 020  23 065 0111 0111 0157 0185
JTWC 28S MANOU     030507 1200 187S 0519E 250 041 0991 1006 020  23 065 0111 0185 0185 0111
JTWC 28S MANOU     030507 1800 187S 0513E 255 036 0984 1006 020  28 056 0111 0185 0185 0111
JTWC 28S MANOU     030508 0000 187S 0506E 260 031 0984 1006 020  28 056 0111 0185 0185 0111
JTWC 28S MANOU     030508 0600 191S 0497E 260 036 0976 1004 020  33 056 0185 0148 0148 0185
JTWC 28S MANOU     030508 1200 192S 0494E 255 031 0967 1004 020  39 028 0185 0148 0148 0185
JTWC 28S MANOU     030508 1800 193S 0492E 250 021 0967 1004 020  39 028 0185 0148 0148 0185
JTWC 28S MANOU     030509 0000 194S 0491E 240 010 0967 1004 020  39 028 0185 0148 0148 0185
JTWC 28S MANOU     030509 0600 195S 0490E 230 010 0967 1004 018  39 028 0148 0148 0074 0074
JTWC 28S MANOU     030509 1200 198S 0490E 200 010 0972 1004 018  36 028 0148 0148 0074 0074
JTWC 28S MANOU     030509 1800 200S 0490E 180 010 0984 1004 018  28 019 0148 0148 0074 0074
JTWC 28S MANOU     030510 0000 203S 0491E 180 015 0991 1004 018  23 037 0148 0148 0074 0074
JTWC 28S MANOU     030510 0600 208S 0489E 180 015 0994 1004 020  21 093 0148 0148 0148 0102
JTWC 28S MANOU     030510 1200 218S 0491E 175 031 0997 1004 020  18 111 -999 -999 -999 -999
JTWC 28S MANOU     030510 1800 225S 0487E 185 036 1000 1004 020  15 083 -999 -999 -999 -999
