NHC  90E INVEST    030615 1800 142N 1015W 280 036 1008 1010 0278 13 074 -999 -999 -999 -999 -999 -999
NHC  90E INVEST    030616 0000 143N 1022W 280 036 1008 1010 0278 10 074 -999 -999 -999 -999 -999 -999
NHC  90E INVEST    030616 1800 160N 1032W 325 036 1007 1009 0278 13 074 -999 -999 -999 -999 -999 -999
NHC  90E INVEST    030617 0000 164N 1030W 345 031 1007 1009 0278 13 074 -999 -999 -999 -999 -999 -999
NHC  90E INVEST    030728 1200 119N 1159W 280 057 1008 1010 0278 13 046 -999 -999 -999 -999 -999 -999
NHC  90E INVEST    030728 1800 120N 1162W 280 057 1009 1010 0278 13 046 -999 -999 -999 -999 -999 -999
NHC  90E INVEST    030729 0000 122N 1163W 280 036 1009 1011 0278 13 046 -999 -999 -999 -999 -999 -999
NHC  90E INVEST    030729 1200 124N 1172W 290 026 1009 1011 0278 13 046 -999 -999 -999 -999 -999 -999
NHC  90E INVEST    030729 1800 121N 1187W 275 041 1009 1011 0278 13 046 -999 -999 -999 -999 -999 -999
NHC  90E INVEST    030730 0000 122N 1193W 275 036 1009 1011 0278 13 046 -999 -999 -999 -999 -999 -999
NHC  90E INVEST    030730 1200 126N 1199W 295 021 1009 1011 0278 13 046 -999 -999 -999 -999 -999 -999
NHC  90E INVEST    030818 1200 136N 0983W 280 031 1009 1012 0278 10 074 -999 -999 -999 -999 -999 -999
NHC  90E INVEST    030818 1800 144N 0992W 295 036 1009 1012 0278 10 074 -999 -999 -999 -999 -999 -999
NHC  90E INVEST    030820 1200 180N 1050W 305 046 1011 1012 0111 10 074 -999 -999 -999 -999 -999 -999
NHC  90E INVEST    030820 1800 187N 1057W 310 046 1010 1012 0111 13 074 -999 -999 -999 -999 -999 -999
NHC  90E INVEST    030821 0000 188N 1064W 305 041 1009 1012 0185 13 056 -999 -999 -999 -999 -999 -999
NHC  90E INVEST    030821 1200 198N 1069W 315 031 1009 1011 0111 13 056 -999 -999 -999 -999 -999 -999
NHC  90E INVEST    030821 1800 202N 1070W 340 010 1008 1011 0148 13 074 -999 -999 -999 -999 -999 -999
NHC  90E INVEST    030822 0000 204N 1071W 335 021 1009 1011 0148 13 074 -999 -999 -999 -999 -999 -999
NHC  90E INVEST    030822 0600 205N 1071W 335 015 1008 1011 0148 15 074 -999 -999 -999 -999 -999 -999
NHC  90E INVEST    030918 1200 165N 1050W 285 031 1008 1011 0278 13 056 -999 -999 -999 -999 -999 -999
NHC  90E INVEST    030918 1800 165N 1056W 285 031 1008 1011 0278 13 056 -999 -999 -999 -999 -999 -999
NHC  90E INVEST    030919 0000 169N 1064W 290 046 1002 1006 0334 15 056 -999 -999 -999 -999 -999 -999
NHC  90E INVEST    031028 0000 094N 1078W 280 026 1007 1010 0334 13 056 -999 -999 -999 -999 -999 -999
