NHC  93E INVEST    030516 1200 100N 1040W 270 051 1009 1012 0278 10 093 -999 -999 -999 -999 -999 -999
NHC  93E INVEST    030517 1200 105N 1085W 275 057 1009 1012 0278 10 093 -999 -999 -999 -999 -999 -999
NHC  93E INVEST    030518 1200 112N 1121W 279 041 1009 1012 0278 10 093 -999 -999 -999 -999 -999 -999
NHC  93E INVEST    030518 1800 115N 1125W 285 036 1008 1012 0278 13 093 -999 -999 -999 -999 -999 -999
NHC  93E INVEST    030519 0000 109N 1132W 280 031 1009 1012 0278 13 093 -999 -999 -999 -999 -999 -999
NHC  93E INVEST    030805 1800 139N 1109W 290 046 1009 1011 0278 10 083 -999 -999 -999 -999 -999 -999
NHC  93E INVEST    030806 0000 145N 1113W 300 041 1009 1011 0278 10 083 -999 -999 -999 -999 -999 -999
NHC  93E INVEST    030806 1200 151N 1153W 285 067 1009 1011 0278 13 083 -999 -999 -999 -999 -999 -999
NHC  93E INVEST    030806 1800 156N 1156W 285 062 1009 1012 0278 13 083 -999 -999 -999 -999 -999 -999
NHC  93E INVEST    030807 0000 154N 1150W 290 041 1009 1012 0278 13 083 -999 -999 -999 -999 -999 -999
NHC  93E INVEST    030807 0600 159N 1157W 295 036 1009 1012 0278 13 083 -999 -999 -999 -999 -999 -999
NHC  93E INVEST    030826 1200 112N 1125W 285 046 1007 1008 0278 13 046 -999 -999 -999 -999 -999 -999
NHC  93E INVEST    030930 0000 163N 1027W 280 036 1005 1008 0278 13 093 -999 -999 -999 -999 -999 -999
NHC  93E INVEST    030930 0600 163N 1037W 275 041 1005 1008 0278 13 074 -999 -999 -999 -999 -999 -999
NHC  93E INVEST    030930 1200 164N 1045W 275 041 1007 1009 0278 13 074 -999 -999 -999 -999 -999 -999
NHC  93E INVEST    030930 1800 162N 1053W 270 041 1007 1009 0278 13 074 -999 -999 -999 -999 -999 -999
NHC  93E INVEST    031001 0000 160N 1065W 265 046 1006 1009 0278 13 074 -999 -999 -999 -999 -999 -999
NHC  93E INVEST    031001 0600 160N 1075W 270 051 1009 1010 0278 13 074 -999 -999 -999 -999 -999 -999
NHC  93E INVEST    031001 1200 160N 1078W 270 041 1008 1010 0278 13 074 -999 -999 -999 -999 -999 -999
NHC  93E INVEST    031001 1800 158N 1083W 260 031 1007 1010 0278 13 074 -999 -999 -999 -999 -999 -999
