NHC  93L INVEST    030626 1200 085N 0364W 270 046 1009 1012 0278 13 046 -999 -999 -999 -999 -999 -999
NHC  93L INVEST    030702 0600 118N 0496W 290 051 1011 1014 0278 10 074 -999 -999 -999 -999 -999 -999
NHC  93L INVEST    030702 1200 121N 0507W 290 057 1010 1012 0278 10 074 -999 -999 -999 -999 -999 -999
NHC  93L INVEST    030702 1800 119N 0520W 280 062 1010 1012 0278 10 074 -999 -999 -999 -999 -999 -999
NHC  93L INVEST    030703 0600 122N 0544W 275 062 1011 1012 0278 10 074 -999 -999 -999 -999 -999 -999
NHC  93L INVEST    030703 1200 124N 0555W 279 062 1010 1012 0278 10 074 -999 -999 -999 -999 -999 -999
NHC  93L INVEST    030703 1800 126N 0567W 280 062 1010 1012 0278 10 074 -999 -999 -999 -999 -999 -999
NHC  93L INVEST    030828 0600 228N 0479W 300 093 1011 1015 0222 10 046 -999 -999 -999 -999 -999 -999
NHC  93L INVEST    030828 1200 240N 0485W 305 082 1011 1015 0222 10 046 -999 -999 -999 -999 -999 -999
NHC  93L INVEST    030828 1800 247N 0493W 315 067 1011 1015 0222 10 046 -999 -999 -999 -999 -999 -999
NHC  93L INVEST    031012 0000 086N 0306W 280 031 1008 1011 0278 13 074 -999 -999 -999 -999 -999 -999
NHC  93L INVEST    031012 0600 088N 0361W 275 057 1008 1011 0278 13 074 -999 -999 -999 -999 -999 -999
NHC  93L INVEST    031013 0000 099N 0374W 279 046 1009 1011 0278 13 074 -999 -999 -999 -999 -999 -999
NHC  93L INVEST    031013 0600 098N 0366W 280 041 1008 1011 0278 13 056 -999 -999 -999 -999 -999 -999
NHC  93L INVEST    031013 1200 099N 0380W 280 051 1008 1011 0278 13 056 -999 -999 -999 -999 -999 -999
NHC  93L INVEST    031013 1800 095N 0384W 270 041 1008 1011 0278 13 056 -999 -999 -999 -999 -999 -999
