NHC  95L INVEST    030706 0600 105N 0488W 280 077 1009 1012 0278 13 056 -999 -999 -999 -999 -999 -999
NHC  95L INVEST    030706 1200 105N 0502W 275 077 1009 1012 0278 13 056 -999 -999 -999 -999 -999 -999
NHC  95L INVEST    030706 1800 107N 0520W 275 077 1009 1012 0278 13 056 -999 -999 -999 -999 -999 -999
NHC  95L INVEST    030707 0000 108N 0537W 275 088 1008 1010 0278 13 056 -999 -999 -999 -999 -999 -999
NHC  95L INVEST    030707 0600 109N 0548W 275 077 1008 1010 0185 13 056 -999 -999 -999 -999 -999 -999
NHC  95L INVEST    030707 1200 122N 0562W 290 082 1008 1010 0185 15 056 -999 -999 -999 -999 -999 -999
NHC  95L INVEST    030707 1800 132N 0598W 290 118 1009 1011 0185 15 056 -999 -999 -999 -999 -999 -999
NHC  95L INVEST    030708 0000 137N 0620W 285 113 1010 1012 0185 15 056 -999 -999 -999 -999 -999 -999
NHC  95L INVEST    030708 1200 145N 0678W 280 134 1009 1011 0185 15 056 -999 -999 -999 -999 -999 -999
NHC  95L INVEST    030902 0000 199N 0837W 335 036 1011 1014 0278 10 083 -999 -999 -999 -999 -999 -999
NHC  95L INVEST    030902 1800 243N 0864W 330 077 1013 1015 0278 10 083 -999 -999 -999 -999 -999 -999
NHC  95L INVEST    030903 0000 243N 0864W 330 051 1012 1014 0278 10 083 -999 -999 -999 -999 -999 -999
NHC  95L INVEST    030903 1200 273N 0875W 340 067 1010 1014 0278 13 083 -999 -999 -999 -999 -999 -999
NHC  95L INVEST    030903 1800 274N 0875W 345 026 1011 1014 0278 13 083 -999 -999 -999 -999 -999 -999
