NHC  97E INVEST    030715 0000 109N 0961W 275 072 1008 1011 0278 10 074 -999 -999 -999 -999 -999 -999
NHC  97E INVEST    030715 0600 107N 0952W 275 072 1008 1011 0278 10 074 -999 -999 -999 -999 -999 -999
NHC  97E INVEST    030715 1800 109N 0980W 275 067 1008 1011 0278 13 074 -999 -999 -999 -999 -999 -999
NHC  97E INVEST    030716 0000 115N 0986W 285 057 1008 1011 0278 13 074 -999 -999 -999 -999 -999 -999
NHC  97E INVEST    030716 0600 114N 0984W 285 036 1008 1011 0278 13 074 -999 -999 -999 -999 -999 -999
NHC  97E INVEST    030716 1200 115N 1000W 280 051 1009 1011 0278 13 074 -999 -999 -999 -999 -999 -999
NHC  97E INVEST    030716 1800 118N 1005W 285 046 1009 1011 0278 13 074 -999 -999 -999 -999 -999 -999
NHC  97E INVEST    030717 0000 125N 1016W 295 051 1009 1011 0278 13 074 -999 -999 -999 -999 -999 -999
NHC  97E INVEST    030717 0600 129N 1026W 300 057 1009 1012 0278 13 074 -999 -999 -999 -999 -999 -999
NHC  97E INVEST    030717 1200 132N 1035W 295 051 1009 1012 0278 13 074 -999 -999 -999 -999 -999 -999
NHC  97E INVEST    030717 1800 148N 1060W 300 067 1009 1012 0278 13 074 -999 -999 -999 -999 -999 -999
NHC  97E INVEST    030718 0000 140N 1063W 275 057 1009 1012 0232 15 056 -999 -999 -999 -999 -999 -999
NHC  97E INVEST    030816 1200 159N 1115W 250 051 1009 1010 0278 13 046 -999 -999 -999 -999 -999 -999
NHC  97E INVEST    030816 1800 160N 1121W 260 046 1010 1011 0278 13 046 -999 -999 -999 -999 -999 -999
NHC  97E INVEST    030817 0000 158N 1131W 255 051 1008 1011 0278 13 046 -999 -999 -999 -999 -999 -999
NHC  97E INVEST    030817 1200 153N 1157W 260 057 1009 1011 0222 13 046 -999 -999 -999 -999 -999 -999
NHC  97E INVEST    030817 1800 151N 1169W 259 057 1009 1011 0222 13 046 -999 -999 -999 -999 -999 -999
NHC  97E INVEST    030818 0000 149N 1179W 260 057 1009 1011 0222 13 046 -999 -999 -999 -999 -999 -999
NHC  97E INVEST    030818 1200 145N 1200W 259 051 1009 1011 0222 10 046 -999 -999 -999 -999 -999 -999
NHC  97E INVEST    030818 1800 144N 1208W 260 046 1009 1011 0204 13 046 -999 -999 -999 -999 -999 -999
NHC  97E INVEST    030819 1200 141N 1240W 265 051 1009 1011 0204 10 046 -999 -999 -999 -999 -999 -999
NHC  97E INVEST    030820 0000 143N 1250W 275 036 1009 1011 0222 10 046 -999 -999 -999 -999 -999 -999
NHC  97E INVEST    030903 0000 182N 1089W 013 041 1006 1011 0278 08 046 -999 -999 -999 -999 -999 -999
