NHC  01L INVEST    120519 1800 323N 0776W 220 015 1007 1012 0111 21 056 0074 -999 0056 00749 -999 -999 -999
NHC  01L ALBERTO   120520 0000 322N 0780W 230 015 0995 1013 0093 26 028 0074 -999 0056 00749 -999 -999 0037
NHC  01L ALBERTO   120520 0600 318N 0787W 245 026 0998 1014 0111 23 037 0074 -999 -999 01119 -999 -999 -999
NHC  01L ALBERTO   120520 1200 317N 0793W 250 026 1000 1013 0111 21 037 0074 -999 -999 01119 -999 -999 -999
NHC  01L ALBERTO   120520 1800 311N 0799W 240 031 1004 1013 0111 21 019 0074 0037 0056 01119 -999 -999 -999
NHC  01L ALBERTO   120521 0000 307N 0801W 230 026 1007 1013 0111 18 019 0074 0037 0056 01119 -999 -999 -999
NHC  01L ALBERTO   120521 0600 304N 0799W 165 021 1007 1013 0111 18 019 0074 0037 0056 00939 -999 -999 -999
NHC  01L ALBERTO   120521 1200 304N 0791W 090 031 1007 1013 0111 18 019 0074 0037 0056 00939 -999 -999 -999
NHC  01L ALBERTO   120521 1800 305N 0783W 080 036 1007 1014 0185 18 019 0074 0056 0056 00569 -999 -999 -999
NHC  01L ALBERTO   120522 0000 307N 0771W 080 057 1008 1014 0185 15 074 -999 -999 -999 -999 -999 -999
NHC  01L ALBERTO   120522 0600 316N 0761W 065 046 1008 1014 0185 15 074 -999 -999 -999 -999 -999 -999
NHC  01L ALBERTO   120522 1200 326N 0747W 050 072 1008 1012 0185 15 074 -999 -999 -999 -999 -999 -999
