JTWC 04P FOUR      121212 0000 142S 1750W  80 041 0993 1003 0287 21 046 0056 0074 0074 0056
JTWC 04P EVAN      121212 0600 141S 1739W 080 047 0993 1003 0287 20 046 -999 -999 -999 -999
JTWC 04P EVAN      121212 1200 139S 1732W 080 042 0985 1003 0287 26 046 -999 -999 -999 -999
JTWC 04P EVAN      121212 1800 141S 1720W 090 047 0974 1004 0370 33 028 -999 -999 -999 -999
JTWC 04P EVAN      121213 0000 141S 1713W 090 042 0963 1003 0380 41 028 -999 -999 -999 -999
JTWC 04P EVAN      121213 0600 139S 1714W 085 026 0963 1003 0380 41 028 -999 -999 -999 -999
JTWC 04P EVAN      121213 1200 137S 1716W 040 011 0956 1002 0352 46 028 -999 -999 -999 -999
JTWC 04P EVAN      121213 1800 134S 1717W 000 011 0948 1002 0370 51 028 -999 -999 -999 -999
JTWC 04P EVAN      121214 0000 130S 1721W 325 021 0948 1002 0370 51 028 0148 0148 0157 0157
JTWC 04P EVAN      121214 0600 129S 1725W 310 021 0948 1002 0370 51 028 0176 0194 0194 0176
JTWC 04P EVAN      121214 1200 126S 1730W 300 026 0948 1004 0370 51 028 0204 0222 0222 0204
JTWC 04P EVAN      121214 1800 123S 1740W 290 037 0948 1004 0370 51 028 -999 -999 -999 -999
JTWC 04P EVAN      121215 0000 124S 1748W 280 042 0956 1004 0370 46 028 -999 -999 -999 -999
JTWC 04P EVAN      121215 0600 130S 1756W 260 047 0956 1005 0370 46 037 -999 -999 -999 -999
JTWC 04P EVAN      121215 1200 133S 1768W 250 052 0956 1005 0370 46 037 -999 -999 -999 -999
JTWC 04P EVAN      121215 1800 134S 1777W 255 052 0948 1006 0370 51 028 -999 -999 -999 -999
JTWC 04P EVAN      121216 0000 140S 1789W 250 057 0944 1006 0407 54 028 0204 0232 0232 0204
JTWC 04P EVAN      121216 0600 149S 1799W 240 057 0944 1006 0407 54 028 0204 0232 0232 0204
JTWC 04P EVAN      121216 1200 158S 1791E 235 062 0937 1003 0407 59 037 0204 0232 0232 0241
JTWC 04P EVAN      121216 1800 164S 1783E 230 062 0937 1005 0370 59 028 0204 0232 0232 0213
JTWC 04P EVAN      121217 0000 172S 1777E 225 057 0929 1005 0370 64 028 0232 0241 0241 0222
JTWC 04P EVAN      121217 0600 179S 1773E 220 047 0937 1005 0370 59 028 -999 -999 -999 -999
JTWC 04P EVAN      121217 1200 188S 1773E 200 047 0941 1005 0370 56 028 -999 -999 -999 -999
JTWC 04P EVAN      121217 1800 197S 1772E 190 042 0944 1005 0370 54 028 -999 -999 -999 -999
JTWC 04P EVAN      121218 0000 205S 1774E 180 047 0948 1005 0370 51 028 -999 -999 -999 -999
JTWC 04P EVAN      121218 0600 210S 1771E 180 037 0952 1002 0343 48 028 -999 -999 -999 -999
JTWC 04P EVAN      121218 1200 214S 1772E 175 032 0959 1002 0352 43 046 -999 -999 -999 -999
JTWC 04P EVAN      121218 1800 223S 1774E 170 037 0974 1002 0333 33 046 -999 -999 -999 -999
JTWC 04P EVAN      121219 0000 228S 1778E 160 037 0982 1002 0315 28 046 -999 -999 -999 -999
JTWC 04P EVAN      121219 0600 234S 1782E 155 037 0989 1002 0333 23 139 -999 -999 -999 -999
JTWC 04P EVAN      121219 1200 239S 1784E 150 032 0993 1003 0333 20 083 -999 -999 -999 -999
JTWC 04P EVAN      121219 1800 243S 1785E 155 026 0996 1002 0333 18 083 -999 -999 -999 -999
