NHC  05L FIVE      120801 1800 120N 0482W 290 082 1008 1012 0278 15 093 -999 -999 -999 -999 -999 -999
NHC  05L FIVE      120802 0000 124N 0498W 285 082 1008 1012 0278 15 056 -999 -999 -999 -999 -999 -999
NHC  05L FIVE      120802 0600 127N 0517W 285 088 1008 1012 0278 15 074 -999 -999 -999 -999 -999 -999
NHC  05L FIVE      120802 1200 129N 0534W 280 088 1008 1013 0167 15 074 -999 -999 -999 -999 -999 -999
NHC  05L FIVE      120802 1800 128N 0556W 270 098 1008 1013 0167 15 074 -999 -999 -999 -999 -999 -999
NHC  05L ERNESTO   120803 0000 133N 0574W 275 098 1005 1012 0222 23 111 0185 -999 -999 01309 -999 -999 -999
NHC  05L ERNESTO   120803 0600 137N 0598W 280 108 1004 1010 0204 23 111 0185 -999 -999 -999 -999 -999
NHC  05L ERNESTO   120803 1200 136N 0615W 270 103 1002 1010 0204 23 111 0139 0111 -999 -999 -999 -999
NHC  05L ERNESTO   120803 1800 138N 0633W 276 093 1002 1010 0222 23 028 0167 0111 -999 00939 -999 -999 -999
NHC  05L ERNESTO   120804 0000 138N 0648W 275 082 1003 1009 0259 23 037 0167 0111 -999 00939 -999 -999 -999
NHC  05L ERNESTO   120804 0600 139N 0664W 275 082 1001 1010 0259 26 037 0167 0111 -999 00937 -999 -999 -999
NHC  05L ERNESTO   120804 1200 142N 0679W 275 077 1006 1010 0259 23 037 0167 0111 -999 00939 -999 -999 -999
NHC  05L ERNESTO   120804 1800 146N 0693W 280 077 1003 1010 0259 26 037 0222 0111 -999 00746 -999 -999 -999
NHC  05L ERNESTO   120805 0000 153N 0717W 285 098 1006 1009 0278 26 046 0222 0111 -999 00746 -999 -999 -999
NHC  05L ERNESTO   120805 0600 150N 0739W 275 103 1008 1010 0278 23 065 0204 0148 -999 -999 -999 -999
NHC  05L ERNESTO   120805 1200 148N 0761W 270 108 1006 1010 0278 23 111 0204 0148 -999 -999 -999 -999
NHC  05L ERNESTO   120805 1800 152N 0779W 275 088 1006 1010 0334 23 111 0204 0148 -999 -999 -999 -999
NHC  05L ERNESTO   120806 0000 153N 0792W 275 067 1003 1010 0334 23 037 0204 0148 -999 00569 -999 -999 -999
NHC  05L ERNESTO   120806 0600 150N 0800W 270 051 1003 1010 0334 23 037 0204 0111 -999 00569 -999 -999 -999
NHC  05L ERNESTO   120806 1200 156N 0801W 285 036 0994 1009 0222 28 037 0204 0111 -999 00566 -999 -999 -999
NHC  05L ERNESTO   120806 1800 160N 0811W 290 051 0995 1011 0278 28 037 0204 0111 -999 00566 -999 -999 -999
NHC  05L ERNESTO   120807 0000 165N 0821W 295 051 0995 1011 0324 28 037 0204 0111 -999 00566 -999 -999 -999
NHC  05L ERNESTO   120807 0600 173N 0833W 295 057 0993 1010 0297 28 028 0204 0093 -999 00746 -999 -999 -999
NHC  05L ERNESTO   120807 1200 178N 0844W 295 062 0989 1010 0297 28 028 0204 0093 -999 00744 -999 -999 -999
NHC  05L ERNESTO   120807 1800 185N 0855W 300 067 0983 1010 0297 36 028 0222 0111 0056 00931 0056 -999 0037
NHC  05L ERNESTO   120808 0000 187N 0871W 270 077 0980 1010 0297 39 019 0278 0278 0074 01301 0074 0037 0056
NHC  05L ERNESTO   120808 0600 188N 0883W 275 067 0983 1010 0334 36 019 0259 0259 0074 01301 0074 0037 0056
NHC  05L ERNESTO   120808 1200 188N 0898W 260 067 0990 1010 0334 26 019 0259 0259 0074 01301 0074 0037 0056
NHC  05L ERNESTO   120808 1800 188N 0909W 270 057 0998 1010 0334 21 037 0222 0222 0093 01489 -999 -999 -999
NHC  05L ERNESTO   120809 0000 188N 0915W 270 051 0994 1010 0334 28 037 0222 0093 0093 01486 -999 -999 -999
NHC  05L ERNESTO   120809 0600 188N 0931W 270 072 0993 1010 0371 31 046 0222 0111 0093 01854 -999 -999 0056
NHC  05L ERNESTO   120809 1200 183N 0938W 255 046 0989 1010 0371 28 046 0222 0111 0046 01856 -999 -999 0056
NHC  05L ERNESTO   120809 1800 182N 0947W 260 051 0993 1010 0371 23 046 0222 0056 -999 01859 -999 -999 -999
NHC  05L ERNESTO   120810 0000 181N 0960W 265 057 0996 1008 0278 21 046 0185 -999 -999 00569 -999 -999 -999
NHC  05L ERNESTO   120810 0600 180N 0972W 265 062 1002 1007 0278 15 065 -999 -999 -999 -999 -999 -999
NHC  05L ERNESTO   120810 1200 180N 0985W 265 062 1005 1007 0278 10 065 -999 -999 -999 -999 -999 -999
