JTWC 05P FIVE      121228 1200 107S 1605E 245 042 0996 1003 0361 18 065 -999 -999 -999 -999
JTWC 05P FIVE      121228 1800 118S 1601E 225 042 0989 1005 0352 23 065 -999 -999 -999 -999
JTWC 05P FREDA     121229 0000 126S 1599E 210 047 0982 1005 0352 28 065 -999 -999 -999 -999
JTWC 05P FREDA     121229 0600 126S 1600E 195 026 0978 1001 0352 31 065 0102 0102 0083 0083
JTWC 05P FREDA     121229 1200 129S 1604E 165 021 0967 1004 0370 39 019 0139 0139 0130 0130
JTWC 05P FREDA     121229 1800 137S 1606E 155 026 0956 1004 0370 46 028 0157 0157 0139 0139
JTWC 05P FREDA     121230 0000 141S 1607E 155 026 0948 1001 0370 51 028 0157 0157 0139 0139
JTWC 05P FREDA     121230 0600 146S 1610E 155 032 0948 1000 0352 51 028 -999 -999 -999 -999
JTWC 05P FREDA     121230 1200 153S 1611E 160 032 0944 1003 0370 54 018 -999 -999 -999 -999
JTWC 05P FREDA     121230 1800 159S 1611E 170 032 0941 1003 0370 56 018 -999 -999 -999 -999
JTWC 05P FREDA     121231 0000 164S 1611E 175 032 0944 1002 0352 54 028 -999 -999 -999 -999
JTWC 05P FREDA     121231 0600 168S 1613E 175 026 0952 1002 0352 49 037 0176 0176 0157 0157
JTWC 05P FREDA     121231 1200 176S 1617E 160 032 0956 1004 0352 46 037 -999 -999 -999 -999
JTWC 05P FREDA     121231 1800 185S 1621E 155 042 0963 1004 0352 41 037 -999 -999 -999 -999
