NHC  06E SIX       120712 0600 135N 1061W 290 051 1003 1007 0334 15 056 -999 -999 -999 -999 -999 -999
NHC  06E FABIO     120712 1200 136N 1069W 280 046 1002 1007 0334 18 056 -999 0056 0056 -999 -999 -999
NHC  06E FABIO     120712 1800 140N 1079W 285 051 1000 1009 0371 23 093 0093 -999 -999 -999 -999 -999
NHC  06E FABIO     120713 0000 137N 1086W 275 046 0998 1009 0371 26 037 0130 0093 0056 00747 -999 -999 0037
NHC  06E FABIO     120713 0600 140N 1092W 285 041 0995 1010 0352 28 065 0148 0185 0185 00744 0111 0093 -999
NHC  06E FABIO     120713 1200 148N 1102W 305 051 0995 1008 0371 28 074 0148 0185 0185 00744 0111 0093 -999
NHC  06E FABIO     120713 1800 154N 1110W 305 046 0986 1010 0371 36 037 0148 0167 0148 01114 0074 0074 0074
NHC  06E FABIO     120714 0000 156N 1119W 300 046 0982 1010 0371 39 037 0167 0185 0148 01114 0093 0074 0074
NHC  06E FABIO     120714 0600 159N 1129W 290 046 0982 1011 0371 41 037 0167 0185 0148 01114 0093 0074 0074
NHC  06E FABIO     120714 1200 161N 1138W 285 046 0978 1009 0371 41 037 0185 0185 0130 01673 0074 0074 0074
NHC  06E FABIO     120714 1800 162N 1147W 280 046 0978 1011 0371 41 037 0185 0167 0130 01853 0074 0074 0093
NHC  06E FABIO     120715 0000 163N 1154W 280 041 0972 1010 0371 46 046 0204 0185 0148 02041 0093 0074 0093
NHC  06E FABIO     120715 0600 165N 1163W 285 041 0972 1010 0371 46 046 0204 0185 0148 02041 0093 0074 0093
NHC  06E FABIO     120715 1200 167N 1170W 285 041 0972 1010 0389 46 046 0204 0185 0148 02041 0093 0074 0093
NHC  06E FABIO     120715 1800 172N 1178W 300 041 0974 1010 0371 44 046 0204 0185 0148 02041 0093 0074 0093
NHC  06E FABIO     120716 0000 176N 1187W 300 051 0979 1010 0334 41 046 0185 0167 0130 01851 0093 0074 0093
NHC  06E FABIO     120716 0600 180N 1192W 300 041 0984 1010 0334 36 046 0167 0148 0130 01303 0093 0074 0093
NHC  06E FABIO     120716 1200 186N 1197W 320 036 0988 1010 0334 33 046 0167 0148 0130 01303 0093 0074 0093
NHC  06E FABIO     120716 1800 193N 1201W 330 041 0992 1010 0334 31 046 0167 0148 0130 01303 0093 0056 0074
NHC  06E FABIO     120717 0000 199N 1203W 330 036 0994 1010 0334 28 028 0111 0093 0074 00746 0046 0028 0028
NHC  06E FABIO     120717 0600 209N 1203W 350 046 0996 1010 0334 23 028 0111 0093 0074 00749 -999 -999 -999
NHC  06E FABIO     120717 1200 219N 1205W 350 046 1000 1010 0334 21 028 0111 0093 0056 00749 -999 -999 -999
NHC  06E FABIO     120717 1800 226N 1206W 360 041 1004 1012 0278 18 037 0111 0093 0037 00749 -999 -999 -999
NHC  06E FABIO     120718 0000 235N 1205W 360 046 1006 1012 0278 15 046 -999 -999 -999 -999 -999 -999
NHC  06E FABIO     120718 0600 245N 1206W 360 051 1007 1012 0278 15 056 -999 -999 -999 -999 -999 -999
NHC  06E FABIO     120718 1200 253N 1208W 355 046 1007 1012 0278 13 056 -999 -999 -999 -999 -999 -999
