NHC  07E SEVEN     120807 0600 141N 1113W 295 062 1007 1011 0297 15 056 -999 -999 -999 -999 -999 -999
NHC  07E SEVEN     120807 1200 146N 1122W 295 051 1006 1011 0278 15 046 -999 -999 -999 -999 -999 -999
NHC  07E GILMA     120807 1800 149N 1134W 295 051 1001 1010 0278 21 046 0056 -999 -999 00569 -999 -999 -999
NHC  07E GILMA     120808 0000 152N 1146W 285 057 0998 1009 0278 26 046 0111 0056 -999 00936 -999 -999 -999
NHC  07E GILMA     120808 0600 155N 1156W 285 057 0990 1009 0278 31 046 0130 0074 0056 01116 -999 -999 -999
NHC  07E GILMA     120808 1200 158N 1166W 285 057 0989 1009 0278 31 037 0130 0074 0056 01116 0037 -999 0037
NHC  07E GILMA     120808 1800 159N 1174W 285 046 0989 1009 0278 31 028 0130 0074 0056 01116 0037 -999 0037
NHC  07E GILMA     120809 0000 160N 1181W 280 041 0987 1009 0278 33 028 0130 0111 0056 01114 0056 -999 0056
NHC  07E GILMA     120809 0600 161N 1184W 280 031 0984 1009 0278 36 037 0111 0093 0074 00934 0056 0037 0056
NHC  07E GILMA     120809 1200 167N 1187W 305 031 0989 1009 0334 33 037 0111 0093 0074 00934 0056 0037 0056
NHC  07E GILMA     120809 1800 170N 1190W 310 026 0992 1010 0297 31 046 0130 0130 0093 01114 0074 0056 0056
NHC  07E GILMA     120810 0000 174N 1189W 340 021 0992 1010 0297 31 046 0148 0130 0093 01114 0074 0056 0056
NHC  07E GILMA     120810 0600 180N 1189W 360 026 0993 1010 0297 31 037 0148 0130 0093 01114 0074 0056 0056
NHC  07E GILMA     120810 1200 185N 1192W 350 026 0994 1010 0297 28 037 0148 0130 0093 01114 0074 0056 0056
NHC  07E GILMA     120810 1800 190N 1195W 340 031 0998 1010 0297 26 037 0148 0130 0093 01114 0074 0056 0056
NHC  07E GILMA     120811 0000 193N 1195W 335 021 1000 1010 0297 26 037 0148 0130 0093 01117 -999 -999 -999
NHC  07E GILMA     120811 0600 198N 1198W 335 026 1002 1010 0278 21 056 0148 0130 0093 01119 -999 -999 -999
NHC  07E GILMA     120811 1200 200N 1200W 335 021 1004 1010 0278 15 056 -999 -999 -999 -999 -999 -999
NHC  07E GILMA     120811 1800 204N 1203W 325 021 1004 1010 0278 15 056 -999 -999 -999 -999 -999 -999
