JTWC 07S SEVEN     120119 0000 142S 0677E 240 057 0996 1006 0333 18 074 -999 -999 -999 -999
JTWC 07S SEVEN     120119 0600 149S 0672E 230 051 0989 1005 0370 23 074 0083 0093 0074 0074
JTWC 07S ETHEL     120119 1200 157S 0665E 225 051 0989 1005 0370 23 074 0083 0093 0074 0074
JTWC 07S ETHEL     120119 1800 171S 0659E 210 057 0982 1005 0370 28 028 0102 0111 0102 0102
JTWC 07S ETHEL     120120 0000 179S 0652E 210 062 0970 1005 0370 36 028 0176 0167 0157 0176
JTWC 07S ETHEL     120120 0600 183S 0647E 215 051 0970 1004 0407 36 028 0167 0213 0213 0167
JTWC 07S ETHEL     120120 1200 193S 0647E 205 041 0974 1004 0407 33 046 0185 0213 0213 0185
JTWC 07S ETHEL     120120 1800 199S 0643E 205 036 0967 1004 0407 39 046 0185 0213 0213 0185
JTWC 07S ETHEL     120121 0000 208S 0638E 205 041 0967 1004 0319 39 046 0213 0213 0185 0185
JTWC 07S ETHEL     120121 0600 216S 0640E 190 041 0974 1003 0370 33 046 0213 0213 0185 0185
JTWC 07S ETHEL     120121 1200 223S 0639E 180 041 0974 1003 0352 33 046 0167 0194 0194 0167
JTWC 07S ETHEL     120121 1800 235S 0640E 175 046 0978 1003 0352 31 046 0167 0194 0194 0167
JTWC 07S ETHEL     120122 0000 250S 0643E 170 057 0985 1003 0352 26 056 0148 0194 0194 0167
JTWC 07S ETHEL     120122 0600 262S 0646E 170 067 0989 1003 0370 23 065 0204 0194 0194 0167
JTWC 07S INVEST    121231 1800 119S 0564E 240 047 0996 1002 0370 18 065 -999 -999 -999 -999
