JTWC 07W DOKSURI   120626 1200 146N 1303E 290 057 1000 1007 0333 15 083 -999 -999 -999 -999
JTWC 07W DOKSURI   120626 1800 154N 1284E 290 072 0996 1006 0407 18 074 -999 -999 -999 -999
JTWC 07W DOKSURI   120627 0000 153N 1271E 285 072 0996 1006 0407 18 065 -999 -999 -999 -999
JTWC 07W DOKSURI   120627 0600 162N 1278E 305 042 0996 1005 0407 18 074 -999 -999 -999 -999
JTWC 07W DOKSURI   120627 1200 174N 1270E 325 047 0998 1005 0407 18 083 -999 -999 -999 -999
JTWC 07W DOKSURI   120627 1800 177N 1253E 315 057 0996 1005 0407 18 083 -999 -999 -999 -999
JTWC 07W DOKSURI   120628 0000 192N 1247E 330 062 1000 1003 0315 15 083 -999 -999 -999 -999
JTWC 07W DOKSURI   120628 0600 195N 1231E 315 062 1000 1003 0315 15 083 -999 -999 -999 -999
JTWC 07W DOKSURI   120628 1200 202N 1214E 305 072 0996 1003 0333 18 083 -999 -999 -999 -999
JTWC 07W DOKSURI   120628 1800 192N 1190E 280 083 0985 1001 0296 26 074 -999 -999 -999 -999
JTWC 07W DOKSURI   120629 0000 197N 1169E 280 098 0989 1001 0278 23 074 0139 0102 0111 0139
JTWC 07W DOKSURI   120629 0600 200N 1160E 280 083 0993 1001 0278 20 074 -999 -999 -999 -999
JTWC 07W DOKSURI   120629 1200 207N 1148E 285 072 0993 1001 0278 21 074 0130 0093 0102 0130
JTWC 07W DOKSURI   120629 1800 221N 1132E 295 077 0993 1001 0195 20 074 -999 -999 -999 -999
JTWC 07W DOKSURI   120630 0000 227N 1119E 295 072 0996 1002 0278 18 083 -999 -999 -999 -999
