NHC  08E EIGHT     120811 1200 174N 1056W 275 057 1002 1005 0222 15 083 -999 -999 -999 -999 -999 -999
NHC  08E EIGHT     120811 1800 174N 1066W 270 051 1001 1006 0259 15 111 -999 -999 -999 -999 -999 -999
NHC  08E HECTOR    120812 0000 183N 1076W 290 057 0999 1006 0259 18 111 0222 0167 0111 01119 -999 -999 -999
NHC  08E HECTOR    120812 0600 186N 1090W 291 062 0997 1006 0278 21 111 0241 0167 0111 01119 -999 -999 -999
NHC  08E HECTOR    120812 1200 185N 1099W 275 051 0995 1006 0371 23 111 0241 0167 0111 01119 -999 -999 -999
NHC  08E HECTOR    120812 1800 181N 1100W 260 031 0996 1006 0371 21 111 0185 0167 0148 01119 -999 -999 -999
NHC  08E HECTOR    120813 0000 181N 1105W 255 031 0993 1006 0371 21 111 0241 0167 0148 01119 -999 -999 -999
NHC  08E HECTOR    120813 0600 181N 1111W 270 026 0994 1006 0371 18 111 0241 0167 0148 01119 -999 -999 -999
NHC  08E HECTOR    120813 1200 181N 1119W 270 031 0994 1006 0371 18 111 0148 -999 0148 01489 -999 -999 -999
NHC  08E HECTOR    120813 1800 181N 1125W 270 031 0993 1006 0371 21 111 -999 -999 0148 01489 -999 -999 -999
NHC  08E HECTOR    120814 0000 179N 1129W 265 026 0993 1006 0371 21 111 -999 -999 0148 -999 -999 -999
NHC  08E HECTOR    120814 0600 178N 1136W 260 026 0997 1008 0371 21 093 0093 0093 0130 00939 -999 -999 -999
NHC  08E HECTOR    120814 1200 180N 1142W 275 026 0997 1008 0463 21 093 0093 0093 0130 00939 -999 -999 -999
NHC  08E HECTOR    120814 1800 176N 1147W 260 026 0999 1008 0463 18 093 -999 0093 0130 00939 -999 -999 -999
NHC  08E HECTOR    120815 0000 171N 1150W 240 021 0999 1006 0445 18 093 -999 0093 0130 00939 -999 -999 -999
NHC  08E HECTOR    120815 0600 171N 1152W 255 010 1002 1007 0519 18 093 -999 0111 0130 -999 -999 -999
NHC  08E HECTOR    120815 1200 174N 1152W 360 015 1002 1007 0519 18 093 -999 0111 0130 -999 -999 -999
NHC  08E HECTOR    120815 1800 182N 1149W 015 031 1003 1007 0463 18 093 -999 0093 0111 -999 -999 -999
NHC  08E HECTOR    120816 0000 186N 1153W 355 026 1004 1007 0463 13 093 -999 -999 -999 -999 -999 -999
NHC  08E HECTOR    120816 0600 190N 1157W 345 031 1004 1007 0445 13 093 -999 -999 -999 -999 -999 -999
NHC  08E HECTOR    120816 1200 193N 1159W 330 026 1004 1007 0445 15 093 -999 -999 -999 -999 -999 -999
NHC  08E HECTOR    120816 1800 197N 1160W 330 021 1004 1007 0445 13 093 -999 -999 -999 -999 -999 -999
NHC  08E HECTOR    120817 0000 200N 1159W 340 021 1005 1008 0463 13 093 -999 -999 -999 -999 -999 -999
NHC  08E HECTOR    120817 0600 205N 1163W 335 021 1006 1008 0334 10 093 -999 -999 -999 -999 -999 -999
