JTWC 09S NINE      120125 1200 160S 1078E 270 026 0996 1001 0370 18 065 -999 -999 -999 -999
JTWC 09S IGGY      120125 1800 158S 1082E 275 015 0996 1001 0370 18 065 -999 -999 -999 -999
JTWC 09S IGGY      120126 0000 163S 1084E 215 010 0989 1000 0426 23 046 0204 0204 0204 0204
JTWC 09S IGGY      120126 0600 165S 1086E 170 010 0989  999 0417 23 046 0204 0204 0204 0204
JTWC 09S IGGY      120126 1200 168S 1090E 135 021 0989  996 0444 23 046 0204 0204 0204 0204
JTWC 09S IGGY      120126 1800 171S 1096E 125 026 0989  996 0407 23 083 0204 0204 0204 0204
JTWC 09S IGGY      120127 0000 181S 1100E 140 031 0985  996 0407 26 083 0222 0222 0222 0222
JTWC 09S IGGY      120127 0600 185S 1105E 135 036 0985  996 0370 26 083 0204 0167 0167 0204
JTWC 09S IGGY      120127 1200 191S 1107E 145 031 0982  996 0370 28 028 0213 0167 0167 0204
JTWC 09S IGGY      120127 1800 193S 1113E 135 031 0982  996 0370 28 028 0213 0204 0167 0167
JTWC 09S IGGY      120128 0000 200S 1119E 135 036 0982  995 0389 28 065 0213 0204 0167 0167
JTWC 09S IGGY      120128 1200 204S 1105E 190 021 0978  995 0389 31 065 0213 0204 0185 0185
JTWC 09S IGGY      120128 1800 205S 1109E 165 015 0978  995 0389 31 056 0407 0352 0259 0278
JTWC 09S IGGY      120129 0000 202S 1112E 145 010 0974  995 0370 33 056 0250 0213 0185 0222
JTWC 09S IGGY      120129 0600 204S 1111E 170 010 0974  995 0370 33 056 0250 0213 0185 0222
JTWC 09S IGGY      120129 1200 202S 1107E 240 005 0974  995 0370 33 046 0250 0213 0185 0222
JTWC 09S IGGY      120129 1800 199S 1109E 285 005 0989  997 0306 23 037 0185 0111 0120 0204
JTWC 09S IGGY      120130 0000 198S 1106E 270 010 0982  997 0352 28 074 0204 0130 0148 0222
JTWC 09S IGGY      120130 0600 203S 1102E 240 015 0982  997 0333 28 065 0204 0157 0167 0222
JTWC 09S IGGY      120130 1200 208S 1105E 195 015 0989  997 0333 23 065 0204 0157 0167 0222
JTWC 09S IGGY      120130 1800 213S 1098E 210 026 0982 1001 0389 28 028 0204 0204 0204 0204
JTWC 09S IGGY      120131 0000 220S 1094E 215 036 0989 1001 0398 23 074 0204 0204 0204 0204
JTWC 09S IGGY      120131 0600 228S 1086E 220 046 0985 1001 0389 26 074 0204 0204 0204 0204
JTWC 09S IGGY      120131 1200 240S 1084E 205 051 0985 1001 0389 26 074 0204 0204 0204 0204
JTWC 09S IGGY      120131 1800 250S 1078E 205 057 0974 1001 0370 33 056 0204 0222 0167 0130
JTWC 09S IGGY      120201 0000 261S 1078E 195 057 0974 1002 0389 33 056 0194 0222 0222 0194
JTWC 09S IGGY      120201 0600 275S 1078E 185 062 0978 1002 0389 31 056 0204 0204 0185 0185
JTWC 09S IGGY      120201 1200 286S 1089E 165 062 0978 1003 0370 31 065 0204 0204 0185 0185
JTWC 09S IGGY      120201 1800 292S 1105E 145 067 0978 1003 0370 31 065 0204 0204 0185 0185
JTWC 09S IGGY      120202 0000 297S 1107E 135 057 0982 1003 0352 28 074 0204 0204 0185 0185
JTWC 09S IGGY      120202 0600 298S 1119E 120 057 0993 1003 0352 21 074 0204 0204 0185 0185
JTWC 09S IGGY      120202 1200 299S 1135E 105 062 1000 1003 0352 15 083 -999 -999 -999 -999
