JTWC 10W SAOALA    120728 0600 150N 1256E 310 052 0996 1005 0370 18 074 -999 -999 -999 -999
JTWC 10W SAOLA     120728 1200 160N 1259E 325 047 0993 1005 0380 20 046 -999 -999 -999 -999
JTWC 10W SAOLA     120728 1800 170N 1261E 340 047 0996 1004 0380 18 056 -999 -999 -999 -999
JTWC 10W SAOLA     120729 0000 178N 1258E 340 047 0993 1001 0389 20 056 -999 -999 -999 -999
JTWC 10W SAOLA     120729 0600 184N 1258E 350 042 0989 1001 0389 23 056 -999 -999 -999 -999
JTWC 10W SAOLA     120729 1200 188N 1252E 335 037 0985 1001 0180 26 065 -999 -999 -999 -999
JTWC 10W SAOLA     120729 1800 193N 1248E 325 032 0982 1001 0389 28 056 -999 -999 -999 -999
JTWC 10W SAOLA     120730 0000 200N 1248E 335 032 0982 1001 0389 28 056 -999 -999 -999 -999
JTWC 10W SAOLA     120730 0600 200N 1250E 350 021 0974 1001 0417 33 056 0130 0111 0111 0130
JTWC 10W SAOLA     120730 1200 206N 1246E 345 026 0974 1001 0417 33 056 0130 0111 0111 0130
JTWC 10W SAOLA     120730 1800 209N 1242E 325 021 0982 1001 0407 28 056 0130 0111 0111 0130
JTWC 10W SAOLA     120731 0000 209N 1241E 320 016 0982 1001 0407 28 056 -999 -999 -999 -999
JTWC 10W SAOLA     120731 0600 211N 1244E 345 011 0974 0991 0278 33 056 -999 -999 -999 -999
JTWC 10W SAOLA     120731 1200 218N 1240E 345 026 0974 0991 0278 33 056 -999 -999 -999 -999
JTWC 10W SAOLA     120731 1800 224N 1237E 345 032 0967 0991 0370 38 056 -999 -999 -999 -999
JTWC 10W SAOLA     120801 0000 229N 1235E 335 036 0967  991 0370 39 046 0259 0250 0241 0259
JTWC 10W SAOLA     120801 0600 236N 1234E 345 032 0956 0991 0352 46 037 -999 -999 -999 -999
JTWC 10W SAOLA     120801 1200 240N 1230E 340 032 0956 0988 0278 46 028 -999 -999 -999 -999
JTWC 10W SAOLA     120801 1800 247N 1221E 325 042 0959 0998 0333 43 028 -999 -999 -999 -999
JTWC 10W SAOLA     120802 0000 241N 1219E 295 026 0967 0998 0352 38 028 -999 -999 -999 -999
JTWC 10W SAOLA     120802 0600 252N 1216E 315 032 0989 0998 0315 23 028 -999 -999 -999 -999
JTWC 10W SAOLA     120802 1200 257N 1213E 335 026 0989 0998 0315 23 028 -999 -999 -999 -999
JTWC 10W SAOLA     120802 1800 262N 1206E 330 042 0989 1000 0124 23 046 -999 -999 -999 -999
JTWC 10W SAOLA     120803 0000 270N 1193E 310 047 0996 1002 0315 18 046 -999 -999 -999 -999
JTWC 10W SAOLA     120803 0600 271N 1188E 305 047 1004 1008 0222 13 028 -999 -999 -999 -999
