NHC  11L ELEVEN    120828 1800 237N 0434W 335 046 1008 1014 0297 15 185 -999 -999 -999 -999 -999 -999
NHC  11L KIRK      120829 0000 238N 0445W 280 051 1007 1014 0297 21 111 0111 -999 -999 -999 -999 -999
NHC  11L KIRK      120829 0600 242N 0449W 290 036 1007 1014 0297 21 111 0111 -999 -999 -999 -999 -999
NHC  11L KIRK      120829 1200 245N 0465W 290 062 1007 1014 0334 21 111 0111 -999 -999 -999 -999 -999
NHC  11L KIRK      120829 1800 251N 0471W 295 046 1005 1014 0297 23 111 0130 -999 -999 -999 -999 -999
NHC  11L KIRK      120830 0000 256N 0479W 300 041 1002 1014 0278 26 056 0130 0074 -999 00936 -999 -999 0056
NHC  11L KIRK      120830 0600 261N 0486W 305 041 1001 1015 0278 26 037 0093 0056 0037 00747 -999 -999 0037
NHC  11L KIRK      120830 1200 268N 0492W 310 046 0998 1017 0278 31 028 0093 0056 0037 00747 -999 -999 0037
NHC  11L KIRK      120830 1800 277N 0500W 320 057 0984 1017 0241 39 019 0111 0074 0056 00936 0046 0046 0056
NHC  11L KIRK      120831 0000 285N 0505W 325 051 0982 1017 0241 41 019 0111 0074 0056 00936 0046 0046 0056
NHC  11L KIRK      120831 0600 296N 0507W 335 051 0970 1017 0241 46 019 0111 0074 0056 00936 0037 0037 0056
NHC  11L KIRK      120831 1200 306N 0509W 350 051 0972 1016 0278 46 019 0111 0074 0056 00936 0037 0037 0056
NHC  11L KIRK      120831 1800 316N 0505W 005 051 0981 1016 0222 41 019 0111 0093 0074 00936 0056 0037 0056
NHC  11L KIRK      120901 0000 331N 0500W 015 072 0988 1016 0222 36 019 0111 0093 0074 00936 0056 0037 0056
NHC  11L KIRK      120901 0600 345N 0489W 025 072 0989 1016 0222 33 019 0111 0093 0074 00936 0056 0037 0056
NHC  11L KIRK      120901 1200 365N 0473W 035 118 0989 1016 0222 31 037 0130 0111 0074 00746 0056 0037 0037
NHC  11L KIRK      120901 1800 385N 0453W 035 124 0997 1015 0222 28 037 0130 0148 0056 -999 -999 -999
NHC  11L KIRK      120902 0000 402N 0431W 040 129 0999 1015 0222 26 037 0130 0167 0093 -999 -999 -999
NHC  11L KIRK      120902 0600 425N 0405W 045 139 1002 1015 0222 23 037 0130 0167 0093 -999 -999 -999
NHC  11L KIRK      120902 1200 450N 0381W 035 154 1003 1015 0222 21 056 0130 0222 0167 -999 -999 -999
NHC  11L KIRK      120902 1800 481N 0346W 035 201 1002 1015 0222 23 056 0111 0222 -999 -999 -999 -999
