JTWC 12S TWELVE    120209 1800 141S 0647E 265 041 0989 1006 0278 23 074 0074 0074 0074 0074
JTWC 12S GIOVANNA  120210 0000 147S 0638E 250 036 0985 1006 0278 26 065 0111 0111 0111 0111
JTWC 12S GIOVANNA  120210 0600 154S 0624E 245 057 0985 1004 0194 26 065 0111 0130 0130 0111
JTWC 12S GIOVANNA  120210 1200 156S 0616E 245 051 0974 1002 0333 33 065 0120 0139 0139 0120
JTWC 12S GIOVANNA  120210 1800 160S 0610E 245 046 0941 1002 0333 57 056 0167 0176 0194 0167
JTWC 12S GIOVANNA  120211 0000 167S 0601E 240 046 0933 1002 0370 62 056 0176 0185 0204 0176
JTWC 12S GIOVANNA  120211 0600 169S 0594E 240 041 0933 1002 0333 62 028 0176 0204 0204 0176
JTWC 12S GIOVANNA  120211 1200 172S 0590E 240 041 0944 1004 0370 54 065 0176 0204 0204 0176
JTWC 12S GIOVANNA  120211 1800 174S 0584E 245 031 0948 1004 0361 51 065 0176 0204 0204 0176
JTWC 12S GIOVANNA  120212 0000 175S 0579E 250 026 0948 1004 0361 51 065 0176 0204 0204 0176
JTWC 12S GIOVANNA  120212 0600 176S 0576E 255 026 0948 1004 0361 51 065 0269 0296 0278 0232
JTWC 12S GIOVANNA  120212 1200 177S 0566E 260 031 0948 1000 0343 51 065 0315 0370 0352 0315
JTWC 12S GIOVANNA  120213 0000 182S 0541E 260 057 0929 1000 0361 64 065 0361 0380 0407 0389
JTWC 12S GIOVANNA  120213 0600 183S 0527E 260 067 0929 1000 0315 64 065 0361 0380 0407 0389
JTWC 12S GIOVANNA  120213 1200 187S 0515E 260 067 0929 1000 0315 64 056 0361 0380 0407 0389
JTWC 12S GIOVANNA  120213 1800 191S 0503E 255 062 0937 1000 0315 59 056 0361 0407 0380 0333
JTWC 12S GIOVANNA  120214 0000 191S 0487E 255 067 0952 1000 0315 49 056 0259 0269 0259 0250
JTWC 12S GIOVANNA  120214 0600 192S 0468E 265 077 0989 1000 0269 23 046 0111 0111 0111 0111
JTWC 12S GIOVANNA  120214 1200 193S 0453E 265 082 0996 1003 0278 18 056 -999 -999 -999 -999
JTWC 12S GIOVANNA  120214 1800 195S 0439E 265 077 0996 1003 0194 18 056 0130 0111 0111 0130
JTWC 12S GIOVANNA  120215 0000 205S 0429E 250 067 0993 1003 0194 21 056 0130 0111 0111 0130
JTWC 12S GIOVANNA  120215 0600 224S 0423E 220 072 0993 1004 0259 21 065 0130 0111 0111 0130
JTWC 12S GIOVANNA  120215 1200 234S 0415E 215 072 0989 1004 0306 23 056 0167 0111 0148 0167
JTWC 12S GIOVANNA  120215 1800 241S 0410E 215 057 0985 1004 0306 26 056 0130 0157 0167 0130
JTWC 12S GIOVANNA  120216 0000 244S 0408E 215 041 0985 1004 0306 26 037 0130 0157 0167 0130
JTWC 12S GIOVANNA  120216 0600 244S 0412E 195 015 0982 1004 0306 28 056 0130 0157 0167 0130
JTWC 12S GIOVANNA  120216 1200 249S 0416E 145 015 0982 1003 0296 28 056 0130 0157 0167 0130
JTWC 12S GIOVANNA  120216 1800 254S 0421E 135 026 0982 1003 0235 28 056 0130 0157 0148 0130
JTWC 12S GIOVANNA  120217 0000 255S 0426E 125 031 0985 1003 0296 26 056 0130 0148 0148 0130
JTWC 12S GIOVANNA  120217 0600 257S 0429E 125 026 0982 1003 0296 28 056 0093 0139 0148 0111
JTWC 12S GIOVANNA  120217 1200 258S 0431E 120 015 0982 1003 0306 28 056 0093 0139 0148 0111
JTWC 12S GIOVANNA  120217 1800 262S 0429E 145 015 0989 1003 0306 23 056 0120 0139 0148 0130
JTWC 12S GIOVANNA  120218 0000 264S 0431E 145 015 0989 1003 0306 23 056 0120 0157 0157 0111
JTWC 12S GIOVANNA  120218 0600 264S 0436E 120 015 0978 1003 0278 31 037 0120 0157 0157 0111
JTWC 12S GIOVANNA  120218 1200 265S 0446E 100 026 0978 1003 0296 31 046 0139 0157 0157 0120
JTWC 12S GIOVANNA  120218 1800 265S 0458E  95 041 0974 1003 0296 33 046 0185 0204 0157 0176
JTWC 12S GIOVANNA  120219 0000 261S 0471E  85 057 0974 1003 0296 33 046 0185 0204 0157 0176
JTWC 12S GIOVANNA  120219 0600 259S 0489E  80 067 0963 1005 0370 41 046 0148 0148 0148 0148
JTWC 12S GIOVANNA  120219 1200 260S 0505E  85 072 0959 1005 0296 44 046 0204 0204 0148 0185
JTWC 12S GIOVANNA  120219 1800 261S 0520E  90 077 0967 1005 0296 39 046 0232 0250 0232 0213
JTWC 12S GIOVANNA  120220 0000 262S 0532E  95 067 0974 1005 0296 33 046 0232 0250 0232 0213
JTWC 12S GIOVANNA  120220 0600 258S 0535E  85 046 0978 1007 0241 31 074 0250 0250 0120 0120
JTWC 12S GIOVANNA  120220 1200 250S 0531E  40 026 0989 1007 0259 23 074 0167 0167 0093 0093
JTWC 12S GIOVANNA  120220 1800 241S 0528E 350 036 0996 1007 0259 18 074 0093 0111 0111 0093
JTWC 12S GIOVANNA  120221 0000 234S 0526E 340 041 0996 1006 0259 18 074 -999 -999 -999 -999
