JTWC 12W INVEST    120802 1800 237N 1417E 280 042 0992 1000 0296 15 083 -999 -999 -999 -999
JTWC 12W TWELVE    120803 0000 239N 1411E 280 037 0992 0998 0444 15 083 -999 -999 -999 -999
JTWC 12W HAIKUI    120803 0600 244N 1398E 290 047 0994 0998 0444 15 083 -999 -999 -999 -999
JTWC 12W HAIKUI    120803 1200 248N 1384E 290 057 0994 0998 0444 15 083 -999 -999 -999 -999
JTWC 12W HAIKUI    120803 1800 253N 1371E 290 067 0995 0998 0444 15 083 -999 -999 -999 -999
JTWC 12W HAIKUI    120804 0000 249N 1342E 275 088 0993 0994 0444 18 074 -999 -999 -999 -999
JTWC 12W HAIKUI    120804 0600 256N 1331E 280 083 0996 0997 0426 18 074 -999 -999 -999 -999
JTWC 12W HAIKUI    120804 1200 262N 1312E 285 083 0989 0997 0333 23 074 -999 -999 -999 -999
JTWC 12W HAIKUI    120804 1800 265N 1302E 295 072 0987 1000 0454 23 065 0139 0093 0093 0139
JTWC 12W HAIKUI    120805 0000 268N 1292E 295 062 0987 1000 0444 23 065 0139 0111 0111 0139
JTWC 12W HAIKUI    120805 0600 272N 1283E 290 047 0982 1000 0444 28 046 -999 -999 -999 -999
JTWC 12W HAIKUI    120805 1200 275N 1271E 290 052 0982 1000 0444 28 046 -999 -999 -999 -999
JTWC 12W HAIKUI    120805 1800 270N 1265E 275 042 0982 0997 0407 28 037 -999 -999 -999 -999
JTWC 12W HAIKUI    120806 0000 272N 1260E 270 037 0982 0997 0407 28 037 -999 -999 -999 -999
JTWC 12W HAIKUI    120806 0600 274N 1253E 270 026 0978 0997 0389 31 046 -999 -999 -999 -999
JTWC 12W HAIKUI    120806 1200 273N 1248E 275 026 0974 0996 0352 33 046 -999 -999 -999 -999
JTWC 12W HAIKUI    120806 1800 272N 1245E 265 021 0974 0996 0352 33 056 -999 -999 -999 -999
JTWC 12W HAIKUI    120807 0000 274N 1239E 270 021 0974 0996 0352 33 056 -999 -999 -999 -999
JTWC 12W HAIKUI    120807 0600 276N 1235E 285 021 0974 0997 0333 33 065 -999 -999 -999 -999
JTWC 12W HAIKUI    120807 1200 281N 1228E 300 032 0978 0997 0333 31 056 -999 -999 -999 -999
JTWC 12W HAIKUI    120807 1800 289N 1219E 310 042 0978 0997 0333 31 056 -999 -999 -999 -999
JTWC 12W HAIKUI    120808 0000 297N 1213E 320 052 0978 0999 0333 31 056 -999 -999 -999 -999
JTWC 12W HAIKUI    120808 0600 303N 1201E 315 057 0985  996 0315 26 083 0167 0148 0148 0167
JTWC 12W HAIKUI    120808 1200 306N 1193E 305 052 0993 0996 0315 20 083 -999 -999 -999 -999
JTWC 12W HAIKUI    120808 1800 307N 1181E 295 047 0996 0998 0315 18 083 -999 -999 -999 -999
JTWC 12W HAIKUI    120809 0600 308N 1174E 275 026 0992 0998 0333 18 083 -999 -999 -999 -999
JTWC 12W HAIKUI    120809 1200 308N 1169E 275 016 0994 0998 0333 13 092 -999 -999 -999 -999
JTWC 12W HAIKUI    120809 1800 305N 1169E 220 005 1004 1005 0333 13 093 -999 -999 -999 -999
JTWC 12W HAIKUI    120810 0000 303N 1170E 180 011 1004 1005 0333 13 092 -999 -999 -999 -999
