NHC  13E THIRTEEN  120922 0000 136N 1071W 275 051 1005 1008 0371 15 111 -999 -999 -999 -999 -999 -999
NHC  13E THIRTEEN  120922 0600 136N 1072W 275 036 1005 1008 0371 15 111 -999 -999 -999 -999 -999 -999
NHC  13E THIRTEEN  120922 1200 138N 1075W 285 021 1003 1008 0408 18 056 0056 -999 -999 -999 -999 -999
NHC  13E MIRIAM    120922 1800 140N 1073W 290 026 1003 1008 0426 18 083 -999 0111 -999 -999 -999 -999
NHC  13E MIRIAM    120923 0000 146N 1081W 300 031 1002 1008 0463 21 083 0111 0111 -999 -999 -999 -999
NHC  13E MIRIAM    120923 0600 151N 1085W 310 036 1002 1008 0463 21 083 0111 0111 -999 -999 -999 -999
NHC  13E MIRIAM    120923 1200 156N 1092W 310 036 0998 1008 0463 28 056 0111 0111 -999 00746 -999 -999 -999
NHC  13E MIRIAM    120923 1800 158N 1101W 300 041 0996 1009 0445 28 056 0111 0111 -999 00746 -999 -999 -999
NHC  13E MIRIAM    120924 0000 165N 1109W 305 051 0983 1009 0445 39 037 0167 0148 0111 01483 0074 0056 0074
NHC  13E MIRIAM    120924 0600 170N 1117W 305 057 0971 1009 0463 46 019 0185 0167 0130 01673 0074 0056 0074
NHC  13E MIRIAM    120924 1200 175N 1125W 305 051 0962 1009 0463 51 019 0185 0167 0130 01673 0074 0056 0074
NHC  13E MIRIAM    120924 1800 178N 1132W 300 046 0958 1010 0445 54 019 0204 0185 0130 01671 0093 0056 0074
NHC  13E MIRIAM    120925 0000 183N 1137W 305 036 0968 1008 0556 46 046 0204 0185 0148 01671 0093 0074 0074
NHC  13E MIRIAM    120925 0600 185N 1141W 305 026 0968 1008 0556 46 046 0204 0185 0148 01671 0093 0074 0074
NHC  13E MIRIAM    120925 1200 186N 1143W 300 021 0969 1008 0463 44 056 0185 0167 0167 01673 0074 0093 0093
NHC  13E MIRIAM    120925 1800 189N 1148W 305 021 0976 1010 0463 41 056 0185 0167 0167 01673 0074 0093 0093
NHC  13E MIRIAM    120926 0000 190N 1152W 300 026 0983 1009 0463 36 046 0167 0148 0130 01483 0074 0056 0093
NHC  13E MIRIAM    120926 0600 192N 1155W 305 021 0990 1009 0463 31 056 0167 0148 0130 01483 0074 0056 0093
NHC  13E MIRIAM    120926 1200 198N 1156W 325 021 0992 1007 0463 28 056 0167 0130 0111 01484 0056 0056 0093
NHC  13E MIRIAM    120926 1800 204N 1152W 350 026 0994 1008 0445 26 056 0167 0130 0111 01484 0056 0056 0093
NHC  13E MIRIAM    120927 0000 212N 1156W 350 036 0997 1007 0445 23 065 0185 0148 0130 01679 -999 -999 -999
NHC  13E MIRIAM    120927 0600 215N 1159W 335 031 0997 1008 0371 23 093 0185 0130 0130 01859 -999 -999 -999
NHC  13E MIRIAM    120927 1200 220N 1160W 335 031 0997 1006 0297 18 093 0148 0111 0093 01859 -999 -999 -999
NHC  13E MIRIAM    120927 1800 221N 1167W 310 026 1000 1006 0278 18 093 0148 0111 0093 01859 -999 -999 -999
NHC  13E MIRIAM    120928 0000 220N 1166W 135 005 0999 1006 0259 15 093 -999 -999 -999 -999 -999 -999
