JTWC 13W INVEST    120804 1800 238N 1618E 310 016 1001 1007 0463 13 056 -999 -999 -999 -999
JTWC 13W THIRTEEN  120805 0000 231N 1616E 260 021 1001 1007 0463 13 056 -999 -999 -999 -999
JTWC 13W THIRTEEN  120805 0600 234N 1622E 235 011 0996 1007 0463 18 056 -999 -999 -999 -999
JTWC 13W THIRTEEN  120805 1200 245N 1625E 040 016 0996 1007 0463 18 056 -999 -999 -999 -999
JTWC 13W THIRTEEN  120805 1800 253N 1624E 015 042 0996 1007 0444 18 056 -999 -999 -999 -999
JTWC 13W THIRTEEN  120806 0000 258N 1622E 000 042 0996 1007 0444 18 056 -999 -999 -999 -999
JTWC 13W THIRTEEN  120806 0600 266N 1631E 015 047 0993 1007 0481 20 074 -999 -999 -999 -999
JTWC 13W THIRTEEN  120806 1200 278N 1627E 005 042 0989 1004 0180 23 056 -999 -999 -999 -999
JTWC 13W THIRTEEN  120806 1800 284N 1623E 355 047 0989 1004 0278 23 092 -999 -999 -999 -999
JTWC 13W THIRTEEN  120807 0000 290N 1619E 335 047 0989 1004 0278 23 092 -999 -999 -999 -999
JTWC 13W THIRTEEN  120807 0600 297N 1613E 325 042 0989 1004 0306 23 092 -999 -999 -999 -999
JTWC 13W THIRTEEN  120807 1200 302N 1605E 320 042 0996 1004 0306 18 092 -999 -999 -999 -999
JTWC 13W THIRTEEN  120807 1800 306N 1605E 325 037 0993 1004 0306 20 092 -999 -999 -999 -999
JTWC 13W THIRTEEN  120808 0000 316N 1594E 320 047 0993 1005 0333 20 111 -999 -999 -999 -999
JTWC 13W THIRTEEN  120808 0600 320N 1585E 315 047 0993 1005 0389 20 111 -999 -999 -999 -999
JTWC 13W KIROGI    120808 1200 328N 1569E 305 062 0996 1005 0352 18 111 0130 0111 0111 0130
JTWC 13W KIROGI    120808 1800 335N 1563E 305 057 0996 1005 0352 18 111 0130 0111 0111 0130
JTWC 13W KIROGI    120809 0000 347N 1552E 315 067 0998 1005 0352 15 093 -999 -999 -999 -999
JTWC 13W KIROGI    120809 0600 360N 1540E 320 072 0996 1005 0324 18 093 0130 0111 0111 0130
JTWC 13W KIROGI    120809 1200 376N 1526E 325 083 0996 1005 0306 18 092 -999 -999 -999 -999
JTWC 13W KIROGI    120809 1800 393N 1514E 330 093 0993 1005 0222 21 111 0148 -999 -999 0130
JTWC 13W KIROGI    120810 0000 420N 1494E 330 118 0993 1005 0222 21 111 0148 -999 -999 0130
JTWC 13W KIROGI    120810 0600 439N 1479E 330 124 0993 1005 0241 21 111 0148 -999 -999 0130
JTWC 13W KIROGI    120810 1200 470N 1460E 335 149 1004 1005 0241 13 111 -999 -999 -999 -999
