JTWC 14S IRINA     120229 0000 162S 0434E 265 021 0996 1003 0333 18 046 -999 -999 -999 -999
JTWC 14S IRINA     120229 0600 160S 0429E 280 015 0996 1003 0333 18 046 -999 -999 -999 -999
JTWC 14S IRINA     120229 1200 160S 0427E 285 015 0996 1003 0333 18 046 -999 -999 -999 -999
JTWC 14S IRINA     120229 1800 167S 0436E 230 015 0978  999 0222 31 046 0148 0120 0139 0148
JTWC 14S IRINA     120301 0000 170S 0436E 215 015 0978  999 0352 31 046 0148 0120 0139 0148
JTWC 14S IRINA     120301 0600 179S 0440E 175 026 0978  999 0352 31 046 0130 0139 0130 0130
JTWC 14S IRINA     120301 1200 197S 0437E 180 051 0982  999 0315 28 046 0111 0130 0120 0111
JTWC 14S IRINA     120301 1800 208S 0433E 185 062 0982  999 0315 28 046 0111 0130 0120 0111
JTWC 14S IRINA     120302 0000 220S 0424E 200 067 0982 1001 0333 28 046 0139 0148 0148 0139
JTWC 14S IRINA     120302 0600 231S 0415E 210 067 0982 1001 0333 28 046 0139 0148 0148 0139
JTWC 14S IRINA     120302 1200 243S 0402E 220 077 0985 1001 0315 26 046 0120 0130 0139 0120
JTWC 14S IRINA     120302 1800 251S 0395E 220 072 0993 1000 0333 21 074 -999 0463 0222 -999
JTWC 14S IRINA     120303 0000 254S 0382E 230 067 0996 1000 0333 18 074 -999 0463 0222 -999
JTWC 14S IRINA     120303 0600 256S 0367E 245 057 0996 1000 0333 18 074 0093 0389 0222 0093
JTWC 14S IRINA     120303 1200 256S 0353E 260 067 0993 1000 0333 21 074 0093 0389 0222 0093
JTWC 14S IRINA     120303 1800 258S 0346E 260 057 0989 1001 0352 23 074 0139 0417 0250 0102
JTWC 14S IRINA     120304 0000 263S 0342E 250 041 0989 1001 0352 23 074 0139 0417 0250 0102
JTWC 14S IRINA     120304 0600 264S 0339E 235 026 0993 1001 0352 21 074 0139 0417 0250 0102
JTWC 14S IRINA     120304 1200 273S 0340E 200 026 0993 1001 0346 21 074 0111 0232 0194 0130
JTWC 14S IRINA     120304 1800 284S 0345E 175 041 0993 1003 0352 26 074 0111 0185 0139 -999
JTWC 14S IRINA     120305 0000 294S 0345E 170 051 0985 1004 0370 26 046 0074 0148 0111 0074
JTWC 14S IRINA     120305 0600 302S 0349E 165 051 0985 1004 0370 26 046 0148 0185 0157 0130
JTWC 14S IRINA     120305 1200 306S 0355E 160 041 0985 1004 0370 26 046 0148 0185 0157 0130
JTWC 14S IRINA     120305 1800 309S 0363E 135 036 0985 1007 0278 26 056 0157 0185 0157 0120
JTWC 14S IRINA     120306 0000 303S 0379E  95 046 0989 1007 0278 23 056 0157 0139 0130 0139
JTWC 14S IRINA     120306 0600 307S 0386E  95 046 0993 1007 0278 21 056 0139 0139 0139 0139
JTWC 14S IRINA     120306 1200 305S 0392E  90 036 0989 1008 0278 23 074 0139 0139 0139 0139
JTWC 14S IRINA     120306 1800 299S 0405E  70 041 0996 1008 0278 18 074 -999 -999 -999 -999
JTWC 14S IRINA     120307 0000 297S 0410E  65 041 0996 1008 0269 18 074 -999 -999 -999 -999
JTWC 14S IRINA     120307 0600 295S 0409E  55 031 0989 1008 0269 23 074 0139 0157 0157 0139
JTWC 14S IRINA     120307 1200 294S 0406E  15 010 0989 1008 0269 23 074 0139 0157 0157 0139
JTWC 14S IRINA     120307 1800 295S 0403E 290 010 0989 1008 0306 23 074 0157 0157 0139 0139
JTWC 14S IRINA     120308 0000 294S 0405E 285 005 0989 1010 0343 23 074 0139 0157 0139 0130
JTWC 14S IRINA     120308 0600 294S 0404E 270 005 0989 1009 0333 23 065 0139 0157 0139 0130
JTWC 14S IRINA     120308 1200 297S 0400E 245 015 0989 1009 0333 23 065 0139 0157 0139 0130
JTWC 14S IRINA     120308 1800 297S 0397E 250 015 0985 1009 0278 26 065 0139 0157 0130 0130
JTWC 14S IRINA     120309 0000 295S 0393E 270 015 0993 1011 0296 21 065 0120 0148 0148 0120
JTWC 14S IRINA     120309 0600 296S 0387E 270 021 0993 1011 0296 21 065 0120 0148 0148 0120
JTWC 14S IRINA     120309 1200 295S 0378E 275 031 0996 1011 0296 18 065 -999 -999 -999 -999
JTWC 14S IRINA     120309 1800 296S 0369E 265 036 1000 1012 0259 15 074 -999 -999 -999 -999
JTWC 14S IRINA     120310 0000 296S 0363E 270 031 1000 1012 0259 15 074 -999 -999 -999 -999
