NHC  15E FIFTEEN   121006 1200 138N 1178W 285 041 1008 1011 0334 15 093 -999 -999 -999 -999 -999 -999
NHC  15E OLIVIA    121006 1800 138N 1192W 275 051 1006 1011 0334 18 111 0167 -999 -999 01679 -999 -999 -999
NHC  15E OLIVIA    121007 0000 138N 1202W 275 051 1000 1008 0334 23 028 0093 0074 0037 00749 -999 -999 -999
NHC  15E OLIVIA    121007 0600 142N 1207W 290 036 0998 1009 0222 26 037 0148 0111 0093 01307 -999 -999 -999
NHC  15E OLIVIA    121007 1200 145N 1210W 305 026 0998 1009 0222 26 037 0148 0111 0093 01307 -999 -999 -999
NHC  15E OLIVIA    121007 1800 153N 1208W 335 026 0998 1009 0278 26 037 0148 0111 0093 01307 -999 -999 -999
NHC  15E OLIVIA    121008 0000 160N 1209W 355 036 0998 1008 0259 26 037 0148 0111 0093 01307 -999 -999 -999
NHC  15E OLIVIA    121008 0600 164N 1209W 355 026 0999 1011 0278 26 056 0148 0111 0093 01116 -999 -999 -999
NHC  15E OLIVIA    121008 1200 165N 1212W 340 015 0999 1011 0278 26 056 0130 -999 -999 01306 -999 -999 0056
NHC  15E OLIVIA    121008 1800 163N 1212W 300 005 1004 1011 0278 21 056 0111 -999 -999 01119 -999 -999 -999
NHC  15E OLIVIA    121009 0000 160N 1211W 170 015 1006 1011 0278 15 056 -999 -999 -999 -999 -999 -999
NHC  15E OLIVIA    121009 0600 153N 1217W 210 031 1008 1012 0222 15 056 -999 -999 -999 -999 -999 -999
