NHC  16E PAUL      121013 1800 140N 1128W 270 072 1005 1010 0417 18 056 0056 -999 -999 00569 -999 -999 -999
NHC  16E PAUL      121014 0000 141N 1136W 270 067 1001 1009 0602 23 056 0111 0056 0056 01119 -999 -999 -999
NHC  16E PAUL      121014 0600 144N 1148W 280 062 1000 1011 0463 26 056 0111 0056 0056 01116 -999 -999 -999
NHC  16E PAUL      121014 1200 146N 1149W 295 041 1001 1011 0463 23 056 0111 0056 0074 01489 -999 -999 -999
NHC  16E PAUL      121014 1800 150N 1151W 320 031 1001 1009 0463 26 056 0130 0074 0074 01306 -999 -999 -999
NHC  16E PAUL      121015 0000 153N 1153W 330 021 0991 1008 0482 31 056 0148 0111 0093 01114 0056 -999 -999
NHC  16E PAUL      121015 0600 157N 1150W 005 026 0988 1008 0482 33 037 0148 0130 0093 01114 0074 0037 0037
NHC  16E PAUL      121015 1200 168N 1148W 010 046 0983 1009 0519 39 037 0167 0148 0111 01303 0074 0037 0056
NHC  16E PAUL      121015 1800 178N 1144W 015 057 0976 1009 0537 44 037 0185 0167 0111 01483 0074 0056 0074
NHC  16E PAUL      121016 0000 193N 1138W 015 077 0963 1008 0556 51 037 0130 0148 0111 00934 0074 0056 0056
NHC  16E PAUL      121016 0600 210N 1131W 020 088 0967 1008 0556 49 037 0167 0185 0111 00933 0093 0056 0056
NHC  16E PAUL      121016 1200 229N 1122W 020 093 0970 1008 0556 46 037 0167 0185 0111 00933 0093 0056 0056
NHC  16E PAUL      121016 1800 243N 1122W 005 077 0980 1008 0556 36 037 0167 0185 0074 00743 0093 0046 0046
NHC  16E PAUL      121017 0000 251N 1125W 355 057 0989 1005 0371 28 046 0222 0185 0074 00743 0093 -999 -999
NHC  16E PAUL      121017 0600 260N 1130W 335 051 0997 1005 0371 21 056 0222 0185 0074 00749 -999 -999 -999
NHC  16E PAUL      121017 1200 267N 1137W 320 051 0999 1005 0324 18 056 0111 0093 0074 00749 -999 -999 -999
NHC  16E PAUL      121017 1800 274N 1147W 310 051 1003 1008 0324 15 074 -999 -999 -999 -999 -999 -999
