NHC  17E ROSA      121030 1200 145N 1164W 295 036 1004 1010 0278 18 074 0111 0093 -999 -999 -999 -999
NHC  17E ROSA      121030 1800 144N 1168W 275 021 1003 1011 0278 21 074 0130 0111 -999 01119 -999 -999 -999
NHC  17E ROSA      121031 0000 144N 1168W 275 021 1003 1011 0278 21 074 0130 0111 -999 01119 -999 -999 -999
NHC  17E ROSA      121031 0600 144N 1172W 270 021 1003 1012 0315 21 111 0148 0185 -999 01119 -999 -999 -999
NHC  17E ROSA      121031 1200 145N 1175W 275 021 1002 1011 0315 23 111 0148 0185 -999 01119 -999 -999 -999
NHC  17E ROSA      121031 1800 142N 1177W 255 015 1003 1011 0315 23 130 0167 0167 -999 01309 -999 -999 -999
NHC  17E ROSA      121101 0000 141N 1180W 250 015 1003 1011 0334 23 111 0167 0130 -999 01309 -999 -999 -999
NHC  17E ROSA      121101 0600 141N 1182W 260 010 1000 1012 0278 26 056 0167 0130 -999 01306 -999 -999 -999
NHC  17E ROSA      121101 1200 140N 1184W 260 010 1003 1012 0278 23 074 0167 0130 -999 01309 -999 -999 -999
NHC  17E ROSA      121101 1800 135N 1184W 225 010 1003 1012 0278 23 074 0167 0130 -999 01309 -999 -999 -999
NHC  17E ROSA      121102 0600 135N 1185W 235 010 1003 1012 0278 23 074 0167 0130 -999 01309 -999 -999 -999
NHC  17E ROSA      121102 1200 132N 1185W 210 010 1006 1011 0334 18 074 0111 -999 -999 01119 -999 -999 -999
NHC  17E ROSA      121102 1800 129N 1187W 213 010 1006 1011 0334 18 074 0111 -999 -999 01119 -999 -999 -999
NHC  17E ROSA      121103 0000 127N 1193W 250 021 1006 1011 0334 18 056 0074 -999 -999 00749 -999 -999 -999
NHC  17E ROSA      121103 0600 126N 1196W 250 021 1005 1011 0334 21 056 0074 -999 -999 00749 -999 -999 -999
NHC  17E ROSA      121103 1200 126N 1201W 260 021 1006 1011 0278 18 056 0074 -999 -999 00749 -999 -999 -999
NHC  17E ROSA      121103 1800 128N 1206W 270 021 1006 1011 0278 15 056 -999 -999 -999 -999 -999 -999
NHC  17E ROSA      121104 0000 127N 1211W 270 026 1007 1011 0278 15 074 -999 -999 -999 -999 -999 -999
NHC  17E ROSA      121104 0600 124N 1214W 245 021 1009 1011 0278 13 111 -999 -999 -999 -999 -999 -999
NHC  17E ROSA      121104 1200 124N 1214W 245 021 1009 1011 0278 13 111 -999 -999 -999 -999 -999 -999
NHC  17E ROSA      121104 1800 125N 1214W 270 005 1009 1010 0278 13 130 -999 -999 -999 -999 -999 -999
