NHC  17L RAFAEL    121013 0000 150N 0632W 310 051 1007 1010 0324 18 278 -999 0278 -999 -999 -999 -999
NHC  17L RAFAEL    121013 0600 154N 0638W 310 041 1006 1009 0324 18 278 -999 0278 -999 -999 -999 -999
NHC  17L RAFAEL    121013 1200 155N 0639W 320 021 1006 1009 0324 18 278 -999 0278 -999 -999 -999 -999
NHC  17L RAFAEL    121013 1800 167N 0636W 005 036 1004 1008 0371 18 278 -999 0278 -999 -999 -999 -999
NHC  17L RAFAEL    121014 0000 179N 0635W 005 062 1004 1009 0371 23 185 0278 0278 -999 -999 -999 -999
NHC  17L RAFAEL    121014 0600 189N 0636W 355 051 1003 1009 0371 23 148 0278 0278 -999 -999 -999 -999
NHC  17L RAFAEL    121014 1200 198N 0640W 340 051 1003 1009 0463 23 148 0278 0278 -999 -999 -999 -999
NHC  17L RAFAEL    121014 1800 203N 0644W 330 041 0996 1008 0463 26 130 0278 0278 -999 01850 -999 -999 -999
NHC  17L RAFAEL    121015 0000 213N 0647W 340 046 0989 1008 0445 31 074 0278 0278 -999 01850 -999 -999 -999
NHC  17L RAFAEL    121015 0600 221N 0651W 330 046 0988 1008 0445 31 056 0278 0278 0093 01850 0074 -999 0074
NHC  17L RAFAEL    121015 1200 226N 0656W 330 041 0983 1008 0556 33 074 0334 0278 0148 02227 0093 -999 0093
NHC  17L RAFAEL    121015 1800 236N 0658W 345 041 0985 1006 0510 31 074 0334 0334 0148 02227 0093 -999 0093
NHC  17L RAFAEL    121016 0000 246N 0656W 010 051 0974 1006 0510 39 056 0334 0334 0148 02227 0093 -999 0093
NHC  17L RAFAEL    121016 0600 259N 0653W 015 067 0974 1006 0510 39 037 0334 0334 0148 02417 0111 0074 0111
NHC  17L RAFAEL    121016 1200 276N 0649W 010 077 0970 1007 0510 41 028 0334 0334 0167 02418 0111 0074 0111
NHC  17L RAFAEL    121016 1800 295N 0644W 015 103 0969 1006 0510 39 056 0334 0334 0185 02228 0111 0093 0111
NHC  17L RAFAEL    121017 0000 315N 0631W 025 118 0969 1006 0556 39 056 0334 0334 0185 02228 0148 0111 0111
NHC  17L RAFAEL    121017 0600 340N 0617W 025 139 0974 1006 0556 36 093 0389 0445 0222 02228 0167 0111 0111
NHC  17L RAFAEL    121017 1200 365N 0601W 025 149 0975 1006 0556 33 093 0445 0500 0278 02785 0222 0111 0148
NHC  17L RAFAEL    121017 1800 388N 0580W 030 149 0972 1005 0556 33 093 0500 0500 0278 03152 0222 0148 0148
