JTWC 17W SEVENTEEN 120910 1800 085N 1340E 290 042 1004 1008 0370 13 092 -999 -999 -999 -999
JTWC 17W SEVENTEEN 120911 0000 094N 1343E 315 032 1000 1007 0407 15 074 -999 -999 -999 -999
JTWC 17W SANBA     120911 0600 111N 1338E 340 057 0996 1007 0417 18 074 -999 -999 -999 -999
JTWC 17W SANBA     120911 1200 122N 1332E 340 067 0993 1007 0417 21 046 0046 -999 -999 0046
JTWC 17W SANBA     120911 1800 122N 1327E 330 047 0989 1009 0454 23 046 -999 -999 -999 -999
JTWC 17W SANBA     120912 0000 125N 1318E 305 042 0982 1008 0454 28 028 -999 -999 -999 -999
JTWC 17W SANBA     120912 0600 131N 1310E 300 042 0974 1008 0472 33 028 -999 -999 -999 -999
JTWC 17W SANBA     120912 1200 137N 1303E 305 042 0970 1008 0481 36 028 -999 -999 -999 -999
JTWC 17W SANBA     120912 1800 142N 1300E 320 037 0967 1007 0407 38 037 -999 -999 -999 -999
JTWC 17W SANBA     120913 0000 148N 1298E 325 042 0956 1007 0444 46 028 -999 -999 -999 -999
JTWC 17W SANBA     120913 0600 156N 1295E 335 037 0937 1005 0463 59 037 -999 -999 -999 -999
JTWC 17W SANBA     120913 1200 163N 1295E 345 037 0922 1005 0481 69 056 -999 -999 -999 -999
JTWC 17W SANBA     120913 1800 172N 1297E 000 042 0911 1005 0389 76 037 -999 -999 -999 -999
JTWC 17W SANBA     120914 0000 182N 1297E 005 047 0911 1005 0389 76 037 -999 -999 -999 -999
JTWC 17W SANBA     120914 0600 191N 1298E 005 047 0911 1005 0389 76 037 -999 -999 -999 -999
JTWC 17W SANBA     120914 1200 202N 1298E 000 052 0922 1004 0407 69 037 -999 -999 -999 -999
JTWC 17W SANBA     120914 1800 214N 1295E 355 057 0929 1004 0398 64 028 0259 0259 0250 0250
JTWC 17W SANBA     120915 0000 223N 1290E 345 057 0941 1003 0380 57 028 0259 0259 0250 0250
JTWC 17W SANBA     120915 0600 234N 1287E 345 057 0941 1003 0380 57 028 0259 0259 0250 0250
JTWC 17W SANBA     120915 1200 246N 1284E 345 057 0941 1003 0380 57 028 0259 0259 0250 0250
JTWC 17W SANBA     120915 1800 256N 1282E 350 057 0944 1003 0389 54 037 0315 0315 0278 0306
JTWC 17W SANBA     120916 0000 270N 1281E 350 062 0952 1005 0485 49 037 0324 0324 0296 0324
JTWC 17W SANBA     120916 0600 288N 1281E 355 072 0952 1005 0485 49 037 0324 0324 0296 0324
JTWC 17W SANBA     120916 1200 307N 1278E 355 088 0956 1005 0485 46 037 0324 0324 0296 0324
JTWC 17W SANBA     120916 1800 323N 1279E 000 093 0959 1006 0463 43 028 -999 -999 -999 -999
JTWC 17W SANBA     120917 0000 340N 1281E 000 088 0963 1005 0463 41 037 -999 -999 -999 -999
JTWC 17W SANBA     120917 0600 360N 1286E 005 093 0989 1005 0333 23 037 -999 -999 -999 -999
JTWC 17W SANBA     120917 1200 387N 1293E 010 113 0993 1005 0296 20 037 -999 -999 -999 -999
