NHC  18L EIGHTEEN  121022 1200 137N 0779W 225 026 1003 1007 0463 13 139 -999 -999 -999 -999 -999 -999
NHC  18L EIGHTEEN  121022 1800 135N 0787W 250 031 1003 1007 0463 13 139 -999 -999 -999 -999 -999 -999
NHC  18L SANDY     121023 0000 127N 0786W 355 005 0998 1007 0463 21 074 0093 0111 -999 -999 -999 -999
NHC  18L SANDY     121023 0600 130N 0787W 355 010 0998 1005 0445 21 111 0130 0148 -999 -999 -999 -999
NHC  18L SANDY     121023 1200 135N 0780W 020 015 0997 1005 0445 21 111 0130 0148 -999 -999 -999 -999
NHC  18L SANDY     121023 1800 140N 0777W 020 026 0993 1005 0445 23 056 0148 0167 -999 -999 -999 -999
NHC  18L SANDY     121024 0000 148N 0773W 030 036 0991 1007 0556 26 148 0148 0222 -999 -999 -999 -999
NHC  18L SANDY     121024 0600 157N 0771W 010 046 0988 1007 0556 28 083 0185 0222 0083 00833 0130 -999 -999
NHC  18L SANDY     121024 1200 166N 0769W 010 046 0981 1006 0528 31 074 0185 0222 0093 01113 0130 -999 -999
NHC  18L SANDY     121024 1800 177N 0767W 010 057 0973 1005 0537 36 046 0204 0222 0130 01113 0111 0074 0074
NHC  18L SANDY     121025 0000 187N 0764W 010 057 0964 1005 0556 41 028 0204 0222 0130 01113 0111 0074 0074
NHC  18L SANDY     121025 0600 201N 0759W 010 072 0954 1005 0556 49 019 0204 0222 0130 01113 0111 0074 0074
NHC  18L SANDY     121025 1200 216N 0755W 015 077 0966 1005 0593 46 037 0204 0222 0130 01113 0111 0074 0074
NHC  18L SANDY     121025 1800 236N 0753W 005 088 0963 1005 0649 46 037 0334 0334 0130 03343 0093 0074 0056
NHC  18L SANDY     121026 0000 248N 0758W 340 067 0965 1007 0695 44 037 0334 0334 0130 03340 0111 0074 0111
NHC  18L SANDY     121026 0600 258N 0765W 330 057 0968 1006 0704 39 056 0445 0334 0148 03717 0093 0093 0130
NHC  18L SANDY     121026 1200 264N 0769W 340 036 0970 1008 0778 36 056 0445 0334 0167 03715 0148 0111 0130
NHC  18L SANDY     121026 1800 270N 0771W 350 036 0971 1008 0778 33 056 0445 0334 0167 03715 0148 0111 0185
NHC  18L SANDY     121027 0000 274N 0772W 350 026 0969 1008 0834 33 111 0667 0334 0204 05005 0148 0111 0222
NHC  18L SANDY     121027 0600 281N 0769W 015 036 0969 1008 0853 31 130 0723 0371 0297 05199 -999 0130 0241
NHC  18L SANDY     121027 1200 288N 0768W 015 036 0956 1008 0853 33 139 0723 0371 0352 05199 -999 0241 0241
NHC  18L SANDY     121027 1800 298N 0756W 035 057 0961 1006 0890 33 139 0834 0500 0445 05199 -999 0278 0241
NHC  18L SANDY     121028 0000 305N 0747W 040 062 0960 1006 0890 33 167 0834 0500 0445 05199 -999 0278 0297
NHC  18L SANDY     121028 0600 315N 0737W 040 062 0960 1006 0890 33 167 0834 0500 0500 05199 0278 0278 -999
NHC  18L SANDY     121028 1200 321N 0731W 040 051 0960 1006 0890 33 167 0834 0556 0556 05009 0278 0371 0278
NHC  18L SANDY     121028 1800 328N 0719W 045 057 0952 1006 0927 33 222 0834 0556 0556 05009 0278 0371 0278
NHC  18L SANDY     121029 0000 339N 0710W 045 062 0950 1004 0927 33 222 0834 0667 0667 05008 0278 0371 0278
NHC  18L SANDY     121029 0600 352N 0705W 010 067 0950 1004 0927 36 185 0778 0612 0667 05008 0278 0371 0278
NHC  18L SANDY     121029 1200 367N 0709W 340 082 0946 1004 0927 41 204 0778 0612 0741 05008 0278 0371 0278
NHC  18L SANDY     121029 1800 383N 0731W 305 124 0940 1004 0927 41 204 0778 0686 0741 03715 0278 0371 0278
NHC  18L SANDY     121030 0000 395N 0745W 315 093 0946 1006 0973 36 148 0778 0686 0556 02978 0278 0278 -999
NHC  18L SANDY     121030 0600 403N 0763W 305 082 0957 1006 0890 31 148 0778 0667 0259 02598 0278 -999 -999
NHC  18L SANDY     121030 1200 400N 0779W 275 041 0979 1006 0890 26 056 0834 0927 -999 07979 -999 -999 0482
NHC  18L SANDY     121030 1800 405N 0789W 295 046 0988 1006 0890 21 056 0834 0927 -999 07979 -999 -999 -999
