JTWC 19S NINETEEN  120507 0000 062S 1277E 125 031 0996 1008 0333 18 056 -999 -999 -999 -999
JTWC 19S NINETEEN  120507 0600 069S 1293E 125 046 0996 1008 0333 18 056 -999 -999 -999 -999
JTWC 19S NINETEEN  120507 1200 081S 1298E 135 051 1000 1008 0315 15 065 -999 -999 -999 -999
JTWC 19S NINETEEN  120507 1800 079S 1297E 140 031 1004 1008 0315 13 065 -999 -999 -999 -999
JTWC 19S NINETEEN  120508 0000 081S 1291E 200 026 1000 1008 0315 15 065 -999 -999 -999 -999
JTWC 19S NINETEEN  120508 0600 083S 1296E 205 015 1004 1007 0352 13 065 -999 -999 -999 -999
JTWC 19S NINETEEN  120508 1200 090S 1292E 210 026 1004 1008 0315 13 065 -999 -999 -999 -999
JTWC 19S NINETEEN  120508 1800 094S 1289E 215 026 1000 1008 0315 15 065 -999 -999 -999 -999
JTWC 19S NINETEEN  120509 0000 098S 1283E 225 031 1000 1008 0315 15 065 -999 -999 -999 -999
JTWC 19S NINETEEN  120509 0600 099S 1274E 245 036 1004 1008 0315 13 065 -999 -999 -999 -999
JTWC 19S NINETEEN  120509 1200 100S 1269E 255 036 1004 1009 0278 13 074 -999 -999 -999 -999
JTWC 19S NINETEEN  120509 1800 102S 1261E 260 036 1004 1009 0278 13 074 -999 -999 -999 -999
JTWC 19S NINETEEN  120510 0000 101S 1260E 265 026 1004 1009 0278 13 074 -999 -999 -999 -999
JTWC 19S NINETEEN  120510 0600 103S 1259E 255 015 1004 1009 0306 13 074 -999 -999 -999 -999
JTWC 19S NINETEEN  120510 1200 104S 1255E 250 015 1004 1007 0315 13 074 -999 -999 -999 -999
