JTWC 19W NINETEEN  120924 0000 185N 1390E 335 057 1002 1005 0333 13 083 -999 -999 -999 -999
JTWC 19W NINETEEN  120924 0600 196N 1389E 340 062 1000 1004 0296 15 083 -999 -999 -999 -999
JTWC 19W NINETEEN  120924 1200 205N 1388E 345 057 1000 1004 0296 15 083 -999 -999 -999 -999
JTWC 19W EWINIAR   120924 1800 209N 1384E 345 042 0993 1006 0306 20 074 -999 -999 -999 -999
JTWC 19W EWINIAR   120925 0000 218N 1383E 350 042 0993 1005 0306 20 074 -999 -999 -999 -999
JTWC 19W EWINIAR   120925 0600 228N 1385E 000 047 0993 1005 0306 20 074 -999 -999 -999 -999
JTWC 19W EWINIAR   120925 1200 237N 1392E 015 047 0989 1005 0324 23 074 -999 -999 -999 -999
JTWC 19W EWINIAR   120925 1800 250N 1403E 030 062 0985 1007 0324 26 065 -999 -999 -999 -999
JTWC 19W EWINIAR   120926 0000 254N 1413E  45 057 0985 1007 0361 26 065 0204 0185 0130 0120
JTWC 19W EWINIAR   120926 0600 264N 1422E 045 062 0985 1007 0361 26 065 -999 -999 -999 -999
JTWC 19W EWINIAR   120926 1200 276N 1428E 040 057 0989 1007 0361 23 065 -999 -999 -999 -999
JTWC 19W EWINIAR   120926 1800 291N 1425E 015 067 0985 1007 0370 26 065 -999 -999 -999 -999
JTWC 19W EWINIAR   120927 0000 303N 1423E 000 067 0982 1008 0370 28 037 -999 -999 -999 -999
JTWC 19W EWINIAR   120927 0600 313N 1422E 355 062 0982 1008 0370 28 065 0241 0241 0204 0204
JTWC 19W EWINIAR   120927 1200 316N 1418E 345 042 0982 1008 0370 28 065 -999 -999 -999 -999
JTWC 19W EWINIAR   120927 1800 316N 1417E 340 021 0982 1008 0370 28 083 -999 -999 -999 -999
JTWC 19W EWINIAR   120928 0000 316N 1423E 025 011 0989 1008 0352 23 074 -999 -999 -999 -999
JTWC 19W EWINIAR   120928 0600 320N 1431E 065 021 0989 1005 0352 23 083 -999 -999 -999 -999
JTWC 19W EWINIAR   120928 1200 325N 1440E 055 037 0989 1005 0352 23 083 -999 -999 -999 -999
JTWC 19W EWINIAR   120928 1800 333N 1452E 055 052 0989 1005 0352 23 083 -999 -999 -999 -999
JTWC 19W EWINIAR   120929 0000 345N 1464E 045 062 0989 1005 0352 23 083 -999 -999 -999 -999
JTWC 19W EWINIAR   120929 0600 363N 1471E 035 077 0989 1005 0352 23 083 -999 -999 -999 -999
JTWC 19W EWINIAR   120929 1200 379N 1492E 035 098 0996 1005 0352 18 083 -999 -999 -999 -999
