JTWC 20W INVEST    120930 1200 163N 1490E 325 057 1003 1008 0296 13 074 -999 -999 -999 -999
JTWC 20W TWENTY    120930 1800 165N 1474E 300 062 1000 1008 0296 15 074 -999 -999 -999 -999
JTWC 20W TWENTY    121001 0000 169N 1463E 290 062 1000 1008 0296 15 074 -999 -999 -999 -999
JTWC 20W TWENTY    121001 0600 182N 1464E 310 046 1000 1008 0296 15 074 -999 -999 -999 -999
JTWC 20W TWENTY    121001 1200 189N 1456E 320 052 0996 1007 0296 18 056 -999 -999 -999 -999
JTWC 20W MALIKSI   121001 1800 197N 1450E 325 051 0996 1002 0333 18 074 -999 -999 -999 -999
JTWC 20W MALIKSI   121002 0000 200N 1433E 305 052 0993 1002 0333 20 065 -999 -999 -999 -999
JTWC 20W MALIKSI   121002 0600 209N 1425E 310 057 0993 1001 0352 21 074 0120 0120 0111 0111
JTWC 20W MALIKSI   121002 1200 214N 1422E 315 052 0993 1001 0352 20 074 -999 -999 -999 -999
JTWC 20W MALIKSI   121002 1800 228N 1415E 330 057 0989 0998 0444 23 074 -999 -999 -999 -999
JTWC 20W MALIKSI   121003 0000 243N 1410E 340 067 0989  999 0444 23 074 0167 0157 0120 0120
JTWC 20W MALIKSI   121003 0600 260N 1418E 000 072 0989 0999 0444 23 083 -999 -999 -999 -999
JTWC 20W MALIKSI   121003 1200 280N 1425E 010 093 0989 0999 0444 23 074 -999 -999 -999 -999
JTWC 20W MALIKSI   121003 1800 310N 1438E 020 123 0989 0999 0407 23 074 -999 -999 -999 -999
JTWC 20W MALIKSI   121004 0000 341N 1439E 010 144 0989 0999 0407 23 074 -999 -999 -999 -999
