JTWC 21W INVEST    121001 1200 173N 1148E 040 042 1004 1009 0306 13 065 -999 -999 -999 -999
JTWC 21W GAEMI     121001 1800 171N 1149E 065 011 0996 1008 0278 18 074 -999 -999 -999 -999
JTWC 21W GAEMI     121002 0000 164N 1153E 150 016 0996 1008 0278 18 074 -999 -999 -999 -999
JTWC 21W GAEMI     121002 0600 161N 1156E 160 021 0993 1008 0296 21 046 0046 0046 0046 0046
JTWC 21W GAEMI     121002 1200 154N 1165E 140 037 0993 1008 0296 20 065 -999 -999 -999 -999
JTWC 21W GAEMI     121002 1800 153N 1171E 120 037 0989 1008 0333 23 056 -999 -999 -999 -999
JTWC 21W GAEMI     121003 0000 155N 1179E 105 037 0985 1007 0380 26 056 -999 -999 -999 -999
JTWC 21W GAEMI     121003 0600 153N 1175E 120 016 0982 1007 0380 28 037 -999 -999 -999 -999
JTWC 21W GAEMI     121003 1200 150N 1177E 160 016 0982 1007 0389 28 046 -999 -999 -999 -999
JTWC 21W GAEMI     121003 1800 149N 1176E 190 011 0985 1007 0370 26 046 -999 -999 -999 -999
JTWC 21W GAEMI     121004 0000 149N 1184E 115 011 0993 1007 0370 20 056 -999 -999 -999 -999
JTWC 21W GAEMI     121004 0600 147N 1181E 145 005 0989 1007 0370 23 056 0111 0120 0120 0130
JTWC 21W GAEMI     121004 1200 147N 1179E 205 005 0996 1007 0370 18 056 0111 0120 0120 0130
JTWC 21W GAEMI     121004 1800 146N 1174E 255 016 0996 1007 0278 18 056 -999 -999 -999 -999
JTWC 21W GAEMI     121005 0000 145N 1166E 260 026 0993 1007 0296 21 056 0120 0130 0130 0130
JTWC 21W GAEMI     121005 0600 145N 1157E 265 037 0996 1007 0296 18 056 -999 -999 -999 -999
JTWC 21W GAEMI     121005 1200 143N 1146E 265 047 0996 1007 0296 18 056 -999 -999 -999 -999
JTWC 21W GAEMI     121005 1800 140N 1133E 260 057 0996 1006 0296 18 074 0120 0130 0130 0130
JTWC 21W GAEMI     121006 0000 135N 1116E 255 072 0993 1006 0296 21 074 0120 0111 0111 0120
JTWC 21W GAEMI     121006 0600 130N 1101E 255 072 0993 1007 0296 21 083 0120 0111 0111 0120
JTWC 21W GAEMI     121006 1200 130N 1086E 260 077 0996 1006 0180 18 074 0120 0111 0111 0120
