NHC  91L INVEST    120417 1200 353N 0554W 280 062 1004 1018 0741 21 111 0297 0259 0259 02979 -999 -999 -999
NHC  91L INVEST    120417 1800 351N 0573W 270 067 1004 1018 0695 21 111 0297 0259 0259 02979 -999 -999 -999
NHC  91L INVEST    120418 0000 339N 0585W 250 067 1004 1016 0649 18 093 0259 0222 0241 02229 -999 -999 -999
NHC  91L INVEST    120418 0600 327N 0592W 180 046 1004 1015 0649 18 093 0259 0222 0241 02229 -999 -999 -999
NHC  91L INVEST    120418 1200 319N 0590W 170 046 1004 1015 0649 18 093 0259 0259 0176 02229 -999 -999 -999
NHC  91L INVEST    120418 1800 313N 0582W 150 046 1004 1015 0649 18 111 0222 0222 -999 -999 -999 -999
NHC  91L INVEST    120419 0600 311N 0567W 100 041 1004 1015 0649 15 111 -999 -999 -999 -999 -999 -999
NHC  91L INVEST    120419 1200 303N 0564W 120 031 1005 1014 0649 15 111 -999 -999 -999 -999 -999 -999
NHC  91L INVEST    120419 1800 296N 0555W 120 051 1006 1014 0602 15 111 -999 -999 -999 -999 -999 -999
NHC  91L INVEST    120420 0600 291N 0529W 110 057 1008 1012 0602 13 148 -999 -999 -999 -999 -999 -999
NHC  91L INVEST    120420 1200 293N 0510W 085 082 1009 1012 0556 13 167 -999 -999 -999 -999 -999 -999
NHC  91L TEST      120718 1200 406N 0552W 360 015 1006 1008 0278 13 000 -999 -999 -999 -999 -999 -999
NHC  91L INVEST    120803 1200 240N 0785W 320 046 1013 1015 0278 10 167 -999 -999 -999 -999 -999 -999
NHC  91L INVEST    120803 1800 251N 0789W 325 051 1013 1015 0278 10 167 -999 -999 -999 -999 -999 -999
NHC  91L INVEST    120908 0600 144N 0207W 280 088 1009 1011 0222 13 111 -999 -999 -999 -999 -999 -999
NHC  91L INVEST    120908 1200 145N 0210W 280 062 1009 1011 0222 13 139 -999 -999 -999 -999 -999 -999
NHC  91L INVEST    120908 1800 143N 0228W 275 067 1008 1011 0371 13 167 -999 -999 -999 -999 -999 -999
NHC  91L INVEST    120909 0000 145N 0249W 275 082 1008 1013 0371 13 167 -999 -999 -999 -999 -999 -999
NHC  91L INVEST    120909 0600 147N 0268W 275 093 1008 1013 0463 13 167 -999 -999 -999 -999 -999 -999
NHC  91L INVEST    120910 0000 150N 0336W 275 108 1008 1012 0371 13 148 -999 -999 -999 -999 -999 -999
NHC  91L INVEST    120910 0600 152N 0349W 275 093 1008 1012 0371 13 130 -999 -999 -999 -999 -999 -999
NHC  91L INVEST    120910 1200 154N 0374W 280 093 1008 1012 0371 13 130 -999 -999 -999 -999 -999 -999
NHC  91L INVEST    120910 1800 158N 0397W 280 108 1008 1012 0371 13 130 -999 -999 -999 -999 -999 -999
NHC  91L INVEST    120911 0000 157N 0410W 275 077 1007 1012 0371 15 111 -999 -999 -999 -999 -999 -999
NHC  91L INVEST    120911 0600 159N 0419W 275 072 1007 1012 0371 15 111 -999 -999 -999 -999 -999 -999
NHC  91L INVEST    121130 1800 248N 0429W 350 031 1012 1013 0278 13 111 -999 -999 -999 -999 -999 -999
NHC  91L INVEST    121201 0000 254N 0429W 355 031 1012 1014 0278 13 111 -999 -999 -999 -999 -999 -999
NHC  91L INVEST    121201 1200 260N 0423W 025 021 1010 1013 0278 13 111 -999 -999 -999 -999 -999 -999
NHC  91L INVEST    121202 0000 277N 0425W 005 031 1010 1012 0278 13 111 -999 -999 -999 -999 -999 -999
NHC  91L INVEST    121202 1200 304N 0431W 345 062 1006 1012 0371 18 148 0389 0259 -999 -999 -999 -999
NHC  91L INVEST    121202 1800 311N 0431W 350 051 1006 1012 0556 18 148 0612 0259 -999 04459 -999 -999 -999
NHC  91L INVEST    121203 0000 319N 0427W 010 051 1006 1014 0649 18 185 0612 0259 -999 06679 -999 -999 -999
