JTWC 91P INVEST    120201 0000 184S 1731E 285 036 1003 1005 0315 13 083 -999 -999 -999 -999
JTWC 91P INVEST    120201 0600 203S 1724E 200 031 0997 1002 0333 13 083 -999 -999 -999 -999
JTWC 91P INVEST    120201 1200 205S 1724E 190 026 0997 1000 0352 13 083 -999 -999 -999 -999
JTWC 91P INVEST    120201 1800 208S 1718E 210 026 0997 1000 0352 13 083 -999 -999 -999 -999
JTWC 91P INVEST    120202 0000 217S 1723E 185 026 0997  999 0407 13 083 -999 -999 -999 -999
JTWC 91P INVEST    120202 0600 236S 1720E 180 051 1004 1005 0407 13 083 -999 -999 -999 -999
JTWC 91P INVEST    120203 0600 262S 1660E 235 082 1004 1005 0407 13 083 -999 -999 -999 -999
JTWC 91P INVEST    120203 1200 272S 1653E 230 082 1004 1005 0407 13 083 -999 -999 -999 -999
JTWC 91P INVEST    120203 1800 280S 1648E 225 067 0997  999 0370 13 083 -999 -999 -999 -999
JTWC 91P INVEST    120204 0000 281S 1640E 225 046 0997  999 0352 13 083 -999 -999 -999 -999
JTWC 91P INVEST    120628 1800 109S 1537E 115 016 1004 1007 0370 13 074 -999 -999 -999 -999
JTWC 91P INVEST    120629 0000 112S 1542E 125 021 1004 1007 0370 13 074 -999 -999 -999 -999
JTWC 91P INVEST    120629 0600 118S 1547E 135 026 1000 1007 0343 15 074 -999 -999 -999 -999
JTWC 91P INVEST    120629 1200 122S 1548E 140 032 0996 1007 0259 18 074 -999 -999 -999 -999
JTWC 91P INVEST    121211 0600 146S 1776W 100 057 1000 1006 0343 15 056 -999 -999 -999 -999
JTWC 91P INVEST    121211 1200 145S 1767W 095 052 1000 1006 0343 15 056 -999 -999 -999 -999
JTWC 91P INVEST    121211 1800 145S 1758W  90 051 0996 1006 0343 18 056 -999 -999 -999 -999
