JTWC 93W INVEST    120726 0600 112N 1311E 350 062 1007 1011 0278 10 083 -999 -999 -999 -999
JTWC 93W INVEST    120726 1200 125N 1314E 000 062 1007 1010 0278 10 083 -999 -999 -999 -999
JTWC 93W INVEST    120726 1800 121N 1334E 350 026 1006 1009 0370 10 083 -999 -999 -999 -999
JTWC 93W INVEST    120727 0000 122N 1331E 340 026 1007 1009 0370 10 083 -999 -999 -999 -999
JTWC 93W INVEST    120727 0600 126N 1287E 305 032 1007 1009 0333 10 083 -999 -999 -999 -999
JTWC 93W INVEST    120727 1200 127N 1276E 290 037 1007 1009 0333 10 083 -999 -999 -999 -999
JTWC 93W INVEST    120727 1800 137N 1276E 310 037 1004 1005 0333 10 083 -999 -999 -999 -999
JTWC 93W INVEST    120728 0000 144N 1271E 325 036 1004 1005 0352 13 074 -999 -999 -999 -999
JTWC 93W INVEST    120811 1800 162N 1333E 285 037 1006 1007 0370 10 083 -999 -999 -999 -999
JTWC 93W INVEST    120812 0000 163N 1323E 280 042 1006 1007 0407 10 083 -999 -999 -999 -999
JTWC 93W INVEST    120812 0600 165N 1302E 275 067 1007 1008 0407 10 083 -999 -999 -999 -999
JTWC 93W INVEST    120812 1200 166N 1285E 275 077 1003 1008 0389 13 083 -999 -999 -999 -999
JTWC 93W INVEST    120923 0600 163N 1383E 310 032 1006 1008 0296 10 083 -999 -999 -999 -999
JTWC 93W INVEST    120923 1200 162N 1401E 320 037 1002 1004 0333 10 083 -999 -999 -999 -999
JTWC 93W INVEST    120923 1800 169N 1398E 330 037 1002 1004 0333 10 083 -999 -999 -999 -999
JTWC 93W INVEST    120924 0000 185N 1390E 335 057 1004 1005 0333 13 083 -999 -999 -999 -999
JTWC 93W INVEST    121026 1800 122N 0911E 295 036 1008 1009 0232 08 074 -999 -999 -999 -999
JTWC 93W INVEST    121027 0000 123N 0903E 285 037 1008 1009 0232 10 074 -999 -999 -999 -999
JTWC 93W INVEST    121027 0600 117N 0887E 270 052 1007 1009 0259 10 074 -999 -999 -999 -999
JTWC 93W INVEST    121027 1200 106N 0868E 255 072 1007 1009 0259 10 074 -999 -999 -999 -999
JTWC 93W INVEST    121027 1800 098N 0858E 245 077 1007 1008 0259 10 074 -999 -999 -999 -999
JTWC 93W INVEST    121028 0000 097N 0849E 240 072 1004 1006 0222 13 074 -999 -999 -999 -999
JTWC 93W INVEST    121028 0600 094N 0840E 245 057 1004 1006 0222 13 074 -999 -999 -999 -999
JTWC 93W INVEST    121028 1200 095N 0845E 250 032 1004 1006 0222 13 074 -999 -999 -999 -999
JTWC 93W INVEST    121028 1800 096N 0844E 255 021 1000 1006 0278 15 074 -999 -999 -999 -999
JTWC 93W INVEST    121029 0000 096N 0837E 265 026 1000 1007 0333 15 074 -999 -999 -999 -999
JTWC 93W INVEST    121029 0600 088N 0829E 245 032 1000 1007 0333 15 074 -999 -999 -999 -999
JTWC 93W INVEST    121029 1200 088N 0820E 250 041 0996 1007 0352 18 074 -999 -999 -999 -999
JTWC 93W INVEST    121224 1200 098N 1306E 295 088 1005 1006 0278 10 074 -999 -999 -999 -999
JTWC 93W INVEST    121224 1800 104N 1297E 305 067 1004 1006 0278 13 074 -999 -999 -999 -999
