NHC  94L INVEST    120523 0000 185N 0843W 030 021 1008 1011 0510 13 241 -999 -999 -999 -999 -999 -999
NHC  94L INVEST    120523 0600 200N 0830W 040 046 1009 1010 0371 13 241 -999 -999 -999 -999 -999 -999
NHC  94L INVEST    120523 1200 200N 0837W 040 026 1008 1010 0324 13 241 -999 -999 -999 -999 -999 -999
NHC  94L INVEST    120523 1800 206N 0830W 045 036 1008 1010 0334 13 241 -999 -999 -999 -999 -999 -999
NHC  94L INVEST    120524 0000 210N 0826W 045 026 1007 1010 0334 15 241 -999 -999 -999 -999 -999 -999
NHC  94L INVEST    120524 0600 223N 0813W 045 051 1009 1010 0334 13 241 -999 -999 -999 -999 -999 -999
NHC  94L INVEST    120524 1200 238N 0811W 030 051 1009 1010 0278 13 222 -999 -999 -999 -999 -999 -999
NHC  94L INVEST    120524 1800 253N 0804W 020 062 1008 1011 0222 18 139 0139 0139 -999 -999 -999 -999
NHC  94L INVEST    120525 0000 265N 0786W 035 082 1007 1011 0222 18 139 0139 0139 -999 -999 -999 -999
NHC  94L INVEST    120525 0600 281N 0781W 030 088 1009 1012 0185 15 111 -999 -999 -999 -999 -999 -999
NHC  94L INVEST    120525 1200 314N 0763W 025 051 1011 1014 0259 15 111 -999 -999 -999 -999 -999 -999
NHC  94L INVEST    120525 1800 312N 0752W 025 051 1009 1014 0222 18 130 0148 0222 -999 -999 -999 -999
NHC  94L INVEST    120526 0000 323N 0749W 015 062 1001 1012 0241 21 130 0148 0222 -999 -999 -999 -999
NHC  94L INVEST    120817 0000 110N 0172W 270 088 1010 1014 0167 10 111 -999 -999 -999 -999 -999 -999
NHC  94L INVEST    120817 0600 113N 0179W 280 072 1009 1012 0278 10 093 -999 -999 -999 -999 -999 -999
NHC  94L INVEST    120817 1200 116N 0210W 280 093 1009 1012 0278 10 093 -999 -999 -999 -999 -999 -999
NHC  94L INVEST    120817 1800 112N 0237W 270 088 1009 1012 0278 10 093 -999 -999 -999 -999 -999 -999
NHC  94L INVEST    120818 0000 111N 0255W 270 088 1009 1012 0278 10 093 -999 -999 -999 -999 -999 -999
NHC  94L INVEST    120818 0600 121N 0268W 280 082 1008 1012 0278 13 093 -999 -999 -999 -999 -999 -999
NHC  94L INVEST    120818 1200 123N 0277W 280 072 1008 1012 0185 13 093 -999 -999 -999 -999 -999 -999
NHC  94L INVEST    120818 1800 133N 0320W 280 118 1008 1012 0222 13 093 -999 -999 -999 -999 -999 -999
NHC  94L INVEST    120819 0000 142N 0326W 280 103 1008 1012 0278 15 093 -999 -999 -999 -999 -999 -999
NHC  94L INVEST    120819 0600 144N 0348W 280 103 1009 1011 0278 15 093 -999 -999 -999 -999 -999 -999
NHC  94L INVEST    120819 1200 144N 0364W 275 082 1011 1014 0278 13 111 -999 -999 -999 -999 -999 -999
NHC  94L INVEST    120819 1800 146N 0384W 275 093 1010 1014 0278 13 093 -999 -999 -999 -999 -999 -999
NHC  94L INVEST    120820 0000 151N 0406W 280 098 1010 1013 0222 13 074 -999 -999 -999 -999 -999 -999
NHC  94L INVEST    120820 0600 153N 0425W 280 098 1010 1013 0278 13 074 -999 -999 -999 -999 -999 -999
NHC  94L INVEST    120820 1200 156N 0448W 275 108 1010 1013 0278 13 074 -999 -999 -999 -999 -999 -999
NHC  94L INVEST    120820 1800 156N 0467W 275 098 1009 1013 0324 15 074 -999 -999 -999 -999 -999 -999
NHC  94L INVEST    120821 0000 153N 0488W 271 103 1009 1013 0324 15 074 -999 -999 -999 -999 -999 -999
NHC  94L INVEST    120821 0600 152N 0503W 270 088 1007 1013 0463 15 065 -999 -999 -999 -999 -999 -999
NHC  94L INVEST    120920 0000 308N 0518W 275 015 1010 1014 0445 13 167 -999 -999 -999 -999 -999 -999
NHC  94L INVEST    120920 0600 310N 0515W 285 005 1010 1014 0445 15 167 -999 -999 -999 -999 -999 -999
NHC  94L INVEST    120920 1200 312N 0523W 290 015 1009 1015 0500 15 167 -999 -999 -999 -999 -999 -999
NHC  94L INVEST    120920 1800 306N 0540W 270 031 1006 1018 0741 18 278 0649 -999 -999 -999 -999 -999
NHC  94L INVEST    120921 0000 318N 0548W 305 041 1006 1013 0510 18 278 0649 -999 -999 -999 -999 -999
NHC  94L INVEST    120921 0600 323N 0562W 305 051 1006 1013 0510 18 278 0649 -999 -999 -999 -999 -999
NHC  94L INVEST    120921 1200 323N 0572W 300 051 1006 1013 0510 18 278 0649 -999 -999 -999 -999 -999
NHC  94L INVEST    120921 1800 330N 0584W 295 057 1006 1013 0510 18 278 0649 -999 -999 -999 -999 -999
NHC  94L INVEST    120922 0000 337N 0595W 305 062 1007 1015 0510 18 324 0463 -999 -999 -999 -999 -999
