JTWC 94P INVEST    120305 0600 262S 1541E 125 031 1004 1008 0278 13 056 -999 -999 -999 -999
JTWC 94P INVEST    120305 1200 258S 1549E 100 036 1004 1008 0278 13 056 -999 -999 -999 -999
JTWC 94P INVEST    120306 0600 223S 1541E 350 057 1000 1005 0333 15 093 -999 -999 -999 -999
JTWC 94P INVEST    120306 1200 213S 1540E 355 057 1000 1005 0333 15 093 -999 -999 -999 -999
JTWC 94P INVEST    120306 1800 210S 1537E   0 036 1000 1004 0278 15 093 -999 -999 -999 -999
JTWC 94P INVEST    120307 0000 207S 1533E 335 031 1004 1005 0222 13 083 -999 -999 -999 -999
JTWC 94P INVEST    121227 0600 087S 1637E 220 021 1004 1006 0370 13 093 -999 -999 -999 -999
JTWC 94P INVEST    121227 1200 092S 1637E 210 021 1004 1006 0370 13 083 -999 -999 -999 -999
JTWC 94P INVEST    121227 1800 097S 1635E 205 026 1000 1006 0370 15 083 -999 -999 -999 -999
JTWC 94P INVEST    121228 0600 106S 1611E 235 047 1000 1006 0370 15 083 -999 -999 -999 -999
