NHC  95L INVEST    120618 0000 334N 0635W 035 088 1005 1013 0232 15 093 -999 -999 -999 -999 -999 -999
NHC  95L INVEST    120618 0600 349N 0626W 025 088 1005 1013 0232 15 074 -999 -999 -999 -999 -999 -999
NHC  95L INVEST    120618 1200 370N 0619W 020 088 1005 1016 0371 21 056 0093 0093 -999 -999 -999 -999
NHC  95L INVEST    120618 1800 380N 0613W 020 082 1005 1016 0371 21 056 0093 0093 -999 00939 -999 -999 -999
NHC  95L INVEST    120619 0000 385N 0605W 025 062 1005 1016 0371 21 056 0093 0093 -999 00939 -999 -999 -999
NHC  95L INVEST    120619 0600 391N 0596W 040 051 1005 1016 0408 21 056 0111 0111 -999 00749 -999 -999 -999
NHC  95L INVEST    120619 1200 394N 0584W 060 046 1005 1016 0408 21 056 0111 0111 -999 00749 -999 -999 -999
NHC  95L INVEST    120619 1800 395N 0580W 060 036 1005 1016 0408 21 056 0111 0111 -999 00749 -999 -999 -999
NHC  95L INVEST    120819 1200 217N 0981W 075 005 1010 1012 0278 10 111 -999 -999 -999 -999 -999 -999
NHC  95L INVEST    120820 0600 229N 0979W 010 021 1008 1012 0278 10 111 -999 -999 -999 -999 -999 -999
NHC  95L INVEST    120820 1200 232N 0972W 035 015 1008 1012 0241 10 111 -999 -999 -999 -999 -999 -999
NHC  95L INVEST    120820 1800 235N 0965W 030 015 1008 1012 0241 10 111 -999 -999 -999 -999 -999 -999
NHC  95L INVEST    120821 0000 240N 0963W 020 026 1010 1012 0241 10 111 -999 -999 -999 -999 -999 -999
NHC  95L INVEST    120821 0600 243N 0961W 040 026 1011 1013 0324 10 111 -999 -999 -999 -999 -999 -999
NHC  95L INVEST    120821 1200 238N 0972W 290 010 1010 1012 0324 10 111 -999 -999 -999 -999 -999 -999
NHC  95L INVEST    120821 1800 233N 0971W 225 005 1010 1013 0222 10 111 -999 -999 -999 -999 -999 -999
NHC  95L INVEST    120822 0000 237N 0975W 270 005 1009 1011 0139 10 111 -999 -999 -999 -999 -999 -999
NHC  95L INVEST    120925 1200 230N 0700W 310 062 1010 1014 0278 13 083 -999 -999 -999 -999 -999 -999
NHC  95L INVEST    120925 1800 242N 0705W 320 057 1010 1014 0278 13 083 -999 -999 -999 -999 -999 -999
