NHC  96E INVEST    120702 1200 099N 0997W 285 051 1009 1011 0278 10 111 -999 -999 -999 -999 -999 -999
NHC  96E INVEST    120702 1800 097N 0994W 280 036 1007 1010 0278 13 111 -999 -999 -999 -999 -999 -999
NHC  96E INVEST    120703 0000 097N 0997W 280 026 1007 1009 0278 13 111 -999 -999 -999 -999 -999 -999
NHC  96E INVEST    120703 0600 098N 1000W 285 021 1007 1009 0278 13 102 -999 -999 -999 -999 -999 -999
NHC  96E INVEST    120703 1200 102N 1006W 290 026 1006 1009 0278 13 093 -999 -999 -999 -999 -999 -999
NHC  96E INVEST    120703 1800 107N 1024W 285 041 1005 1009 0278 15 083 -999 -999 -999 -999 -999 -999
NHC  96E INVEST    120704 0000 115N 1047W 285 046 1005 1009 0371 15 083 -999 -999 -999 -999 -999 -999
NHC  96E INVEST    120704 0600 120N 1051W 290 057 1006 1009 0371 15 074 -999 -999 -999 -999 -999 -999
NHC  96E INVEST    120819 1800 183N 1059W 300 021 1010 1012 0278 13 111 -999 -999 -999 -999 -999 -999
NHC  96E INVEST    120820 0600 190N 1065W 315 026 1010 1012 0278 13 111 -999 -999 -999 -999 -999 -999
NHC  96E INVEST    121005 1800 132N 1155W 270 082 1008 1011 0334 15 093 -999 -999 -999 -999 -999 -999
NHC  96E INVEST    121006 0000 135N 1165W 275 067 1008 1011 0334 15 093 -999 -999 -999 -999 -999 -999
NHC  96E INVEST    121006 0600 138N 1175W 280 057 1008 1011 0334 15 093 -999 -999 -999 -999 -999 -999
NHC  96E INVEST    121006 1200 139N 1179W 285 041 1008 1011 0334 15 093 -999 -999 -999 -999 -999 -999
