NHC  96L INVEST    120621 1800 217N 0890W 020 015 1008 1009 0445 10 222 -999 -999 -999 -999 -999 -999
NHC  96L INVEST    120622 0000 220N 0890W 360 015 1007 1009 0445 10 222 -999 -999 -999 -999 -999 -999
NHC  96L INVEST    120622 0600 225N 0895W 015 021 1007 1009 0445 10 222 -999 -999 -999 -999 -999 -999
NHC  96L INVEST    120622 1200 225N 0883W 040 010 1005 1007 0463 13 278 -999 -999 -999 -999 -999 -999
NHC  96L INVEST    120622 1800 226N 0883W 030 010 1005 1008 0417 13 278 -999 -999 -999 -999 -999 -999
NHC  96L INVEST    120623 0000 233N 0879W 360 021 1004 1007 0417 15 278 -999 -999 -999 -999 -999 -999
NHC  96L INVEST    120623 0600 240N 0880W 010 021 1004 1008 0463 15 278 -999 -999 -999 -999 -999 -999
NHC  96L INVEST    120623 1200 254N 0876W 005 041 1002 1008 0519 15 222 -999 -999 -999 -999 -999 -999
NHC  96L INVEST    120623 1800 260N 0876W 005 031 1001 1008 0463 21 222 0222 0222 -999 -999 -999 -999
NHC  96L INVEST    120820 0000 121N 0214W 255 077 1010 1013 0324 13 093 -999 -999 -999 -999 -999 -999
NHC  96L INVEST    120820 1200 127N 0255W 275 093 1010 1013 0324 13 093 -999 -999 -999 -999 -999 -999
NHC  96L INVEST    120820 1800 123N 0274W 270 098 1010 1013 0324 13 093 -999 -999 -999 -999 -999 -999
NHC  96L INVEST    120821 0000 103N 0271W 270 057 1010 1013 0324 13 093 -999 -999 -999 -999 -999 -999
NHC  96L INVEST    120821 0600 101N 0286W 265 062 1010 1013 0324 13 093 -999 -999 -999 -999 -999 -999
NHC  96L INVEST    120821 1200 103N 0305W 270 072 1010 1013 0371 13 111 -999 -999 -999 -999 -999 -999
NHC  96L INVEST    120821 1800 105N 0317W 275 072 1010 1013 0371 13 111 -999 -999 -999 -999 -999 -999
NHC  96L INVEST    120822 0000 109N 0329W 280 072 1010 1015 0371 13 111 -999 -999 -999 -999 -999 -999
NHC  96L INVEST    120822 0600 115N 0345W 285 077 1009 1014 0463 13 111 -999 -999 -999 -999 -999 -999
NHC  96L INVEST    120822 1200 122N 0357W 295 072 1007 1013 0417 15 074 -999 -999 -999 -999 -999 -999
NHC  96L INVEST    120930 1800 099N 0290W 275 051 1008 1012 0463 10 167 -999 -999 -999 -999 -999 -999
NHC  96L INVEST    121001 0000 100N 0300W 275 051 1008 1012 0463 13 167 -999 -999 -999 -999 -999 -999
NHC  96L INVEST    121001 0600 102N 0310W 280 051 1008 1011 0463 13 222 -999 -999 -999 -999 -999 -999
NHC  96L INVEST    121001 1200 118N 0322W 290 067 1008 1011 0463 13 222 -999 -999 -999 -999 -999 -999
NHC  96L INVEST    121001 1800 124N 0332W 295 067 1008 1010 0463 13 222 -999 -999 -999 -999 -999 -999
NHC  96L INVEST    121002 0000 099N 0360W 275 062 1009 1012 0445 13 222 -999 -999 -999 -999 -999 -999
NHC  96L INVEST    121002 0600 104N 0370W 285 057 1009 1012 0445 13 222 -999 -999 -999 -999 -999 -999
NHC  96L INVEST    121002 1200 120N 0383W 310 077 1009 1012 0371 13 222 -999 -999 -999 -999 -999 -999
NHC  96L INVEST    121002 1800 137N 0389W 330 082 1009 1012 0371 13 222 -999 -999 -999 -999 -999 -999
NHC  96L INVEST    121003 0000 144N 0393W 325 067 1008 1013 0371 15 222 -999 -999 -999 -999 -999 -999
NHC  96L INVEST    121003 0600 159N 0396W 340 077 1008 1013 0371 15 167 -999 -999 -999 -999 -999 -999
NHC  96L INVEST    121003 1200 175N 0410W 335 088 1008 1013 0371 15 167 -999 -999 -999 -999 -999 -999
