JTWC 96P INVEST    120206 0600 175S 1779W  95 036 0998 1000 0222 13 083 -999 -999 -999 -999
JTWC 96P INVEST    120206 1200 182S 1756W 100 108 0996 1000 0222 18 083 -999 -999 -999 -999
JTWC 96P INVEST    120312 1200 114S 1287E 240 031 1000 1004 0278 13 074 -999 -999 -999 -999
JTWC 96P INVEST    120312 1800 121S 1280E 230 041 1000 1003 0259 13 074 -999 -999 -999 -999
JTWC 96P INVEST    120313 0000 123S 1271E 235 041 1000 1004 0259 13 074 -999 -999 -999 -999
JTWC 96P INVEST    120313 0600 123S 1264E 250 041 1000 1003 0296 15 074 -999 -999 -999 -999
JTWC 96P INVEST    120313 1200 125S 1278E 205 005 1000 1003 0296 15 074 -999 -999 -999 -999
JTWC 96P INVEST    120313 1800 138S 1275E 195 021 1000 1002 0241 15 074 -999 -999 -999 -999
JTWC 96P INVEST    120314 0000 148S 1274E 190 031 1000 1002 0241 15 074 -999 -999 -999 -999
JTWC 96P INVEST    120314 0600 143S 1286E 135 026 0998 1002 0222 13 074 -999 -999 -999 -999
JTWC 96P INVEST    120314 1200 150S 1299E 110 046 1000 1002 0241 13 074 -999 -999 -999 -999
JTWC 96P INVEST    120316 1800 165S 1406E  80 062 0997 1005 0278 13 028 -999 -999 -999 -999
JTWC 96P INVEST    120317 0000 165S 1409E  75 046 0997 1005 0278 13 065 -999 -999 -999 -999
JTWC 96P INVEST    120317 0600 167S 1416E  80 036 1004 1005 0370 13 065 -999 -999 -999 -999
JTWC 96P INVEST    120317 1200 167S 1416E  80 036 1000 1004 0556 15 065 -999 -999 -999 -999
JTWC 96P INVEST    120317 1800 170S 1411E 155 005 1000 1004 0556 15 065 -999 -999 -999 -999
JTWC 96P INVEST    120318 0000 168S 1409E 270 010 0993 1004 0556 15 065 -999 -999 -999 -999
JTWC 96P INVEST    120318 0600 168S 1407E 285 010 0995 1002 0593 15 065 -999 -999 -999 -999
JTWC 96P INVEST    120318 1200 169S 1414E  70 005 0997 1005 0593 13 065 -999 -999 -999 -999
JTWC 96P INVEST    120318 1800 171S 1411E 150 005 0994 1002 0315 13 065 -999 -999 -999 -999
JTWC 96P INVEST    120319 0000 173S 1410E 150 010 0994 1005 0315 13 065 -999 -999 -999 -999
JTWC 96P INVEST    120319 0600 173S 1412E 205 005 0992 1005 0315 13 065 -999 -999 -999 -999
