JTWC 96S INVEST    121122 1200 113S 0800E 235 037 1004 1008 0278 13 074 -999 -999 -999 -999
JTWC 96S INVEST    121123 0000 117S 0784E 245 047 1004 1008 0370 13 074 -999 -999 -999 -999
JTWC 96S INVEST    121123 1200 119S 0775E 265 026 1004 1010 0352 13 065 -999 -999 -999 -999
JTWC 96S INVEST    121123 1800 123S 0771E 245 026 1004 1007 0333 13 074 -999 -999 -999 -999
JTWC 96S INVEST    121124 0000 128S 0764E 235 032 1000 1007 0333 15 074 -999 -999 -999 -999
JTWC 96S INVEST    121124 0600 136S 0758E 225 041 0989 1006 0306 23 065 -999 -999 0065 0065
JTWC 96S INVEST    121228 1800 101S 0661E 250 047 1002 1004 0333 13 092 -999 -999 -999 -999
JTWC 96S INVEST    121229 0000 104S 0645E 255 062 1002 1005 0333 13 093 -999 -999 -999 -999
JTWC 96S INVEST    121229 0600 095S 0649E 275 037 1004 1006 0370 13 092 -999 -999 -999 -999
JTWC 96S INVEST    121229 1200 098S 0643E 265 032 1007 1008 0333 10 092 -999 -999 -999 -999
JTWC 96S INVEST    121229 1800 101S 0632E 255 042 1002 1004 0333 13 083 -999 -999 -999 -999
JTWC 96S INVEST    121230 0000 102S 0613E 260 057 1000 1005 0333 15 083 -999 -999 -999 -999
JTWC 96S INVEST    121230 0600 100S 0605E 270 052 1000 1006 0370 15 083 -999 -999 -999 -999
JTWC 96S INVEST    121230 1200 105S 0596E 260 052 1000 1004 0370 15 092 -999 -999 -999 -999
JTWC 96S INVEST    121230 1800 106S 0584E 260 052 1000 1004 0370 15 092 -999 -999 -999 -999
JTWC 96S INVEST    121231 0000 105S 0587E 260 037 1000 1005 0352 15 083 -999 -999 -999 -999
JTWC 96S INVEST    121231 0600 109S 0585E 250 032 1000 1005 0370 15 083 -999 -999 -999 -999
JTWC 96S INVEST    121231 1200 113S 0577E 245 037 1000 1003 0389 15 092 -999 -999 -999 -999
JTWC 96S INVEST    121231 1800 119S 0564E 240 046 0996 1002 0370 18 065 -999 -999 -999 -999
