JTWC 97P INVEST    121119 1200 095S 1689E 225 042 1007 1010 0278 10 065 -999 -999 -999 -999
JTWC 97P INVEST    121119 1800 107S 1674E 235 062 1004 1006 0278 13 083 -999 -999 -999 -999
JTWC 97P INVEST    121120 0000 106S 1676E 235 042 1000 1006 0333 15 083 -999 -999 -999 -999
JTWC 97P INVEST    121120 0600 100S 1674E 225 026 1004 1006 0333 13 083 -999 -999 -999 -999
JTWC 97P INVEST    121120 1200 105S 1666E 235 037 1004 1006 0315 13 083 -999 -999 -999 -999
JTWC 97P INVEST    121120 1800 118S 1658E 225 047 1000 1006 0315 15 083 -999 -999 -999 -999
JTWC 97P INVEST    121121 0000 123S 1655E 205 042 1000 1006 0343 15 074 -999 -999 -999 -999
JTWC 97P INVEST    121121 0600 130S 1657E 190 037 1000 1006 0343 15 074 -999 -999 -999 -999
JTWC 97P INVEST    121121 1200 135S 1666E 155 037 1000 1006 0324 15 074 -999 -999 -999 -999
JTWC 97P INVEST    121121 1800 150S 1677E 140 057 1000 1006 0333 15 074 -999 -999 -999 -999
JTWC 97P INVEST    121122 0000 161S 1698E 130 088 1000 1006 0324 15 074 -999 -999 -999 -999
