JTWC 97S INVEST    120123 1800 162S 1143E 225 067 1004 1005 0370 10 083 -999 -999 -999 -999
JTWC 97S INVEST    120124 0000 168S 1127E 235 072 1003 1005 0370 10 083 -999 -999 -999 -999
JTWC 97S INVEST    120124 0600 168S 1119E 245 072 1004 1007 0306 13 046 -999 -999 -999 -999
JTWC 97S INVEST    120124 1200 166S 1110E 255 067 1000 1007 0306 15 046 -999 -999 -999 -999
JTWC 97S INVEST    120124 1800 159S 1092E 275 077 0996  999 0389 15 074 -999 -999 -999 -999
JTWC 97S INVEST    120125 0000 160S 1083E 280 072 0996  998 0370 15 065 -999 -999 -999 -999
JTWC 97S INVEST    120125 0600 159S 1083E 285 046 1000 1001 0370 15 065 -999 -999 -999 -999
JTWC 97S INVEST    120125 1200 160S 1078E 270 026 0996 1001 0370 18 065 -999 -999 -999 -999
JTWC 97S INVEST    121230 1800 094S 0865E 090 032 1002 1004 0278 13 083 -999 -999 -999 -999
JTWC 97S INVEST    121231 0000 096S 0865E 100 021 1004 1006 0296 13 083 -999 -999 -999 -999
JTWC 97S INVEST    121231 0600 097S 0864E 115 016 1004 1005 0315 13 083 -999 -999 -999 -999
JTWC 97S INVEST    121231 1200 100S 0860E 190 011 1000 1004 0333 15 065 -999 -999 -999 -999
JTWC 97S INVEST    121231 1800 103S 0850E 245 026 1000 1004 0333 15 046 -999 -999 -999 -999
