JTWC 97W INVEST    120424 0600 045N 1366E 270 021 1009 1011 0407 08 083 -999 -999 -999 -999
JTWC 97W INVEST    120424 1200 042N 1362E 270 021 1008 1010 0278 08 083 -999 -999 -999 -999
JTWC 97W INVEST    120424 1800 045N 1365E 270 015 1008 1010 0324 10 083 -999 -999 -999 -999
JTWC 97W INVEST    120425 0000 050N 1362E 285 015 1008 1010 0324 10 083 -999 -999 -999 -999
JTWC 97W INVEST    120426 0600 041N 1349E 260 010 1007 1010 0324 10 083 -999 -999 -999 -999
JTWC 97W INVEST    120818 0600 116N 1389E 270 010 1009 1011 0278 08 083 -999 -999 -999 -999
JTWC 97W INVEST    120818 1200 125N 1410E 270 010 1009 1011 0278 08 083 -999 -999 -999 -999
JTWC 97W INVEST    120819 0600 144N 1418E 015 026 1007 1011 0278 10 083 -999 -999 -999 -999
JTWC 97W INVEST    120819 1200 152N 1419E 010 026 1007 1010 0278 10 074 -999 -999 -999 -999
JTWC 97W INVEST    120819 1800 166N 1421E 000 037 1004 1006 0287 10 074 -999 -999 -999 -999
JTWC 97W INVEST    120820 0000 173N 1415E 340 041 1000 1006 0287 15 074 -999 -999 -999 -999
