NHC  98E INVEST    120710 0600 105N 0995W 290 036 1007 1010 0371 10 148 -999 -999 -999 -999 -999 -999
NHC  98E INVEST    120710 1200 108N 0999W 295 031 1007 1010 0371 10 148 -999 -999 -999 -999 -999 -999
NHC  98E INVEST    120710 1800 120N 1015W 300 046 1007 1009 0371 13 148 -999 -999 -999 -999 -999 -999
NHC  98E INVEST    120711 0000 120N 1025W 285 046 1006 1008 0371 13 148 -999 -999 -999 -999 -999 -999
NHC  98E INVEST    120711 0600 122N 1027W 295 051 1006 1008 0371 13 093 -999 -999 -999 -999 -999 -999
NHC  98E INVEST    120711 1200 124N 1035W 290 046 1005 1008 0371 13 093 -999 -999 -999 -999 -999 -999
NHC  98E INVEST    120711 1800 126N 1034W 295 031 1006 1009 0334 13 093 -999 -999 -999 -999 -999 -999
NHC  98E INVEST    120712 0000 134N 1050W 295 046 1005 1007 0334 13 093 -999 -999 -999 -999 -999 -999
NHC  98E INVEST    120901 1200 127N 1023W 295 057 1008 1010 0371 13 185 -999 -999 -999 -999 -999 -999
NHC  98E INVEST    120901 1800 130N 1035W 290 057 1007 1010 0334 15 167 -999 -999 -999 -999 -999 -999
NHC  98E INVEST    120902 0000 135N 1046W 295 057 1006 1009 0334 15 167 -999 -999 -999 -999 -999 -999
NHC  98E INVEST    120902 0600 144N 1057W 300 062 1006 1009 0334 15 167 -999 -999 -999 -999 -999 -999
NHC  98E INVEST    121027 1800 108N 1096W 280 036 1007 1008 0278 13 111 -999 -999 -999 -999 -999 -999
NHC  98E INVEST    121028 0000 112N 1104W 290 041 1007 1008 0278 13 111 -999 -999 -999 -999 -999 -999
NHC  98E INVEST    121028 0600 114N 1108W 290 036 1006 1008 0278 13 111 -999 -999 -999 -999 -999 -999
JTWC 98E INVEST    121028 1200 126N 1106W 290 047 1006 1009 0324 13 130 -999 -999 -999 -999
NHC  98E INVEST    121028 1800 128N 1113W 290 046 1006 1009 0324 13 130 -999 -999 -999 -999 -999 -999
NHC  98E INVEST    121029 0000 126N 1117W 295 036 1006 1009 0315 13 093 -999 -999 -999 -999 -999 -999
NHC  98E INVEST    121029 0600 130N 1124W 295 041 1006 1009 0315 13 093 -999 -999 -999 -999 -999 -999
NHC  98E INVEST    121029 1200 133N 1132W 290 046 1006 1009 0324 15 093 -999 -999 -999 -999 -999 -999
NHC  98E INVEST    121029 1800 136N 1146W 290 051 1006 1009 0324 15 148 -999 -999 -999 -999 -999 -999
NHC  98E INVEST    121030 0000 140N 1151W 295 041 1006 1009 0324 15 148 -999 -999 -999 -999 -999 -999
NHC  98E INVEST    121030 0600 146N 1157W 300 041 1006 1009 0324 15 111 -999 -999 -999 -999 -999 -999
