NHC  02L TWO       160527 1800 282N 0742W 295 057 1010 1014 0204 15 093 -999 -999 -999 -999 -999 -999
NHC  02L TWO       160528 0000 288N 0752W 300 051 1009 1014 0222 15 093 -999 -999 -999 -999 -999 -999
NHC  02L TWO       160528 0600 295N 0765W 300 062 1009 1014 0222 15 093 -999 -999 -999 -999 -999 -999
NHC  02L TWO       160528 1200 300N 0780W 300 067 1009 1014 0222 15 093 -999 -999 -999 -999 -999 -999
NHC  02L TWO       160528 1800 308N 0791W 310 057 1009 1014 0222 15 065 -999 -999 -999 -999 -999 -999
NHC  02L BONNIE    160529 0000 309N 0794W 300 026 1007 1016 0222 18 093 -999 -999 -999 01119 -999 -999 -999
NHC  02L BONNIE    160529 0600 315N 0794W 360 031 1009 1016 0222 18 093 -999 -999 -999 00939 -999 -999 -999
NHC  02L BONNIE    160529 1200 327N 0797W 355 046 1009 1016 0222 15 046 -999 -999 -999 -999 -999 -999
NHC  02L BONNIE    160529 1800 331N 0804W 330 010 1010 1016 0204 15 148 -999 -999 -999 -999 -999 -999
NHC  02L BONNIE    160530 0000 329N 0803W 160 005 1011 1015 0204 13 148 -999 -999 -999 -999 -999 -999
NHC  02L BONNIE    160530 0600 329N 0796W 085 026 1012 1015 0204 13 148 -999 -999 -999 -999 -999 -999
NHC  02L BONNIE    160530 1200 335N 0797W 055 010 1012 1015 0204 10 148 -999 -999 -999 -999 -999 -999
NHC  02L BONNIE    160531 0600 329N 0790W 120 015 1010 1012 0222 10 130 -999 -999 -999 -999 -999 -999
NHC  02L BONNIE    160602 1200 349N 0754W 060 036 1009 1017 0222 13 056 -999 -999 -999 -999 -999 -999
NHC  02L BONNIE    160602 1800 353N 0751W 045 026 1008 1017 0222 15 028 -999 -999 -999 -999 -999 -999
NHC  02L BONNIE    160603 0000 356N 0746W 045 021 1006 1017 0222 15 028 -999 -999 -999 -999 -999 -999
NHC  02L BONNIE    160603 0600 357N 0737W 070 031 1006 1017 0222 15 056 -999 -999 -999 -999 -999 -999
NHC  02L BONNIE    160603 1200 359N 0725W 080 041 1006 1017 0222 15 056 -999 -999 -999 -999 -999 -999
NHC  02L BONNIE    160603 1800 359N 0712W 085 051 1006 1017 0222 18 056 -999 0056 -999 -999 -999 -999
NHC  02L BONNIE    160604 0000 359N 0701W 090 051 1006 1017 0222 18 056 -999 0056 -999 -999 -999 -999
NHC  02L BONNIE    160604 0600 359N 0688W 090 051 1006 1017 0222 18 056 -999 0056 -999 -999 -999 -999
NHC  02L BONNIE    160604 1200 357N 0672W 095 062 1007 1015 0185 18 056 -999 0056 -999 -999 -999 -999
NHC  02L BONNIE    160604 1800 351N 0659W 110 062 1008 1015 0185 15 056 -999 -999 -999 -999 -999 -999
NHC  02L BONNIE    160605 0000 348N 0645W 105 062 1009 1014 0204 15 056 -999 -999 -999 -999 -999 -999
