JTWC 02S TWO       161219 1800 161S 1138E 255 032 0996 1003 0315 18 055 -999 0056 0056 -999
JTWC 02S TWO       161220 0000 160S 1134E 270 032 0996 1003 0315 18 055 -999 0056 0056 -999
JTWC 02S TWO       161220 0600 143S 1140E 335 032 0996 1002 0343 18 055 -999 0056 0056 -999
JTWC 02S TWO       161220 1200 142S 1143E 015 037 0996 1003 0370 18 055 -999 0056 0056 -999
JTWC 02S TWO       161221 0000 147S 1141E 160 006 0993 1002 0370 20 046 0130 0167 0185 0130
JTWC 02S TWO       161221 0600 142S 1141E 000 006 0987 1002 0352 20 046 0158 0158 0148 0148
JTWC 02S YVETTE    161221 1200 142S 1139E 315 006 0989 1002 0352 23 046 0158 0158 0148 0148
JTWC 02S YVETTE    161221 1800 141S 1145E 050 016 0990 1001 0333 23 037 0167 0148 0148 0185
JTWC 02S YVETTE    161222 0000 140S 1147E 070 016 0990 1001 0333 23 037 0167 0148 0148 0185
JTWC 02S YVETTE    161222 0600 142S 1143E 015 037 0991 1001 0333 23 064 0167 0148 0148 0185
JTWC 02S YVETTE    161222 1200 143S 1145E 105 006 0989 1001 0333 23 064 0167 0148 0148 0185
JTWC 02S YVETTE    161222 1800 144S 1147E 110 011 0992 1000 0333 20 064 0139 0111 0102 0139
JTWC 02S YVETTE    161223 0000 143S 1153E 095 016 0992 1000 0333 20 064 0139 0111 0102 0139
JTWC 02S YVETTE    161223 0600 147S 1161E 105 026 0993 0998 0278 18 083 0121 0102 0102 0121
JTWC 02S YVETTE    161223 1200 147S 1165E 100 032 0993 0998 0278 18 083 0121 0102 0102 0121
JTWC 02S YVETTE    161223 1800 148S 1176E 105 042 0999 1010 0278 15 083 -999 -999 -999 -999
