JTWC 03B THREE     161025 0000 166N 0913E 275 026 0996 1006 0315 18 083 -999 -999 -999 -999
JTWC 03B THREE     161025 0600 167N 0909E 270 032 0997 1006 0333 20 083 0185 0222 0167 0232
JTWC 03B THREE     161025 1200 166N 0908E 265 026 0994 1005 0352 23 074 0241 0176 0111 0176
JTWC 03B KYANT     161025 1800 167N 0895E 270 042 0993 1006 0333 26 055 0139 0139 0222 0232
JTWC 03B KYANT     161026 0000 166N 0885E 270 042 0984 1006 0333 26 055 0139 0093 0158 0167
JTWC 03B KYANT     161026 0600 164N 0875E 265 047 0996 1007 0333 26 055 0139 0093 0102 0139
JTWC 03B KYANT     161026 1200 159N 0863E 255 057 0999 1007 0324 23 064 0121 0093 0093 0121
JTWC 03B KYANT     161026 1800 159N 0861E 255 042 1000 1009 0343 15 083 -999 -999 -999 -999
JTWC 03B KYANT     161027 0600 159N 0842E 265 047 1004 1008 0343 13 083 -999 -999 -999 -999
JTWC 03B KYANT     161027 1200 158N 0837E 265 037 1006 1008 0343 13 083 -999 -999 -999 -999
JTWC 03B KYANT     161027 1800 153N 0829E 255 042 1006 1008 0343 13 083 -999 -999 -999 -999
JTWC 03B KYANT     161028 0000 150N 0823E 245 037 1005 1010 0296 13 092 -999 -999 -999 -999
