NHC  03L THREE     160605 1200 217N 0880W 355 062 1005 1008 0556 15 278 -999 -999 -999 -999 -999 -999
NHC  03L THREE     160605 1800 227N 0881W 360 051 1005 1008 0463 15 278 -999 -999 -999 -999 -999 -999
NHC  03L COLIN     160606 0000 232N 0878W 360 041 1003 1008 0463 18 278 0297 -999 -999 -999 -999 -999
NHC  03L COLIN     160606 0600 244N 0876W 010 051 1004 1009 0463 18 278 0297 0297 -999 -999 -999 -999
NHC  03L COLIN     160606 1200 264N 0873W 010 088 1004 1008 0556 23 278 -999 0371 -999 -999 -999 -999
NHC  03L COLIN     160606 1800 282N 0862W 020 103 1005 1009 0510 23 334 -999 0445 -999 -999 -999 -999
NHC  03L COLIN     160607 0000 293N 0846W 040 098 1001 1009 0556 23 334 -999 0371 -999 -999 -999 -999
NHC  03L COLIN     160607 0600 307N 0821W 055 124 1003 1009 0556 23 278 -999 0371 -999 -999 -999 -999
NHC  03L COLIN     160607 1200 334N 0782W 055 149 1000 1004 0371 23 278 -999 0371 -999 -999 -999 -999
NHC  03L COLIN     160607 1800 354N 0745W 050 180 0996 1000 0324 26 278 -999 0389 -999 -999 -999 -999
