NHC  06L SIX       160817 0000 122N 0336W 310 067 1008 1012 0297 15 093 -999 -999 -999 -999 -999 -999
NHC  06L SIX       160817 0600 129N 0347W 305 067 1007 1012 0297 15 093 -999 -999 -999 -999 -999 -999
NHC  06L SIX       160817 1200 136N 0358W 305 067 1006 1011 0259 18 074 0074 -999 -999 00749 -999 -999 -999
NHC  06L FIONA     160817 1800 147N 0372W 305 072 1006 1011 0259 18 028 0037 -999 -999 00379 -999 -999 -999
NHC  06L FIONA     160818 0000 153N 0382W 305 067 1006 1014 0241 18 037 0037 -999 -999 00379 -999 -999 -999
NHC  06L FIONA     160818 0600 158N 0396W 300 072 1006 1013 0259 21 056 0056 -999 -999 00569 -999 -999 -999
NHC  06L FIONA     160818 1200 162N 0402W 300 036 1006 1013 0259 21 056 0056 -999 -999 00569 -999 -999 -999
NHC  06L FIONA     160818 1800 167N 0409W 305 041 1006 1013 0259 21 056 0056 -999 -999 00569 -999 -999 -999
NHC  06L FIONA     160819 0000 169N 0414W 305 036 1006 1013 0259 21 056 0056 -999 -999 00569 -999 -999 -999
NHC  06L FIONA     160819 0600 173N 0422W 300 046 1006 1013 0259 21 056 0056 -999 -999 00569 -999 -999 -999
NHC  06L FIONA     160819 1200 176N 0430W 295 041 1006 1013 0259 21 056 0074 0056 -999 00569 -999 -999 -999
NHC  06L FIONA     160819 1800 180N 0439W 295 041 1007 1013 0259 18 074 -999 -999 -999 00749 -999 -999 -999
NHC  06L FIONA     160820 0000 184N 0450W 295 051 1007 1012 0222 18 130 -999 -999 -999 01309 -999 -999 -999
NHC  06L FIONA     160820 0600 189N 0461W 295 057 1008 1012 0222 18 130 -999 -999 -999 01309 -999 -999 -999
NHC  06L FIONA     160820 1200 200N 0472W 300 062 1008 1012 0222 18 130 -999 -999 -999 01309 -999 -999 -999
NHC  06L FIONA     160820 1800 209N 0485W 305 067 1008 1012 0222 18 130 -999 -999 -999 01309 -999 -999 -999
NHC  06L FIONA     160821 0000 215N 0496W 305 067 1004 1012 0222 23 037 0093 0074 -999 00569 -999 -999 -999
NHC  06L FIONA     160821 0600 219N 0510W 290 067 1006 1012 0222 21 037 0093 0074 -999 00569 -999 -999 -999
NHC  06L FIONA     160821 1200 226N 0526W 290 077 1007 1012 0222 18 037 0074 0056 -999 00569 -999 -999 -999
NHC  06L FIONA     160821 1800 231N 0542W 290 077 1007 1012 0222 18 037 0074 -999 -999 -999 -999 -999
NHC  06L FIONA     160822 0000 237N 0559W 290 082 1008 1012 0185 15 037 -999 -999 -999 -999 -999 -999
NHC  06L FIONA     160822 0600 242N 0576W 290 082 1008 1012 0185 15 037 -999 -999 -999 -999 -999 -999
NHC  06L FIONA     160822 1200 245N 0591W 285 082 1008 1012 0185 15 037 -999 -999 -999 -999 -999 -999
NHC  06L FIONA     160822 1800 249N 0607W 285 077 1008 1013 0167 15 037 -999 -999 -999 -999 -999 -999
NHC  06L FIONA     160823 0000 253N 0616W 290 067 1010 1014 0167 15 037 -999 -999 -999 -999 -999 -999
NHC  06L FIONA     160823 0600 256N 0629W 290 057 1010 1014 0167 15 046 -999 -999 -999 -999 -999 -999
NHC  06L FIONA     160823 1200 259N 0640W 290 057 1014 1017 0167 13 046 -999 -999 -999 -999 -999 -999
