NHC  07L SEVEN     160822 1800 120N 0282W 280 093 1006 1014 0556 15 111 -999 -999 -999 -999 -999 -999
NHC  07L SEVEN     160823 0000 124N 0299W 285 088 1005 1014 0556 18 074 0093 -999 -999 -999 -999 -999
NHC  07L GASTON    160823 0600 129N 0316W 285 088 1004 1014 0556 23 037 0093 0074 0056 00939 -999 -999 -999
NHC  07L GASTON    160823 1200 135N 0337W 285 093 1002 1013 0556 28 037 0093 0074 0056 00936 -999 -999 -999
NHC  07L GASTON    160823 1800 139N 0351W 285 088 1002 1013 0500 28 037 0111 0074 0056 01116 0037 -999 0037
NHC  07L GASTON    160824 0000 144N 0365W 290 082 1002 1013 0371 28 037 0111 0074 0056 01116 0037 -999 0037
NHC  07L GASTON    160824 0600 149N 0379W 290 077 0999 1013 0371 31 037 0111 0074 0056 01116 0037 -999 0037
NHC  07L GASTON    160824 1200 156N 0389W 295 067 0999 1014 0408 31 037 0111 0074 0056 01116 0037 -999 0037
NHC  07L GASTON    160824 1800 168N 0399W 315 072 1002 1014 0334 28 037 0130 0148 0074 00934 0074 -999 0056
NHC  07L GASTON    160825 0000 181N 0415W 315 082 0990 1014 0334 31 037 0148 0148 0074 00934 0074 0037 0056
NHC  07L GASTON    160825 0600 189N 0427W 310 077 0988 1013 0278 33 037 0148 0148 0074 00934 0074 0037 0056
NHC  07L GASTON    160825 1200 198N 0439W 310 077 0992 1013 0315 31 065 0185 0130 -999 01851 -999 -999 0093
NHC  07L GASTON    160825 1800 210N 0450W 315 077 0994 1013 0297 28 065 0185 0130 -999 01850 -999 -999 0111
NHC  07L GASTON    160826 0000 222N 0459W 320 077 0997 1013 0297 28 065 0185 0130 -999 01850 -999 -999 0111
NHC  07L GASTON    160826 0600 234N 0470W 320 077 0997 1013 0241 28 065 0204 0148 -999 01850 -999 -999 0111
NHC  07L GASTON    160826 1200 247N 0477W 330 077 0997 1013 0278 28 056 0241 0185 0074 01850 0074 -999 0074
NHC  07L GASTON    160826 1800 258N 0491W 320 077 0997 1013 0278 28 056 0241 0148 0074 01853 0056 -999 0056
NHC  07L GASTON    160827 0000 266N 0503W 315 072 0997 1013 0278 28 056 0241 0148 0074 01853 0056 -999 0056
NHC  07L GASTON    160827 0600 276N 0515W 310 072 0995 1013 0278 28 056 0241 0148 0074 01853 0056 -999 0056
NHC  07L GASTON    160827 1200 281N 0528W 300 067 0995 1013 0278 31 037 0241 0148 0074 01853 0056 0037 0056
NHC  07L GASTON    160827 1800 289N 0537W 310 067 0993 1013 0278 31 037 0241 0167 0093 02043 0074 0037 0074
NHC  07L GASTON    160828 0600 299N 0545W 325 041 0980 1014 0278 39 028 0222 0222 0093 01481 0074 0037 0074
NHC  07L GASTON    160828 1200 303N 0547W 330 026 0970 1016 0334 46 028 0222 0222 0093 01481 0074 0037 0074
NHC  07L GASTON    160828 1800 306N 0550W 320 026 0965 1016 0334 49 028 0222 0222 0093 01481 0074 0037 0074
NHC  07L GASTON    160829 0000 306N 0552W 305 015 0957 1016 0334 54 037 0222 0222 0093 01481 0074 0037 0074
NHC  07L GASTON    160829 0600 307N 0552W 360 005 0960 1016 0334 51 037 0222 0222 0093 01481 0074 0037 0074
NHC  07L GASTON    160829 1200 308N 0554W 315 005 0960 1017 0334 51 037 0222 0222 0093 01481 0074 0037 0074
NHC  07L GASTON    160829 1800 311N 0554W 360 015 0964 1016 0389 49 037 0222 0222 0148 01481 0111 0074 0074
NHC  07L GASTON    160830 0000 314N 0549W 045 026 0968 1016 0389 46 037 0222 0222 0148 01481 0111 0074 0074
NHC  07L GASTON    160830 0600 317N 0544W 055 026 0968 1016 0389 46 046 0222 0222 0148 01481 0111 0074 0074
NHC  07L GASTON    160830 1200 320N 0534W 060 036 0971 1014 0389 44 046 0222 0222 0148 01481 0111 0074 0074
NHC  07L GASTON    160830 1800 324N 0525W 065 046 0964 1014 0389 49 065 0222 0241 0185 01671 0130 0111 0093
NHC  07L GASTON    160831 0000 326N 0515W 070 046 0956 1015 0371 54 065 0222 0259 0185 01671 0130 0111 0093
NHC  07L GASTON    160831 0600 331N 0506W 065 046 0956 1015 0371 54 065 0185 0259 0222 01483 0148 0111 0093
NHC  07L GASTON    160831 1200 336N 0492W 065 062 0961 1016 0371 51 065 0222 0278 0222 01671 0148 0111 0093
NHC  07L GASTON    160831 1800 345N 0478W 055 077 0966 1016 0426 49 065 0241 0278 0222 01670 0167 0111 0093
NHC  07L GASTON    160901 0000 356N 0463W 050 082 0970 1017 0408 46 065 0241 0278 0241 01670 0167 0111 0093
NHC  07L GASTON    160901 0600 364N 0445W 055 088 0977 1017 0408 41 065 0241 0278 0241 01670 0167 0111 0093
NHC  07L GASTON    160901 1200 372N 0420W 065 108 0980 1016 0389 39 065 0241 0278 0241 01670 0167 0111 0093
NHC  07L GASTON    160901 1800 380N 0391W 070 134 0984 1016 0334 36 083 0241 0297 0259 01670 0185 0148 -999
NHC  07L GASTON    160902 0000 382N 0370W 070 108 0989 1018 0352 33 083 0222 0278 0241 01671 0167 0111 -999
NHC  07L GASTON    160902 0600 384N 0353W 075 093 0992 1016 0334 28 083 0185 0241 0204 01301 0167 0111 -999
NHC  07L GASTON    160902 1200 387N 0331W 080 082 0992 1016 0334 28 083 0185 0241 0204 01301 0167 0111 -999
NHC  07L GASTON    160902 1800 393N 0312W 070 082 1000 1016 0334 23 083 0185 0241 0204 -999 -999 -999
NHC  07L GASTON    160903 0000 397N 0296W 070 072 1003 1015 0278 18 167 -999 0167 -999 -999 -999 -999
NHC  07L GASTON    160903 0600 402N 0278W 070 072 1005 1015 0278 15 167 -999 -999 -999 -999 -999 -999
