JTWC 07W OMAIS     160804 1800 191N 1462E 345 016 0996 1005 0666 18 166 -999 -999 -999 -999
JTWC 07W OMAIS     160805 0000 200N 1463E 000 026 0993 1005 0648 18 166 -999 -999 -999 -999
JTWC 07W OMAIS     160805 0600 211N 1467E 010 037 0989 1004 0648 23 166 0296 0296 0269 0269
JTWC 07W OMAIS     160805 1200 223N 1474E 020 057 0985 1004 0648 26 166 0407 0454 0454 0315
JTWC 07W OMAIS     160805 1800 237N 1476E 015 067 0982 1004 0648 28 175 0407 0454 0454 0315
JTWC 07W OMAIS     160806 0000 246N 1477E 010 062 0982 1001 0611 28 148 0389 0407 0315 0352
JTWC 07W OMAIS     160806 0600 253N 1478E 005 052 0978 1002 0629 31 148 0528 0565 0361 0370
JTWC 07W OMAIS     160806 1200 263N 1476E 000 047 0978 1002 0629 31 148 0528 0565 0361 0370
JTWC 07W OMAIS     160806 1800 274N 1471E 345 052 0982 1003 0602 28 129 0528 0565 0361 0370
JTWC 07W OMAIS     160807 0000 286N 1468E 345 057 0989 1003 0555 23 129 0528 0528 0361 0324
JTWC 07W OMAIS     160807 0600 297N 1463E 345 062 0989 1003 0555 23 148 0528 0528 0361 0324
JTWC 07W OMAIS     160807 1200 310N 1458E 345 067 0989 1003 0555 23 166 0518 0491 0296 0352
JTWC 07W OMAIS     160807 1800 322N 1450E 335 067 0985 1003 0555 26 166 0463 0407 -999 0324
JTWC 07W OMAIS     160808 0000 337N 1444E 335 072 0985 1004 0509 26 166 0463 0407 -999 0324
JTWC 07W OMAIS     160808 0600 346N 1442E 340 067 0989 1002 0509 23 166 0463 0407 -999 0324
JTWC 07W OMAIS     160808 1200 356N 1444E 355 057 0993 1002 0509 20 166 0463 0407 -999 0324
JTWC 07W OMAIS     160808 1800 368N 1447E 005 052 0993 1002 0509 20 166 0463 0407 -999 0324
JTWC 07W OMAIS     160809 0000 380N 1456E 020 062 0985 1002 0509 20 166 0389 0407 -999 0324
