JTWC 08S CORENTIN  160121 1200 159S 0736E 235 042 0996 1003 0426 18 083 -999 -999 -999 -999
JTWC 08S CORENTIN  160121 1800 169S 0734E 220 047 0989 1003 0426 23 083 0222 0222 0185 0185
JTWC 08S CORENTIN  160122 0000 179S 0732E 205 047 0982 1003 0426 28 083 0222 0222 0185 0185
JTWC 08S CORENTIN  160122 0600 185S 0724E 205 047 0974 1004 0463 33 074 0259 0287 0232 0204
JTWC 08S CORENTIN  160122 1200 197S 0716E 210 057 0974 1004 0518 33 018 0278 0306 0250 0222
JTWC 08S CORENTIN  160122 1800 207S 0716E 205 057 0970 1007 0518 36 037 0278 0306 0250 0222
JTWC 08S CORENTIN  160123 0000 215S 0716E 195 052 0967 1006 0537 38 049 0278 0222 0333 0241
JTWC 08S CORENTIN  160123 0600 229S 0724E 170 052 0967 1004 0555 38 018 0463 0389 0250 0278
JTWC 08S CORENTIN  160123 1200 239S 0726E 165 057 0967 1004 0555 38 083 0463 0389 0250 0278
JTWC 08S CORENTIN  160123 1800 245S 0729E 160 057 0978 1004 0444 31 055 0426 0370 0232 0259
JTWC 08S CORENTIN  160124 0000 254S 0740E 150 052 0982 1005 0444 28 055 0370 0444 0232 0222
JTWC 08S CORENTIN  160124 0600 262S 0752E 135 057 0985 1003 0426 26 092 0370 0370 0232 0232
JTWC 08S CORENTIN  160124 1200 270S 0769E 125 077 0985 1003 0444 26 092 0370 0370 0232 0232
JTWC 08S CORENTIN  160124 1800 276S 0783E 120 077 0985 1003 0444 26 092 0370 0370 0315 0232
JTWC 08S CORENTIN  160125 0000 277S 0774E 130 042 0989 1003 0463 23 074 0370 0370 0315 0232
JTWC 08S CORENTIN  160125 0600 270S 0779E 095 032 0989 1003 0481 23 083 0370 0389 0333 0333
JTWC 08S CORENTIN  160125 1200 270S 0783E 075 026 0993 1003 0491 20 092 0417 0435 0333 0333
JTWC 08S CORENTIN  160125 1800 270S 0791E 075 032 0986 1003 0463 18 111 0417 0435 0333 0333
JTWC 08S CORENTIN  160126 0000 265S 0798E 070 032 0986 1003 0463 18 111 -999 -999 -999 -999
JTWC 08S CORENTIN  160126 1200 269S 0789E 300 006 0989 1003 0463 23 111 0417 0435 0407 0407
JTWC 08S CORENTIN  160126 1800 269S 0782E 255 026 0993 1003 0463 20 296 -999 0306 -999 -999
JTWC 08S CORENTIN  160127 0000 275S 0778E 240 032 0993 1003 0463 20 296 -999 0306 -999 -999
JTWC 08S CORENTIN  160127 0600 278S 0760E 250 047 1000 1003 0463 15 296 -999 -999 -999 -999
JTWC 08S CORENTIN  160127 1200 274S 0763E 255 032 1000 1003 0463 15 296 -999 -999 -999 -999
JTWC 08S CORENTIN  160127 1800 280S 0769E 220 006 1000 1006 0555 15 296 -999 -999 -999 -999
JTWC 08S CORENTIN  160128 0000 286S 0766E 145 016 1000 1006 0555 15 296 -999 -999 -999 -999
