NHC  09E NINE      160731 1800 152N 1207W 300 041 1006 1010 0389 15 083 -999 -999 -999 -999 -999 -999
NHC  09E NINE      160801 0000 156N 1215W 295 046 1006 1009 0371 15 074 -999 -999 -999 -999 -999 -999
NHC  09E HOWARD    160801 0600 159N 1224W 295 046 1005 1009 0371 18 074 0074 0074 -999 00749 -999 -999 -999
NHC  09E HOWARD    160801 1200 164N 1231W 295 046 1000 1009 0371 23 074 0093 0074 -999 00749 -999 -999 -999
NHC  09E HOWARD    160801 1800 171N 1246W 295 057 0999 1009 0324 23 074 0093 0074 -999 00749 -999 -999 -999
NHC  09E HOWARD    160802 0000 174N 1258W 290 062 0999 1009 0324 23 074 0111 0093 -999 00939 -999 -999 -999
NHC  09E HOWARD    160802 0600 180N 1270W 295 067 0999 1009 0324 26 074 0167 0167 -999 01484 -999 -999 0074
NHC  09E HOWARD    160802 1200 185N 1283W 295 067 0999 1010 0324 26 046 0167 0167 -999 01484 -999 -999 0074
NHC  09E HOWARD    160802 1800 190N 1295W 295 067 0999 1010 0324 26 046 0167 0167 -999 01484 -999 -999 0074
NHC  09E HOWARD    160803 0000 198N 1307W 300 067 0999 1011 0324 23 046 0167 0111 -999 01489 -999 -999 -999
NHC  09E HOWARD    160803 0600 202N 1320W 295 067 1005 1012 0278 21 046 0111 0111 -999 01119 -999 -999 -999
NHC  09E HOWARD    160803 1200 208N 1331W 300 062 1006 1012 0278 18 056 0130 0111 -999 00939 -999 -999 -999
NHC  09E HOWARD    160803 1800 211N 1345W 290 067 1007 1011 0278 18 056 0111 -999 -999 -999 -999 -999
NHC  09E HOWARD    160805 1800 218N 1460W 265 072 1009 1013 0232 15 056 -999 -999 -999 -999 -999 -999
NHC  09E HOWARD    160806 0000 220N 1470W 270 062 1009 1013 0185 15 074 -999 -999 -999 -999 -999 -999
NHC  09E HOWARD    160806 0600 221N 1488W 270 067 1009 1013 0185 15 074 -999 -999 -999 -999 -999 -999
NHC  09E HOWARD    160806 1200 219N 1504W 270 072 1009 1013 0185 15 074 -999 -999 -999 -999 -999 -999
NHC  09E HOWARD    160806 1800 220N 1515W 270 072 1009 1013 0185 15 074 -999 -999 -999 -999 -999 -999
NHC  09E HOWARD    160807 0000 219N 1533W 270 072 1010 1013 0185 15 074 -999 -999 -999 -999 -999 -999
NHC  09E HOWARD    160807 0600 219N 1546W 270 067 1012 1015 0167 15 083 -999 -999 -999 -999 -999 -999
NHC  09E HOWARD    160807 1200 217N 1562W 270 077 1012 1015 0167 15 093 -999 -999 -999 -999 -999 -999
NHC  09E HOWARD    160807 1800 221N 1571W 275 062 1014 1015 0111 13 093 -999 -999 -999 -999 -999 -999
NHC  09E HOWARD    160808 0000 224N 1589W 280 067 1013 1013 0111 13 093 -999 -999 -999 -999 -999 -999
