NHC  09L NINE      160828 1800 237N 0817W 270 041 1009 1010 0185 15 148 -999 -999 -999 -999 -999 -999
NHC  09L NINE      160829 0000 234N 0823W 260 041 1007 1011 0222 15 093 -999 -999 -999 -999 -999 -999
NHC  09L NINE      160829 0600 234N 0835W 265 046 1007 1010 0222 15 130 -999 -999 -999 -999 -999 -999
NHC  09L NINE      160829 1200 236N 0841W 280 036 1007 1010 0222 15 111 -999 -999 -999 -999 -999 -999
NHC  09L NINE      160829 1800 238N 0845W 285 021 1007 1010 0222 18 074 -999 0111 -999 -999 -999 -999
NHC  09L NINE      160830 0000 239N 0853W 280 031 1003 1010 0222 15 065 -999 -999 -999 -999 -999 -999
NHC  09L NINE      160830 0600 237N 0864W 270 036 1005 1010 0297 15 111 -999 -999 -999 -999 -999 -999
NHC  09L NINE      160830 1200 239N 0869W 280 031 1004 1009 0278 15 111 -999 -999 -999 -999 -999 -999
NHC  09L NINE      160830 1800 243N 0871W 315 026 1005 1009 0278 15 111 -999 -999 -999 -999 -999 -999
NHC  09L NINE      160831 0000 242N 0877W 290 021 1004 1009 0278 15 111 -999 -999 -999 -999 -999 -999
NHC  09L NINE      160831 0600 243N 0881W 290 015 1004 1009 0371 15 093 -999 -999 -999 -999 -999 -999
NHC  09L NINE      160831 1200 246N 0880W 360 000 1001 1009 0408 15 093 -999 -999 -999 -999 -999 -999
NHC  09L HERMINE   160831 1800 253N 0878W 020 026 1004 1010 0445 21 093 -999 0185 -999 -999 -999 -999
NHC  09L HERMINE   160901 0000 255N 0871W 025 041 1000 1010 0445 26 037 0204 0204 0167 -999 -999 -999
NHC  09L HERMINE   160901 0600 260N 0870W 030 026 0999 1010 0445 26 037 0222 0222 0111 -999 -999 -999
NHC  09L HERMINE   160901 1200 270N 0862W 030 062 0992 1009 0445 28 037 0222 0222 0111 -999 -999 -999
NHC  09L HERMINE   160901 1800 280N 0854W 035 062 0989 1009 0445 31 037 0278 0297 0111 01115 0222 0056 0056
NHC  09L HERMINE   160902 0000 291N 0848W 030 062 0983 1009 0445 36 046 0204 0278 0148 01118 0185 0111 0074
NHC  09L HERMINE   160902 0600 302N 0840W 030 062 0982 1009 0445 36 046 0222 0278 0111 01111 0185 0056 -999
NHC  09L HERMINE   160902 1200 314N 0828W 040 082 0989 1010 0389 23 046 0222 0278 0056 00569 -999 -999 -999
NHC  09L HERMINE   160902 1800 325N 0813W 050 088 0993 1010 0334 23 111 0259 0297 -999 -999 -999 -999
NHC  09L HERMINE   160903 0000 337N 0793W 050 098 0996 1010 0334 23 111 0259 0297 -999 -999 -999 -999
NHC  09L HERMINE   160903 0600 350N 0773W 050 098 0997 1010 0334 26 111 0222 0297 -999 -999 -999 -999
NHC  09L HERMINE   160903 1200 359N 0755W 055 093 0993 1014 0334 28 074 0334 0297 -999 02220 0185 -999 0111
NHC  09L HERMINE   160903 1800 360N 0741W 080 062 0997 1015 0334 31 148 0334 0297 0222 02599 -999 0167 0167
NHC  09L HERMINE   160904 0000 363N 0726W 080 062 0998 1015 0334 31 130 0334 0297 0222 02590 -999 0167 0167
NHC  09L HERMINE   160904 0600 366N 0713W 075 062 0998 1015 0334 31 111 0334 0334 0315 02787 -999 -999 0130
NHC  09L HERMINE   160904 1200 370N 0700W 070 057 0999 1016 0371 28 111 0334 0334 0315 02787 -999 -999 0130
NHC  09L HERMINE   160904 1800 372N 0693W 070 031 0999 1016 0371 31 111 0371 0334 0315 03717 -999 -999 0185
NHC  09L HERMINE   160905 0000 372N 0683W 080 031 0999 1016 0389 31 148 0371 0278 0278 03719 -999 -999 0259
NHC  09L HERMINE   160905 0600 373N 0684W 010 015 0997 1016 0389 31 111 0371 0278 0278 03719 -999 -999 0259
NHC  09L HERMINE   160905 1200 384N 0684W 010 026 0996 1016 0371 31 111 0371 0278 0278 03719 -999 -999 0259
NHC  09L HERMINE   160905 1800 391N 0692W 315 031 0997 1016 0371 31 111 0371 0278 0278 03349 -999 -999 0259
NHC  09L HERMINE   160906 0000 393N 0703W 300 041 0997 1017 0445 31 111 0278 0278 0278 02785 -999 0111 0185
NHC  09L HERMINE   160906 0600 396N 0713W 290 041 0996 1017 0445 28 111 0222 0222 0222 02228 -999 -999 0148
NHC  09L HERMINE   160906 1200 395N 0717W 270 031 0997 1017 0445 26 111 0185 0222 0222 01851 -999 -999 0111
