JTWC 09W NINE      160813 1200 194N 1413E 040 057 1000 1001 0370 15 092 -999 -999 -999 -999
JTWC 09W NINE      160813 1800 198N 1419E 040 047 0997 1000 0370 15 092 -999 -999 -999 -999
JTWC 09W CHANTHU   160814 0000 203N 1426E 045 042 0996 1000 0370 18 092 -999 -999 -999 -999
JTWC 09W CHANTHU   160814 0600 227N 1438E 035 072 0996 0999 0352 18 092 -999 -999 -999 -999
JTWC 09W CHANTHU   160814 1200 241N 1446E 030 083 0993 1000 0370 20 055 0333 0241 0167 0241
JTWC 09W CHANTHU   160814 1800 252N 1448E 020 072 0989 1000 0370 23 055 0333 0333 0167 0167
JTWC 09W CHANTHU   160815 0000 266N 1449E 015 067 0989 1000 0370 23 055 0333 0333 0167 0167
JTWC 09W CHANTHU   160815 0600 277N 1444E 355 062 0989 0999 0352 23 074 0333 0269 0167 0185
JTWC 09W CHANTHU   160815 1200 291N 1437E 345 067 0993 1001 0370 20 074 0333 0269 0167 0185
JTWC 09W CHANTHU   160815 1800 303N 1430E 340 072 0990 1001 0370 18 074 -999 -999 -999 -999
JTWC 09W CHANTHU   160816 0000 316N 1423E 335 072 0993 1001 0370 20 074 0222 -999 -999 0130
JTWC 09W CHANTHU   160816 0600 334N 1415E 335 083 0993 1001 0370 20 074 0222 -999 -999 0130
JTWC 09W CHANTHU   160816 1200 352N 1410E 340 088 0996 1001 0370 18 074 0111 -999 -999 0148
JTWC 09W CHANTHU   160816 1800 362N 1412E 350 083 0996 1001 0278 18 092 -999 -999 -999 -999
JTWC 09W CHANTHU   160817 0000 377N 1416E 000 072 0991 1000 0315 18 092 -999 -999 -999 -999
JTWC 09W CHANTHU   160817 0600 409N 1429E 015 103 0996 1000 0315 18 092 0111 -999 -999 0148
