NHC  10E TEN       160802 1800 131N 1150W 295 072 1008 1012 0222 15 056 -999 -999 -999 -999 -999 -999
NHC  10E TEN       160803 0000 137N 1170W 290 088 1006 1010 0278 15 074 -999 -999 -999 -999 -999 -999
NHC  10E TEN       160803 0600 140N 1186W 285 088 1006 1012 0278 15 093 -999 -999 -999 -999 -999 -999
NHC  10E IVETTE    160803 1200 145N 1197W 285 077 1004 1011 0222 21 093 0093 -999 -999 -999 -999 -999
NHC  10E IVETTE    160803 1800 148N 1213W 285 077 1004 1011 0278 21 093 0093 -999 -999 -999 -999 -999
NHC  10E IVETTE    160804 0000 145N 1227W 275 072 1004 1010 0278 21 037 0111 0074 0056 01119 -999 -999 -999
NHC  10E IVETTE    160804 0600 146N 1240W 275 067 1004 1010 0222 21 074 0130 0074 -999 01309 -999 -999 -999
NHC  10E IVETTE    160804 1200 150N 1256W 280 072 1004 1011 0334 21 074 0130 0074 -999 01309 -999 -999 -999
NHC  10E IVETTE    160804 1800 150N 1269W 275 067 1002 1010 0334 23 074 0130 0093 -999 01309 -999 -999 -999
NHC  10E IVETTE    160805 0000 148N 1281W 270 062 1002 1011 0334 23 037 0111 0074 -999 00749 -999 -999 -999
NHC  10E IVETTE    160805 0600 149N 1292W 275 062 1002 1011 0278 23 037 0111 0074 -999 00749 -999 -999 -999
NHC  10E IVETTE    160805 1200 150N 1303W 275 057 1002 1011 0278 23 037 0111 0074 -999 00749 -999 -999 -999
NHC  10E IVETTE    160805 1800 154N 1314W 280 057 1000 1011 0334 26 037 0111 0074 0037 00746 -999 -999 -999
NHC  10E IVETTE    160806 0000 154N 1322W 280 051 1000 1009 0334 26 037 0148 0111 0056 01116 -999 -999 -999
NHC  10E IVETTE    160806 0600 156N 1331W 280 046 1001 1009 0334 26 037 0148 0111 0056 01116 -999 -999 -999
NHC  10E IVETTE    160806 1200 159N 1340W 285 046 1003 1011 0334 23 037 0148 0111 0056 01119 -999 -999 -999
NHC  10E IVETTE    160806 1800 161N 1350W 285 051 1003 1011 0278 23 037 0148 0111 0056 01119 -999 -999 -999
NHC  10E IVETTE    160807 0000 165N 1359W 290 051 1005 1011 0278 21 037 0148 0111 0056 01119 -999 -999 -999
NHC  10E IVETTE    160807 0600 167N 1369W 290 051 1005 1011 0222 21 037 0148 0111 0056 01119 -999 -999 -999
NHC  10E IVETTE    160807 1200 170N 1379W 290 051 1005 1011 0324 21 037 0148 -999 -999 00939 -999 -999 -999
NHC  10E IVETTE    160807 1800 172N 1386W 290 046 1006 1011 0324 18 037 0148 -999 -999 00939 -999 -999 -999
NHC  10E IVETTE    160808 0000 173N 1394W 280 046 1006 1011 0324 18 093 0130 -999 -999 00939 -999 -999 -999
NHC  10E IVETTE    160808 0600 171N 1402W 265 041 1007 1012 0278 15 083 -999 -999 -999 -999 -999 -999
NHC  10E IVETTE    160808 1200 170N 1408W 265 036 1008 1011 0222 15 083 -999 -999 -999 -999 -999 -999
NHC  10E IVETTE    160808 1800 171N 1413W 265 031 1010 1013 0167 13 148 -999 -999 -999 -999 -999 -999
NHC  10E IVETTE    160809 0000 171N 1422W 270 036 1010 1012 0167 13 111 -999 -999 -999 -999 -999 -999
NHC  10E IVETTE    160809 0600 170N 1431W 270 041 1010 1012 0167 13 111 -999 -999 -999 -999 -999 -999
NHC  10E IVETTE    160809 1200 170N 1442W 270 046 1010 1012 0167 13 111 -999 -999 -999 -999 -999 -999
NHC  10E IVETTE    160809 1800 168N 1453W 265 051 1010 1012 0167 13 111 -999 -999 -999 -999 -999 -999
NHC  10E IVETTE    160810 0000 166N 1467W 265 062 1010 1012 0167 13 111 -999 -999 -999 -999 -999 -999
NHC  10E IVETTE    160810 0600 159N 1483W 255 072 1011 1012 0167 13 111 -999 -999 -999 -999 -999 -999
NHC  10E IVETTE    160810 1200 158N 1502W 260 082 1011 1012 0167 13 111 -999 -999 -999 -999 -999 -999
NHC  10E IVETTE    160811 0000 147N 1534W 255 088 1011 1012 0139 13 083 -999 -999 -999 -999 -999 -999
NHC  10E IVETTE    160811 0600 144N 1553W 260 093 1011 1012 0139 13 083 -999 -999 -999 -999 -999 -999
