JTWC 10W TEN       160817 1800 153N 1413E 075 032 0998 1000 0380 15 074 -999 -999 -999 -999
JTWC 10W TEN       160818 0000 153N 1421E 080 037 0997 0999 0380 15 074 -999 -999 -999 -999
JTWC 10W TEN       160818 0600 157N 1429E 075 037 0996 0998 0315 15 074 -999 -999 -999 -999
JTWC 10W TEN       160818 1200 165N 1434E 055 042 0998 1000 0315 15 064 -999 -999 -999 -999
JTWC 10W TEN       160818 1800 171N 1434E 035 037 0996 1000 0315 18 064 -999 -999 -999 -999
JTWC 10W TEN       160819 0000 176N 1425E 355 032 0993 1000 0315 20 064 -999 -999 -999 -999
JTWC 10W TEN       160819 0600 181N 1414E 320 042 0989 1001 0463 23 064 0084 0130 -999 -999
JTWC 10W MINDULLE  160819 1200 189N 1410E 315 042 0989 1001 0463 23 064 0084 0130 -999 -999
JTWC 10W MINDULLE  160819 1800 197N 1405E 325 047 0989 1000 0407 23 064 0111 0148 -999 -999
JTWC 10W MINDULLE  160820 0000 204N 1407E 345 042 0982 0999 0407 28 055 0111 0148 0056 -999
JTWC 10W MINDULLE  160820 0600 223N 1409E 000 057 0982 0999 0407 28 055 0111 0148 0056 -999
JTWC 10W MINDULLE  160820 1200 239N 1410E 005 072 0982 0999 0407 28 055 0111 0148 0056 -999
JTWC 10W MINDULLE  160820 1800 265N 1405E 000 103 0982 1000 0333 28 055 0111 0148 0074 -999
JTWC 10W MINDULLE  160821 0000 283N 1406E 355 103 0982 0998 0296 28 055 0111 0148 0074 -999
JTWC 10W MINDULLE  160821 0600 303N 1401E 355 108 0982 0998 0296 28 055 0148 0130 0074 0056
JTWC 10W MINDULLE  160821 1200 317N 1396E 350 093 0989 0998 0296 23 055 0139 0130 0056 0074
JTWC 10W MINDULLE  160821 1800 332N 1390E 345 088 0985 1001 0259 26 055 0139 0130 0056 0074
JTWC 10W MINDULLE  160822 0000 343N 1393E 350 072 0985 1001 0222 26 046 0084 0084 0047 0056
JTWC 10W MINDULLE  160822 0600 360N 1401E 005 072 0989 1001 0222 23 046 0084 0084 0047 0056
JTWC 10W MINDULLE  160822 1200 379N 1407E 015 088 0993 1001 0222 20 046 0084 0084 0047 0056
