NHC  11E ELEVEN    160807 0600 176N 1038W 285 041 1002 1006 0185 15 093 -999 -999 -999 -999 -999 -999
NHC  11E ELEVEN    160807 1200 181N 1046W 300 046 1002 1006 0185 15 093 -999 -999 -999 -999 -999 -999
NHC  11E JAVIER    160807 1800 192N 1062W 300 062 1000 1006 0185 21 074 0167 0167 -999 01119 -999 -999 -999
NHC  11E JAVIER    160808 0000 202N 1073W 300 062 0999 1007 0185 23 074 0167 0167 -999 01119 -999 -999 -999
NHC  11E JAVIER    160808 0600 212N 1081W 315 062 0999 1008 0167 23 037 0093 0074 0056 00569 -999 -999 -999
NHC  11E JAVIER    160808 1200 216N 1089W 310 051 0999 1008 0167 23 037 0093 0074 0056 00569 -999 -999 -999
NHC  11E JAVIER    160808 1800 223N 1093W 315 041 0999 1008 0167 23 028 0093 0056 0056 00749 -999 -999 -999
NHC  11E JAVIER    160809 0000 223N 1096W 310 021 0998 1008 0167 28 019 0074 0056 0074 00749 0019 0019 -999
NHC  11E JAVIER    160809 0600 230N 1102W 315 031 1003 1008 0167 21 028 0074 0056 0074 00749 -999 -999 -999
NHC  11E JAVIER    160809 1200 234N 1108W 310 031 1006 1010 0222 15 037 -999 -999 -999 -999 -999 -999
NHC  11E JAVIER    160809 1800 242N 1117W 310 046 1007 1010 0222 13 074 -999 -999 -999 -999 -999 -999
