NHC  11L JULIA     160914 0000 299N 0815W 350 046 1010 1015 0222 18 074 0074 0074 -999 -999 -999 -999
NHC  11L JULIA     160914 0600 306N 0818W 340 041 1012 1015 0167 18 093 0130 -999 -999 -999 -999 -999
NHC  11L JULIA     160914 1200 312N 0817W 010 031 1011 1016 0167 18 111 0185 -999 -999 -999 -999 -999
NHC  11L JULIA     160914 1800 319N 0807W 040 036 1011 1016 0167 18 111 0185 -999 -999 01119 -999 -999 -999
NHC  11L JULIA     160915 0000 320N 0800W 045 036 1009 1016 0167 18 111 0185 -999 -999 01119 -999 -999 -999
NHC  11L JULIA     160915 0600 319N 0799W 070 005 1010 1015 0148 15 093 -999 -999 -999 -999 -999 -999
NHC  11L JULIA     160915 1200 318N 0788W 100 026 1010 1016 0167 15 093 -999 -999 -999 -999 -999 -999
NHC  11L JULIA     160915 1800 321N 0775W 085 046 1007 1016 0185 18 111 0130 -999 -999 -999 -999 -999
NHC  11L JULIA     160916 0000 315N 0773W 100 036 1007 1016 0185 18 111 0130 -999 -999 -999 -999 -999
NHC  11L JULIA     160916 0600 311N 0768W 135 031 1008 1016 0278 18 111 0111 -999 -999 -999 -999 -999
NHC  11L JULIA     160916 1200 311N 0758W 105 036 1008 1016 0278 18 111 0111 -999 -999 -999 -999 -999
NHC  11L JULIA     160916 1800 310N 0756W 110 015 1007 1016 0278 18 056 0056 -999 -999 00569 -999 -999 -999
NHC  11L JULIA     160917 0000 303N 0762W 150 015 1008 1016 0278 15 056 -999 -999 -999 -999 -999 -999
NHC  11L JULIA     160917 0600 301N 0764W 220 015 1009 1016 0278 13 065 -999 -999 -999 -999 -999 -999
NHC  11L JULIA     160917 1200 302N 0762W 360 000 1010 1016 0278 13 065 -999 -999 -999 -999 -999 -999
NHC  11L JULIA     160917 1800 304N 0762W 360 010 1010 1016 0278 13 065 -999 -999 -999 -999 -999 -999
NHC  11L JULIA     160918 0000 305N 0764W 344 005 1010 1016 0278 13 065 -999 -999 -999 -999 -999 -999
NHC  11L JULIA     160918 0600 311N 0766W 335 026 1010 1015 0278 13 074 -999 -999 -999 -999 -999 -999
NHC  11L JULIA     160918 1200 318N 0770W 335 026 1010 1015 0278 13 074 -999 -999 -999 -999 -999 -999
NHC  11L JULIA     160918 1800 320N 0776W 290 026 1010 1015 0278 13 074 -999 -999 -999 -999 -999 -999
NHC  11L JULIA     160919 0000 322N 0783W 310 031 1010 1013 0185 13 074 -999 -999 -999 -999 -999 -999
NHC  11L JULIA     160919 0600 324N 0782W 360 010 1011 1013 0185 10 074 -999 -999 -999 -999 -999 -999
