NHC  12E TWELVE    160818 1800 175N 1098W 315 041 1006 1010 0324 15 111 -999 -999 -999 -999 -999 -999
NHC  12E TWELVE    160819 0000 179N 1103W 310 041 1005 1008 0259 15 111 -999 -999 -999 -999 -999 -999
NHC  12E TWELVE    160819 0600 182N 1107W 305 036 1005 1008 0259 18 093 -999 0093 -999 -999 -999 -999
NHC  12E KAY       160819 1200 188N 1112W 315 036 1005 1008 0259 18 093 -999 0093 -999 -999 -999 -999
NHC  12E KAY       160819 1800 193N 1115W 325 036 1000 1010 0259 23 046 -999 0093 0074 -999 -999 -999
NHC  12E KAY       160820 0000 190N 1122W 305 036 1000 1010 0259 21 046 -999 -999 0093 00749 -999 -999 -999
NHC  12E KAY       160820 0600 194N 1128W 305 031 1000 1010 0259 23 046 -999 -999 0093 00749 -999 -999 -999
NHC  12E KAY       160820 1200 200N 1124W 345 026 1000 1010 0259 23 046 -999 -999 0093 00749 -999 -999 -999
NHC  12E KAY       160820 1800 201N 1129W 320 026 1000 1010 0259 23 046 -999 -999 0093 00749 -999 -999 -999
NHC  12E KAY       160821 0000 204N 1131W 305 026 1000 1010 0259 23 046 -999 -999 0093 00749 -999 -999 -999
NHC  12E KAY       160821 0600 208N 1138W 305 031 1003 1010 0278 21 037 0074 0056 -999 -999 -999 -999
NHC  12E KAY       160821 1200 210N 1143W 305 031 1002 1010 0278 21 046 0074 0056 -999 -999 -999 -999
NHC  12E KAY       160821 1800 215N 1151W 300 036 1000 1009 0324 23 046 0074 0056 -999 -999 -999 -999
NHC  12E KAY       160822 0000 217N 1156W 300 036 1000 1009 0334 23 037 0056 0056 0056 00749 -999 -999 -999
NHC  12E KAY       160822 0600 221N 1163W 300 036 1000 1009 0334 23 037 0056 0056 0056 00749 -999 -999 -999
NHC  12E KAY       160822 1200 219N 1168W 280 031 1002 1009 0334 21 037 0056 0056 0056 00749 -999 -999 -999
NHC  12E KAY       160822 1800 219N 1177W 275 036 1002 1009 0334 21 037 0056 0056 0056 00749 -999 -999 -999
NHC  12E KAY       160823 0000 219N 1184W 270 036 1004 1009 0334 18 037 0056 0056 0056 00749 -999 -999 -999
NHC  12E KAY       160823 0600 220N 1190W 275 036 1004 1010 0334 18 056 0056 -999 -999 00569 -999 -999 -999
NHC  12E KAY       160823 1200 224N 1196W 285 031 1006 1010 0334 15 056 -999 -999 -999 -999 -999 -999
NHC  12E KAY       160823 1800 232N 1206W 300 046 1006 1010 0334 15 056 -999 -999 -999 -999 -999 -999
