JTWC 12P TWELVE    160211 0000 169S 1574E 125 037 0996 1004 0407 18 064 -999 -999 -999 -999
JTWC 12P TWELVE    160211 0600 169S 1579E 110 037 0989 1001 0370 23 064 0111 0093 0093 0093
JTWC 12P TATIANA   160211 1200 168S 1585E 100 032 0982 1004 0370 28 037 0084 0074 0093 0093
JTWC 12P TATIANA   160211 1800 171S 1594E 095 032 0982 1002 0389 28 037 0084 0074 0093 0093
JTWC 12P TATIANA   160212 0000 179S 1598E 120 037 0982 1003 0389 28 037 0084 0074 0093 0093
JTWC 12P TATIANA   160212 0600 181S 1598E 135 032 0982 1001 0426 28 046 0084 0074 0093 0093
JTWC 12P TATIANA   160212 1200 189S 1600E 150 037 0989 1002 0426 23 046 0093 0121 0093 0093
JTWC 12P TATIANA   160212 1800 201S 1600E 165 047 0993 1002 0426 20 046 0093 0121 0093 0093
JTWC 12P TATIANA   160213 0000 210S 1601E 175 052 0996 1002 0426 18 046 0093 0121 0093 0093
JTWC 12P TATIANA   160213 0600 218S 1606E 170 052 0985 1002 0426 26 064 0167 0185 0185 0167
JTWC 12P TATIANA   160213 1200 229S 1606E 175 052 0989 1002 0426 23 064 0167 0185 0185 0167
JTWC 12P TATIANA   160213 1800 255S 1598E 190 077 0993 1000 0333 20 064 0167 0185 0185 0167
