JTWC 12W TWELVE    160818 1200 308N 1486E 300 088 0993 1001 0333 20 064 0259 0167 0074 0185
JTWC 12W TWELVE    160818 1800 328N 1467E 310 103 0996 1001 0278 18 064 0259 0167 0074 0185
JTWC 12W TWELVE    160819 0000 328N 1449E 305 088 0996 1001 0278 18 064 0259 0167 0074 0185
JTWC 12W TWELVE    160819 0600 331N 1427E 295 093 0996 1001 0278 18 064 0259 0167 0074 0185
JTWC 12W TWELVE    160819 1200 330N 1408E 280 088 0993 1001 0278 20 064 0259 0074 0074 0222
JTWC 12W LIONROCK  160819 1800 324N 1398E 265 072 0998 1002 0250 18 083 -999 -999 -999 -999
JTWC 12W LIONROCK  160820 0000 320N 1384E 255 067 0996 1001 0232 18 083 -999 -999 -999 -999
JTWC 12W LIONROCK  160820 0600 314N 1370E 250 067 0996 1001 0269 18 074 -999 -999 -999 -999
JTWC 12W LIONROCK  160820 1200 309N 1363E 245 057 0996 1000 0269 18 064 -999 -999 -999 -999
JTWC 12W LIONROCK  160820 1800 302N 1353E 240 052 0993 1000 0259 20 064 0185 0093 0093 0213
JTWC 12W LIONROCK  160821 0000 300N 1343E 245 047 0993 0998 0185 20 064 0130 0093 0093 0185
JTWC 12W LIONROCK  160821 0600 295N 1334E 245 052 0993 0998 0185 20 064 0130 0093 0093 0185
JTWC 12W LIONROCK  160821 1200 290N 1326E 245 047 0996 0998 0222 18 064 0111 -999 0074 0148
JTWC 12W LIONROCK  160821 1800 286N 1329E 220 032 0996 1001 0241 18 064 -999 -999 -999 -999
JTWC 12W LIONROCK  160822 0000 285N 1331E 195 016 0996 1002 0296 18 064 0130 0093 0093 0130
JTWC 12W LIONROCK  160822 0600 288N 1336E 105 016 0996 1002 0296 18 064 0130 0093 0093 0130
JTWC 12W LIONROCK  160822 1200 284N 1339E 105 016 0996 1002 0296 18 064 0130 0093 0093 0130
JTWC 12W LIONROCK  160822 1800 283N 1345E 100 021 0993 1002 0352 20 064 0102 0121 0102 0084
JTWC 12W LIONROCK  160823 0000 279N 1344E 140 016 0993 1002 0352 20 064 0102 0121 0102 0084
JTWC 12W LIONROCK  160823 0600 274N 1342E 175 021 0982 1002 0352 28 046 0121 0121 0102 0102
JTWC 12W LIONROCK  160823 1200 268N 1340E 190 026 0978 1000 0333 31 046 0111 0111 0121 0121
JTWC 12W LIONROCK  160823 1800 260N 1333E 210 037 0974 0998 0306 33 018 0111 0111 0121 0121
JTWC 12W LIONROCK  160824 0000 253N 1327E 215 042 0967 0999 0324 38 018 0158 0158 0139 0130
JTWC 12W LIONROCK  160824 0600 248N 1324E 215 037 0948 0998 0324 51 018 0139 0139 0158 0148
JTWC 12W LIONROCK  160824 1200 244N 1318E 220 037 0948 0998 0324 51 022 0139 0139 0158 0148
JTWC 12W LIONROCK  160824 1800 239N 1314E 220 032 0941 1000 0352 56 022 0139 0139 0158 0148
JTWC 12W LIONROCK  160825 0000 234N 1311E 220 032 0944 1000 0370 54 022 0158 0167 0176 0167
JTWC 12W LIONROCK  160825 0600 235N 1309E 225 021 0941 1000 0370 56 018 0158 0167 0176 0167
JTWC 12W LIONROCK  160825 1200 237N 1311E 235 006 0941 1000 0370 56 018 0158 0167 0176 0167
JTWC 12W LIONROCK  160825 1800 232N 1305E 250 011 0944 1000 0370 54 027 0158 0167 0195 0204
JTWC 12W LIONROCK  160826 0000 231N 1309E 180 006 0944 0999 0370 54 027 0176 0167 0185 0167
JTWC 12W LIONROCK  160826 0600 231N 1313E 120 011 0944 0999 0370 54 012 0176 0167 0185 0167
JTWC 12W LIONROCK  160826 1200 233N 1322E 085 026 0952 0999 0370 48 018 0176 0167 0185 0167
JTWC 12W LIONROCK  160826 1800 235N 1327E 075 026 0956 1001 0417 46 018 0204 0278 0222 0158
JTWC 12W LIONROCK  160827 0000 238N 1331E 065 026 0952 1001 0444 48 018 0204 0278 0222 0158
JTWC 12W LIONROCK  160827 0600 240N 1339E 060 032 0937 1000 0444 59 031 0204 0315 0222 0158
JTWC 12W LIONROCK  160827 1200 245N 1347E 060 037 0944 1000 0444 54 031 0204 0315 0222 0158
JTWC 12W LIONROCK  160827 1800 252N 1357E 060 047 0944 1000 0463 54 022 0259 0352 0315 0222
JTWC 12W LIONROCK  160828 0000 260N 1366E 050 057 0941 0998 0444 56 022 0259 0352 0315 0222
JTWC 12W LIONROCK  160828 0600 277N 1379E 040 072 0937 0995 0407 59 027 0241 0407 0370 0241
JTWC 12W LIONROCK  160828 1200 285N 1389E 040 077 0937 0995 0407 59 031 0241 0407 0370 0241
JTWC 12W LIONROCK  160828 1800 294N 1405E 045 083 0941 0995 0407 56 027 0241 0407 0370 0241
JTWC 12W LIONROCK  160829 0000 305N 1418E 050 077 0952 0992 0380 48 027 0241 0407 0370 0241
JTWC 12W LIONROCK  160829 0600 314N 1428E 050 077 0959 0990 0361 43 027 0241 0407 0370 0241
JTWC 12W LIONROCK  160829 1200 327N 1434E 035 072 0970 0990 0361 36 037 0333 0398 0398 0361
JTWC 12W LIONROCK  160829 1800 343N 1435E 020 072 0974 0990 0361 33 037 0333 0398 0398 0361
JTWC 12W LIONROCK  160830 0000 360N 1428E 000 077 0977 0989 0343 28 064 0389 0417 0241 0306
JTWC 12W LIONROCK  160830 0600 377N 1418E 345 088 0973 0990 0389 28 101 0352 0315 0185 0343
JTWC 12W LIONROCK  160830 1200 406N 1402E 340 113 0978 0990 0389 23 101 0352 0315 0185 0343
JTWC 12W LIONROCK  160830 1800 433N 1373E 335 144 1000 1001 0343 15 101 -999 -999 -999 -999
