JTWC 15S FIFTEEN   160316 0000 110S 0856E 280 016 0993 1009 0370 26 046 0093 0074 0111 0111
JTWC 15S EMERAUDE  160316 0600 108S 0849E 285 026 0982 1009 0370 28 046 0121 0111 0148 0148
JTWC 15S EMERAUDE  160316 1200 107S 0847E 290 021 0967 1010 0370 38 022 0148 0139 0167 0167
JTWC 15S EMERAUDE  160316 1800 106S 0843E 290 021 0956 1008 0352 46 022 0130 0121 0148 0148
JTWC 15S EMERAUDE  160317 0000 105S 0842E 295 016 0952 1008 0352 48 012 0130 0121 0148 0148
JTWC 15S EMERAUDE  160317 0600 104S 0840E 295 016 0929 1007 0370 64 022 0121 0121 0167 0167
JTWC 15S EMERAUDE  160317 1200 107S 0840E 255 006 0933 1006 0407 61 022 0121 0121 0167 0167
JTWC 15S EMERAUDE  160318 0000 102S 0841E 025 006 0944 1006 0407 54 018 0121 0121 0167 0167
JTWC 15S EMERAUDE  160318 0600 101S 0845E 040 016 0959 1009 0306 43 018 0074 0047 0047 0056
JTWC 15S EMERAUDE  160318 1200 102S 0852E 080 021 0967 1007 0324 38 018 0074 0056 0047 0056
JTWC 15S EMERAUDE  160318 1800 102S 0859E 095 032 0978 1009 0324 31 037 0102 0084 0074 0074
JTWC 15S EMERAUDE  160319 0000 104S 0865E 100 032 0978 1008 0343 31 037 0102 0084 0074 0093
JTWC 15S EMERAUDE  160319 0600 106S 0869E 110 032 0970 1009 0333 36 027 0102 0084 0084 0102
JTWC 15S EMERAUDE  160319 1200 109S 0870E 125 021 0967 1009 0333 38 027 0102 0084 0084 0102
JTWC 15S EMERAUDE  160319 1800 108S 0874E 115 016 0967 1009 0333 38 027 0111 0148 0139 0121
JTWC 15S EMERAUDE  160320 0000 110S 0875E 130 016 0970 1009 0352 36 037 0111 0139 0130 0121
JTWC 15S EMERAUDE  160320 0600 110S 0875E 130 016 0970 1008 0333 36 037 0111 0139 0130 0121
JTWC 15S EMERAUDE  160320 1200 113S 0874E 170 011 0974 1008 0333 33 037 0111 0139 0130 0121
JTWC 15S EMERAUDE  160320 1800 111S 0871E 225 006 0978 1010 0333 31 037 0130 0148 0139 0130
JTWC 15S EMERAUDE  160321 0000 112S 0869E 240 011 0978 1009 0306 31 037 0130 0148 0148 0130
JTWC 15S EMERAUDE  160321 0600 117S 0861E 240 026 0982 1009 0306 28 037 0130 0148 0148 0130
JTWC 15S EMERAUDE  160321 1200 121S 0862E 225 021 0985 1010 0306 26 037 0130 0148 0148 0130
JTWC 15S EMERAUDE  160321 1800 124S 0859E 225 021 0996 1008 0250 18 074 -999 -999 -999 -999
JTWC 15S EMERAUDE  160322 0000 122S 0859E 235 016 0996 1007 0269 18 074 -999 -999 -999 -999
JTWC 15S EMERAUDE  160322 0600 111S 0862E 300 011 1000 1007 0269 15 074 -999 -999 -999 -999
JTWC 15S EMERAUDE  160322 1200 110S 0859E 295 011 1000 1007 0269 15 074 -999 -999 -999 -999
