NHC  19E NINETEEN  160926 1200 115N 1395W 305 021 1005 1010 0324 15 074 -999 -999 -999 -999 -999 -999
NHC  19E NINETEEN  160926 1800 117N 1401W 295 026 1005 1010 0324 15 074 -999 -999 -999 -999 -999 -999
NHC  19E NINETEEN  160927 0000 116N 1403W 340 021 1005 1009 0324 15 056 -999 -999 -999 -999 -999 -999
NHC  19E ULIKA     160927 0600 120N 1404W 350 015 1004 1010 0324 18 056 0074 0074 0056 00569 -999 -999 -999
NHC  19E ULIKA     160927 1200 122N 1402W 035 021 0999 1008 0324 23 056 0093 0111 0056 00569 -999 -999 -999
NHC  19E ULIKA     160927 1800 125N 1398W 045 021 0997 1009 0278 26 037 0093 0111 0056 00569 0037 -999 -999
NHC  19E ULIKA     160928 0000 131N 1393W 045 031 0997 1009 0278 28 028 0074 0093 0056 00567 0037 -999 -999
NHC  19E ULIKA     160928 0600 136N 1391W 035 031 0992 1009 0278 33 019 0074 0093 0074 00747 0037 0037 0037
NHC  19E ULIKA     160928 1200 142N 1387W 035 031 0992 1009 0278 33 019 0056 0074 0056 00567 0037 0037 0037
NHC  19E ULIKA     160928 1800 148N 1387W 020 031 1000 1008 0278 26 037 0056 0074 0056 00567 0037 0037 0037
NHC  19E ULIKA     160929 0000 155N 1388W 010 031 1001 1008 0278 23 037 0056 0074 0056 00569 -999 -999 -999
NHC  19E ULIKA     160929 0600 160N 1389W 350 031 1001 1011 0185 23 037 0056 0056 0037 00569 -999 -999 -999
NHC  19E ULIKA     160929 1200 165N 1395W 325 036 1003 1011 0185 21 037 0056 0037 0037 00569 -999 -999 -999
NHC  19E ULIKA     160929 1800 169N 1399W 325 031 1006 1013 0167 18 037 0056 0056 -999 00379 -999 -999 -999
NHC  19E ULIKA     160930 0000 175N 1407W 310 046 1006 1012 0167 18 037 0056 0037 -999 00569 -999 -999 -999
NHC  19E ULIKA     160930 0600 179N 1413W 310 036 1010 1014 0120 15 074 -999 -999 -999 -999 -999 -999
NHC  19E ULIKA     160930 1200 181N 1422W 300 041 1010 1013 0111 15 093 -999 -999 -999 -999 -999 -999
NHC  19E ULIKA     160930 1800 185N 1426W 300 036 1010 1013 0111 15 093 -999 -999 -999 -999 -999 -999
NHC  19E ULIKA     161001 0000 186N 1440W 285 046 1013 1013 0111 15 093 -999 -999 -999 -999 -999 -999
