JTWC 20P TWENTY    160420 0000 131S 1782W 295 042 1000 1006 0296 15 083 -999 -999 -999 -999
JTWC 20P TWENTY    160420 0600 129S 1785W 295 037 0996 1007 0352 18 083 -999 -999 -999 -999
JTWC 20P TWENTY    160420 1200 128S 1788W 300 026 0996 1006 0352 18 074 -999 -999 -999 -999
JTWC 20P AMOS      160420 1800 126S 1796W 290 026 0993 1007 0380 20 074 0148 0185 0185 0185
JTWC 20P AMOS      160421 0000 125S 1795W 290 021 0989 1007 0380 23 074 0148 0185 0185 0185
JTWC 20P AMOS      160421 0600 130S 1793W 215 006 0989 1005 0250 23 074 0148 0167 0167 0167
JTWC 20P AMOS      160421 1200 127S 1789W 100 011 0982 1005 0333 28 046 0167 0148 0148 0167
JTWC 20P AMOS      160421 1800 127S 1783W 090 021 0982 1005 0333 28 046 0167 0148 0148 0167
JTWC 20P AMOS      160422 0000 124S 1774W 080 032 0974 1005 0333 33 046 0102 0130 0084 0102
JTWC 20P AMOS      160422 0600 125S 1770W 085 032 0967 1005 0352 38 027 0111 0093 0093 0111
JTWC 20P AMOS      160422 1200 124S 1763W 080 032 0956 1005 0352 46 027 0111 0093 0093 0111
JTWC 20P AMOS      160422 1800 124S 1757W 085 032 0956 1005 0352 46 027 0111 0093 0093 0111
JTWC 20P AMOS      160423 0000 124S 1749W 090 037 0956 1006 0324 46 018 0093 0074 0065 0084
JTWC 20P AMOS      160423 0600 128S 1736W 100 047 0956 1006 0333 46 018 0121 0130 0093 0102
JTWC 20P AMOS      160423 1200 133S 1721W 105 062 0956 1006 0352 46 018 0130 0148 0111 0111
JTWC 20P AMOS      160423 1800 140S 1704W 110 083 0956 1008 0370 46 018 0111 0130 0111 0111
JTWC 20P AMOS      160424 0000 139S 1710W 115 042 0970 1008 0296 36 018 0093 0111 0093 0093
JTWC 20P AMOS      160424 0600 138S 1702W 105 037 0982 1008 0324 28 027 0065 0074 0065 0056
JTWC 20P AMOS      160424 1200 137S 1696W 095 037 0993 1008 0333 20 046 0074 0074 0056 0056
JTWC 20P AMOS      160425 0000 148S 1684W 120 037 1005 1008 0278 15 027 -999 -999 -999 -999
