JTWC 22W TWENTY--T 161005 1800 196N 1212E 280 093 1005 1008 0296 13 092 -999 -999 -999 -999
JTWC 22W TWENTY--T 161006 0000 205N 1200E 290 093 1004 1008 0296 13 092 -999 -999 -999 -999
JTWC 22W AERE      161006 0600 208N 1187E 285 083 1000 1005 0296 15 092 -999 -999 -999 -999
JTWC 22W AERE      161006 1200 205N 1175E 280 072 0996 1006 0296 18 074 -999 -999 -999 -999
JTWC 22W AERE      161006 1800 202N 1169E 265 057 0996 1006 0296 18 074 -999 -999 -999 -999
JTWC 22W AERE      161007 0000 206N 1163E 270 037 0993 1006 0278 23 046 0167 0111 0047 0047
JTWC 22W AERE      161007 0600 208N 1163E 295 021 0993 1006 0296 23 046 0148 0121 0102 0139
JTWC 22W AERE      161007 1200 213N 1162E 320 021 0990 1006 0296 28 046 0139 0111 0111 0130
JTWC 22W AERE      161007 1800 213N 1159E 325 016 0989 1006 0296 28 046 0139 0111 0111 0130
JTWC 22W AERE      161008 0000 212N 1164E 000 011 0993 1007 0296 26 046 0139 0111 0111 0130
JTWC 22W AERE      161008 0600 213N 1165E 015 011 0989 1007 0333 23 046 0139 0111 0111 0130
JTWC 22W AERE      161008 1200 216N 1172E 055 021 0993 1007 0296 20 046 0139 0111 0111 0130
JTWC 22W AERE      161008 1800 217N 1175E 065 021 1000 1007 0296 20 046 0056 0056 -999 0084
JTWC 22W AERE      161009 0000 219N 1173E 045 011 0998 1007 0296 18 046 -999 -999 -999 -999
JTWC 22W AERE      161009 0600 218N 1177E 055 011 0993 1007 0235 20 074 0158 -999 -999 0111
JTWC 22W AERE      161009 1800 219N 1179E 060 006 0999 1008 0241 18 074 -999 -999 -999 -999
JTWC 22W AERE      161013 0000 165N 1105E 285 032 1005 1008 0241 13 074 -999 -999 -999 -999
JTWC 22W AERE      161013 0600 166N 1090E 280 052 1004 1006 0241 13 074 -999 -999 -999 -999
JTWC 22W AERE      161013 1200 166N 1083E 275 052 1004 1006 0232 13 074 -999 -999 -999 -999
