JTWC 23W SONGDA    161008 1200 200N 1543E 285 077 1000 1008 0296 15 092 -999 -999 -999 -999
JTWC 23W SONGDA    161008 1800 207N 1526E 290 083 1003 1008 0296 18 074 -999 -999 -999 -999
JTWC 23W SONGDA    161009 0000 211N 1511E 290 083 1001 1008 0296 23 064 0074 0065 -999 0065
JTWC 23W SONGDA    161009 0600 222N 1497E 300 083 0986 1008 0287 23 064 0074 0065 -999 0065
JTWC 23W SONGDA    161009 1200 230N 1483E 300 077 0985 1009 0306 26 055 0102 0111 0074 0074
JTWC 23W SONGDA    161009 1800 240N 1473E 310 077 0994 1009 0306 28 046 0195 0130 0074 0074
JTWC 23W SONGDA    161010 0000 247N 1464E 310 067 0986 1009 0324 33 027 0176 0139 0093 0148
JTWC 23W SONGDA    161010 0600 255N 1459E 320 057 0956 1008 0306 46 018 0167 0148 0121 0121
JTWC 23W SONGDA    161010 1200 264N 1459E 335 047 0944 1009 0333 54 018 0167 0148 0121 0121
JTWC 23W SONGDA    161010 1800 272N 1459E 350 047 0957 1009 0333 51 012 0167 0148 0121 0121
JTWC 23W SONGDA    161011 0000 278N 1460E 000 042 0957 1009 0333 51 012 0167 0148 0121 0121
JTWC 23W SONGDA    161011 0600 286N 1467E 020 042 0965 1010 0407 46 018 0167 0148 0121 0121
JTWC 23W SONGDA    161011 1200 293N 1476E 035 047 0948 1010 0407 51 027 0167 0148 0121 0121
JTWC 23W SONGDA    161011 1800 303N 1490E 045 062 0926 1007 0407 66 022 0250 0287 0241 0185
JTWC 23W SONGDA    161012 0000 312N 1510E 055 077 0936 1007 0407 61 027 0250 0287 0241 0185
JTWC 23W SONGDA    161012 0600 325N 1538E 055 108 0927 1007 0407 54 027 0250 0287 0241 0185
JTWC 23W SONGDA    161012 1200 341N 1571E 060 134 0957 1007 0407 46 031 0250 0287 0241 0185
JTWC 23W SONGDA    161012 1800 360N 1612E 060 164 0971 1006 0407 38 031 0241 0333 0324 0232
