JTWC 27W TWENTY-SE 161110 0000 171N 1566E 310 067 1007 1010 0222 15 037 -999 -999 -999 -999
JTWC 27W TWENTY-SE 161110 0600 174N 1558E 305 052 1006 1010 0222 15 037 -999 -999 -999 -999
JTWC 27W MA-ON     161110 1200 175N 1544E 290 057 1006 1010 0278 15 037 -999 -999 -999 -999
JTWC 27W MA-ON     161110 1800 184N 1529E 290 067 1008 1011 0278 15 037 -999 -999 -999 -999
JTWC 27W MA-ON     161111 0000 188N 1516E 290 072 1000 1010 0259 18 055 0074 0084 -999 0065
JTWC 27W MA-ON     161111 0600 192N 1509E 300 062 1007 1010 0278 18 055 0074 0084 -999 0065
JTWC 27W MA-ON     161111 1200 201N 1484E 295 077 1006 1009 0278 18 055 0074 0084 -999 0065
JTWC 27W MA-ON     161111 1800 208N 1468E 295 083 1005 1008 0333 18 037 0074 0084 0037 0056
JTWC 27W MA-ON     161112 0000 210N 1456E 290 077 1005 1008 0333 15 037 -999 -999 -999 -999
JTWC 27W MA-ON     161112 0600 217N 1447E 295 067 1004 1008 0333 13 037 -999 -999 -999 -999
JTWC 27W MA-ON     161112 1200 221N 1440E 295 052 1005 1008 0333 10 037 -999 -999 -999 -999
