JTWC 29W TWENTY-NI 161124 1800 112N 1236E 295 077 0999 1005 0278 18 055 -999 -999 0056 0065
JTWC 29W TWENTY-NI 161125 0000 115N 1225E 290 077 0999 1006 0241 18 046 0065 0065 0074 0093
JTWC 29W TOKAGE    161125 0600 114N 1215E 285 067 0993 1006 0296 20 046 0111 0084 0084 0111
JTWC 29W TOKAGE    161125 1200 118N 1208E 285 047 0993 1006 0296 20 046 0111 0084 0084 0111
JTWC 29W TOKAGE    161125 1800 126N 1197E 295 052 0989 1006 0315 23 046 0121 0093 0093 0121
JTWC 29W TOKAGE    161126 0000 133N 1186E 305 057 0995 1006 0333 26 046 0121 0093 0093 0121
JTWC 29W TOKAGE    161126 0600 139N 1177E 305 062 0985 1007 0315 26 046 0121 0093 0093 0121
JTWC 29W TOKAGE    161126 1200 148N 1175E 315 052 0985 1008 0333 26 046 0121 0093 0093 0121
JTWC 29W TOKAGE    161126 1800 154N 1170E 325 047 0989 1008 0333 23 046 0121 0093 0093 0121
JTWC 29W TOKAGE    161127 0000 159N 1174E 350 032 0989 1008 0333 23 046 0121 0093 0093 0121
JTWC 29W TOKAGE    161127 0600 162N 1180E 020 026 0989 1008 0315 23 046 0121 0093 0093 0111
JTWC 29W TOKAGE    161127 1200 166N 1182E 035 026 0989 1009 0278 23 046 0121 0093 0093 0111
JTWC 29W TOKAGE    161127 1800 173N 1179E 010 026 0993 1009 0278 20 046 0102 0084 0065 0093
JTWC 29W TOKAGE    161128 0000 175N 1188E 030 026 1000 1009 0241 15 046 -999 -999 -999 -999
JTWC 29W TOKAGE    161128 0600 165N 1173E 265 016 1006 1009 0241 13 046 -999 -999 -999 -999
