NHC  82L TEST      160108 0600 326N 0690W 045 098 0987 1012 0500 28 111 0445 0278 0278 04459 -999 0111 -999
NHC  82L TEST      160108 1200 330N 0671W 055 093 0987 1012 0500 28 093 0445 0278 0278 04459 -999 -999 0093
NHC  82L TEST      160108 1800 334N 0649W 065 088 0991 1012 0593 26 093 0741 0371 0222 04459 0130 -999 -999
NHC  82L TEST      160109 1800 355N 0560W 075 103 0991 1012 0593 26 093 0741 0371 0222 04459 0130 -999 -999
NHC  82L TEST      160110 1800 320N 0494W 120 082 0987 1012 0593 33 093 0741 0371 0222 04459 0130 0167 -999
NHC  82L TEST      160111 1200 310N 0432W 110 082 0985 1012 0741 28 093 0741 0445 0445 07415 0371 0371 0445
NHC  82L TEST      160111 1800 306N 0427W 100 067 0986 1012 0741 26 093 0741 0445 0445 07415 0371 0371 0445
NHC  82L TEST      160112 1200 248N 0379W 140 113 0990 1012 0741 23 093 0741 0445 0445 07419 -999 -999 -999
NHC  82L TEST      161107 1200 105N 0775W 295 010 1009 1010 0278 13 000 -999 -999 -999 -999 -999 -999
NHC  82L TESTING   161212 1800 200N 0600W 295 206 1009 1010 0278 08 000 -999 -999 -999 -999 -999 -999
