JTWC 90B INVEST    161102 0600 117N 0903E 295 047 1004 1008 0296 13 083 -999 -999 -999 -999
JTWC 90B INVEST    161102 1200 129N 0885E 300 067 1004 1008 0296 13 083 -999 -999 -999 -999
JTWC 90B INVEST    161102 1800 131N 0872E 295 067 1000 1008 0296 15 083 -999 -999 -999 -999
JTWC 90B INVEST    161103 0000 133N 0861E 290 062 1000 1008 0296 15 083 -999 -999 -999 -999
JTWC 90B INVEST    161103 0600 139N 0858E 290 047 1000 1008 0296 15 083 -999 -999 -999 -999
JTWC 90B INVEST    161103 1200 145N 0853E 305 042 1000 1007 0315 15 083 -999 -999 -999 -999
JTWC 90B INVEST    161103 1800 152N 0850E 320 042 1000 1007 0315 15 083 -999 -999 -999 -999
JTWC 90B INVEST    161104 0000 156N 0851E 340 032 1002 1007 0315 15 083 -999 -999 -999 -999
JTWC 90B INVEST    161104 0600 162N 0849E 345 032 1004 1007 0315 13 083 -999 -999 -999 -999
JTWC 90B INVEST    161104 1200 167N 0850E 000 026 1001 1005 0296 13 092 -999 -999 -999 -999
JTWC 90B INVEST    161104 1800 173N 0852E 010 026 1000 1005 0296 15 083 -999 -999 -999 -999
JTWC 90B INVEST    161105 0000 176N 0868E 050 037 1003 1005 0324 13 083 -999 -999 -999 -999
JTWC 90B INVEST    161105 0600 174N 0878E 070 047 1004 1006 0324 13 083 -999 -999 -999 -999
JTWC 90B INVEST    161105 1200 179N 0890E 070 052 1004 1006 0324 13 083 -999 -999 -999 -999
