NHC  90E INVEST    160515 1800 098N 1157W 285 021 1010 1012 0278 10 111 -999 -999 -999 -999 -999 -999
NHC  90E INVEST    160516 0000 100N 1161W 285 021 1009 1012 0278 13 111 -999 -999 -999 -999 -999 -999
NHC  90E INVEST    160516 0600 101N 1165W 285 021 1009 1012 0278 13 111 -999 -999 -999 -999 -999 -999
NHC  90E INVEST    160516 1200 107N 1169W 305 026 1009 1012 0278 13 111 -999 -999 -999 -999 -999 -999
NHC  90E INVEST    160720 1800 095N 1095W 360 000 1009 1011 0185 10 111 -999 -999 -999 -999 -999 -999
NHC  90E INVEST    160721 0000 096N 1103W 275 010 1008 1011 0185 13 111 -999 -999 -999 -999 -999 -999
NHC  90E INVEST    160721 0600 099N 1122W 280 041 1008 1011 0185 13 111 -999 -999 -999 -999 -999 -999
NHC  90E INVEST    160721 1200 099N 1133W 275 057 1008 1010 0278 13 111 -999 -999 -999 -999 -999 -999
NHC  90E INVEST    160721 1800 105N 1134W 290 041 1008 1010 0222 15 111 -999 -999 -999 -999 -999 -999
NHC  90E INVEST    160901 1200 115N 0930W 360 000 1009 1011 0222 10 167 -999 -999 -999 -999 -999 -999
NHC  90E INVEST    160901 1800 110N 0940W 270 021 1009 1011 0222 10 167 -999 -999 -999 -999 -999 -999
NHC  90E INVEST    160902 0000 111N 0943W 280 021 1009 1011 0222 10 167 -999 -999 -999 -999 -999 -999
NHC  90E INVEST    160902 0600 112N 0946W 280 015 1009 1011 0222 10 167 -999 -999 -999 -999 -999 -999
NHC  90E INVEST    160902 1200 120N 0950W 305 021 1009 1011 0222 13 167 -999 -999 -999 -999 -999 -999
NHC  90E INVEST    160902 1800 130N 0960W 310 041 1008 1011 0222 13 167 -999 -999 -999 -999 -999 -999
NHC  90E INVEST    160903 0000 140N 0973W 310 057 1008 1010 0278 13 167 -999 -999 -999 -999 -999 -999
NHC  90E INVEST    160903 0600 147N 0993W 305 067 1007 1010 0278 13 167 -999 -999 -999 -999 -999 -999
NHC  90E INVEST    160903 1200 156N 1016W 295 093 1007 1010 0222 15 167 -999 -999 -999 -999 -999 -999
NHC  90E INVEST    160903 1800 160N 1025W 295 088 1007 1010 0222 15 167 -999 -999 -999 -999 -999 -999
NHC  90E INVEST    160904 0000 150N 1058W 270 113 1006 1008 0371 15 222 -999 -999 -999 -999 -999 -999
NHC  90E INVEST    160904 0600 150N 1057W 300 021 1005 1009 0371 15 222 -999 -999 -999 -999 -999 -999
NHC  90E INVEST    160904 1200 151N 1056W 295 021 1005 1009 0371 15 222 -999 -999 -999 -999 -999 -999
NHC  90E INVEST    160904 1800 157N 1052W 345 010 1005 1009 0371 15 111 -999 -999 -999 -999 -999 -999
NHC  90E INVEST    161019 0000 115N 1134W 005 021 1007 1008 0334 10 111 -999 -999 -999 -999 -999 -999
NHC  90E INVEST    161019 1200 130N 1135W 355 036 1007 1009 0334 10 111 -999 -999 -999 -999 -999 -999
NHC  90E INVEST    161019 1800 129N 1138W 345 026 1007 1009 0334 13 111 -999 -999 -999 -999 -999 -999
NHC  90E INVEST    161020 0000 132N 1141W 335 021 1007 1008 0334 13 111 -999 -999 -999 -999 -999 -999
NHC  90E INVEST    161020 0600 132N 1141W 335 021 1006 1008 0334 13 056 -999 -999 -999 -999 -999 -999
NHC  90E INVEST    161020 1200 133N 1141W 325 010 1006 1008 0278 13 056 -999 -999 -999 -999 -999 -999
NHC  90E INVEST    161020 1800 133N 1142W 315 005 1006 1008 0278 15 056 -999 -999 -999 -999 -999 -999
NHC  90E INVEST    161021 0000 133N 1145W 280 010 1006 1008 0278 15 056 -999 -999 -999 -999 -999 -999
NHC  90E INVEST    161021 0600 135N 1145W 295 005 1006 1008 0278 15 056 -999 -999 -999 -999 -999 -999
NHC  90E INVEST    161021 1200 130N 1155W 255 021 1006 1008 0278 13 056 -999 -999 -999 -999 -999 -999
NHC  90E INVEST    161021 1800 130N 1155W 360 000 1007 1009 0278 13 056 -999 -999 -999 -999 -999 -999
NHC  90E INVEST    161022 0000 130N 1160W 250 026 1007 1009 0278 13 056 -999 -999 -999 -999 -999 -999
NHC  90E INVEST    161022 1200 137N 1157W 345 010 1007 1009 0278 13 056 -999 -999 -999 -999 -999 -999
