NHC  90L INVEST    160112 1200 248N 0379W 140 113 0990 1012 0741 23 093 0741 0445 0445 07419 -999 -999 -999
NHC  90L INVEST    160112 1800 250N 0357W 090 103 0988 1010 0927 26 093 0185 0185 0185 01859 0111 -999 -999
NHC  90L INVEST    160113 0000 255N 0347W 075 077 0988 1010 0927 26 093 0185 0185 0185 01859 0111 -999 -999
NHC  90L INVEST    160113 0600 256N 0337W 075 067 0991 1012 0890 23 093 0111 0222 0222 01119 -999 -999 -999
NHC  90L INVEST    160113 1200 260N 0325W 070 051 0989 1012 0927 23 093 0111 0222 0222 01119 -999 -999 -999
NHC  90L INVEST    160113 1800 267N 0314W 060 062 0990 1012 0927 23 074 0111 0222 0222 -999 -999 -999
NHC  90L INVEST    160821 0000 126N 0169W 270 046 1009 1012 0278 10 093 -999 -999 -999 -999 -999 -999
NHC  90L INVEST    160821 0600 123N 0181W 270 051 1009 1012 0278 10 093 -999 -999 -999 -999 -999 -999
NHC  90L INVEST    160821 1200 118N 0192W 260 057 1009 1012 0334 10 148 -999 -999 -999 -999 -999 -999
NHC  90L INVEST    160821 1800 117N 0206W 260 062 1008 1011 0334 10 148 -999 -999 -999 -999 -999 -999
NHC  90L INVEST    160822 0000 117N 0227W 265 077 1008 1011 0334 13 148 -999 -999 -999 -999 -999 -999
NHC  90L INVEST    160822 0600 108N 0245W 265 088 1008 1011 0334 13 148 -999 -999 -999 -999 -999 -999
NHC  90L INVEST    160822 1200 114N 0263W 280 088 1007 1014 0556 13 111 -999 -999 -999 -999 -999 -999
NHC  90L INVEST    160822 1800 120N 0283W 280 093 1006 1014 0556 15 111 -999 -999 -999 -999 -999 -999
NHC  90L INVEST    161115 1200 115N 0775W 280 021 1009 1012 0371 10 185 -999 -999 -999 -999 -999 -999
NHC  90L INVEST    161115 1800 119N 0780W 290 026 1009 1012 0371 10 185 -999 -999 -999 -999 -999 -999
NHC  90L INVEST    161116 0000 115N 0788W 270 031 1007 1009 0371 10 185 -999 -999 -999 -999 -999 -999
NHC  90L INVEST    161116 1200 122N 0800W 285 031 1008 1010 0371 10 185 -999 -999 -999 -999 -999 -999
NHC  90L INVEST    161116 1800 130N 0800W 310 031 1008 1010 0371 10 185 -999 -999 -999 -999 -999 -999
NHC  90L INVEST    161117 0000 133N 0798W 360 010 1008 1010 0556 10 185 -999 -999 -999 -999 -999 -999
NHC  90L INVEST    161117 0600 133N 0798W 360 000 1008 1010 0556 10 185 -999 -999 -999 -999 -999 -999
NHC  90L INVEST    161117 1200 130N 0804W 265 010 1008 1010 0556 10 185 -999 -999 -999 -999 -999 -999
NHC  90L INVEST    161118 0000 123N 0813W 240 015 1006 1010 0556 10 185 -999 -999 -999 -999 -999 -999
NHC  90L INVEST    161118 1200 114N 0819W 220 026 1006 1010 0556 10 185 -999 -999 -999 -999 -999 -999
NHC  90L INVEST    161118 1800 112N 0822W 220 021 1006 1010 0278 10 185 -999 -999 -999 -999 -999 -999
NHC  90L INVEST    161119 0000 112N 0822W 360 000 1007 1010 0278 10 185 -999 -999 -999 -999 -999 -999
NHC  90L INVEST    161119 1200 110N 0815W 095 010 1006 1010 0278 15 185 -999 -999 -999 -999 -999 -999
NHC  90L INVEST    161119 1800 109N 0812W 100 015 1006 1008 0185 15 148 -999 -999 -999 -999 -999 -999
NHC  90L INVEST    161120 0000 108N 0809W 105 015 1006 1008 0185 15 148 -999 -999 -999 -999 -999 -999
NHC  90L INVEST    161120 0600 107N 0806W 110 015 1006 1008 0185 13 148 -999 -999 -999 -999 -999 -999
NHC  90L INVEST    161120 1200 111N 0800W 080 021 1006 1008 0185 13 148 -999 -999 -999 -999 -999 -999
NHC  90L INVEST    161120 1800 112N 0799W 060 010 1006 1008 0185 13 148 -999 -999 -999 -999 -999 -999
NHC  90L INVEST    161121 0000 113N 0795W 060 015 1003 1008 0167 15 056 -999 -999 -999 -999 -999 -999
NHC  90L INVEST    161121 0600 115N 0793W 360 010 1002 1008 0167 15 028 -999 -999 -999 -999 -999 -999
