JTWC 90S INVEST    160120 0600 137S 0754E 310 032 1001 1004 0333 13 092 -999 -999 -999 -999
JTWC 90S INVEST    160120 1200 149S 0770E 295 047 0997 1004 0370 13 092 -999 -999 -999 -999
JTWC 90S INVEST    160120 1800 151S 0761E 125 042 1000 1005 0518 15 092 -999 -999 -999 -999
JTWC 90S INVEST    160121 0000 145S 0751E 190 016 0997 1005 0518 15 092 -999 -999 -999 -999
JTWC 90S INVEST    160121 0600 155S 0748E 225 032 0994 1003 0426 15 092 -999 -999 -999 -999
JTWC 90S INVEST    160713 0600 085S 0733E 235 062 1005 1008 0352 13 074 -999 -999 -999 -999
JTWC 90S INVEST    160713 1200 087S 0722E 245 057 1005 1009 0370 13 074 -999 -999 -999 -999
JTWC 90S INVEST    160713 1800 080S 0727E 255 042 1004 1009 0407 13 092 -999 -999 -999 -999
JTWC 90S INVEST    160714 0000 082S 0718E 260 042 1004 1008 0407 13 092 -999 -999 -999 -999
JTWC 90S INVEST    160714 0600 085S 0720E 255 037 1004 1008 0407 13 092 -999 -999 -999 -999
JTWC 90S INVEST    160714 1200 080S 0699E 275 037 1004 1007 0407 13 092 -999 -999 -999 -999
JTWC 90S INVEST    160714 1800 088S 0696E 255 032 1004 1007 0407 13 092 -999 -999 -999 -999
JTWC 90S INVEST    160715 0000 090S 0690E 255 032 1004 1007 0407 13 092 -999 -999 -999 -999
JTWC 90S INVEST    160715 0600 090S 0684E 255 032 1004 1008 0389 13 083 -999 -999 -999 -999
JTWC 90S INVEST    160715 1200 085S 0690E 295 011 1004 1007 0370 13 083 -999 -999 -999 -999
JTWC 90S INVEST    160715 1800 088S 0700E 080 016 1000 1010 0426 15 101 -999 -999 -999 -999
JTWC 90S INVEST    160716 0000 095S 0696E 115 021 1000 1008 0370 15 101 -999 -999 -999 -999
JTWC 90S INVEST    160716 0600 089S 0698E 115 016 0996 1009 0352 18 092 -999 -999 -999 -999
JTWC 90S INVEST    161220 0600 128S 1290E 220 021 0999 1002 0333 08 111 -999 -999 -999 -999
