JTWC 90W INVEST    160526 0600 186N 1146E 010 037 1004 1004 0158 10 101 -999 -999 -999 -999
JTWC 90W INVEST    160526 1200 195N 1142E 355 047 1004 1004 0158 10 101 -999 -999 -999 -999
JTWC 90W INVEST    160526 1800 196N 1133E 330 042 1004 1005 0222 10 101 -999 -999 -999 -999
JTWC 90W INVEST    160527 0000 204N 1124E 315 047 1004 1005 0185 10 101 -999 -999 -999 -999
JTWC 90W INVEST    160527 0600 213N 1126E 330 042 1004 1004 0158 10 101 -999 -999 -999 -999
JTWC 90W INVEST    160807 0600 185N 1638E 235 032 1007 1010 0324 10 064 -999 -999 -999 -999
JTWC 90W INVEST    160807 1200 179N 1631E 235 037 1007 1010 0324 10 064 -999 -999 -999 -999
JTWC 90W INVEST    160807 1800 176N 1623E 235 042 1007 1009 0324 10 064 -999 -999 -999 -999
JTWC 90W INVEST    160808 0000 178N 1611E 255 047 1007 1009 0324 10 074 -999 -999 -999 -999
JTWC 90W INVEST    160822 0600 109N 1501E 275 042 1010 1011 0278 08 000 -999 -999 -999 -999
JTWC 90W INVEST    160823 0000 122N 1458E 310 093 1002 1004 0296 10 111 -999 -999 -999 -999
JTWC 90W INVEST    160908 1800 115N 1626E 285 037 1008 1008 0278 08 000 -999 -999 -999 -999
JTWC 90W INVEST    160909 0600 115N 1595E 275 067 1009 1009 0370 10 092 -999 -999 -999 -999
JTWC 90W INVEST    160909 1200 114N 1579E 275 077 1007 1009 0370 10 092 -999 -999 -999 -999
JTWC 90W INVEST    160909 1800 114N 1565E 270 077 1007 1009 0333 10 092 -999 -999 -999 -999
JTWC 90W INVEST    160910 0600 111N 1531E 265 083 1007 1009 0333 10 092 -999 -999 -999 -999
JTWC 90W INVEST    160910 1200 108N 1517E 265 083 1007 1009 0333 10 092 -999 -999 -999 -999
JTWC 90W INVEST    160910 1800 105N 1502E 260 088 1007 1009 0296 10 092 -999 -999 -999 -999
JTWC 90W INVEST    160911 0000 109N 1489E 270 072 1006 1008 0296 10 092 -999 -999 -999 -999
JTWC 90W INVEST    160911 0600 122N 1473E 290 077 1008 1008 0296 10 092 -999 -999 -999 -999
JTWC 90W INVEST    160911 1200 123N 1461E 290 072 1006 1008 0296 10 092 -999 -999 -999 -999
JTWC 90W INVEST    160911 1800 128N 1447E 295 072 1004 1006 0296 13 092 -999 -999 -999 -999
JTWC 90W INVEST    161030 1800 119N 1457E 275 062 1004 1008 0278 10 000 -999 -999 -999 -999
JTWC 90W INVEST    161031 0000 114N 1440E 265 067 1004 1008 0278 10 000 -999 -999 -999 -999
JTWC 90W INVEST    161031 0600 107N 1433E 260 062 1004 1006 0278 10 111 -999 -999 -999 -999
JTWC 90W INVEST    161031 1200 109N 1420E 265 062 1004 1006 0278 10 111 -999 -999 -999 -999
JTWC 90W INVEST    161031 1800 108N 1422E 270 042 1003 1005 0315 10 111 -999 -999 -999 -999
JTWC 90W INVEST    161101 0000 108N 1417E 275 037 1004 1006 0343 10 111 -999 -999 -999 -999
JTWC 90W INVEST    161101 0600 117N 1413E 285 042 1004 1006 0278 10 092 -999 -999 -999 -999
JTWC 90W INVEST    161101 1200 119N 1406E 285 037 1003 1006 0278 10 092 -999 -999 -999 -999
JTWC 90W INVEST    161101 1800 122N 1395E 290 047 1003 1005 0370 10 092 -999 -999 -999 -999
JTWC 90W INVEST    161102 0000 126N 1384E 290 052 1002 1005 0426 10 092 -999 -999 -999 -999
JTWC 90W INVEST    161102 0600 134N 1378E 300 047 1002 1005 0389 10 092 -999 -999 -999 -999
JTWC 90W INVEST    161102 1200 132N 1375E 295 042 1002 1005 0389 10 092 -999 -999 -999 -999
