NHC  91E INVEST    160530 1800 087N 1096W 275 031 1009 1011 0278 10 130 -999 -999 -999 -999 -999 -999
NHC  91E INVEST    160531 0000 088N 1098W 285 015 1009 1011 0278 10 167 -999 -999 -999 -999 -999 -999
NHC  91E INVEST    160531 0600 088N 1099W 280 005 1009 1011 0278 10 167 -999 -999 -999 -999 -999 -999
NHC  91E INVEST    160531 1200 092N 1109W 290 021 1009 1011 0278 10 167 -999 -999 -999 -999 -999 -999
NHC  91E INVEST    160531 1800 093N 1106W 300 015 1009 1011 0278 10 167 -999 -999 -999 -999 -999 -999
NHC  91E INVEST    160601 0000 092N 1102W 315 005 1008 1010 0278 10 167 -999 -999 -999 -999 -999 -999
NHC  91E INVEST    160601 1200 093N 1117W 275 026 1007 1008 0334 13 278 -999 -999 -999 -999 -999 -999
NHC  91E INVEST    160601 1800 090N 1139W 265 067 1007 1008 0334 13 278 -999 -999 -999 -999 -999 -999
NHC  91E INVEST    160602 0000 088N 1142W 260 051 1007 1008 0334 13 185 -999 -999 -999 -999 -999 -999
NHC  91E INVEST    160602 0600 087N 1144W 260 041 1007 1008 0334 13 185 -999 -999 -999 -999 -999 -999
NHC  91E INVEST    160602 1200 093N 1129W 275 010 1007 1008 0334 13 185 -999 -999 -999 -999 -999 -999
NHC  91E INVEST    160602 1800 093N 1130W 270 005 1007 1008 0334 13 185 -999 -999 -999 -999 -999 -999
NHC  91E INVEST    160603 0000 092N 1132W 270 021 1007 1008 0334 13 185 -999 -999 -999 -999 -999 -999
NHC  91E INVEST    160603 0600 099N 1156W 280 036 1007 1009 0334 13 185 -999 -999 -999 -999 -999 -999
NHC  91E INVEST    160603 1200 097N 1149W 280 031 1007 1009 0334 13 185 -999 -999 -999 -999 -999 -999
NHC  91E INVEST    160603 1800 099N 1155W 285 036 1007 1009 0334 13 185 -999 -999 -999 -999 -999 -999
NHC  91E INVEST    160604 0000 099N 1170W 275 046 1007 1009 0334 13 185 -999 -999 -999 -999 -999 -999
NHC  91E INVEST    160604 0600 097N 1186W 270 062 1007 1009 0334 13 185 -999 -999 -999 -999 -999 -999
NHC  91E INVEST    160604 1200 098N 1192W 275 051 1007 1009 0334 13 185 -999 -999 -999 -999 -999 -999
NHC  91E INVEST    160604 1800 107N 1197W 285 041 1007 1009 0278 15 130 -999 -999 -999 -999 -999 -999
NHC  91E INVEST    160605 0000 110N 1195W 290 031 1007 1009 0278 15 130 -999 -999 -999 -999 -999 -999
NHC  91E INVEST    160605 0600 112N 1200W 300 026 1007 1009 0278 15 130 -999 -999 -999 -999 -999 -999
NHC  91E INVEST    160605 1200 105N 1200W 250 015 1007 1009 0278 13 130 -999 -999 -999 -999 -999 -999
NHC  91E INVEST    160605 1800 103N 1204W 235 021 1007 1009 0278 13 130 -999 -999 -999 -999 -999 -999
NHC  91E INVEST    160606 0000 104N 1211W 275 026 1007 1009 0278 13 130 -999 -999 -999 -999 -999 -999
NHC  91E INVEST    160606 0600 102N 1221W 270 036 1007 1009 0278 13 130 -999 -999 -999 -999 -999 -999
NHC  91E INVEST    160606 1200 098N 1225W 255 036 1007 1009 0278 13 130 -999 -999 -999 -999 -999 -999
NHC  91E INVEST    160606 1800 099N 1232W 260 031 1007 1009 0278 13 130 -999 -999 -999 -999 -999 -999
NHC  91E INVEST    160607 0000 102N 1244W 275 041 1007 1009 0278 13 130 -999 -999 -999 -999 -999 -999
NHC  91E INVEST    160607 0600 100N 1257W 270 051 1007 1009 0278 13 130 -999 -999 -999 -999 -999 -999
NHC  91E INVEST    160607 1200 103N 1263W 275 046 1007 1010 0278 15 111 -999 -999 -999 -999 -999 -999
NHC  91E INVEST    160607 1800 103N 1272W 275 046 1008 1011 0278 15 111 -999 -999 -999 -999 -999 -999
NHC  91E INVEST    160608 0000 108N 1278W 285 041 1008 1011 0278 13 111 -999 -999 -999 -999 -999 -999
NHC  91E INVEST    160608 0600 111N 1282W 295 036 1008 1011 0278 13 111 -999 -999 -999 -999 -999 -999
NHC  91E INVEST    160727 1800 108N 1088W 270 067 1009 1010 0334 10 000 -999 -999 -999 -999 -999 -999
NHC  91E INVEST    160728 0000 108N 1087W 270 046 1009 1010 0334 10 000 -999 -999 -999 -999 -999 -999
NHC  91E INVEST    160728 0600 109N 1095W 275 041 1009 1010 0334 10 093 -999 -999 -999 -999 -999 -999
NHC  91E INVEST    160728 1200 110N 1100W 275 041 1009 1010 0334 10 167 -999 -999 -999 -999 -999 -999
NHC  91E INVEST    160728 1800 105N 1100W 270 021 1009 1010 0334 10 167 -999 -999 -999 -999 -999 -999
NHC  91E INVEST    160729 0000 108N 1104W 285 021 1009 1010 0334 10 167 -999 -999 -999 -999 -999 -999
NHC  91E INVEST    160729 1200 126N 1117W 315 036 1009 1010 0334 13 167 -999 -999 -999 -999 -999 -999
NHC  91E INVEST    160729 1800 125N 1143W 285 051 1009 1010 0334 13 167 -999 -999 -999 -999 -999 -999
NHC  91E INVEST    160730 0000 131N 1152W 290 057 1009 1011 0334 13 167 -999 -999 -999 -999 -999 -999
NHC  91E INVEST    160730 0600 134N 1161W 290 051 1009 1011 0334 13 167 -999 -999 -999 -999 -999 -999
NHC  91E INVEST    160730 1200 135N 1167W 295 041 1008 1010 0334 13 167 -999 -999 -999 -999 -999 -999
NHC  91E INVEST    160730 1800 138N 1178W 285 046 1008 1010 0334 13 167 -999 -999 -999 -999 -999 -999
NHC  91E INVEST    160731 0000 143N 1185W 290 041 1008 1010 0334 13 167 -999 -999 -999 -999 -999 -999
NHC  91E INVEST    160731 0600 142N 1194W 295 046 1007 1010 0334 13 083 -999 -999 -999 -999 -999 -999
NHC  91E INVEST    160731 1200 143N 1198W 295 036 1007 1010 0334 13 083 -999 -999 -999 -999 -999 -999
NHC  91E INVEST    160906 0000 133N 1261W 065 010 1009 1010 0278 10 148 -999 -999 -999 -999 -999 -999
NHC  91E INVEST    160906 1200 135N 1257W 065 010 1009 1010 0278 10 148 -999 -999 -999 -999 -999 -999
NHC  91E INVEST    160906 1800 132N 1216W 090 057 1009 1010 0278 10 148 -999 -999 -999 -999 -999 -999
NHC  91E INVEST    160907 0000 131N 1217W 095 057 1008 1009 0278 10 148 -999 -999 -999 -999 -999 -999
NHC  91E INVEST    160907 0600 132N 1207W 090 046 1008 1009 0278 10 148 -999 -999 -999 -999 -999 -999
NHC  91E INVEST    160907 1200 135N 1210W 075 026 1008 1009 0278 10 148 -999 -999 -999 -999 -999 -999
NHC  91E INVEST    161021 1800 110N 0970W 270 010 1008 1010 0222 10 111 -999 -999 -999 -999 -999 -999
NHC  91E INVEST    161022 0000 110N 0976W 270 021 1008 1010 0222 10 111 -999 -999 -999 -999 -999 -999
NHC  91E INVEST    161022 0600 111N 0982W 275 031 1007 1009 0222 13 111 -999 -999 -999 -999 -999 -999
NHC  91E INVEST    161022 1200 118N 0990W 290 036 1007 1010 0334 13 111 -999 -999 -999 -999 -999 -999
NHC  91E INVEST    161022 1800 120N 1005W 290 051 1007 1010 0334 13 111 -999 -999 -999 -999 -999 -999
NHC  91E INVEST    161023 0000 121N 1014W 285 041 1007 1010 0334 13 111 -999 -999 -999 -999 -999 -999
NHC  91E INVEST    161023 0600 128N 1030W 285 067 1007 1010 0278 15 111 -999 -999 -999 -999 -999 -999
