NHC  92L BONNIE    160531 1200 332N 0783W 065 036 1009 1014 0278 13 130 -999 -999 -999 -999 -999 -999
NHC  92L BONNIE    160531 1800 334N 0779W 060 026 1008 1014 0278 13 130 -999 -999 -999 -999 -999 -999
NHC  92L BONNIE    160601 0000 334N 0778W 065 021 1009 1012 0167 10 111 -999 -999 -999 -999 -999 -999
NHC  92L BONNIE    160601 1200 335N 0771W 070 015 1009 1012 0167 10 111 -999 -999 -999 -999 -999 -999
NHC  92L BONNIE    160601 1800 335N 0764W 090 026 1010 1012 0167 10 111 -999 -999 -999 -999 -999 -999
NHC  92L BONNIE    160602 0000 341N 0760W 060 026 1011 1014 0167 10 074 -999 -999 -999 -999 -999 -999
NHC  92L BONNIE    160602 0600 347N 0757W 045 031 1011 1016 0222 13 056 -999 -999 -999 -999 -999 -999
NHC  92L INVEST    160830 0000 155N 0165W 270 088 1008 1011 0278 10 111 -999 -999 -999 -999 -999 -999
NHC  92L INVEST    160902 1200 130N 0440W 270 093 1011 1013 0222 13 139 -999 -999 -999 -999 -999 -999
NHC  92L INVEST    160902 1800 125N 0460W 270 103 1009 1011 0222 13 167 -999 -999 -999 -999 -999 -999
NHC  92L INVEST    160903 0000 130N 0472W 270 088 1009 1011 0222 13 167 -999 -999 -999 -999 -999 -999
NHC  92L INVEST    160903 0600 133N 0489W 275 088 1009 1011 0222 13 167 -999 -999 -999 -999 -999 -999
NHC  92L INVEST    160903 1200 137N 0511W 280 093 1009 1011 0259 13 167 -999 -999 -999 -999 -999 -999
NHC  92L INVEST    160903 1800 136N 0537W 275 108 1008 1010 0222 15 167 -999 -999 -999 -999 -999 -999
NHC  92L INVEST    160904 0000 136N 0562W 270 118 1008 1010 0222 15 167 -999 -999 -999 -999 -999 -999
NHC  92L INVEST    160904 0600 144N 0567W 275 098 1007 1010 0222 15 093 -999 -999 -999 -999 -999 -999
NHC  92L INVEST    160904 1200 146N 0585W 275 093 1008 1010 0222 15 093 -999 -999 -999 -999 -999 -999
NHC  92L INVEST    160904 1800 150N 0601W 280 088 1008 1011 0222 15 130 -999 -999 -999 -999 -999 -999
NHC  92L INVEST    160905 0000 145N 0613W 270 077 1009 1011 0222 15 130 -999 -999 -999 -999 -999 -999
NHC  92L INVEST    160905 0600 146N 0616W 275 057 1009 1012 0222 18 130 0222 -999 -999 02789 -999 -999 -999
NHC  92L INVEST    160905 1200 145N 0652W 270 113 1009 1012 0222 18 130 0222 -999 -999 02789 -999 -999 -999
NHC  92L INVEST    160905 1800 148N 0670W 275 108 1009 1012 0222 18 130 0222 -999 -999 02789 -999 -999 -999
NHC  92L INVEST    160906 0600 151N 0700W 275 082 1010 1012 0222 15 130 -999 -999 -999 -999 -999 -999
NHC  92L INVEST    160909 1200 240N 0794W 300 036 1014 1016 0222 13 130 -999 -999 -999 -999 -999 -999
NHC  92L INVEST    160909 1800 241N 0802W 280 031 1013 1016 0222 15 130 -999 -999 -999 -999 -999 -999
NHC  92L INVEST    160910 0000 242N 0815W 275 036 1012 1014 0222 15 130 -999 -999 -999 -999 -999 -999
NHC  92L INVEST    160910 0600 241N 0825W 275 046 1012 1014 0222 13 130 -999 -999 -999 -999 -999 -999
NHC  92L INVEST    160910 1200 245N 0830W 280 046 1012 1014 0222 13 130 -999 -999 -999 -999 -999 -999
NHC  92L INVEST    160910 1800 244N 0836W 275 031 1012 1014 0222 13 130 -999 -999 -999 -999 -999 -999
NHC  92L INVEST    160911 0000 238N 0842W 250 031 1013 1014 0185 10 130 -999 -999 -999 -999 -999 -999
