NHC  93L INVEST    160603 1800 166N 0835W 280 051 1012 1014 0371 13 167 -999 -999 -999 -999 -999 -999
NHC  93L INVEST    160604 0000 168N 0843W 280 051 1010 1012 0463 13 167 -999 -999 -999 -999 -999 -999
NHC  93L INVEST    160604 0600 170N 0851W 285 046 1010 1012 0463 13 167 -999 -999 -999 -999 -999 -999
NHC  93L INVEST    160604 1200 166N 0866W 275 046 1008 1010 0463 15 222 -999 -999 -999 -999 -999 -999
NHC  93L INVEST    160604 1800 175N 0873W 285 057 1007 1010 0463 15 222 -999 -999 -999 -999 -999 -999
NHC  93L INVEST    160605 0000 185N 0875W 312 046 1005 1010 0463 15 185 -999 -999 -999 -999 -999 -999
NHC  93L INVEST    160605 0600 192N 0880W 327 046 1005 1010 0463 15 185 -999 -999 -999 -999 -999 -999
NHC  93L INVEST    160605 1200 217N 0880W 355 062 1005 1008 0556 15 278 -999 -999 -999 -999 -999 -999
NHC  93L INVEST    160908 1200 170N 0570W 290 067 1009 1010 0278 13 000 -999 -999 -999 -999 -999 -999
NHC  93L INVEST    160908 1800 180N 0574W 306 051 1014 1016 0278 10 000 -999 -999 -999 -999 -999 -999
NHC  93L INVEST    160909 0000 179N 0600W 290 067 1014 1016 0278 10 056 -999 -999 -999 -999 -999 -999
NHC  93L INVEST    160909 1200 185N 0625W 280 067 1014 1016 0278 10 056 -999 -999 -999 -999 -999 -999
NHC  93L INVEST    160909 1800 195N 0640W 294 072 1014 1016 0278 10 056 -999 -999 -999 -999 -999 -999
NHC  93L INVEST    160910 0000 199N 0647W 295 062 1014 1016 0278 10 056 -999 -999 -999 -999 -999 -999
NHC  93L INVEST    160910 1200 210N 0675W 295 072 1015 1017 0278 10 056 -999 -999 -999 -999 -999 -999
NHC  93L INVEST    160910 1800 216N 0687W 295 072 1016 1018 0167 10 056 -999 -999 -999 -999 -999 -999
NHC  93L INVEST    160911 0000 219N 0698W 295 067 1016 1018 0167 10 056 -999 -999 -999 -999 -999 -999
NHC  93L INVEST    160912 1800 257N 0785W 300 057 1014 1016 0185 13 056 -999 -999 -999 -999 -999 -999
NHC  93L INVEST    160913 0000 261N 0790W 310 031 1012 1016 0185 13 056 -999 -999 -999 -999 -999 -999
NHC  93L INVEST    160913 0600 273N 0802W 315 057 1012 1014 0148 15 093 -999 -999 -999 -999 -999 -999
NHC  93L INVEST    160913 1200 281N 0808W 320 057 1010 1014 0148 15 093 -999 -999 -999 -999 -999 -999
NHC  93L INVEST    160913 1800 290N 0814W 325 062 1011 1015 0222 15 093 -999 -999 -999 -999 -999 -999
NHC  93L INVEST    160914 0000 299N 0815W 350 046 1010 1015 0222 18 093 0093 0093 -999 -999 -999 -999
