JTWC 93W INVEST    160811 1800 155N 1386E 130 026 1004 1005 0333 10 083 -999 -999 -999 -999
JTWC 93W INVEST    160812 0000 160N 1384E 130 021 1003 1005 0333 10 083 -999 -999 -999 -999
JTWC 93W INVEST    160812 0600 162N 1387E 100 016 1002 1005 0333 10 083 -999 -999 -999 -999
JTWC 93W INVEST    160812 1200 165N 1387E 095 026 1001 1003 0333 10 083 -999 -999 -999 -999
JTWC 93W INVEST    160812 1800 165N 1394E 090 026 1001 1003 0333 10 092 -999 -999 -999 -999
JTWC 93W INVEST    160813 0000 170N 1399E 070 032 0999 1002 0333 10 092 -999 -999 -999 -999
JTWC 93W INVEST    160813 0600 187N 1407E 040 052 0997 1001 0370 13 092 -999 -999 -999 -999
JTWC 93W INVEST    161011 0600 109N 1290E 310 032 1006 1008 0222 10 037 -999 -999 -999 -999
JTWC 93W INVEST    161011 1200 113N 1284E 310 037 1006 1008 0222 10 037 -999 -999 -999 -999
JTWC 93W INVEST    161011 1800 118N 1329E 050 042 1007 1009 0222 10 037 -999 -999 -999 -999
JTWC 93W INVEST    161012 0000 123N 1315E 350 032 1006 1008 0370 10 037 -999 -999 -999 -999
JTWC 93W INVEST    161012 0600 127N 1309E 320 037 1005 1008 0370 10 037 -999 -999 -999 -999
JTWC 93W INVEST    161106 0000 081N 1291E 085 026 1005 1007 0222 10 083 -999 -999 -999 -999
JTWC 93W INVEST    161106 0600 080N 1299E 090 032 1006 1008 0222 10 083 -999 -999 -999 -999
JTWC 93W INVEST    161106 1200 081N 1306E 090 037 1007 1008 0222 10 083 -999 -999 -999 -999
JTWC 93W INVEST    161106 1800 088N 1322E 075 052 1007 1008 0222 10 083 -999 -999 -999 -999
JTWC 93W INVEST    161227 0600 055N 1523E 270 067 1005 1007 0278 08 083 -999 -999 -999 -999
JTWC 93W INVEST    161227 1200 056N 1509E 270 077 1005 1007 0278 10 083 -999 -999 -999 -999
JTWC 93W INVEST    161227 1800 055N 1502E 270 062 1005 1007 0278 10 083 -999 -999 -999 -999
