JTWC 94S INVEST    160201 0600 145S 0440E 130 037 1004 1008 0306 13 074 -999 -999 -999 -999
JTWC 94S INVEST    160201 1200 153S 0437E 160 032 1002 1009 0324 15 064 -999 -999 -999 -999
JTWC 94S INVEST    160201 1800 158S 0445E 150 037 1002 1008 0222 15 074 -999 -999 -999 -999
JTWC 94S INVEST    160202 0600 170S 0484E 115 083 1010 1012 0241 10 055 -999 -999 -999 -999
JTWC 94S INVEST    160202 1200 168S 0496E 095 072 1008 1010 0241 10 055 -999 -999 -999 -999
JTWC 94S INVEST    160302 0600 129S 1037E 250 047 1010 1010 0426 10 000 -999 -999 -999 -999
JTWC 94S INVEST    160302 1200 134S 1033E 230 032 1007 1010 0426 10 000 -999 -999 -999 -999
JTWC 94S INVEST    160305 0000 153S 0942E 265 057 1004 1010 0259 13 185 -999 -999 -999 -999
JTWC 94S INVEST    160305 0600 161S 0938E 250 047 1004 1010 0259 13 185 -999 -999 -999 -999
JTWC 94S INVEST    160305 1200 165S 0929E 240 047 1000 1010 0278 15 185 -999 -999 -999 -999
JTWC 94S INVEST    160305 1800 161S 0917E 260 047 1000 1009 0222 15 185 -999 -999 -999 -999
JTWC 94S INVEST    160306 0000 163S 0903E 265 057 1000 1008 0259 15 185 -999 -999 -999 -999
JTWC 94S INVEST    160306 0600 173S 0898E 250 052 1004 1008 0259 13 185 -999 -999 -999 -999
JTWC 94S INVEST    160306 1200 174S 0883E 250 057 1004 1008 0259 13 185 -999 -999 -999 -999
JTWC 94S INVEST    160328 1200 144S 0767E 125 062 1000 1005 0167 15 064 -999 -999 -999 -999
JTWC 94S INVEST    161112 1200 073S 0923E 000 016 1006 1010 0370 10 064 -999 -999 -999 -999
JTWC 94S INVEST    161113 0600 079S 0928E 140 016 1005 1010 0370 10 064 -999 -999 -999 -999
