JTWC 94W INVEST    160722 1200 248N 1507E 070 047 1004 1007 0352 13 166 -999 -999 -999 -999
JTWC 94W INVEST    160722 1800 252N 1522E 075 062 1004 1007 0352 13 185 -999 -999 -999 -999
JTWC 94W INVEST    160723 0600 262N 1538E 065 052 0996 1006 0296 18 185 -999 -999 -999 -999
JTWC 94W INVEST    160723 1200 276N 1553E 055 072 0996 1008 0296 18 111 -999 -999 -999 -999
JTWC 94W INVEST    160831 0600 214N 1248E 075 057 1004 1006 0333 10 092 -999 -999 -999 -999
JTWC 94W INVEST    161013 0600 073N 1461E 270 042 1005 1008 0444 08 092 -999 -999 -999 -999
JTWC 94W INVEST    161013 1200 070N 1462E 260 026 1006 1008 0407 08 092 -999 -999 -999 -999
JTWC 94W INVEST    161013 1800 069N 1458E 255 021 1004 1006 0324 10 092 -999 -999 -999 -999
JTWC 94W INVEST    161014 0000 069N 1452E 260 026 1004 1007 0259 13 092 -999 -999 -999 -999
JTWC 94W INVEST    161014 0600 069N 1448E 265 026 1004 1007 0259 10 092 -999 -999 -999 -999
JTWC 94W INVEST    161014 1200 072N 1442E 280 026 1005 1008 0370 10 092 -999 -999 -999 -999
