NHC  95C INVEST    161013 0000 108N 1665W 285 062 1008 1009 0148 13 111 -999 -999 -999 -999 -999 -999
NHC  95C INVEST    161013 0600 111N 1678W 285 062 1008 1009 0148 13 111 -999 -999 -999 -999 -999 -999
NHC  95C INVEST    161013 1200 111N 1695W 280 072 1008 1009 0148 13 111 -999 -999 -999 -999 -999 -999
NHC  95C INVEST    161013 1800 121N 1717W 285 093 1008 1009 0148 13 111 -999 -999 -999 -999 -999 -999
NHC  95C INVEST    161014 0000 126N 1726W 280 072 1008 1009 0148 13 111 -999 -999 -999 -999 -999 -999
NHC  95C INVEST    161014 0600 126N 1738W 285 072 1006 1009 0204 13 111 -999 -999 -999 -999 -999 -999
NHC  95C INVEST    161014 1200 128N 1751W 280 067 1006 1009 0204 13 093 -999 -999 -999 -999 -999 -999
NHC  95C INVEST    161014 1800 133N 1762W 280 062 1006 1009 0204 13 093 -999 -999 -999 -999 -999 -999
NHC  95C INVEST    161015 0000 133N 1782W 280 072 1006 1009 0167 13 093 -999 -999 -999 -999 -999 -999
NHC  95C INVEST    161015 0600 140N 1796W 285 077 1007 1009 0167 13 093 -999 -999 -999 -999 -999 -999
JTWC 95C INVEST    161015 1200 149N 1786E 290 093 1004 1009 0167 13 055 -999 -999 -999 -999
