JTWC 95W INVEST    160725 0600 166N 1160E 270 057 1006 1007 0278 10 092 -999 -999 -999 -999
JTWC 95W INVEST    160815 0000 216N 1161E 060 021 0996 0998 0278 10 092 -999 -999 -999 -999
JTWC 95W INVEST    160815 0600 217N 1155E 010 011 0996 0998 0259 10 092 -999 -999 -999 -999
JTWC 95W INVEST    160815 1200 218N 1152E 310 011 0996 0999 0241 10 092 -999 -999 -999 -999
JTWC 95W INVEST    160815 1800 221N 1152E 300 016 1007 1008 0241 10 092 -999 -999 -999 -999
JTWC 95W INVEST    160816 0000 228N 1166E 015 016 0997 0999 0241 10 092 -999 -999 -999 -999
JTWC 95W INVEST    160816 0600 225N 1154E 015 016 1007 1008 0241 10 092 -999 -999 -999 -999
JTWC 95W INVEST    160816 1200 227N 1156E 030 016 1007 1008 0241 10 092 -999 -999 -999 -999
JTWC 95W INVEST    160816 1800 214N 1134E 245 032 1007 1008 0241 10 092 -999 -999 -999 -999
JTWC 95W INVEST    160817 0000 214N 1132E 240 026 0994 0999 0370 10 092 -999 -999 -999 -999
JTWC 95W INVEST    160817 0600 217N 1142E 235 011 1007 1008 0370 10 092 -999 -999 -999 -999
JTWC 95W INVEST    160817 1200 216N 1139E 240 011 1007 1008 0370 10 092 -999 -999 -999 -999
JTWC 95W INVEST    160817 1800 208N 1123E 260 021 0990 0992 0370 10 092 -999 -999 -999 -999
JTWC 95W INVEST    161109 1200 152N 1576E 310 072 1004 1010 0195 10 027 -999 -999 -999 -999
JTWC 95W INVEST    161109 1800 164N 1576E 315 072 1007 1010 0222 15 037 -999 -999 -999 -999
