JTWC 96W INVEST    160728 1800 110N 1285E 330 057 1004 1008 0426 08 083 -999 -999 -999 -999
JTWC 96W INVEST    160729 0000 119N 1275E 325 062 1006 1008 0426 10 083 -999 -999 -999 -999
JTWC 96W INVEST    160729 0600 119N 1273E 320 042 1004 1007 0463 10 083 -999 -999 -999 -999
JTWC 96W INVEST    160815 1800 196N 1617E 300 037 1007 1008 0389 10 111 -999 -999 -999 -999
JTWC 96W INVEST    160816 0600 190N 1618E 290 016 1007 1008 0389 10 111 -999 -999 -999 -999
JTWC 96W INVEST    160817 0600 265N 1576E 305 062 1000 1001 0333 15 111 -999 -999 -999 -999
JTWC 96W INVEST    160817 1200 274N 1558E 300 077 0996 1001 0333 18 111 -999 -999 -999 -999
JTWC 96W INVEST    160818 0000 291N 1522E 300 093 0996 1001 0398 18 074 -999 -999 -999 -999
JTWC 96W INVEST    160905 1200 230N 1250E 070 032 1004 1006 0370 10 092 -999 -999 -999 -999
JTWC 96W INVEST    160905 1800 256N 1253E 040 052 1004 1006 0352 10 092 -999 -999 -999 -999
JTWC 96W INVEST    160906 0000 261N 1259E 045 047 1004 1006 0352 10 092 -999 -999 -999 -999
JTWC 96W INVEST    160906 0600 267N 1270E 050 052 1003 1007 0259 10 092 -999 -999 -999 -999
JTWC 96W INVEST    160906 1200 276N 1280E 050 052 1003 1006 0315 10 092 -999 -999 -999 -999
JTWC 96W INVEST    160906 1800 293N 1294E 045 072 1003 1006 0315 10 092 -999 -999 -999 -999
JTWC 96W INVEST    160907 0000 293N 1302E 045 067 1003 1006 0296 10 064 -999 -999 -999 -999
JTWC 96W INVEST    160907 0600 302N 1321E 055 067 1004 1006 0296 10 064 -999 -999 -999 -999
JTWC 96W INVEST    160907 1200 307N 1359E 075 103 1005 1006 0296 10 064 -999 -999 -999 -999
JTWC 96W INVEST    160907 1800 311N 1375E 070 113 1005 1006 0296 10 064 -999 -999 -999 -999
JTWC 96W INVEST    160921 0600 103N 1499E 290 077 1006 1009 0333 10 083 -999 -999 -999 -999
JTWC 96W INVEST    160921 1200 104N 1479E 285 088 1005 1008 0333 10 083 -999 -999 -999 -999
JTWC 96W INVEST    160921 1800 107N 1453E 280 103 1006 1010 0370 10 083 -999 -999 -999 -999
JTWC 96W INVEST    160922 0000 114N 1430E 280 113 1006 1010 0370 10 083 -999 -999 -999 -999
JTWC 96W INVEST    160922 0600 089N 1401E 260 113 1010 1010 0370 10 083 -999 -999 -999 -999
JTWC 96W INVEST    160922 1200 090N 1385E 265 093 1010 1010 0370 10 083 -999 -999 -999 -999
JTWC 96W INVEST    160922 1800 141N 1401E 330 077 1005 1010 0389 10 101 -999 -999 -999 -999
JTWC 96W INVEST    161110 0600 108N 1685E 275 067 1009 1011 0343 10 074 -999 -999 -999 -999
JTWC 96W INVEST    161110 1800 099N 1654E 260 077 1011 1011 0333 10 074 -999 -999 -999 -999
