NHC  97L INVEST    160728 1800 130N 0345W 275 072 1011 1012 0278 10 130 -999 -999 -999 -999 -999 -999
NHC  97L INVEST    160729 0000 134N 0370W 275 093 1011 1012 0278 10 130 -999 -999 -999 -999 -999 -999
NHC  97L INVEST    160729 1200 138N 0410W 275 098 1011 1012 0278 13 130 -999 -999 -999 -999 -999 -999
NHC  97L INVEST    160729 1800 140N 0429W 275 098 1010 1012 0278 13 130 -999 -999 -999 -999 -999 -999
NHC  97L INVEST    160730 0000 140N 0460W 275 129 1010 1012 0278 13 130 -999 -999 -999 -999 -999 -999
NHC  97L INVEST    160730 0600 143N 0486W 275 129 1010 1012 0278 13 130 -999 -999 -999 -999 -999 -999
NHC  97L INVEST    160730 1200 145N 0513W 275 129 1010 1012 0278 13 130 -999 -999 -999 -999 -999 -999
NHC  97L INVEST    160730 1800 150N 0545W 280 139 1009 1011 0278 15 130 -999 -999 -999 -999 -999 -999
NHC  97L INVEST    160731 0000 149N 0573W 275 144 1009 1011 0278 15 130 -999 -999 -999 -999 -999 -999
NHC  97L INVEST    160731 0600 150N 0600W 275 134 1009 1011 0278 15 130 -999 -999 -999 -999 -999 -999
NHC  97L INVEST    160731 1200 150N 0624W 275 129 1009 1011 0278 13 130 -999 -999 -999 -999 -999 -999
NHC  97L INVEST    160731 1800 148N 0648W 270 124 1010 1012 0278 15 222 -999 -999 -999 -999 -999 -999
NHC  97L INVEST    160801 0000 150N 0675W 275 124 1010 1012 0278 15 222 -999 -999 -999 -999 -999 -999
NHC  97L INVEST    160801 0600 157N 0691W 275 077 1007 1012 0278 21 093 0130 0111 -999 01309 -999 -999 -999
NHC  97L INVEST    160801 1200 158N 0717W 275 103 1007 1009 0259 21 093 0130 0111 -999 01309 -999 -999 -999
NHC  97L INVEST    160801 1800 164N 0734W 275 093 1007 1009 0222 21 074 0130 0111 -999 01309 -999 -999 -999
NHC  97L INVEST    160802 0000 166N 0752W 275 093 1007 1009 0222 21 074 0130 0111 -999 01309 -999 -999 -999
NHC  97L INVEST    160802 0600 163N 0775W 275 098 1007 1009 0222 21 074 0130 0111 -999 01309 -999 -999 -999
NHC  97L INVEST    160802 1200 169N 0797W 275 103 1007 1009 0222 21 074 0130 0111 -999 01309 -999 -999 -999
NHC  97L INVEST    160925 0000 075N 0338W 270 057 1012 1014 0278 10 111 -999 -999 -999 -999 -999 -999
NHC  97L INVEST    160925 0600 075N 0349W 270 057 1011 1014 0278 10 111 -999 -999 -999 -999 -999 -999
NHC  97L INVEST    160925 1200 082N 0377W 275 082 1012 1014 0278 10 148 -999 -999 -999 -999 -999 -999
NHC  97L INVEST    160925 1800 077N 0394W 275 088 1012 1013 0278 13 148 -999 -999 -999 -999 -999 -999
NHC  97L INVEST    160926 0000 079N 0411W 275 088 1011 1012 0278 13 148 -999 -999 -999 -999 -999 -999
NHC  97L INVEST    160926 0600 089N 0428W 285 088 1010 1012 0278 13 148 -999 -999 -999 -999 -999 -999
NHC  97L INVEST    160926 1200 093N 0460W 280 098 1010 1012 0278 13 148 -999 -999 -999 -999 -999 -999
NHC  97L INVEST    160926 1800 099N 0486W 280 113 1008 1010 0371 13 148 -999 -999 -999 -999 -999 -999
NHC  97L INVEST    160927 0000 102N 0502W 280 103 1008 1010 0371 13 148 -999 -999 -999 -999 -999 -999
NHC  97L INVEST    160927 0600 111N 0510W 290 088 1008 1012 0371 15 148 -999 -999 -999 -999 -999 -999
NHC  97L INVEST    160927 1200 113N 0525W 285 082 1008 1012 0371 15 185 -999 -999 -999 -999 -999 -999
NHC  97L INVEST    160927 1800 130N 0545W 290 093 1008 1010 0241 15 185 -999 -999 -999 -999 -999 -999
NHC  97L INVEST    160928 0000 131N 0553W 285 082 1008 1010 0241 15 185 -999 -999 -999 -999 -999 -999
NHC  97L INVEST    160928 0600 135N 0569W 280 082 1007 1012 0334 18 130 0148 0130 -999 01309 -999 -999 -999
NHC  97L INVEST    160928 1200 132N 0598W 275 103 1008 1012 0334 26 148 0334 0167 -999 -999 -999 -999
NHC  97L MATTHEW   160928 1800 137N 0613W 280 082 1008 1010 0334 26 148 0334 0185 -999 01675 -999 -999 -999
