NHC  98E INVEST    160714 0000 114N 1010W 275 041 1009 1011 0334 13 167 -999 -999 -999 -999 -999 -999
NHC  98E INVEST    160714 0600 115N 1018W 280 041 1009 1011 0334 13 167 -999 -999 -999 -999 -999 -999
NHC  98E INVEST    160714 1200 119N 1041W 280 067 1009 1011 0334 13 167 -999 -999 -999 -999 -999 -999
NHC  98E INVEST    160714 1800 132N 1042W 290 062 1009 1012 0334 13 167 -999 -999 -999 -999 -999 -999
NHC  98E INVEST    160715 0000 137N 1050W 290 051 1008 1012 0334 15 148 -999 -999 -999 -999 -999 -999
NHC  98E INVEST    160715 0600 137N 1054W 290 036 1008 1012 0334 15 148 -999 -999 -999 -999 -999 -999
NHC  98E INVEST    160715 1200 141N 1062W 295 041 1008 1012 0334 15 148 -999 -999 -999 -999 -999 -999
NHC  98E INVEST    160822 1200 105N 1101W 285 046 1007 1009 0278 10 000 -999 -999 -999 -999 -999 -999
NHC  98E INVEST    160822 1800 100N 1122W 280 067 1008 1010 0324 13 130 -999 -999 -999 -999 -999 -999
NHC  98E INVEST    160823 0000 100N 1117W 280 057 1008 1009 0278 13 130 -999 -999 -999 -999 -999 -999
NHC  98E INVEST    160823 0600 095N 1140W 265 062 1008 1010 0278 13 130 -999 -999 -999 -999 -999 -999
NHC  98E INVEST    160823 1200 105N 1155W 280 067 1008 1010 0278 13 130 -999 -999 -999 -999 -999 -999
NHC  98E INVEST    160824 0000 115N 1179W 280 082 1007 1010 0278 13 111 -999 -999 -999 -999 -999 -999
NHC  98E INVEST    160824 0600 109N 1207W 270 057 1007 1010 0278 13 111 -999 -999 -999 -999 -999 -999
NHC  98E INVEST    160824 1200 109N 1220W 270 057 1007 1010 0278 13 111 -999 -999 -999 -999 -999 -999
NHC  98E INVEST    160824 1800 114N 1245W 275 082 1007 1010 0278 13 111 -999 -999 -999 -999 -999 -999
NHC  98E INVEST    160825 0000 120N 1250W 285 077 1008 1010 0334 13 167 -999 -999 -999 -999 -999 -999
NHC  98E INVEST    160825 0600 118N 1264W 280 072 1008 1011 0371 13 167 -999 -999 -999 -999 -999 -999
NHC  98E INVEST    160825 1200 119N 1283W 280 082 1008 1011 0371 13 167 -999 -999 -999 -999 -999 -999
NHC  98E INVEST    160825 1800 112N 1321W 270 093 1008 1011 0371 13 167 -999 -999 -999 -999 -999 -999
NHC  98E INVEST    160826 0000 133N 1320W 305 067 1008 1011 0371 13 167 -999 -999 -999 -999 -999 -999
NHC  98E INVEST    160826 0600 137N 1328W 315 046 1008 1011 0371 15 167 -999 -999 -999 -999 -999 -999
NHC  98E INVEST    160826 1200 121N 1349W 280 051 1008 1011 0371 15 167 -999 -999 -999 -999 -999 -999
NHC  98E INVEST    160826 1800 131N 1361W 290 057 1008 1011 0371 15 111 -999 -999 -999 -999 -999 -999
NHC  98E INVEST    161010 0600 125N 1135W 275 062 1007 1010 0278 13 148 -999 -999 -999 -999 -999 -999
NHC  98E INVEST    161010 1200 130N 1140W 280 051 1007 1010 0278 13 148 -999 -999 -999 -999 -999 -999
NHC  98E INVEST    161010 1800 144N 1167W 295 072 1007 1010 0278 13 148 -999 -999 -999 -999 -999 -999
NHC  98E INVEST    161011 0000 136N 1198W 280 082 1007 1010 0278 13 148 -999 -999 -999 -999 -999 -999
NHC  98E INVEST    161011 0600 152N 1195W 295 057 1007 1010 0278 13 148 -999 -999 -999 -999 -999 -999
NHC  98E INVEST    161011 1200 165N 1210W 310 072 1007 1010 0278 13 148 -999 -999 -999 -999 -999 -999
NHC  98E INVEST    161011 1800 170N 1230W 300 082 1007 1010 0278 13 148 -999 -999 -999 -999 -999 -999
NHC  98E INVEST    161012 0000 175N 1241W 295 072 1007 1010 0278 13 148 -999 -999 -999 -999 -999 -999
NHC  98E INVEST    161012 0600 176N 1245W 295 057 1007 1010 0278 13 148 -999 -999 -999 -999 -999 -999
NHC  98E INVEST    161012 1200 179N 1261W 285 051 1007 1011 0222 13 148 -999 -999 -999 -999 -999 -999
NHC  98E INVEST    161012 1800 183N 1270W 290 051 1007 1011 0222 13 148 -999 -999 -999 -999 -999 -999
