JTWC 98W INVEST    160803 0600 192N 1482E 350 057 1001 1004 0694 10 647 -999 -999 -999 -999
JTWC 98W INVEST    160803 1200 196N 1475E 335 047 1002 1005 0555 10 462 -999 -999 -999 -999
JTWC 98W INVEST    160803 1800 190N 1470E 300 026 1000 1005 0740 15 462 -999 -999 -999 -999
JTWC 98W INVEST    160804 0000 189N 1476E 240 011 1000 1005 0833 15 462 -999 -999 -999 -999
JTWC 98W INVEST    160804 0600 190N 1467E 355 016 1000 1004 0777 15 222 -999 -999 -999 -999
JTWC 98W INVEST    160804 1200 195N 1467E 000 021 1000 1004 0777 15 222 -999 -999 -999 -999
JTWC 98W INVEST    160818 1200 217N 1522E 060 047 0996 1001 0333 10 138 -999 -999 -999 -999
JTWC 98W INVEST    160818 1800 232N 1540E 055 072 0996 0998 0333 10 138 -999 -999 -999 -999
JTWC 98W INVEST    160819 0000 256N 1526E 005 062 0996 1001 0333 10 083 -999 -999 -999 -999
JTWC 98W INVEST    160819 0600 270N 1522E 345 067 0997 1001 0315 10 083 -999 -999 -999 -999
JTWC 98W INVEST    160819 1200 286N 1518E 340 072 0998 1001 0315 10 083 -999 -999 -999 -999
JTWC 98W INVEST    160819 1800 312N 1497E 335 108 0996 1002 0296 18 064 0222 -999 -999 0185
JTWC 98W INVEST    160907 1800 118N 1437E 265 047 1008 1008 0278 08 000 -999 -999 -999 -999
JTWC 98W INVEST    160908 0600 137N 1426E 300 037 1007 1008 0296 10 074 -999 -999 -999 -999
JTWC 98W INVEST    160908 1200 139N 1425E 305 021 1009 1010 0370 10 074 -999 -999 -999 -999
JTWC 98W INVEST    160927 0600 147N 1522E 260 067 1006 1008 0296 10 101 -999 -999 -999 -999
JTWC 98W INVEST    160927 1200 145N 1510E 255 062 1007 1009 0315 10 092 -999 -999 -999 -999
JTWC 98W INVEST    161122 0000 050N 1389E 305 052 1006 1010 0222 08 046 -999 -999 -999 -999
JTWC 98W INVEST    161122 0600 059N 1353E 295 098 1005 1008 0259 08 101 -999 -999 -999 -999
JTWC 98W INVEST    161122 1200 063N 1342E 290 103 1006 1008 0259 08 101 -999 -999 -999 -999
JTWC 98W INVEST    161122 1800 066N 1332E 285 103 1005 1008 0222 08 101 -999 -999 -999 -999
JTWC 98W INVEST    161123 0000 072N 1318E 290 062 1006 1008 0222 08 046 -999 -999 -999 -999
JTWC 98W INVEST    161123 1800 086N 1287E 295 057 1004 1008 0278 10 046 -999 -999 -999 -999
JTWC 98W INVEST    161124 0000 094N 1268E 295 077 1005 1007 0324 10 046 -999 -999 -999 -999
JTWC 98W INVEST    161124 0600 095N 1271E 290 047 1002 1006 0296 10 083 -999 -999 -999 -999
