JTWC 99B INVEST    161020 0600 142N 0904E 030 016 1004 1006 0296 10 083 -999 -999 -999 -999
JTWC 99B INVEST    161020 1200 143N 0908E 050 016 1003 1006 0296 10 083 -999 -999 -999 -999
JTWC 99B INVEST    161020 1800 141N 0900E 035 011 1002 1004 0296 10 101 -999 -999 -999 -999
JTWC 99B INVEST    161021 0000 142N 0900E 035 006 1002 1005 0315 10 101 -999 -999 -999 -999
JTWC 99B INVEST    161021 0600 135N 0890E 045 006 1003 1007 0315 10 101 -999 -999 -999 -999
JTWC 99B INVEST    161021 1200 136N 0892E 050 011 1003 1007 0315 10 101 -999 -999 -999 -999
JTWC 99B INVEST    161021 1800 137N 0895E 065 011 1000 1006 0241 15 101 -999 -999 -999 -999
JTWC 99B INVEST    161022 0000 138N 0898E 070 016 1000 1007 0278 15 101 -999 -999 -999 -999
JTWC 99B INVEST    161022 0600 145N 0912E 065 037 1005 1007 0278 13 101 -999 -999 -999 -999
JTWC 99B INVEST    161022 1200 149N 0921E 065 047 1005 1007 0278 13 101 -999 -999 -999 -999
JTWC 99B INVEST    161022 1800 152N 0924E 060 037 1004 1007 0296 13 101 -999 -999 -999 -999
JTWC 99B INVEST    161023 0000 155N 0930E 060 032 1004 1007 0352 13 101 -999 -999 -999 -999
JTWC 99B INVEST    161023 0600 153N 0919E 030 011 1000 1006 0352 15 083 -999 -999 -999 -999
JTWC 99B INVEST    161023 1200 159N 0927E 040 021 1001 1006 0352 15 083 -999 -999 -999 -999
JTWC 99B INVEST    161023 1800 165N 0929E 025 026 1000 1006 0352 15 083 -999 -999 -999 -999
JTWC 99B INVEST    161024 0000 163N 0931E 035 016 1000 1006 0315 15 083 -999 -999 -999 -999
JTWC 99B INVEST    161024 0600 165N 0930E 025 011 1000 1006 0315 15 083 -999 -999 -999 -999
JTWC 99B INVEST    161024 1200 167N 0927E 315 006 1000 1006 0315 15 083 -999 -999 -999 -999
JTWC 99B INVEST    161024 1800 167N 0919E 290 021 1000 1006 0315 15 083 -999 -999 -999 -999
