NHC  99E INVEST    160720 1800 095N 0990W 290 057 1009 1011 0278 13 167 -999 -999 -999 -999 -999 -999
NHC  99E INVEST    160721 0000 102N 1006W 290 057 1008 1011 0278 13 167 -999 -999 -999 -999 -999 -999
NHC  99E INVEST    160721 0600 119N 1022W 305 088 1008 1011 0278 13 167 -999 -999 -999 -999 -999 -999
NHC  99E INVEST    160721 1200 132N 1025W 285 062 1008 1011 0278 13 167 -999 -999 -999 -999 -999 -999
NHC  99E INVEST    160721 1800 145N 1035W 305 057 1005 1011 0278 21 037 0093 0056 -999 00569 -999 -999 -999
NHC  99E INVEST    160822 1800 111N 0955W 280 057 1009 1011 0324 10 000 -999 -999 -999 -999 -999 -999
NHC  99E INVEST    160823 0000 107N 0972W 280 057 1009 1010 0278 13 130 -999 -999 -999 -999 -999 -999
NHC  99E INVEST    160823 0600 115N 0990W 285 072 1009 1010 0278 13 130 -999 -999 -999 -999 -999 -999
NHC  99E INVEST    160823 1200 123N 1005W 290 077 1008 1010 0278 13 130 -999 -999 -999 -999 -999 -999
NHC  99E INVEST    160823 1800 142N 1044W 295 108 1008 1011 0278 13 130 -999 -999 -999 -999 -999 -999
NHC  99E INVEST    160824 0000 145N 1060W 290 113 1007 1011 0278 13 130 -999 -999 -999 -999 -999 -999
NHC  99E INVEST    160824 0600 142N 1071W 280 062 1007 1010 0278 13 130 -999 -999 -999 -999 -999 -999
NHC  99E INVEST    160824 1200 145N 1088W 280 072 1007 1010 0278 13 130 -999 -999 -999 -999 -999 -999
NHC  99E INVEST    160824 1800 150N 1094W 290 062 1006 1010 0241 15 074 -999 -999 -999 -999 -999 -999
NHC  99E INVEST    161011 0000 103N 0955W 275 036 1008 1010 0278 13 185 -999 -999 -999 -999 -999 -999
NHC  99E INVEST    161011 0600 105N 0974W 275 051 1008 1011 0278 13 111 -999 -999 -999 -999 -999 -999
NHC  99E INVEST    161011 1200 110N 1000W 280 077 1008 1010 0278 13 111 -999 -999 -999 -999 -999 -999
NHC  99E INVEST    161012 0000 111N 1028W 275 072 1008 1010 0278 13 111 -999 -999 -999 -999 -999 -999
NHC  99E INVEST    161012 0600 111N 1034W 275 057 1008 1010 0278 13 111 -999 -999 -999 -999 -999 -999
NHC  99E INVEST    161012 1200 118N 1066W 280 098 1008 1011 0445 13 111 -999 -999 -999 -999 -999 -999
NHC  99E INVEST    161012 1800 118N 1077W 280 077 1008 1011 0445 13 111 -999 -999 -999 -999 -999 -999
NHC  99E INVEST    161013 0000 119N 1095W 275 082 1008 1011 0445 13 111 -999 -999 -999 -999 -999 -999
NHC  99E INVEST    161013 0600 145N 1109W 305 088 1008 1011 0445 13 111 -999 -999 -999 -999 -999 -999
NHC  99E INVEST    161013 1200 132N 1116W 285 067 1008 1011 0445 13 111 -999 -999 -999 -999 -999 -999
NHC  99E INVEST    161013 1800 135N 1126W 285 062 1008 1011 0445 13 111 -999 -999 -999 -999 -999 -999
NHC  99E INVEST    161014 0000 147N 1146W 295 077 1008 1011 0445 13 111 -999 -999 -999 -999 -999 -999
NHC  99E INVEST    161014 0600 155N 1160W 300 077 1009 1011 0445 10 111 -999 -999 -999 -999 -999 -999
NHC  99E INVEST    161014 1200 143N 1189W 275 088 1009 1011 0445 10 111 -999 -999 -999 -999 -999 -999
NHC  99E INVEST    161014 1800 145N 1201W 275 082 1009 1011 0445 10 111 -999 -999 -999 -999 -999 -999
NHC  99E INVEST    161015 0000 146N 1199W 280 051 1009 1011 0445 10 111 -999 -999 -999 -999 -999 -999
NHC  99E INVEST    161015 0600 149N 1208W 285 036 1009 1011 0445 10 111 -999 -999 -999 -999 -999 -999
NHC  99E INVEST    161015 1200 145N 1210W 275 036 1008 1011 0371 13 111 -999 -999 -999 -999 -999 -999
NHC  99E INVEST    161015 1800 152N 1211W 300 021 1008 1011 0371 13 111 -999 -999 -999 -999 -999 -999
NHC  99E INVEST    161016 0000 157N 1225W 285 041 1008 1011 0371 13 111 -999 -999 -999 -999 -999 -999
NHC  99E INVEST    161016 0600 157N 1236W 280 046 1008 1011 0371 13 111 -999 -999 -999 -999 -999 -999
NHC  99E INVEST    161016 1200 156N 1250W 265 062 1008 1011 0371 13 111 -999 -999 -999 -999 -999 -999
NHC  99E INVEST    161016 1800 157N 1267W 270 067 1008 1011 0371 13 111 -999 -999 -999 -999 -999 -999
NHC  99E INVEST    161017 0000 153N 1280W 265 072 1008 1010 0371 13 111 -999 -999 -999 -999 -999 -999
NHC  99E INVEST    161017 1200 144N 1301W 260 062 1008 1011 0371 13 093 -999 -999 -999 -999 -999 -999
NHC  99E INVEST    161017 1800 140N 1309W 255 051 1008 1011 0371 13 093 -999 -999 -999 -999 -999 -999
NHC  99E INVEST    161018 0000 139N 1316W 255 046 1008 1009 0371 13 093 -999 -999 -999 -999 -999 -999
NHC  99E INVEST    161018 0600 138N 1325W 260 041 1008 1010 0371 13 093 -999 -999 -999 -999 -999 -999
NHC  99E INVEST    161018 1200 135N 1330W 255 036 1008 1010 0371 13 093 -999 -999 -999 -999 -999 -999
NHC  99E INVEST    161018 1800 134N 1344W 260 046 1008 1010 0371 13 074 -999 -999 -999 -999 -999 -999
NHC  99E INVEST    161019 0000 129N 1357W 255 057 1008 1009 0334 13 074 -999 -999 -999 -999 -999 -999
NHC  99E INVEST    161019 1200 125N 1380W 255 062 1008 1009 0334 13 074 -999 -999 -999 -999 -999 -999
NHC  99E INVEST    161019 1800 123N 1387W 260 051 1008 1009 0334 13 074 -999 -999 -999 -999 -999 -999
