NHC  01C NONAME    020822 1800 107N 1427W 270 057 1009 1010 0278 13 056 -999 -999 -999 -999 -999 -999
NHC  01C ONE       020823 0000 107N 1441W 270 072 1009 1010 0278 15 093 -999 -999 -999 -999 -999 -999
NHC  01C ONE       020823 1200 111N 1462W 275 062 1009 1010 0278 15 093 -999 -999 -999 -999 -999 -999
NHC  01C ONE       020823 1800 114N 1473W 285 057 1007 1010 0241 15 093 -999 -999 -999 -999 -999 -999
NHC  01C ONE       020824 0000 115N 1480W 280 051 1007 1010 0241 15 093 -999 -999 -999 -999 -999 -999
NHC  01C ONE       020824 0600 116N 1490W 280 051 1007 1010 0241 15 093 -999 -999 -999 -999 -999 -999
NHC  01C ONE       020824 1200 117N 1497W 280 046 1007 1010 0241 15 093 -999 -999 -999 -999 -999 -999
NHC  01C ONE       020824 1800 118N 1509W 275 051 1007 1010 0241 15 093 -999 -999 -999 -999 -999 -999
NHC  01C ONE       020825 0000 122N 1515W 285 041 0996 1010 0463 21 093 0111 -999 -999 01119 -999 -999 -999
NHC  01C ALIKA     020825 0600 127N 1521W 295 046 0995 1010 0463 26 093 0111 -999 -999 01119 -999 -999 -999
NHC  01C ALIKA     020825 1200 129N 1531W 295 041 0995 1010 0463 28 093 0111 -999 -999 01119 -999 -999 -999
NHC  01C NONAME    020825 1800 125N 1551W 270 072 0998 1010 0371 26 019 0102 0065 0065 01029 0019 0019 0019
NHC  01C ALIKA     020826 0000 125N 1563W 270 067 0998 1010 0371 26 019 0102 0065 0065 01029 0019 0019 0019
NHC  01C ALIKA     020826 0600 126N 1575W 275 041 1000 1010 0334 23 028 0093 0056 0056 00939 -999 -999 -999
NHC  01C ALIKA     020826 1200 130N 1589W 280 062 1000 1010 0324 23 019 0093 0056 0056 00939 -999 -999 -999
NHC  01C ALIKA     020826 1800 130N 1589W 280 051 1004 1010 0278 18 019 0093 0056 0056 00939 -999 -999 -999
NHC  01C ALIKA     020827 0000 146N 1620W 285 077 1010 1012 0185 15 019 -999 -999 -999 -999 -999 -999
NHC  01C ALIKA     020827 0600 153N 1629W 295 082 1009 1012 0167 15 019 -999 -999 -999 -999 -999 -999
NHC  01C ALIKA     020827 1200 156N 1644W 290 077 1010 1012 0167 15 037 -999 -999 -999 -999 -999 -999
NHC  01C ALIKA     020827 1800 158N 1662W 285 082 1010 1012 0167 15 037 -999 -999 -999 -999 -999 -999
NHC  01C ALIKA     020828 0000 160N 1675W 280 077 1009 1012 0167 13 037 -999 -999 -999 -999 -999 -999
NHC  01C ALIKA     020828 0600 162N 1689W 280 077 1010 1012 0148 13 083 -999 -999 -999 -999 -999 -999
