NHC  01E ONE       020524 1800 115N 1013W 345 015 1007 1010 0297 15 083 -999 -999 -999 -999 -999 -999
NHC  01E ONE       020525 0000 116N 1018W 270 026 1004 1008 0324 15 093 -999 -999 -999 -999 -999 -999
NHC  01E ONE       020525 0600 114N 1017W 310 015 1004 1008 0324 15 093 -999 -999 -999 -999 -999 -999
NHC  01E ONE       020525 1200 114N 1023W 270 021 1003 1008 0324 15 093 -999 -999 -999 -999 -999 -999
NHC  01E ONE       020525 1800 109N 1032W 250 031 1004 1008 0324 15 093 -999 -999 -999 -999 -999 -999
NHC  01E ONE       020526 0000 101N 1040W 225 051 1004 1008 0324 15 093 -999 -999 -999 -999 -999 -999
NHC  01E ALMA      020526 0600 098N 1047W 250 046 1003 1010 0324 18 093 -999 -999 0093 00939 -999 -999 -999
NHC  01E ALMA      020526 1200 106N 1040W 270 005 1004 1010 0324 18 093 -999 -999 0093 00939 -999 -999 -999
NHC  01E ALMA      020526 1800 108N 1056W 270 031 1004 1010 0324 18 093 -999 -999 0093 00939 -999 -999 -999
NHC  01E ALMA      020527 0000 108N 1066W 273 041 1004 1010 0324 18 093 -999 -999 0093 00939 -999 -999 -999
NHC  01E ALMA      020527 0600 107N 1075W 270 046 1004 1009 0324 18 083 -999 -999 0093 00939 -999 -999 -999
NHC  01E ALMA      020527 1200 107N 1082W 270 036 1004 1009 0324 18 083 -999 -999 0093 00939 -999 -999 -999
NHC  01E ALMA      020527 1800 112N 1095W 290 046 1000 1009 0324 23 083 -999 -999 0139 01399 -999 -999 -999
NHC  01E ALMA      020528 0000 115N 1104W 285 046 0997 1009 0324 26 074 -999 0111 0139 01399 -999 -999 -999
NHC  01E ALMA      020528 0600 116N 1112W 286 041 0994 1009 0324 28 074 0111 0139 0139 01399 -999 -999 -999
NHC  01E ALMA      020528 1200 119N 1122W 285 046 0994 1009 0324 28 074 0111 0139 0139 01399 -999 -999 -999
NHC  01E ALMA      020528 1800 122N 1134W 286 051 0990 1009 0324 31 074 0139 0139 0139 01399 -999 -999 -999
NHC  01E ALMA      020529 0000 123N 1137W 286 031 0981 1009 0324 39 037 0148 0148 0148 01484 0074 0074 0074
NHC  01E ALMA      020529 0600 131N 1144W 310 036 0981 1009 0324 39 028 0148 0148 0148 01484 0074 0074 0074
NHC  01E ALMA      020529 1200 135N 1150W 310 041 0981 1009 0324 39 028 0148 0148 0148 01484 0074 0074 0074
NHC  01E ALMA      020529 1800 139N 1154W 320 036 0981 1006 0324 39 028 0148 0148 0148 01484 0074 0074 0074
NHC  01E ALMA      020530 0000 146N 1153W 000 036 0970 1006 0334 46 028 0148 0148 0148 01484 0074 0074 0074
NHC  01E ALMA      020530 0600 153N 1154W 000 036 0970 1006 0334 46 028 0167 0167 0167 01673 0083 0083 0083
NHC  01E ALMA      020530 1200 162N 1152W 005 036 0965 1006 0278 49 028 0167 0167 0167 01673 0083 0083 0083
NHC  01E ALMA      020530 1800 169N 1152W 005 041 0970 1006 0278 46 028 0167 0167 0167 01673 0093 0093 0093
NHC  01E ALMA      020531 0000 177N 1151W 007 041 0974 1006 0278 44 028 0167 0139 0139 01673 0074 0074 0093
NHC  01E ALMA      020531 0600 181N 1151W 000 031 0977 1006 0278 41 037 0167 0139 0139 01673 0074 0074 0093
NHC  01E ALMA      020531 1200 182N 1160W 270 021 0990 1006 0278 31 037 0139 0139 0139 01394 0074 0074 0074
NHC  01E ALMA      020531 1800 178N 1159W 270 005 1000 1006 0278 23 037 0139 0139 0139 01399 -999 -999 -999
NHC  01E ALMA      020601 0000 177N 1158W 232 005 1001 1006 0278 18 074 0139 0139 0139 01399 -999 -999 -999
NHC  01E ALMA      020601 0600 178N 1157W 045 005 1006 1009 0232 15 093 -999 -999 -999 -999 -999 -999
NHC  01E ALMA      020601 1200 178N 1157W 045 005 1009 1010 0232 13 093 -999 -999 -999 -999 -999 -999
