NHC  02C NONAME    020826 0600 100N 1631W 270 046 1008 1010 0454 13 445 -999 -999 -999 -999 -999 -999
NHC  02C TWO-C     020826 1200 104N 1642W 270 051 1008 1010 0454 13 445 -999 -999 -999 -999 -999 -999
NHC  02C TWO       020826 1800 104N 1644W 270 041 1008 1010 0454 13 445 -999 -999 -999 -999 -999 -999
NHC  02C TWO       020827 0000 103N 1655W 270 057 1010 1011 0454 15 445 -999 -999 -999 -999 -999 -999
NHC  02C ELE       020827 0600 102N 1692W 270 088 1002 1010 0454 21 074 0074 -999 -999 -999 -999 -999
NHC  02C ELE       020827 1200 100N 1707W 265 088 0994 1010 0389 28 056 0148 0167 0167 01676 0056 0056 0056
NHC  02C ELE       020827 1800 101N 1724W 270 088 0993 1010 0389 31 056 0167 0167 0167 01676 0056 0056 0056
NHC  02C ELE       020828 0000 098N 1733W 265 077 0987 1010 0454 33 445 -999 -999 -999 -999 -999 -999
NHC  02C ELE       020828 0600 098N 1742W 270 051 0987 1010 0454 33 445 -999 -999 -999 -999 -999 -999
NHC  02C ELE       020828 1200 104N 1753W 285 057 0984 1010 0454 39 445 -999 -999 -999 -999 -999 -999
NHC  02C ELE       020828 1800 109N 1768W 290 062 0983 1010 0454 39 445 -999 -999 -999 -999 -999 -999
NHC  02C ELE       020829 0000 109N 1782W 285 072 0981 1010 0454 39 445 -999 -999 -999 -999 -999 -999
NHC  02C ELE       020829 0600 107N 1775W 280 036 0976 1008 0454 39 445 -999 -999 -999 -999 -999 -999
NHC  02C ELE       020829 1200 112N 1784W 290 031 0976 1008 0454 46 445 -999 -999 -999 -999 -999 -999
NHC  02C ELE       020829 1800 117N 1792W 300 036 0970 1008 0454 46 445 -999 -999 -999 -999 -999 -999
NHC  02C ELE       020830 0000 121N 1799W 302 041 0945 1008 0454 57 445 -999 -999 -999 -999 -999 -999
JTWC 02C ELE       020904 0000 261N 1768E  40 021 0954  996 023  46 028 0222 0185 0185 0185
JTWC 02C ELE       020904 0600 264N 1770E  35 015 0973  996 023  44 028 0222 0185 0185 0185
JTWC 02C ELE       020904 1200 267N 1770E  20 015 0976  996 023  41 028 0222 0185 0185 0185
JTWC 02C ELE       020904 1800 274N 1766E 350 021 0981  996 023  39 037 0222 0185 0185 0185
JTWC 02C ELE       020905 0000 277N 1757E 320 031 0972  996 024  36 037 0259 0241 0185 0222
JTWC 02C ELE       020905 0600 282N 1751E 310 036 0987  996 024  33 037 0259 0241 0185 0222
JTWC 02C ELE       020905 1200 287N 1746E 305 036 0987  996 024  33 037 0259 0241 0185 0222
JTWC 02C ELE       020905 1800 293N 1743E 320 036 0987  996 024  33 037 0259 0241 0241 0241
JTWC 02C ELE       020906 0000 301N 1739E 330 036 0972  996 024  36 037 0259 0259 0241 0241
JTWC 02C ELE       020906 0600 308N 1730E 325 046 0984  996 024  36 037 0259 0259 0241 0241
JTWC 02C ELE       020906 1200 311N 1726E 320 041 0984  996 025  36 037 0306 0222 0222 0259
JTWC 02C ELE       020906 1800 318N 1723E 325 036 0984  996 025  36 046 0306 0222 0222 0259
JTWC 02C ELE       020907 0000 327N 1708E 320 051 0987  996 033  33 065 0333 0222 0222 0296
JTWC 02C ELE       020907 0600 336N 1699E 320 057 0990  996 033  31 074 0296 0222 0222 0296
JTWC 02C ELE       020907 1200 340N 1687E 310 062 0994  996 033  28 074 0296 0222 0222 0296
JTWC 02C ELE       020907 1800 342N 1672E 300 057 1007 1008 031  23 074 0296 0204 0204 0204
JTWC 02C ELE       020908 0000 345N 1665E 290 051 1002 1007 033  21 074 0204 0111 0111 0111
JTWC 02C ELE       020908 0600 350N 1660E 295 041 1002 1007 033  21 074 0204 0111 0111 0111
JTWC 02C ELE       020908 1200 356N 1660E 325 031 1002 1007 033  21 074 0204 0111 0111 -999
JTWC 02C ELE       020908 1800 360N 1653E 325 031 1005 1007 022  18 074 0222 0074 0074 0167
JTWC 02C ELE       020909 0000 368N 1653E 345 031 1005 1007 022  18 204 0204 -999 -999 0204
JTWC 02C ELE       020909 0600 377N 1654E 355 041 1005 1007 022  18 204 -999 -999 -999 -999
JTWC 02C ELE       020909 1200 387N 1662E  15 046 0997 1007 022  18 204 -999 -999 -999 -999
JTWC 02C ELE       020909 1800 398N 1674E  30 057 1000 1007 022  15 204 -999 -999 -999 -999
JTWC 02C ELE       020910 0000 407N 1676E  30 057 1004 1007 022  15 204 -999 -999 -999 -999
JTWC 02C ELE       020910 0600 419N 1685E  30 062 1004 1006 022  13 204 -999 -999 -999 -999
