NHC  03L INVEST    020805 1800 319N 0770W 105 026 1011 1017 0278 15 083 -999 -999 -999 -999 -999 -999
NHC  03L THREE     020806 0000 316N 0773W 200 021 1006 1017 0278 15 037 -999 -999 -999 -999 -999 -999
NHC  03L THREE     020806 0600 311N 0770W 180 026 1006 1014 0278 15 083 -999 -999 -999 -999 -999 -999
NHC  03L THREE     020806 1200 303N 0765W 165 036 1006 1014 0278 15 083 -999 -999 -999 -999 -999 -999
NHC  03L THREE     020806 1800 303N 0763W 000 000 1005 1014 0278 15 083 -999 -999 -999 -999 -999 -999
NHC  03L CRISTOBAL 020807 0000 302N 0761W 180 015 0999 1014 0278 21 111 -999 -999 0139 -999 -999 -999
NHC  03L CRISTOBAL 020807 0600 296N 0762W 180 015 0999 1010 0278 21 148 -999 -999 0185 -999 -999 -999
NHC  03L CRISTOBAL 020807 1200 293N 0761W 180 021 0999 1010 0278 21 148 -999 0222 0185 -999 -999 -999
NHC  03L CRISTOBAL 020807 1800 299N 0755W 045 021 1002 1010 0278 21 148 -999 0222 0185 -999 -999 -999
NHC  03L CRISTOBAL 020808 0000 295N 0754W 125 015 1000 1010 0278 21 130 0139 0222 0185 -999 -999 -999
NHC  03L CRISTOBAL 020808 0600 295N 0749W 090 021 1000 1010 0278 21 130 0139 0222 0185 -999 -999 -999
NHC  03L CRISTOBAL 020808 1200 300N 0740W 060 041 1000 1010 0278 21 130 0139 0222 0185 -999 -999 -999
NHC  03L CRISTOBAL 020808 1800 306N 0723W 065 072 1008 1010 0278 21 130 0139 0222 0139 -999 -999 -999
