NHC  05E FIVE-E    020720 1800 136N 1069W 295 031 1004 1011 0278 18 185 -999 0185 0185 -999 -999 -999
NHC  05E DOUGLAS   020721 0000 142N 1072W 320 036 1000 1011 0278 23 130 -999 0222 0222 -999 -999 -999
NHC  05E DOUGLAS   020721 0600 151N 1075W 325 041 0998 1010 0334 23 056 0111 0222 0222 01119 -999 -999 -999
NHC  05E DOUGLAS   020721 1200 159N 1082W 325 046 0996 1010 0334 26 056 0111 0222 0222 01116 0083 0083 0056
NHC  05E DOUGLAS   020721 1800 165N 1095W 300 051 0994 1010 0334 28 074 0139 0222 0222 01394 0111 0111 0074
NHC  05E DOUGLAS   020722 0000 170N 1103W 305 051 0987 1010 0334 33 046 0185 0278 0232 01853 0111 0111 0093
NHC  05E DOUGLAS   020722 0600 172N 1111W 285 041 0980 1010 0334 39 046 0232 0278 0204 02041 0111 0093 0093
NHC  05E DOUGLAS   020722 1200 172N 1120W 285 041 0973 1010 0334 44 046 0278 0278 0185 01851 0111 0093 0093
NHC  05E DOUGLAS   020722 1800 172N 1127W 275 041 0970 1010 0334 46 046 0278 0278 0278 02789 0139 0139 0139
NHC  05E DOUGLAS   020723 0000 173N 1134W 275 036 0970 1009 0389 46 028 0278 0417 0278 02789 0139 0139 0139
NHC  05E DOUGLAS   020723 0600 174N 1140W 275 036 0970 1009 0389 46 028 0278 0417 0278 02789 0139 0139 0139
NHC  05E DOUGLAS   020723 1200 176N 1147W 280 036 0973 1009 0389 44 028 0278 0417 0278 02789 0139 0139 0139
NHC  05E DOUGLAS   020723 1800 182N 1157W 295 041 0979 1009 0389 41 028 0278 0417 0278 02789 0139 0139 0139
NHC  05E DOUGLAS   020724 0000 188N 1171W 290 067 0979 1009 0389 41 074 0278 0371 0278 02789 0139 0139 0139
NHC  05E DOUGLAS   020724 0600 194N 1184W 295 072 0984 1009 0389 36 074 0278 0232 0232 02780 0130 0130 0130
NHC  05E DOUGLAS   020724 1200 200N 1200W 295 077 0987 1009 0371 33 074 0278 0232 0232 02780 0130 0130 0130
NHC  05E DOUGLAS   020724 1800 205N 1217W 290 082 0994 1009 0371 28 074 0278 0232 0232 02780 0130 0130 0130
NHC  05E DOUGLAS   020725 0000 207N 1238W 275 088 0997 1009 0371 26 074 0278 0232 0232 02783 0093 0093 0093
NHC  05E DOUGLAS   020725 0600 209N 1258W 275 098 1000 1009 0371 23 074 0232 0185 0185 02329 -999 -999 -999
NHC  05E DOUGLAS   020725 1200 210N 1279W 270 093 1005 1009 0371 18 074 0232 0185 0185 02329 -999 -999 -999
NHC  05E DOUGLAS   020725 1800 210N 1294W 275 088 1005 1009 0324 18 074 0232 0139 0093 02329 -999 -999 -999
NHC  05E DOUGLAS   020726 0000 210N 1313W 270 088 1006 1010 0324 15 074 -999 -999 -999 -999 -999 -999
NHC  05E DOUGLAS   020726 0600 212N 1334W 275 098 1006 1010 0324 15 074 -999 -999 -999 -999 -999 -999
NHC  05E DOUGLAS   020726 1200 215N 1350W 280 093 1009 1011 0324 15 074 -999 -999 -999 -999 -999 -999
