JTWC 06P ZOE       021226 0000 109S 1754E 265 057 0984 1007 024  28 037 0222 0222 0222 0222
JTWC 06P ZOE       021226 0600 109S 1744E 265 051 0984 1007 024  28 037 0222 0222 0222 0222
JTWC 06P ZOE       021226 1200 108S 1737E 270 046 0967 1007 024  39 037 0222 0222 0222 0222
JTWC 06P ZOE       021226 1800 108S 1734E 270 036 0954 1005 024  46 046 0241 0241 0241 0241
JTWC 06P ZOE       021227 0000 111S 1726E 260 036 0954 1004 024  46 046 0259 0259 0167 0259
JTWC 06P ZOE       021227 0600 116S 1716E 250 041 0933 1004 024  62 046 0259 0259 0167 0259
JTWC 06P ZOE       021227 1200 117S 1706E 255 051 0879 1004 024  80 046 0259 0259 0167 0259
JTWC 06P ZOE       021227 1800 118S 1703E 255 036 0879  999 024  80 037 0259 0259 0259 0222
JTWC 06P ZOE       021228 0000 122S 1698E 250 031 0879  999 025  80 037 0278 0278 0278 0185
JTWC 06P ZOE       021228 0600 124S 1695E 235 021 0879  999 027  80 046 0278 0278 0278 0185
JTWC 06P ZOE       021228 1200 125S 1692E 240 021 0892  999 027  75 046 0241 0333 0333 0241
JTWC 06P ZOE       021228 1800 125S 1693E 235 010 0910  999 027  67 093 0222 0333 0333 0222
JTWC 06P ZOE       021229 0000 127S 1695E 180 005 0922  999 024  62 065 0222 0241 0204 0232
JTWC 06P ZOE       021229 0600 130S 1699E 130 015 0933  999 024  57 065 0222 0259 0259 0222
JTWC 06P ZOE       021229 1200 136S 1705E 135 026 0949  999 024  49 065 0259 0241 0259 0204
JTWC 06P ZOE       021229 1800 139S 1710E 130 031 0944  998 024  51 037 0278 0222 0278 0130
JTWC 06P ZOE       021230 0000 143S 1716E 130 036 0949  998 024  49 028 0232 0250 0222 0167
JTWC 06P ZOE       021230 0600 150S 1720E 135 036 0958  998 024  44 028 0232 0250 0222 0167
JTWC 06P ZOE       021230 1800 167S 1739E 140 057 0976  999 024  33 037 0093 0222 0093 0093
JTWC 06P ZOE       021231 0000 164S 1732E 145 031 0984 1001 024  28 037 0093 0241 0167 0093
JTWC 06P ZOE       021231 0600 173S 1736E 150 036 0984 1001 022  28 037 0093 0222 0222 0093
JTWC 06P ZOE       021231 1200 183S 1742E 150 046 0984 1001 024  28 037 0185 0259 0222 0130
JTWC 06P ZOE       021231 1800 195S 1751E 150 051 0987 1001 025  26 046 0111 0296 0296 0111
