JTWC 07W NAMELESS  020606 0600 204N 1150E  80 021 1000 1002 024  15 148 -999 -999 -999 -999
JTWC 07W NAMELESS  020606 1800 202N 1171E  92 036 1000 1002 024  15 148 -999 -999 -999 -999
JTWC 07W NAMELESS  020607 0000 202N 1180E  92 041 1000 1002 024  15 148 -999 -999 -999 -999
JTWC 07W NAMELESS  020607 0600 205N 1187E  85 041 1000 1002 024  15 148 -999 -999 -999 -999
JTWC 07W NAMELESS  020607 1200 210N 1202E  76 051 1000 1002 024  15 130 -999 -999 -999 -999
JTWC 07W NAMELESS  020608 0000 210N 1220E  79 046 0991 1001 022  23 056 0111 0111 0111 0111
JTWC 07W NAMELESS  020608 0600 211N 1227E  80 041 0991 1002 024  23 056 0111 0111 0111 0111
JTWC 07W NOGURI    020608 1200 215N 1239E  77 046 0987 1002 022  26 056 0139 0148 0111 0111
JTWC 07W NOGURI    020608 1800 219N 1244E  67 041 0984 1002 022  28 056 0148 0148 0111 0111
JTWC 07W NOGURI    020609 0000 226N 1248E  50 036 0958 1001 022  44 028 0167 0167 0130 0130
JTWC 07W NOGURI    020609 0600 233N 1248E  30 036 0958 1001 024  44 028 0204 0204 0148 0130
JTWC 07W NOGURI    020609 1200 238N 1249E  20 031 0958 1001 020  44 019 0157 0157 0120 0120
JTWC 07W NOGURI    020609 1800 247N 1252E  15 036 0958 1001 020  44 028 0157 0157 0120 0120
JTWC 07W NOGURI    020610 0000 258N 1260E  20 046 0967 1001 020  39 037 0130 0148 0111 0111
JTWC 07W NOGURI    020610 0600 271N 1272E  30 067 0976 1002 022  33 028 0148 0148 0111 0111
JTWC 07W NOGURI    020610 1200 285N 1280E  30 077 0984 1003 015  28 028 0120 0120 0093 0093
JTWC 07W NOGURI    020610 1800 302N 1300E  40 093 0997 1003 018  18 056 -999 -999 -999 -999
JTWC 07W NOGURI    020611 0000 322N 1330E  45 124 1002 1003 018  13 056 -999 -999 -999 -999
