JTWC 09W NAMELESS  020628 1200 103N 1341E 275 046 1002 1006 020  13 093 -999 -999 -999 -999
JTWC 09W NAMELESS  020628 1800 105N 1335E 285 041 1000 1006 024  15 093 -999 -999 -999 -999
JTWC 09W NAMELESS  020629 0000 107N 1332E 300 031 1000 1006 024  15 093 -999 -999 -999 -999
JTWC 09W NAMELESS  020629 0600 110N 1359E  60 031 0997 1005 024  18 074 -999 -999 -999 -999
JTWC 09W RAMMASUN  020629 1200 114N 1359E  55 021 0994 1005 024  21 065 0065 0093 0093 0093
JTWC 09W RAMMASUN  020629 1800 118N 1355E  10 015 0994 1005 024  21 065 0065 0093 0093 0093
JTWC 09W RAMMASUN  020630 0000 120N 1355E 345 015 0991 1005 024  23 065 0065 0093 0111 0093
JTWC 09W RAMMASUN  020630 0600 132N 1347E 325 031 0991 1005 027  23 065 0065 0130 0130 0065
JTWC 09W RAMMASUN  020630 1200 137N 1340E 310 036 0987 1004 027  26 056 0083 0139 0139 0083
JTWC 09W RAMMASUN  020630 1800 143N 1333E 310 041 0987 1004 027  26 056 0083 0139 0139 0083
JTWC 09W RAMMASUN  020701 0000 152N 1325E 315 051 0987 1004 027  26 056 0083 0139 0139 0083
JTWC 09W RAMMASUN  020701 0600 162N 1322E 325 051 0987 1004 027  26 056 0139 0139 0139 0083
JTWC 09W RAMMASUN  020701 1200 176N 1317E 330 062 0976 1004 025  33 037 0185 0185 0222 0185
JTWC 09W RAMMASUN  020701 1800 187N 1308E 325 067 0967 1003 027  39 037 0185 0241 0204 0185
JTWC 09W RAMMASUN  020702 0000 196N 1299E 325 067 0958 1002 027  44 028 0241 0241 0241 0222
JTWC 09W RAMMASUN  020702 0600 202N 1290E 315 062 0958 1002 027  44 028 0241 0241 0241 0222
JTWC 09W RAMMASUN  020702 1200 210N 1281E 315 057 0949 1002 027  46 028 0241 0241 0241 0222
JTWC 09W RAMMASUN  020702 1800 222N 1273E 315 062 0938 1000 033  54 028 0296 0296 0296 0259
JTWC 09W RAMMASUN  020703 0000 233N 1263E 320 067 0933 1000 033  57 028 0296 0296 0296 0259
JTWC 09W RAMMASUN  020703 0600 238N 1257E 320 062 0933 1000 033  57 028 0296 0296 0296 0259
JTWC 09W RAMMASUN  020703 1200 246N 1252E 320 051 0933 1000 044  57 028 0296 0296 0259 0259
JTWC 09W RAMMASUN  020703 1800 255N 1247E 330 046 0933 1000 044  57 028 0259 0259 0296 0296
JTWC 09W RAMMASUN  020704 0000 268N 1245E 340 057 0933 1000 055  57 028 0444 0407 0324 0389
JTWC 09W RAMMASUN  020704 0600 278N 1241E 345 057 0938 1000 039  54 056 0463 0407 0333 0389
JTWC 09W RAMMASUN  020704 1200 295N 1240E 350 067 0954 1000 033  46 046 0407 0407 0333 0333
JTWC 09W RAMMASUN  020704 1800 307N 1241E 355 067 0963 1000 033  41 046 0407 0407 0333 0333
JTWC 09W RAMMASUN  020705 0000 321N 1241E   0 072 0972 1000 058  36 046 0389 0389 0306 0306
JTWC 09W RAMMASUN  020705 0600 327N 1237E 355 057 0984  999 035  28 074 0370 0370 0185 0185
JTWC 09W RAMMASUN  020705 1200 341N 1245E   5 057 0991  999 035  23 065 0352 0352 0167 0167
JTWC 09W RAMMASUN  020705 1800 351N 1252E  20 057 0994  999 037  21 065 0352 0222 0167 0185
JTWC 09W RAMMASUN  020706 0000 363N 1263E  30 072 0994  999 035  21 074 0296 0185 0185 0185
