NHC  10E TEN       020830 0600 135N 1030W 290 015 1006 1011 0278 15 111 -999 -999 -999 -999 -999 -999
NHC  10E TEN       020830 1200 138N 1031W 330 015 1004 1008 0278 18 093 0111 0111 0111 -999 -999 -999
NHC  10E HERNAN    020830 1800 142N 1040W 310 026 1000 1008 0278 23 083 0222 0222 0167 01119 -999 -999 -999
NHC  10E HERNAN    020831 0000 147N 1050W 300 046 0994 1009 0334 28 056 0222 0222 0167 01116 0056 0056 0056
NHC  10E HERNAN    020831 0600 153N 1060W 300 051 0990 1009 0334 31 056 0250 0250 0167 01114 0074 0074 0074
NHC  10E HERNAN    020831 1200 153N 1069W 290 051 0973 1009 0334 44 056 0250 0250 0167 01114 0074 0074 0074
NHC  10E HERNAN    020831 1800 157N 1078W 285 051 0962 1009 0334 51 056 0259 0259 0259 02594 0074 0074 0074
NHC  10E HERNAN    020901 0000 164N 1086W 300 051 0948 1009 0334 59 056 0297 0297 0259 02591 0111 0111 0111
NHC  10E HERNAN    020901 0600 168N 1101W 290 062 0931 1009 0334 67 056 0297 0297 0259 02591 0111 0111 0111
NHC  10E HERNAN    020901 1200 172N 1111W 295 062 0921 1009 0334 72 056 0297 0297 0297 02971 0111 0111 0111
NHC  10E HERNAN    020901 1800 176N 1123W 290 062 0921 1009 0334 72 056 0334 0334 0334 03340 0130 0130 0130
NHC  10E HERNAN    020902 0000 179N 1134W 290 062 0927 1009 0445 69 056 0334 0334 0334 03340 0130 0130 0130
NHC  10E HERNAN    020902 0600 183N 1143W 290 051 0948 1009 0445 59 056 0334 0334 0334 03340 0130 0130 0130
NHC  10E HERNAN    020902 1200 184N 1154W 285 051 0952 1009 0445 57 056 0334 0334 0334 03340 0130 0130 0130
NHC  10E HERNAN    020902 1800 186N 1163W 285 046 0956 1009 0445 54 037 0334 0334 0334 03340 0130 0130 0130
NHC  10E HERNAN    020903 0000 188N 1173W 285 051 0965 1009 0445 49 056 0334 0334 0334 03340 0130 0130 0130
NHC  10E HERNAN    020903 0600 188N 1183W 280 046 0970 1009 0445 46 056 0334 0334 0334 03340 0130 0130 0130
NHC  10E HERNAN    020903 1200 190N 1193W 280 051 0973 1009 0445 44 056 0334 0334 0334 03340 0130 0130 0130
NHC  10E HERNAN    020903 1800 192N 1200W 280 046 0976 1009 0445 41 056 0334 0334 0334 03340 0130 0130 0130
NHC  10E HERNAN    020904 0000 195N 1208W 285 041 0983 1009 0500 36 056 0278 0278 0185 02780 0130 0093 0130
NHC  10E HERNAN    020904 0600 202N 1216W 295 046 0987 1009 0500 33 056 0278 0278 0185 02780 0130 0093 0130
NHC  10E HERNAN    020904 1200 207N 1221W 310 041 0994 1009 0500 28 056 0278 0278 0185 02780 0130 0093 0130
NHC  10E HERNAN    020904 1800 211N 1228W 310 041 0997 1009 0500 26 056 0185 0185 0185 01853 0093 0093 0093
NHC  10E HERNAN    020905 0000 217N 1235W 310 041 1002 1010 0445 21 074 0185 0139 0139 01859 -999 -999 -999
NHC  10E HERNAN    020905 0600 219N 1237W 310 026 1002 1010 0445 18 074 0139 0139 0139 01399 -999 -999 -999
NHC  10E HERNAN    020905 1200 221N 1239W 315 015 1004 1010 0445 15 074 -999 -999 -999 -999 -999 -999
NHC  10E HERNAN    020905 1800 229N 1244W 320 031 1006 1010 0445 15 074 -999 -999 -999 -999 -999 -999
NHC  10E HERNAN    020906 0000 233N 1243W 020 026 1006 1010 0445 15 074 -999 -999 -999 -999 -999 -999
NHC  10E HERNAN    020906 0600 238N 1243W 350 026 1009 1010 0445 13 074 -999 -999 -999 -999 -999 -999
NHC  10E HERNAN    020906 1200 235N 1245W 315 005 1009 1010 0445 13 111 -999 -999 -999 -999 -999 -999
