JTWC 10W NAMELESS  020707 0600 088N 1574E 260 041 1000 1008 024  15 093 -999 -999 -999 -999
JTWC 10W NAMELESS  020707 1200 090N 1565E 275 046 1000 1008 024  18 093 -999 -999 -999 -999
JTWC 10W NAMELESS  020707 1800 093N 1555E 285 046 0997 1005 022  18 074 -999 -999 -999 -999
JTWC 10W NAMELESS  020708 0000 094N 1546E 280 046 0997 1005 022  18 065 -999 -999 -999 -999
JTWC 10W HALONG    020708 0600 099N 1530E 285 062 0994 1005 022  21 065 0148 0148 0148 0148
JTWC 10W HALONG    020708 1200 104N 1515E 285 072 0994 1005 022  21 065 0148 0148 0148 0148
JTWC 10W HALONG    020708 1800 105N 1500E 280 077 0991 1005 022  23 056 0130 0148 0148 0130
JTWC 10W HALONG    020709 0600 111N 1486E 285 051 0984 1005 020  28 056 0130 0148 0148 0130
JTWC 10W HALONG    020709 1200 112N 1479E 285 041 0976 1005 025  33 037 0148 0167 0167 0148
JTWC 10W HALONG    020709 1800 117N 1463E 285 046 0967 1005 025  39 037 0185 0167 0167 0185
JTWC 10W HALONG    020710 0000 120N 1452E 285 051 0954 1003 025  46 028 0213 0222 0194 0213
JTWC 10W HALONG    020710 0600 121N 1445E 285 051 0949 1003 037  49 028 0213 0213 0250 0213
JTWC 10W HALONG    020710 1200 121N 1432E 275 051 0949 1003 030  49 028 0194 0194 0204 0176
JTWC 10W HALONG    020710 1800 125N 1423E 280 051 0949 1003 025  49 028 0222 0222 0222 0111
JTWC 10W HALONG    020711 0000 129N 1415E 285 046 0949 1003 025  49 028 0222 0222 0222 0111
JTWC 10W HALONG    020711 0600 132N 1405E 290 046 0949 1003 025  49 028 0222 0222 0222 0111
JTWC 10W HALONG    020711 1200 137N 1394E 295 051 0949 1003 025  46 028 0222 0222 0222 0111
JTWC 10W HALONG    020711 1800 142N 1383E 295 057 0954 1003 025  46 028 0222 0222 0222 0167
JTWC 10W HALONG    020712 0000 146N 1375E 295 057 0949 1003 025  49 028 0204 0222 0241 0185
JTWC 10W HALONG    020712 0600 157N 1366E 305 057 0938 1003 025  54 028 0204 0222 0241 0185
JTWC 10W HALONG    020712 1200 165N 1357E 315 062 0933 1003 050  57 028 0333 0333 0278 0185
JTWC 10W HALONG    020712 1800 175N 1347E 315 062 0927 1003 025  59 028 0333 0333 0278 0185
JTWC 10W HALONG    020713 0000 187N 1337E 320 072 0910 1003 025  67 028 0333 0333 0278 0185
JTWC 10W HALONG    020713 0600 202N 1322E 320 088 0904 1003 025  69 028 0417 0333 0333 0287
JTWC 10W HALONG    020713 1200 217N 1308E 320 098 0916 1003 025  64 028 0389 0333 0333 0287
JTWC 10W HALONG    020713 1800 228N 1294E 315 098 0916 1003 025  64 028 0389 0333 0333 0287
JTWC 10W HALONG    020714 0000 239N 1284E 315 088 0927 1003 025  59 028 0352 0315 0315 0269
JTWC 10W HALONG    020714 0600 250N 1277E 320 077 0944 1003 025  51 028 0324 0287 0287 0250
JTWC 10W HALONG    020714 1200 262N 1276E 335 067 0954 1003 043  46 028 0278 0287 0287 0250
JTWC 10W HALONG    020714 1800 272N 1276E 350 057 0963  996 027  41 028 0278 0250 0278 0250
JTWC 10W HALONG    020715 0000 287N 1284E  10 067 0967  996 025  39 028 0250 0250 0167 0250
JTWC 10W HALONG    020715 0600 297N 1302E  35 072 0976  996 025  33 028 0213 0250 0250 0167
JTWC 10W HALONG    020715 1200 308N 1321E  45 093 0984  996 025  28 028 0213 0250 0250 0167
