NHC  11E ELEVEN    020905 1800 189N 1075W 310 062 1007 1010 0278 13 037 -999 -999 -999 -999 -999 -999
NHC  11E ELEVEN    020906 0000 195N 1078W 310 041 1007 1010 0278 13 037 -999 -999 -999 -999 -999 -999
NHC  11E ELEVEN    020906 0600 202N 1087W 315 051 1007 1010 0278 15 037 -999 -999 -999 -999 -999 -999
NHC  11E ELEVEN    020906 1200 206N 1097W 305 051 1007 1010 0278 15 037 -999 -999 -999 -999 -999 -999
NHC  11E ELEVEN    020906 1800 212N 1106W 305 051 1007 1010 0232 15 037 -999 -999 -999 -999 -999 -999
NHC  11E ELEVEN    020907 0000 218N 1113W 305 046 1009 1010 0232 15 037 -999 -999 -999 -999 -999 -999
NHC  11E ELEVEN    020907 0600 215N 1115W 300 015 1006 1011 0278 15 037 -999 -999 -999 -999 -999 -999
NHC  11E ELEVEN    020907 1200 215N 1120W 000 000 1009 1011 0278 15 037 -999 -999 -999 -999 -999 -999
NHC  11E ELEVEN    020907 1800 208N 1128W 260 026 1007 1011 0232 13 037 -999 -999 -999 -999 -999 -999
NHC  11E ELEVEN    020908 0000 211N 1133W 340 036 1005 1008 0556 13 037 -999 -999 -999 -999 -999 -999
NHC  11E ELEVEN    020908 0600 215N 1136W 340 031 1006 1009 0371 13 037 -999 -999 -999 -999 -999 -999
NHC  11E ELEVEN    020908 1200 217N 1139W 340 026 1006 1009 0278 13 037 -999 -999 -999 -999 -999 -999
