JTWC 12W NAMELESS  020714 1200 120N 1703E 310 026 1000 1008 027  15 056 -999 -999 -999 -999
JTWC 12W NAMELESS  020714 1800 125N 1701E 325 031 0997 1006 022  18 056 -999 -999 -999 -999
JTWC 12W FENGSHEN  020715 0000 131N 1703E 345 026 0963 1006 022  41 056 0139 0139 0139 0139
JTWC 12W FENGSHEN  020715 0600 135N 1705E   5 026 0958 1006 022  44 056 0139 0167 0167 0139
JTWC 12W FENGSHEN  020715 1200 138N 1705E  10 026 0954 1006 022  46 056 0139 0167 0167 0139
JTWC 12W FENGSHEN  020715 1800 143N 1704E   0 021 0949 1006 025  49 056 0167 0167 0167 0167
JTWC 12W FENGSHEN  020716 0000 145N 1699E 330 021 0938 1006 025  54 056 0167 0167 0167 0167
JTWC 12W FENGSHEN  020716 0600 145N 1695E 300 021 0927 1006 022  59 056 0167 0167 0167 0167
JTWC 12W FENGSHEN  020716 1200 145N 1690E 280 026 0927 1000 022  59 037 0167 0167 0185 0185
JTWC 12W FENGSHEN  020716 1800 145N 1686E 270 021 0916 1000 022  64 037 0167 0167 0185 0185
JTWC 12W FENGSHEN  020717 0000 145N 1679E 270 026 0916 1000 020  64 037 0120 0120 0148 0148
JTWC 12W FENGSHEN  020717 0600 146N 1673E 275 026 0916 1000 020  64 028 0120 0120 0148 0148
JTWC 12W FENGSHEN  020717 1200 147N 1664E 275 036 0916  997 020  64 028 0157 0157 0120 0120
JTWC 12W FENGSHEN  020717 1800 147N 1655E 275 041 0916  997 018  64 028 0157 0157 0130 0130
JTWC 12W FENGSHEN  020718 0000 146N 1645E 270 046 0910  997 020  67 028 0185 0167 0167 0185
JTWC 12W FENGSHEN  020718 0600 146N 1639E 270 041 0904  997 020  69 028 0185 0167 0167 0185
JTWC 12W FENGSHEN  020718 1200 147N 1630E 270 041 0904  997 020  69 028 0185 0167 0167 0185
JTWC 12W FENGSHEN  020718 1800 149N 1621E 275 041 0904  997 027  69 028 0241 0241 0232 0232
JTWC 12W FENGSHEN  020719 0000 151N 1613E 280 041 0898  997 030  72 028 0269 0269 0213 0213
JTWC 12W FENGSHEN  020719 0600 154N 1604E 285 046 0898  997 020  72 028 0269 0269 0213 0213
JTWC 12W FENGSHEN  020719 1200 156N 1597E 285 041 0898  997 020  72 028 0269 0269 0213 0213
JTWC 12W FENGSHEN  020719 1800 158N 1590E 290 041 0898 1005 022  72 028 0269 0269 0213 0213
JTWC 12W FENGSHEN  020720 0000 159N 1587E 285 031 0898 1005 022  72 028 0269 0269 0213 0213
JTWC 12W FENGSHEN  020720 0600 164N 1582E 300 026 0898 1005 022  72 028 0269 0269 0213 0213
JTWC 12W FENGSHEN  020720 1200 172N 1576E 315 036 0904 1005 022  69 037 0269 0222 0157 0222
JTWC 12W FENGSHEN  020720 1800 178N 1570E 320 041 0898 1005 022  72 037 0269 0222 0157 0222
JTWC 12W FENGSHEN  020721 0000 188N 1562E 320 051 0898 1005 022  72 037 0269 0222 0157 0222
JTWC 12W FENGSHEN  020721 0600 197N 1553E 320 057 0898 1005 022  72 037 0269 0222 0157 0222
JTWC 12W FENGSHEN  020721 1200 205N 1543E 315 062 0892 1005 022  75 037 0269 0232 0176 0232
JTWC 12W FENGSHEN  020721 1800 213N 1534E 315 062 0898 1005 022  72 037 0269 0232 0176 0232
JTWC 12W FENGSHEN  020722 0000 222N 1522E 310 067 0898 1005 022  72 037 0324 0278 0130 0278
JTWC 12W FENGSHEN  020722 0600 232N 1512E 315 067 0898 1004 022  72 037 0324 0278 0130 0278
JTWC 12W FENGSHEN  020722 1200 242N 1501E 315 072 0910 1004 022  67 046 0324 0278 0278 0324
JTWC 12W FENGSHEN  020722 1800 249N 1488E 310 072 0910 1004 051  67 046 0343 0278 0278 0343
JTWC 12W FENGSHEN  020723 0000 256N 1475E 305 072 0922 1004 018  62 037 0343 0278 0278 0343
JTWC 12W FENGSHEN  020723 0600 266N 1462E 305 072 0933 1000 025  57 065 0333 0250 0250 0333
JTWC 12W FENGSHEN  020723 1200 274N 1447E 305 077 0949  995 025  49 065 0306 0232 0232 0306
JTWC 12W FENGSHEN  020723 1800 280N 1427E 300 082 0958  995 025  44 065 0306 0232 0232 0306
JTWC 12W FENGSHEN  020724 0000 284N 1411E 295 082 0963  995 025  41 065 0306 0213 0213 0306
JTWC 12W FENGSHEN  020724 0600 282N 1401E 280 072 0967  996 028  39 046 0333 0278 0278 0333
JTWC 12W FENGSHEN  020724 1200 285N 1380E 280 077 0972  996 029  36 046 0333 0278 0278 0333
JTWC 12W FENGSHEN  020724 1800 288N 1360E 280 082 0976  996 029  33 046 0333 0278 0278 0333
JTWC 12W FENGSHEN  020725 0000 294N 1342E 285 088 0976  996 029  33 046 0352 0278 0241 0370
JTWC 12W FENGSHEN  020725 0600 301N 1324E 290 088 0976  996 029  33 046 0324 0259 0259 0352
JTWC 12W FENGSHEN  020725 1200 306N 1309E 295 082 0984  996 029  28 056 0333 0259 0259 0333
JTWC 12W FENGSHEN  020725 1800 310N 1297E 295 072 0984  996 029  28 056 0278 0222 0222 0278
JTWC 12W FENGSHEN  020726 0000 318N 1281E 295 072 0987  996 029  26 056 0259 0204 0204 0259
JTWC 12W FENGSHEN  020726 0600 325N 1269E 300 067 0991  996 029  23 056 0241 0185 0185 0241
JTWC 12W FENGSHEN  020726 1200 330N 1257E 300 062 0991  997 027  23 056 0185 0130 0130 0185
JTWC 12W FENGSHEN  020726 1800 339N 1247E 305 062 0997 1001 024  18 056 -999 -999 -999 -999
JTWC 12W FENGSHEN  020727 0000 345N 1235E 305 062 1000 1001 025  15 056 -999 -999 -999 -999
