NHC  13L THIRTEEN  020921 1800 104N 0449W 270 072 1009 1012 0278 15 037 -999 -999 -999 -999 -999 -999
NHC  13L THIRTEEN  020922 0000 102N 0460W 275 077 1006 1012 0278 15 056 -999 -999 -999 -999 -999 -999
NHC  13L THIRTEEN  020922 0600 106N 0478W 280 082 1006 1012 0278 15 056 -999 -999 -999 -999 -999 -999
NHC  13L THIRTEEN  020922 1200 120N 0510W 280 113 1007 1012 0278 15 056 -999 -999 -999 -999 -999 -999
NHC  13L THIRTEEN  020922 1800 120N 0530W 275 103 1007 1012 0278 15 056 -999 -999 -999 -999 -999 -999
NHC  13L THIRTEEN  020923 0000 121N 0550W 275 103 1005 1010 0371 15 056 -999 -999 -999 -999 -999 -999
NHC  13L THIRTEEN  020923 0600 125N 0574W 275 108 1008 1009 0371 15 056 -999 -999 -999 -999 -999 -999
NHC  13L THIRTEEN  020923 1200 127N 0587W 280 088 1005 1009 0371 15 056 -999 -999 -999 -999 -999 -999
NHC  13L LILI      020923 1800 125N 0604W 275 093 1004 1009 0222 26 056 0167 0056 -999 01119 -999 -999 -999
NHC  13L LILI      020924 0000 127N 0620W 275 082 1004 1009 0222 26 056 0167 0056 0093 01679 -999 -999 -999
NHC  13L LILI      020924 0600 128N 0638W 275 088 1006 1012 0334 26 074 0204 -999 -999 01671 -999 -999 -999
NHC  13L LILI      020924 1200 130N 0649W 275 072 1004 1010 0278 28 037 0204 0093 0056 01671 0037 -999 0074
NHC  13L LILI      020924 1800 132N 0660W 280 062 1006 1010 0278 31 037 0204 0093 0056 01671 0037 -999 0074
NHC  13L LILI      020925 0000 134N 0669W 280 057 1006 1009 0241 26 037 0204 0093 0056 01671 0037 -999 0074
NHC  13L LILI      020925 0600 139N 0679W 285 051 1008 1010 0222 18 056 0204 0204 -999 02049 -999 -999 -999
NHC  13L LILI      020925 1200 139N 0688W 285 046 1008 1010 0222 21 074 0204 0093 -999 00939 -999 -999 -999
NHC  13L LILI      020925 1800 142N 0693W 285 036 1007 1010 0222 21 074 0204 0093 -999 00939 -999 -999 -999
NHC  13L LILI      020926 0000 140N 0700W 270 031 1007 1012 0222 18 074 0185 0093 -999 00939 -999 -999 -999
NHC  13L LILI      020926 0600 143N 0705W 280 026 1007 1012 0222 18 074 0250 -999 -999 02509 -999 -999 -999
NHC  13L LILI      020926 1200 150N 0721W 290 051 1007 1010 0185 18 111 0250 -999 -999 02509 -999 -999 -999
NHC  13L LILI      020927 0000 157N 0734W 300 041 1005 1008 0297 18 056 0185 0185 -999 -999 -999 -999
NHC  13L LILI      020927 0600 161N 0742W 300 041 1006 1008 0297 15 056 -999 -999 -999 -999 -999 -999
NHC  13L LILI      020927 1200 161N 0746W 300 031 1003 1008 0297 18 148 0167 -999 -999 -999 -999 -999
NHC  13L LILI      020927 1800 167N 0750W 305 031 1004 1009 0297 21 083 0167 -999 -999 00839 -999 -999 -999
NHC  13L LILI      020928 0000 174N 0751W 340 036 0999 1009 0297 23 083 0139 -999 -999 00939 -999 -999 -999
NHC  13L LILI      020928 0600 175N 0756W 320 031 1000 1009 0297 23 083 0139 0093 -999 00939 -999 -999 -999
NHC  13L LILI      020928 1200 178N 0758W 325 021 1000 1009 0297 23 083 0139 0093 -999 00939 -999 -999 -999
NHC  13L LILI      020928 1800 184N 0756W 330 021 1003 1009 0297 23 083 0139 0093 -999 00939 -999 -999 -999
NHC  13L LILI      020929 0000 188N 0760W 340 026 1000 1009 0297 23 083 0139 0139 -999 00939 -999 -999 -999
NHC  13L LILI      020929 0600 189N 0768W 285 031 1000 1010 0278 21 037 0111 0074 -999 00569 -999 -999 -999
NHC  13L LILI      020929 1200 187N 0773W 270 026 0994 1010 0278 23 028 0111 0074 -999 00569 -999 -999 -999
NHC  13L LILI      020929 1800 187N 0776W 270 015 0994 1010 0278 26 028 0111 0074 -999 00569 -999 -999 -999
NHC  13L LILI      020930 0000 190N 0781W 300 021 0989 1010 0278 26 019 0037 0074 0037 00379 0019 0019 0019
NHC  13L LILI      020930 0600 191N 0787W 285 026 0991 1010 0278 31 019 0111 0111 -999 01118 0028 -999 0028
NHC  13L LILI      020930 1200 196N 0796W 300 041 0987 1010 0278 33 019 0111 0111 0056 01117 0037 -999 0037
NHC  13L LILI      020930 1800 200N 0802W 300 046 0984 1010 0278 33 019 0222 0185 0056 01396 0046 -999 0046
NHC  13L LILI      021001 0000 205N 0811W 300 046 0978 1010 0278 39 019 0222 0185 0056 01396 0046 0019 0046
NHC  13L LILI      021001 0600 210N 0822W 295 051 0975 1010 0278 39 019 0222 0185 0093 01855 0065 0037 0056
NHC  13L LILI      021001 1200 216N 0832W 300 057 0970 1010 0278 41 019 0222 0222 0093 01855 0065 0056 0065
NHC  13L LILI      021001 1800 224N 0844W 305 067 0971 1010 0278 44 019 0222 0222 0139 02220 0083 0056 0083
NHC  13L LILI      021002 0000 230N 0857W 300 067 0968 1010 0278 46 019 0278 0232 0148 02590 0083 0056 0130
NHC  13L LILI      021002 0600 236N 0872W 299 072 0955 1010 0278 49 019 0278 0232 0148 02590 0093 0074 0130
NHC  13L LILI      021002 1200 244N 0883W 305 067 0954 1012 0334 49 019 0297 0232 0139 02590 0093 0074 0111
NHC  13L LILI      021002 1800 254N 0895W 310 072 0941 1012 0334 62 019 0297 0232 0139 02590 0093 0074 0111
NHC  13L LILI      021003 0000 266N 0903W 318 072 0940 1012 0334 64 009 0315 0297 0185 02596 0167 0074 0148
NHC  13L LILI      021003 0600 281N 0913W 330 077 0955 1012 0371 59 019 0315 0297 0185 02787 0167 0074 0148
NHC  13L LILI      021003 1200 292N 0921W 345 077 0962 1012 0371 44 019 0315 0297 0185 02597 0222 0037 0148
NHC  13L LILI      021003 1800 305N 0923W 335 072 0980 1012 0371 31 019 0139 0139 0093 00936 0046 -999 -999
NHC  13L LILI      021004 0000 319N 0921W 005 072 0983 1012 0371 21 037 0093 0093 0056 00569 -999 -999 -999
NHC  13L LILI      021004 0600 333N 0913W 010 072 0994 1008 0371 15 037 -999 -999 -999 -999 -999 -999
