NHC  15E FIFTEEN   021022 1800 110N 1305W 290 015 1008 1011 0185 15 111 -999 -999 -999 -999 -999 -999
NHC  15E FIFTEEN   021023 0000 118N 1305W 330 026 1006 1011 0222 15 083 -999 -999 -999 -999 -999 -999
NHC  15E FIFTEEN   021023 0600 118N 1305W 345 021 1004 1011 0222 18 056 0074 0074 0074 00749 -999 -999 -999
NHC  15E LOWELL    021023 1200 123N 1310W 310 026 1003 1010 0222 21 074 0111 0111 0074 00749 -999 -999 -999
NHC  15E LOWELL    021023 1800 124N 1314W 280 021 1003 1010 0222 21 074 0111 0111 0074 00749 -999 -999 -999
NHC  15E LOWELL    021024 0000 124N 1324W 270 036 1003 1010 0222 21 074 0111 0111 0074 00749 -999 -999 -999
NHC  15E LOWELL    021024 0600 126N 1331W 275 036 1003 1010 0222 21 074 0111 0111 0074 00749 -999 -999 -999
NHC  15E LOWELL    021024 1200 123N 1345W 270 051 1005 1010 0185 18 074 0111 0111 -999 -999 -999 -999
NHC  15E LOWELL    021024 1800 123N 1358W 270 057 1008 1010 0167 15 074 -999 -999 -999 -999 -999 -999
NHC  15E LOWELL    021025 0000 125N 1368W 275 057 1008 1010 0167 15 074 -999 -999 -999 -999 -999 -999
NHC  15E LOWELL    021025 0600 126N 1377W 275 051 1008 1010 0167 15 074 -999 -999 -999 -999 -999 -999
NHC  15E LOWELL    021025 1200 125N 1388W 270 051 1008 1010 0167 15 074 -999 -999 -999 -999 -999 -999
NHC  15E LOWELL    021025 1800 127N 1405W 275 062 1010 1012 0167 13 111 -999 -999 -999 -999 -999 -999
NHC  15E LOWELL    021026 0000 127N 1405W 275 062 1009 1012 0167 15 111 -999 -999 -999 -999 -999 -999
NHC  15E LOWELL    021026 0600 128N 1412W 280 041 1009 1012 0167 15 111 -999 -999 -999 -999 -999 -999
NHC  15E LOWELL    021026 1200 130N 1420W 280 041 1009 1012 0167 15 111 -999 -999 -999 -999 -999 -999
NHC  15E LOWELL    021026 1800 125N 1430W 265 041 1009 1012 0167 15 111 -999 -999 -999 -999 -999 -999
NHC  15E LOWELL    021027 0000 123N 1437W 259 041 1009 1012 0167 15 111 -999 -999 -999 -999 -999 -999
NHC  15E LOWELL    021027 0600 123N 1445W 255 041 1009 1012 0167 15 111 -999 -999 -999 -999 -999 -999
NHC  15E LOWELL    021027 1800 128N 1441W 320 010 1009 1012 0185 18 111 -999 -999 -999 -999 -999 -999
NHC  15E LOWELL    021028 0000 131N 1445W 325 015 1009 1012 0185 18 111 -999 -999 -999 -999 -999 -999
NHC  15E LOWELL    021028 0600 132N 1447W 315 015 1004 1012 0222 21 111 -999 -999 -999 -999 -999 -999
NHC  15E LOWELL    021028 1200 133N 1449W 305 015 1002 1012 0222 23 111 -999 -999 -999 -999 -999 -999
NHC  15E LOWELL    021028 1800 132N 1452W 280 010 1002 1008 0167 23 111 -999 -999 -999 -999 -999 -999
NHC  15E LOWELL    021029 0000 127N 1458W 245 021 1004 1008 0167 21 046 0056 -999 -999 00569 -999 -999 -999
NHC  15E LOWELL    021029 0600 126N 1463W 245 026 1005 1008 0158 18 046 0102 0056 0046 00939 -999 -999 -999
NHC  15E LOWELL    021029 1200 125N 1469W 255 026 1007 1010 0185 15 074 -999 -999 -999 -999 -999 -999
NHC  15E LOWELL    021029 1800 120N 1476W 250 031 1009 1010 0185 15 074 -999 -999 -999 -999 -999 -999
NHC  15E LOWELL    021030 0000 121N 1483W 255 036 1009 1010 0185 13 046 -999 -999 -999 -999 -999 -999
NHC  15E LOWELL    021030 0600 121N 1487W 265 031 1009 1010 0185 13 046 -999 -999 -999 -999 -999 -999
NHC  15E LOWELL    021030 1200 120N 1491W 270 026 1009 1011 0148 13 083 -999 -999 -999 -999 -999 -999
NHC  15E LOWELL    021030 1800 115N 1491W 235 015 1009 1011 0148 13 083 -999 -999 -999 -999 -999 -999
NHC  15E LOWELL    021031 0000 112N 1493W 220 015 1009 1011 0074 13 037 -999 -999 -999 -999 -999 -999
