JTWC 19W NAMELESS  020811 0600 103N 1595E 290 041 1002 1006 021  13 167 -999 -999 -999 -999
JTWC 19W NAMELESS  020811 1200 106N 1585E 290 041 1000 1006 021  15 167 -999 -999 -999 -999
JTWC 19W NAMELESS  020811 1800 102N 1578E 275 041 0994 1004 024  21 083 0139 0139 0139 0139
JTWC 19W NAMELESS  020812 0000 103N 1573E 280 036 0994 1004 022  21 083 0139 0139 0139 0139
JTWC 19W PHANFONE  020812 0600 112N 1573E 305 026 0991 1004 022  23 083 0148 0148 0148 0148
JTWC 19W PHANFONE  020812 1200 118N 1570E 320 026 0984 1004 027  28 065 0204 0204 0148 0148
JTWC 19W PHANFONE  020812 1800 126N 1573E 345 031 0984 1000 029  28 065 0352 0370 0278 0185
JTWC 19W PHANFONE  020813 0000 138N 1570E 345 041 0984 1000 029  28 065 0352 0370 0278 0185
JTWC 19W PHANFONE  020813 0600 154N 1561E 340 062 0976 1000 031  33 056 0352 0370 0278 0185
JTWC 19W PHANFONE  020813 1200 168N 1548E 330 082 0972 1001 031  36 056 0370 0370 0278 0185
JTWC 19W PHANFONE  020813 1800 174N 1535E 315 082 0967 1001 031  39 056 0370 0370 0278 0185
JTWC 19W PHANFONE  020814 0000 183N 1522E 310 077 0967 1001 031  39 056 0370 0407 0185 0278
JTWC 19W PHANFONE  020814 0600 190N 1506E 300 077 0963 1001 031  41 056 0370 0407 0185 0278
JTWC 19W PHANFONE  020814 1200 193N 1494E 295 077 0958  999 029  44 046 0407 0407 0222 0370
JTWC 19W PHANFONE  020814 1800 201N 1483E 295 072 0954  999 029  46 046 0407 0407 0222 0370
JTWC 19W PHANFONE  020815 0000 212N 1469E 300 072 0944  999 029  51 046 0407 0407 0222 0370
JTWC 19W PHANFONE  020815 0600 219N 1457E 310 072 0933  999 061  57 046 0407 0407 0241 0370
JTWC 19W PHANFONE  020815 1200 229N 1446E 310 077 0922  999 033  62 028 0407 0389 0241 0370
JTWC 19W PHANFONE  020815 1800 239N 1433E 310 072 0904  999 033  69 028 0407 0389 0241 0370
JTWC 19W PHANFONE  020816 0000 248N 1420E 310 077 0910  999 033  67 028 0407 0389 0241 0370
JTWC 19W PHANFONE  020816 0600 254N 1410E 310 072 0910  999 033  67 028 0407 0389 0241 0370
JTWC 19W PHANFONE  020816 1200 258N 1400E 305 062 0910  999 033  67 037 0407 0389 0241 0352
JTWC 19W PHANFONE  020816 1800 268N 1394E 310 051 0922  999 033  62 037 0407 0389 0241 0352
JTWC 19W PHANFONE  020817 0000 275N 1388E 315 051 0922  999 027  59 037 0333 0278 0222 0333
JTWC 19W PHANFONE  020817 0600 285N 1381E 325 057 0927  994 027  59 037 0333 0278 0222 0333
JTWC 19W PHANFONE  020817 1200 296N 1377E 330 057 0927  994 027  59 037 0333 0333 0185 0222
JTWC 19W PHANFONE  020817 1800 304N 1372E 335 051 0933  994 027  57 037 0333 0333 0185 0222
JTWC 19W PHANFONE  020818 0000 307N 1368E 335 041 0938  994 027  54 037 0333 0333 0185 0222
JTWC 19W PHANFONE  020818 0600 310N 1366E 330 031 0944  994 025  51 037 0333 0333 0185 0278
JTWC 19W PHANFONE  020818 1200 315N 1370E 355 021 0954  994 025  46 046 0333 0333 0185 0278
JTWC 19W PHANFONE  020819 0000 322N 1390E  60 041 0958  994 025  44 046 0333 0333 0185 0278
JTWC 19W PHANFONE  020819 0600 326N 1396E  65 041 0967  996 025  39 046 0333 0333 0185 0278
JTWC 19W PHANFONE  020819 1200 332N 1413E  65 057 0976  996 027  33 056 0241 0278 0222 0241
JTWC 19W PHANFONE  020819 1800 335N 1426E  65 062 0984  996 027  28 056 0213 0250 0204 0232
JTWC 19W PHANFONE  020820 0000 338N 1443E  75 067 0987  996 027  26 056 0213 0250 0204 0232
