JTWC 20W NAMELESS  020815 1200 136N 1136E  25 015 1002 1005 018  13 120 -999 -999 -999 -999
JTWC 20W NAMELESS  020815 1800 140N 1139E  40 026 1002 1005 018  13 120 -999 -999 -999 -999
JTWC 20W NAMELESS  020816 0000 139N 1137E  40 015 1002 1005 018  13 046 -999 -999 -999 -999
JTWC 20W NAMELESS  020816 0600 150N 1144E  30 031 1002 1005 018  13 046 -999 -999 -999 -999
JTWC 20W NAMELESS  020816 1200 152N 1145E  30 021 1002 1005 018  13 046 -999 -999 -999 -999
JTWC 20W NAMELESS  020816 1800 150N 1145E  40 010 0995  998 022  13 046 -999 -999 -999 -999
JTWC 20W NAMELESS  020817 0000 159N 1146E  15 021 1002 1003 022  13 046 -999 -999 -999 -999
JTWC 20W NAMELESS  020817 0600 163N 1136E 330 026 0994  998 022  13 046 -999 -999 -999 -999
JTWC 20W NAMELESS  020817 1200 160N 1130E 300 031 1000 1001 022  15 046 -999 -999 -999 -999
JTWC 20W NAMELESS  020817 1800 159N 1136E 265 015 1000 1001 022  15 046 -999 -999 -999 -999
JTWC 20W NAMELESS  020818 0000 165N 1134E  25 005 1000 1001 022  15 046 -999 -999 -999 -999
JTWC 20W VONGFONG  020818 0600 166N 1122E 325 031 0990  998 022  18 046 -999 -999 -999 -999
JTWC 20W VONGFONG  020818 1200 167N 1116E 295 036 0997  998 022  18 046 -999 -999 -999 -999
JTWC 20W VONGFONG  020819 0000 186N 1116E 345 036 0991  997 016  23 046 0093 0111 0111 0093
JTWC 20W VONGFONG  020819 0600 200N 1111E 345 046 0984  997 024  28 037 0111 0130 0130 0111
JTWC 20W VONGFONG  020819 1200 211N 1107E 345 057 0987  997 024  26 037 0111 0130 0130 0111
