JTWC 21W NAMELESS  020822 1800 155N 1626E 305 031 1000 1006 022  15 074 -999 -999 -999 -999
JTWC 21W NAMELESS  020823 0000 162N 1613E 305 041 0994 1005 011  21 028 0074 0028 0028 0074
JTWC 21W RUSA      020823 0600 168N 1601E 300 057 0991 1006 024  23 046 0111 0093 0093 0111
JTWC 21W RUSA      020823 1200 175N 1595E 305 057 0987 1006 025  26 046 0185 0093 0093 0148
JTWC 21W RUSA      020823 1800 185N 1585E 310 062 0984 1006 027  28 046 0185 0111 0093 0148
JTWC 21W RUSA      020824 0000 189N 1571E 305 067 0976 1006 025  33 037 0204 0148 0093 0139
JTWC 21W RUSA      020824 0600 193N 1561E 300 062 0976 1006 030  33 037 0204 0139 0093 0139
JTWC 21W RUSA      020824 1200 195N 1552E 295 057 0976 1004 021  33 037 0194 0148 0111 0148
JTWC 21W RUSA      020824 1800 200N 1542E 290 051 0976 1004 025  33 037 0222 0167 0130 0204
JTWC 21W RUSA      020825 0000 207N 1525E 295 062 0967 1004 025  39 037 0222 0167 0130 0204
JTWC 21W RUSA      020825 0600 210N 1510E 290 072 0963 1002 024  41 028 0222 0167 0130 0222
JTWC 21W RUSA      020825 1200 215N 1495E 290 072 0958 1002 041  44 019 0278 0222 0204 0278
JTWC 21W RUSA      020825 1800 219N 1479E 285 077 0954 1002 027  46 028 0278 0222 0204 0278
JTWC 21W RUSA      020826 0000 221N 1467E 285 072 0944 1002 027  51 028 0278 0222 0204 0278
JTWC 21W RUSA      020826 0600 225N 1456E 285 062 0927 1002 027  59 037 0278 0222 0204 0278
JTWC 21W RUSA      020826 1200 227N 1445E 285 057 0927 1002 027  59 037 0278 0222 0204 0278
JTWC 21W RUSA      020826 1800 232N 1432E 290 062 0927  995 027  59 037 0278 0222 0222 0278
JTWC 21W RUSA      020827 0000 235N 1420E 285 062 0927  995 027  59 037 0278 0222 0222 0241
JTWC 21W RUSA      020827 0600 239N 1405E 290 062 0927  995 027  54 037 0278 0222 0222 0241
JTWC 21W RUSA      020827 1200 242N 1393E 285 062 0954  995 027  46 037 0370 0222 0222 0315
JTWC 21W RUSA      020828 0000 252N 1365E 290 067 0949  995 027  49 037 0333 0204 0204 0278
JTWC 21W RUSA      020828 0600 257N 1351E 290 067 0954  995 027  46 037 0333 0204 0204 0278
JTWC 21W RUSA      020828 1200 265N 1340E 295 067 0954  995 027  46 037 0333 0204 0204 0278
JTWC 21W RUSA      020828 1800 267N 1327E 295 062 0958  995 027  44 037 0333 0204 0204 0278
JTWC 21W RUSA      020829 0000 273N 1315E 295 062 0958  995 027  44 037 0333 0259 0259 0278
JTWC 21W RUSA      020829 0600 279N 1303E 300 062 0963  997 028  41 046 0352 0315 0315 0352
JTWC 21W RUSA      020829 1200 285N 1294E 300 057 0963  997 028  41 074 0352 0315 0315 0352
JTWC 21W RUSA      020829 1800 289N 1290E 305 046 0963  997 028  41 093 0370 0315 0315 0370
JTWC 21W RUSA      020830 0600 300N 1279E 320 036 0963  994 029  41 046 0407 0278 0278 0407
JTWC 21W RUSA      020830 1200 305N 1277E 325 036 0972  994 031  36 056 0389 0278 0278 0389
JTWC 21W RUSA      020831 0000 327N 1276E 355 046 0972  993 035  36 074 0389 0333 0333 0389
JTWC 21W RUSA      020831 0600 343N 1275E 355 062 0972  993 035  36 074 0389 0333 0333 0389
JTWC 21W RUSA      020831 1200 353N 1276E   0 062 0984  993 035  28 074 0389 0333 0333 0306
