JTWC 22S BONNIE    020410 1200 099S 1247E 252 062 1000 1007 022  15 037 -999 -999 -999 -999
JTWC 22S BONNIE    020411 0000 100S 1222E 264 051 0994 1006 022  21 037 0111 0111 0111 0111
JTWC 22S BONNIE    020411 0600 100S 1211E 272 051 0991 1006 022  23 037 0111 0111 0111 0111
JTWC 22S BONNIE    020411 1200 100S 1199E 275 057 0991 1006 022  23 037 0111 0111 0111 0111
JTWC 22S BONNIE    020411 1800 102S 1184E 268 062 0991 1006 025  23 056 0130 0130 0167 0167
JTWC 22S BONNIE    020412 0000 102S 1172E 268 062 0991 1006 027  23 056 0093 0139 0269 0185
JTWC 22S BONNIE    020412 0600 104S 1159E 265 062 0991 1006 027  23 056 0093 0139 0269 0185
JTWC 22S BONNIE    020412 1200 105S 1149E 263 062 0991 1006 027  23 056 0093 0139 0259 0259
JTWC 22S BONNIE    020412 1800 112S 1120E 258 088 0987 1006 024  26 056 0222 0139 0185 0222
JTWC 22S BONNIE    020413 0000 111S 1113E 260 077 0987 1006 025  26 056 0167 0185 0222 0167
JTWC 22S BONNIE    020413 0600 117S 1104E 256 067 0991 1006 025  23 056 0167 0185 0222 0167
JTWC 22S BONNIE    020413 1200 120S 1092E 253 062 0994 1006 025  21 056 0167 0185 0222 0167
JTWC 22S BONNIE    020413 1800 120S 1082E 259 051 0994 1006 025  21 056 0167 0167 0222 0185
JTWC 22S BONNIE    020414 0000 124S 1071E 256 057 0994 1006 025  21 056 0167 0167 0222 0185
JTWC 22S BONNIE    020414 0600 132S 1062E 246 057 0994 1006 025  21 056 0148 0148 0222 0167
JTWC 22S BONNIE    020414 1200 137S 1052E 241 057 0997 1006 027  18 056 -999 -999 -999 -999
JTWC 22S BONNIE    020414 1800 144S 1036E 239 067 0997 1006 027  18 056 -999 -999 -999 -999
JTWC 22S BONNIE    020415 0000 155S 1016E 240 082 0997 1006 027  18 056 -999 -999 -999 -999
JTWC 22S BONNIE    020415 0600 160S 0996E 247 093 0997 1006 027  18 056 -999 -999 -999 -999
