JTWC 24S ERROL     020510 0000 071S 0964E 247 021 0997 1006 025  18 083 -999 -999 -999 -999
JTWC 24S ERROL     020510 0600 062S 0974E 243 010 0997 1006 025  18 083 -999 -999 -999 -999
JTWC 24S ERROL     020510 1200 063S 0972E 243 010 0997 1006 025  18 083 -999 -999 -999 -999
JTWC 24S ERROL     020510 1800 062S 0974E 270 005 0997 1005 024  18 083 -999 -999 -999 -999
JTWC 24S ERROL     020511 0000 063S 0971E 260 010 0997 1005 024  18 083 -999 -999 -999 -999
JTWC 24S ERROL     020511 0600 061S 0969E 279 010 0991 1005 025  23 037 0083 0083 0083 0083
JTWC 24S ERROL     020511 1200 061S 0957E 274 026 0991 1005 025  23 037 0083 0083 0083 0083
JTWC 24S ERROL     020511 1800 063S 0953E 264 031 0991 1005 025  23 037 0111 0111 0111 0111
JTWC 24S ERROL     020512 0000 062S 0950E 266 026 0994 1005 025  21 037 0111 0111 0111 0111
JTWC 24S ERROL     020512 0600 063S 0950E 259 015 0994 1005 016  21 037 0056 0111 0111 0056
JTWC 24S ERROL     020512 1800 074S 0944E 213 026 0994 1005 025  21 037 0056 0111 0111 0056
JTWC 24S ERROL     020513 0000 076S 0943E 212 021 0994 1005 025  21 037 0056 0111 0111 0056
JTWC 24S ERROL     020513 0600 087S 0956E 156 036 0997 1005 025  18 037 -999 -999 -999 -999
JTWC 24S ERROL     020513 1200 088S 0955E 158 021 0997 1005 025  18 037 -999 -999 -999 -999
JTWC 24S ERROL     020513 1800 088S 0959E 140 015 1000 1005 025  15 037 -999 -999 -999 -999
JTWC 24S ERROL     020514 0000 092S 0966E 126 021 1000 1005 025  15 037 -999 -999 -999 -999
JTWC 24S ERROL     020514 0600 100S 0968E 140 031 1002 1008 022  13 037 -999 -999 -999 -999
