JTWC 25P NAMELESS  020525 1200  82S 1535E 235 021 0997 1008 022  18 056 -999 -999 -999 -999
JTWC 25P NAMELESS  020525 1800 086S 1534E 215 021 0997 1009 022  18 074 -999 -999 -999 -999
JTWC 25P NAMELESS  020526 0000 085S 1535E 206 010 0997 1009 022  18 074 -999 -999 -999 -999
JTWC 25P NAMELESS  020526 0600 091S 1538E 169 015 0997 1009 022  18 074 -999 -999 -999 -999
JTWC 25P NAMELESS  020526 1200 095S 1538E 171 021 0997 1009 022  18 074 -999 -999 -999 -999
JTWC 25P UPIA      020526 1800 099S 1539E 171 021 0997 1009 025  18 093 -999 0120 0130 -999
JTWC 25P UPIA      020527 0000 090S 1539E 180 -99 0997 1009 020  18 083 -999 0102 0111 -999
JTWC 25P UPIA      020527 0600 088S 1539E 360 -99 0997 1010 022  18 083 -999 -999 -999 -999
JTWC 25P UPIA      020527 1200 088S 1538E 360 005 0997 1010 022  18 083 -999 -999 -999 -999
JTWC 25P UPIA      020527 1800 086S 1539E 360 005 0997 1010 022  18 083 -999 -999 -999 -999
JTWC 25P UPIA      020528 0000 092S 1540E 180 005 0997 1010 022  18 083 -999 -999 -999 -999
JTWC 25P UPIA      020528 0600 098S 1543E 158 021 1000 1010 022  15 083 -999 -999 -999 -999
