JTWC 25W NAMELESS  020926 1200 155N 1547E 270 062 1000 1006 022  15 046 -999 -999 -999 -999
JTWC 25W NAMELESS  020926 1800 154N 1537E 270 057 1000 1006 022  15 046 -999 -999 -999 -999
JTWC 25W NAMELESS  020927 0000 160N 1520E 280 062 0994 1006 025  21 056 0102 0074 0074 0102
JTWC 25W NAMELESS  020927 0600 164N 1506E 285 067 0991 1006 024  23 056 0222 0074 0074 0148
JTWC 25W HIGOS     020927 1200 169N 1491E 285 072 0987 1006 033  26 056 0222 0074 0074 0222
JTWC 25W HIGOS     020927 1800 175N 1472E 290 082 0976 1007 027  33 046 0222 0111 0111 0222
JTWC 25W HIGOS     020928 0000 180N 1458E 290 082 0976 1007 027  33 046 0222 0130 0130 0222
JTWC 25W HIGOS     020928 0600 186N 1440E 290 088 0967 1006 027  39 046 0259 0167 0167 0259
JTWC 25W HIGOS     020928 1200 190N 1421E 290 088 0958 1006 027  44 046 0259 0167 0167 0259
JTWC 25W HIGOS     020928 1800 195N 1405E 285 088 0938 1003 027  54 037 0259 0222 0185 0259
JTWC 25W HIGOS     020929 0000 198N 1388E 285 088 0922 1003 027  62 037 0278 0204 0204 0241
JTWC 25W HIGOS     020929 0600 202N 1375E 285 077 0910 1000 025  67 037 0278 0204 0204 0241
JTWC 25W HIGOS     020929 1200 209N 1367E 295 067 0904 1000 025  69 037 0278 0204 0204 0241
JTWC 25W HIGOS     020929 1800 215N 1360E 305 051 0910 1000 025  67 037 0278 0278 0222 0241
JTWC 25W HIGOS     020930 0000 225N 1358E 325 046 0910 1000 025  67 037 0278 0278 0222 0222
JTWC 25W HIGOS     020930 0600 237N 1359E 345 051 0922 1000 025  62 037 0278 0278 0222 0222
JTWC 25W HIGOS     020930 1200 252N 1361E   0 062 0933 1000 025  57 037 0278 0278 0222 0222
JTWC 25W HIGOS     020930 1800 271N 1367E  10 082 0933 1000 025  57 037 0278 0185 0148 0259
JTWC 25W HIGOS     021001 0000 296N 1375E  15 103 0933 1000 025  57 028 0222 0222 0222 0278
JTWC 25W HIGOS     021001 0600 327N 1383E  15 134 0949 1000 025  49 028 0241 0241 0241 0278
JTWC 25W HIGOS     021001 1200 357N 1398E  15 154 0963 1000 025  41 028 0241 0241 0241 0278
JTWC 25W HIGOS     021001 1800 406N 1415E  15 196 0976  998 025  33 028 0278 0241 0241 0241
JTWC 25W HIGOS     021002 0000 439N 1415E  10 196 0984  998 025  28 046 0278 0278 0241 0241
