JTWC 26W NAMELESS  021009 1200 129N 1513E 280 077 0998 1000 025  13 056 -999 -999 -999 -999
JTWC 26W BAVI      021009 1800 133N 1502E 295 072 1000 1001 033  15 167 -999 -999 -999 -999
JTWC 26W BAVI      021010 0000 142N 1500E 300 057 1000 1001 033  15 167 -999 -999 -999 -999
JTWC 26W BAVI      021010 0600 152N 1501E 330 046 0997 1001 033  18 185 -999 -999 -999 -999
JTWC 26W BAVI      021010 1200 163N 1499E 350 051 0994 1001 031  21 111 0139 0139 0139 0139
JTWC 26W BAVI      021010 1800 183N 1491E 345 072 0991 1000 034  23 130 0167 0232 0167 0185
JTWC 26W BAVI      021011 0000 192N 1494E 355 067 0984 1000 040  28 111 0278 0352 0352 0315
JTWC 26W BAVI      021011 0600 199N 1489E 345 051 0980 1000 038  31 111 0315 0352 0352 0315
JTWC 26W BAVI      021011 1200 209N 1486E 345 046 0980 1000 038  31 111 0315 0352 0352 0315
JTWC 26W BAVI      021011 1800 222N 1482E 345 057 0980  995 038  31 111 0315 0352 0352 0315
JTWC 26W BAVI      021012 0000 234N 1474E 340 067 0980  997 038  31 139 0444 0444 0222 0444
JTWC 26W BAVI      021012 0600 247N 1471E 340 067 0976  995 038  33 139 0444 0444 0222 0444
JTWC 26W BAVI      021012 1200 260N 1468E 345 067 0972  995 038  36 111 0500 0444 0278 0444
JTWC 26W BAVI      021012 1800 271N 1466E 350 067 0972  995 038  36 111 0500 0444 0278 0444
JTWC 26W BAVI      021013 0000 282N 1467E 355 062 0976  995 038  33 111 0500 0444 0278 0444
JTWC 26W BAVI      021013 0600 296N 1476E  10 062 0984  996 038  28 111 0444 0444 0278 0444
JTWC 26W BAVI      021013 1200 308N 1489E  25 072 0984  996 038  28 111 0444 0444 0278 0444
JTWC 26W BAVI      021013 1800 322N 1500E  35 082 0991  996 038  23 111 0444 0444 0278 0444
