JTWC 29W NAMELESS  021027 0000 191N 1607E 290 046 1000 1008 022  15 093 -999 -999 -999 -999
JTWC 29W NAMELESS  021027 0600 201N 1602E 305 036 1000 1006 022  15 093 -999 -999 -999 -999
JTWC 29W NAMELESS  021027 1200 218N 1594E 325 057 0997 1006 022  18 093 -999 -999 -999 -999
JTWC 29W NAMELESS  021027 1800 233N 1596E 345 067 0991 1006 025  23 056 0111 0111 0083 0083
JTWC 29W NAMELESS  021028 0000 247N 1587E 345 077 0987 1006 027  26 046 0185 0148 0056 0185
JTWC 29W MAYSAK    021028 0600 251N 1590E 355 057 0987 1006 027  26 046 0185 0148 0056 0185
JTWC 29W MAYSAK    021028 1200 261N 1600E  20 051 0991 1006 027  23 046 0185 0148 0056 0185
JTWC 29W MAYSAK    021028 1800 276N 1614E  40 067 0991 1006 027  23 046 0222 0185 0120 0185
JTWC 29W MAYSAK    021029 0000 291N 1635E  45 098 0984 1006 027  28 046 0222 0185 0120 0185
JTWC 29W MAYSAK    021029 0600 301N 1662E  55 118 0984 1006 027  28 046 0222 0222 0139 0185
