JTWC 30W NAMELESS  021120 1800 105N 1442E 275 088 1000 1005 033  15 093 -999 -999 -999 -999
JTWC 30W HAISHEN   021121 0000 112N 1429E 280 077 1000 1005 033  15 093 -999 -999 -999 -999
JTWC 30W HAISHEN   021121 0600 116N 1410E 285 082 0997 1004 031  18 093 -999 -999 -999 -999
JTWC 30W HAISHEN   021121 1200 127N 1390E 290 093 0994 1004 027  21 065 0120 0074 0093 0139
JTWC 30W HAISHEN   021121 1800 133N 1375E 290 093 0991 1004 027  23 065 0222 0111 0111 0222
JTWC 30W HAISHEN   021122 0000 137N 1366E 290 072 0984 1004 028  28 065 0241 0130 0130 0241
JTWC 30W HAISHEN   021122 0600 151N 1360E 310 067 0976 1002 027  33 065 0241 0185 0185 0241
JTWC 30W HAISHEN   021122 1200 159N 1354E 325 057 0980 1002 029  31 046 0278 0222 0222 0278
JTWC 30W HAISHEN   021122 1800 164N 1353E 330 046 0976 1001 029  33 046 0278 0222 0222 0278
JTWC 30W HAISHEN   021123 0000 176N 1354E 345 046 0967 1001 029  39 046 0278 0222 0222 0278
JTWC 30W HAISHEN   021123 0600 188N 1353E   0 051 0958 1001 029  44 046 0278 0222 0222 0278
JTWC 30W HAISHEN   021123 1200 198N 1356E   5 057 0958 1001 029  44 046 0278 0222 0222 0278
JTWC 30W HAISHEN   021123 1800 211N 1363E  15 062 0949 1001 029  49 046 0278 0222 0222 0278
JTWC 30W HAISHEN   021124 0000 228N 1375E  25 077 0949 1001 029  49 046 0278 0222 0222 0278
JTWC 30W HAISHEN   021124 0600 253N 1393E  30 108 0958 1001 029  44 046 0278 0222 0222 0278
JTWC 30W HAISHEN   021124 1200 272N 1409E  35 129 0967 1001 029  39 046 0278 0222 0222 0278
JTWC 30W HAISHEN   021124 1800 287N 1433E  40 134 0976  995 029  33 046 0278 0185 0222 0278
