NHC  96L INVEST    020710 1200 270N 0870W 285 036 1014 1016 0278 10 111 -999 -999 -999 -999 -999 -999
NHC  96L INVEST    020710 1800 270N 0874W 270 026 1014 1016 0278 10 111 -999 -999 -999 -999 -999 -999
NHC  96L INVEST    020711 0000 270N 0877W 280 026 1013 1016 0278 13 111 -999 -999 -999 -999 -999 -999
NHC  96L INVEST    020711 0600 270N 0878W 270 005 1014 1016 0324 13 111 -999 -999 -999 -999 -999 -999
NHC  96L INVEST    020711 1200 272N 0877W 000 005 1013 1016 0343 13 111 -999 -999 -999 -999 -999 -999
NHC  96L INVEST    020711 1800 279N 0872W 270 005 1014 1016 0343 10 111 -999 -999 -999 -999 -999 -999
NHC  96L INVEST    020714 1200 336N 0789W 040 062 1010 1014 0343 13 074 -999 -999 -999 -999 -999 -999
NHC  96L INVEST    020714 1800 343N 0768W 055 082 1009 1014 0343 15 074 -999 -999 -999 -999 -999 -999
NHC  96L INVEST    020904 1800 275N 0940W 000 000 1012 1014 0278 13 046 -999 -999 -999 -999 -999 -999
NHC  96L INVEST    020905 1800 281N 0935W 000 000 1009 1011 0185 15 111 -999 -999 -999 -999 -999 -999
NHC  96L INVEST    021017 1800 093N 0439W 275 088 1010 1011 0167 13 074 -999 -999 -999 -999 -999 -999
