NHC  01E ONE       140522 1800 102N 1072W 285 015 1007 1011 0278 13 111 -999 -999 -999 -999 -999 -999
NHC  01E ONE       140523 0000 105N 1076W 290 021 1007 1010 0278 13 111 -999 -999 -999 -999 -999 -999
NHC  01E ONE       140523 0600 107N 1080W 295 026 1007 1010 0278 13 111 -999 -999 -999 -999 -999 -999
NHC  01E ONE       140523 1200 108N 1083W 300 021 1006 1010 0278 15 111 -999 -999 -999 -999 -999 -999
NHC  01E AMANDA    140523 1800 109N 1086W 290 015 1005 1010 0334 18 056 0056 -999 -999 00569 -999 -999 -999
NHC  01E AMANDA    140524 0000 111N 1089W 290 021 1002 1010 0334 23 056 0074 -999 -999 00749 -999 -999 -999
NHC  01E AMANDA    140524 0600 113N 1094W 295 021 0997 1010 0334 26 037 0093 0037 0037 00937 -999 -999 0037
NHC  01E AMANDA    140524 1200 113N 1097W 285 021 0989 1009 0445 33 037 0111 0111 0093 01116 0056 0037 0056
NHC  01E AMANDA    140524 1800 113N 1101W 285 021 0987 1010 0445 36 037 0111 0093 0093 01116 0056 0056 0056
NHC  01E AMANDA    140525 0000 115N 1105W 290 021 0978 1010 0445 44 037 0130 0111 0074 01304 0056 0056 0074
NHC  01E AMANDA    140525 0600 116N 1108W 290 021 0946 1008 0371 62 037 0130 0130 0093 01304 0074 0056 0056
NHC  01E AMANDA    140525 1200 117N 1111W 290 015 0932 1008 0371 69 028 0130 0130 0111 01304 0074 0056 0056
NHC  01E AMANDA    140525 1800 121N 1112W 350 021 0935 1008 0408 67 019 0130 0111 0111 01114 0074 0074 0074
NHC  01E AMANDA    140526 0000 124N 1114W 325 015 0941 1008 0408 64 028 0130 0111 0111 01114 0074 0074 0074
NHC  01E AMANDA    140526 0600 128N 1115W 340 021 0945 1008 0408 62 028 0148 0130 0111 01114 0074 0074 0074
NHC  01E AMANDA    140526 1200 131N 1116W 345 021 0945 1008 0408 62 019 0148 0130 0111 01114 0074 0074 0074
NHC  01E AMANDA    140526 1800 132N 1117W 335 015 0957 1008 0408 54 019 0148 0111 0093 01114 0074 0056 0074
NHC  01E AMANDA    140527 0000 135N 1119W 335 015 0966 1008 0408 49 019 0148 0111 0093 01114 0074 0056 0074
NHC  01E AMANDA    140527 0600 140N 1121W 340 021 0954 1010 0334 57 019 0130 0111 0111 01484 0056 0056 0074
NHC  01E AMANDA    140527 1200 145N 1123W 340 026 0957 1009 0463 54 028 0185 0148 0148 01851 0074 0074 0111
NHC  01E AMANDA    140527 1800 148N 1125W 340 021 0970 1009 0371 46 028 0167 0148 0148 01673 0074 0074 0093
NHC  01E AMANDA    140528 0000 145N 1129W 305 015 0989 1010 0408 33 028 0148 0111 0093 01304 0056 0056 0074
NHC  01E AMANDA    140528 0600 145N 1125W 050 005 0992 1010 0371 31 028 0148 0111 0093 01304 0056 0056 0074
NHC  01E AMANDA    140528 1200 149N 1122W 040 015 0996 1010 0371 28 037 0148 0111 0093 01304 0056 0056 0074
NHC  01E AMANDA    140528 1800 156N 1117W 035 036 0996 1010 0371 28 046 0167 -999 -999 01674 -999 -999 0074
NHC  01E AMANDA    140529 0000 161N 1116W 030 031 1002 1010 0371 23 056 0148 -999 -999 01489 -999 -999 -999
NHC  01E AMANDA    140529 0600 166N 1111W 040 031 1005 1009 0371 18 056 0130 -999 -999 01309 -999 -999 -999
NHC  01E AMANDA    140529 1200 162N 1102W 085 031 1006 1009 0371 15 056 -999 -999 -999 -999 -999 -999
NHC  01E AMANDA    140529 1800 162N 1092W 090 036 1006 1009 0371 13 093 -999 -999 -999 -999 -999 -999
