JTWC 02A TWO       140610 0000 151N 0688E 035 047 0996 1001 0333 18 101 -999 -999 -999 -999
JTWC 02A TWO       140610 0600 156N 0687E 015 037 0996 1001 0333 18 083 -999 -999 -999 -999
JTWC 02A TWO       140610 1800 165N 0678E 325 032 0985 1000 0333 26 074 0102 0102 0102 0102
JTWC 02A TWO       140611 0000 169N 0671E 310 032 0982 0999 0352 28 037 0102 0102 0102 0102
JTWC 02A TWO       140611 0600 169N 0667E 295 026 0982 0998 0180 28 037 0121 0102 0102 0121
JTWC 02A NANAUK    140611 1200 174N 0661E 300 032 0982 1000 0352 28 037 0130 0111 0111 0130
JTWC 02A NANAUK    140611 1800 175N 0659E 305 026 0982 0997 0352 28 037 0130 0111 0111 0130
JTWC 02A NANAUK    140612 0000 180N 0650E 300 032 0982 0997 0333 28 037 0130 0111 0111 0130
JTWC 02A NANAUK    140612 0600 182N 0647E 300 026 0982 0997 0333 28 037 0148 0121 0148 0148
JTWC 02A NANAUK    140612 1200 182N 0636E 285 037 0982 0997 0333 28 037 0148 0121 0148 0148
JTWC 02A NANAUK    140612 1800 185N 0633E 285 037 0982 0996 0333 28 037 0148 0121 0148 0148
JTWC 02A NANAUK    140613 0000 186N 0628E 285 032 0985 0995 0333 26 037 0130 0102 0121 0130
JTWC 02A NANAUK    140613 0600 213N 0643E 000 047 0996 0997 0315 18 009 -999 -999 0010 -999
JTWC 02A NANAUK    140613 1200 214N 0633E 340 042 1000 1001 0315 15 009 -999 -999 -999 -999
