NHC  02C TWO       141013 1800 126N 1428W 290 051 1007 1010 0334 15 111 -999 -999 -999 -999 -999 -999
NHC  02C ANA       141014 0000 127N 1423W 305 026 1005 1009 0408 18 037 -999 -999 0037 00379 -999 -999 -999
NHC  02C ANA       141014 0600 130N 1427W 315 021 1003 1009 0408 21 037 -999 -999 0037 00379 -999 -999 -999
NHC  02C ANA       141014 1200 133N 1431W 320 021 1000 1009 0445 23 037 0037 0037 0037 00379 -999 -999 -999
NHC  02C ANA       141014 1800 138N 1439W 295 036 0997 1011 0371 28 037 0093 0074 0074 00937 -999 -999 0037
NHC  02C ANA       141015 0000 138N 1448W 290 036 0996 1010 0445 28 037 0093 0074 0037 00747 0037 -999 0037
NHC  02C ANA       141015 0600 139N 1458W 275 046 0994 1011 0408 31 037 0111 0083 0065 01026 0037 0037 0046
NHC  02C ANA       141015 1200 142N 1461W 280 036 0994 1011 0408 31 037 0102 0093 0074 01026 0046 0037 0046
NHC  02C ANA       141015 1800 143N 1470W 280 041 0994 1011 0408 31 037 0102 0093 0074 01026 0046 0037 0046
NHC  02C ANA       141016 0000 141N 1480W 270 046 0998 1011 0371 28 037 0102 0093 0074 01026 0046 0037 0046
NHC  02C ANA       141016 0600 140N 1489W 260 046 1000 1011 0371 26 037 0093 0093 0074 00936 0046 0037 0046
NHC  02C ANA       141016 1200 139N 1498W 265 046 1000 1011 0408 26 037 0093 0093 0074 00937 0037 -999 0037
NHC  02C ANA       141016 1800 141N 1504W 270 041 1000 1011 0408 26 037 0093 0093 0074 00937 0037 -999 0037
NHC  02C ANA       141017 0000 144N 1514W 280 041 1000 1011 0408 26 037 0093 0093 0074 00937 0037 -999 0037
NHC  02C ANA       141017 0600 149N 1525W 295 062 0998 1011 0371 28 037 0111 0111 0056 00747 0037 -999 -999
NHC  02C ANA       141017 1200 154N 1537W 295 057 0992 1009 0371 31 046 0130 0111 0056 00936 -999 -999 0046
NHC  02C ANA       141017 1800 161N 1547W 300 062 0990 1010 0389 33 037 0148 0111 0056 01486 0037 -999 0056
NHC  02C ANA       141018 0000 166N 1562W 295 067 0989 1011 0408 36 037 0148 0130 0056 01486 0037 -999 0056
NHC  02C ANA       141018 0600 175N 1570W 315 062 0985 1012 0371 39 037 0148 0111 0056 01854 0037 -999 0074
NHC  02C ANA       141018 1200 182N 1577W 315 057 0986 1012 0334 36 037 0148 0167 0074 01486 0056 -999 0037
NHC  02C ANA       141018 1800 190N 1585W 315 057 0988 1011 0334 36 037 0167 0111 0074 01674 0037 -999 0074
NHC  02C ANA       141019 0000 196N 1590W 320 041 0989 1011 0352 36 037 0167 0111 0074 01674 0037 -999 0074
NHC  02C ANA       141019 0600 201N 1592W 320 026 0989 1013 0334 36 037 0167 0111 0074 01113 0037 -999 0056
NHC  02C ANA       141019 1200 206N 1596W 325 031 0989 1013 0315 36 037 0167 0111 0074 01304 0037 0037 0056
NHC  02C ANA       141019 1800 207N 1601W 280 026 0992 1013 0315 33 019 0167 0111 0074 01304 0037 0037 0056
NHC  02C ANA       141020 0000 207N 1609W 270 031 0994 1013 0315 31 019 0167 0111 0074 01304 0037 0037 0056
NHC  02C ANA       141020 0600 207N 1618W 275 041 0995 1013 0315 31 019 0167 0111 0074 01304 0037 0037 0056
NHC  02C ANA       141020 1200 206N 1628W 265 046 0995 1013 0334 31 037 0167 0111 0056 01484 0037 0037 0056
NHC  02C ANA       141020 1800 207N 1637W 270 046 0996 1013 0334 28 037 0167 0111 0056 01484 0037 0037 0056
NHC  02C ANA       141021 0000 205N 1640W 265 036 0997 1013 0334 26 037 0185 0111 0056 01676 -999 -999 0037
NHC  02C ANA       141021 0600 208N 1644W 280 026 0999 1013 0334 23 037 0185 0111 0056 01679 -999 -999 -999
NHC  02C ANA       141021 1200 208N 1654W 270 041 1000 1013 0334 23 037 0148 0093 0046 01309 -999 -999 -999
NHC  02C ANA       141021 1800 209N 1657W 295 026 1005 1013 0334 18 056 0167 0130 -999 01119 -999 -999 -999
NHC  02C ANA       141022 0000 216N 1661W 330 036 1005 1012 0334 18 056 0204 0167 -999 01859 -999 -999 -999
NHC  02C ANA       141022 0600 221N 1668W 315 031 1005 1012 0334 18 056 0204 0167 -999 01859 -999 -999 -999
NHC  02C ANA       141022 1200 224N 1671W 320 036 1005 1012 0334 18 056 0204 0167 -999 02049 -999 -999 -999
NHC  02C ANA       141022 1800 234N 1673W 330 041 1005 1012 0334 18 056 0241 0167 -999 02049 -999 -999 -999
NHC  02C ANA       141023 0000 244N 1677W 340 046 1005 1012 0324 18 056 0241 0167 -999 02049 -999 -999 -999
NHC  02C ANA       141023 0600 251N 1682W 340 046 1005 1012 0324 18 056 0241 0167 -999 02049 -999 -999 -999
NHC  02C ANA       141023 1200 262N 1687W 335 051 0998 1012 0324 23 056 0241 0167 -999 01859 -999 -999 -999
NHC  02C ANA       141023 1800 267N 1695W 330 036 0999 1014 0371 23 037 0222 0185 0037 01859 -999 -999 -999
NHC  02C ANA       141024 0000 270N 1698W 320 031 1000 1014 0371 23 037 0148 0093 0056 00939 -999 -999 -999
NHC  02C ANA       141024 0600 276N 1703W 320 031 1000 1014 0315 23 037 0148 0111 0056 00939 -999 -999 -999
NHC  02C ANA       141024 1200 283N 1702W 350 031 1002 1014 0324 21 037 0148 0130 0056 00939 -999 -999 -999
NHC  02C ANA       141024 1800 289N 1696W 010 036 0996 1014 0371 28 037 0167 0148 0056 00937 0037 -999 -999
NHC  02C ANA       141025 0000 302N 1685W 030 051 0988 1014 0371 33 037 0167 0167 0111 00744 0074 0056 0037
NHC  02C ANA       141025 0600 317N 1668W 035 082 0987 1010 0278 33 037 0185 0185 0130 00833 0083 0065 0037
NHC  02C ANA       141025 1200 334N 1646W 040 113 0987 1008 0259 33 037 0185 0222 0167 00833 0093 0074 0037
NHC  02C ANA       141025 1800 352N 1624W 045 124 0987 1007 0259 33 037 0185 0222 0167 00833 0093 0074 0037
NHC  02C ANA       141026 0000 370N 1591W 050 154 0986 1006 0278 31 056 0204 0241 0185 00833 0093 0074 -999
NHC  02C ANA       141026 0600 391N 1549W 055 201 0989 1002 0241 28 074 0334 0389 0278 -999 0111 -999
NHC  02C ANA       141026 1200 412N 1502W 060 206 0992 0997 0185 26 167 0334 0500 0278 -999 -999 -999
