NHC  03E THREE     140609 1800 154N 1018W 320 015 1006 1009 0334 15 093 -999 -999 -999 -999 -999 -999
NHC  03E THREE     140610 0000 155N 1019W 315 010 1004 1009 0334 18 093 0093 -999 -999 00939 -999 -999 -999
NHC  03E CRISTINA  140610 0600 157N 1022W 310 015 1004 1009 0278 18 074 0074 -999 -999 -999 -999 -999
NHC  03E CRISTINA  140610 1200 156N 1026W 270 021 1003 1009 0278 21 046 0074 0056 -999 -999 -999 -999
NHC  03E CRISTINA  140610 1800 155N 1030W 270 021 1001 1009 0278 23 037 0074 0074 0074 00749 -999 -999 -999
NHC  03E CRISTINA  140611 0000 154N 1035W 265 021 0996 1009 0278 28 037 0093 0093 0093 00937 -999 -999 -999
NHC  03E CRISTINA  140611 0600 152N 1038W 255 021 0994 1009 0278 31 037 0111 0093 0074 00937 -999 -999 0037
NHC  03E CRISTINA  140611 1200 154N 1045W 275 026 0989 1009 0278 33 028 0111 0111 0074 00936 0056 0037 0037
NHC  03E CRISTINA  140611 1800 155N 1050W 280 026 0986 1009 0278 36 028 0130 0111 0074 00936 0056 0037 0037
NHC  03E CRISTINA  140612 0000 158N 1054W 290 026 0983 1009 0278 39 028 0130 0111 0074 00936 0056 0037 0037
NHC  03E CRISTINA  140612 0600 161N 1061W 290 031 0963 1009 0334 51 028 0130 0093 0074 01116 0056 0056 0056
NHC  03E CRISTINA  140612 1200 164N 1068W 290 036 0940 1008 0315 64 028 0130 0093 0074 01116 0056 0056 0056
NHC  03E CRISTINA  140612 1800 167N 1075W 295 036 0940 1009 0334 64 028 0130 0111 0074 01304 0056 0056 0074
NHC  03E CRISTINA  140613 0000 171N 1080W 300 036 0955 1009 0334 57 028 0130 0111 0074 01304 0056 0056 0074
NHC  03E CRISTINA  140613 0600 174N 1087W 300 036 0967 1009 0334 49 028 0130 0111 0074 01304 0056 0056 0074
NHC  03E CRISTINA  140613 1200 178N 1093W 305 036 0973 1009 0371 44 037 0148 0130 0093 01483 0074 0056 0093
NHC  03E CRISTINA  140613 1800 183N 1099W 310 036 0978 1010 0334 41 037 0148 0130 0093 01483 0074 0056 0093
NHC  03E CRISTINA  140614 0000 187N 1105W 305 036 0978 1010 0315 41 037 0148 0130 0093 01483 0074 0056 0093
NHC  03E CRISTINA  140614 0600 191N 1110W 315 031 0982 1010 0315 39 028 0148 0130 0093 01483 0074 0056 0093
NHC  03E CRISTINA  140614 1200 193N 1112W 310 026 0990 1008 0334 31 028 0093 0093 0111 01117 0056 0056 0056
NHC  03E CRISTINA  140614 1800 196N 1116W 305 026 0997 1008 0334 26 037 0093 0093 0111 01117 0037 0037 0037
NHC  03E CRISTINA  140615 0000 197N 1121W 300 026 1002 1008 0297 21 037 0093 0093 0074 00939 -999 -999 -999
NHC  03E CRISTINA  140615 0600 198N 1125W 270 026 1003 1008 0297 18 056 0074 0074 0056 00749 -999 -999 -999
NHC  03E CRISTINA  140615 1200 200N 1130W 295 026 1004 1008 0222 15 056 -999 -999 -999 -999 -999 -999
NHC  03E CRISTINA  140615 1800 203N 1136W 295 026 1005 1008 0222 15 056 -999 -999 -999 -999 -999 -999
