JTWC 03S BAKUNG    141211 1800 091S 0942E 270 052 0996 1009 0333 18 083 -999 -999 -999 -999
JTWC 03S BAKUNG    141212 0000 094S 0931E 260 047 0996 1008 0333 18 083 -999 -999 -999 -999
JTWC 03S BAKUNG    141212 0600 096S 0928E 250 042 0993 1009 0139 20 083 -999 0093 0093 -999
JTWC 03S BAKUNG    141212 1200 099S 0921E 250 037 0993 1007 0324 20 083 -999 0093 0093 -999
JTWC 03S BAKUNG    141212 1800 102S 0914E 250 037 0993 1008 0352 20 083 -999 0093 0093 -999
JTWC 03S BAKUNG    141213 0000 105S 0903E 250 047 0993 1008 0352 20 074 -999 0074 0074 -999
JTWC 03S BAKUNG    141213 0600 091S 0896E 285 037 0996 1008 0352 18 074 -999 0074 0074 -999
JTWC 03S BAKUNG    141213 1200 089S 0892E 285 032 1004 1008 0352 13 074 -999 -999 -999 -999
JTWC 03S BAKUNG    141214 0000 094S 0874E 260 037 1007 1009 0333 10 064 -999 -999 -999 -999
JTWC 03S BAKUNG    141214 0600 088S 0870E 270 037 1004 1008 0333 13 074 -999 -999 -999 -999
JTWC 03S BAKUNG    141214 1200 088S 0864E 275 037 1004 1008 0333 13 074 -999 -999 -999 -999
JTWC 03S BAKUNG    141216 0000 069S 0839E 305 026 1007 1009 0352 10 074 -999 -999 -999 -999
