JTWC 04A FOUR      141025 1800 137N 0630E 050 037 0996 1007 0500 18 111 -999 -999 -999 -999
JTWC 04A FOUR      141026 0000 141N 0630E 040 032 0996 1007 0463 18 111 -999 -999 -999 -999
JTWC 04A FOUR      141026 0600 142N 0629E 020 016 0989 1008 0444 23 074 0121 0121 0121 0121
JTWC 04A NILOFAR   141026 1200 143N 0629E 350 011 0985 1007 0444 26 055 0139 0148 0148 0139
JTWC 04A NILOFAR   141026 1800 145N 0629E 345 006 0982 1007 0444 28 037 0167 0167 0148 0148
JTWC 04A NILOFAR   141027 0000 148N 0628E 340 011 0974 1008 0426 33 037 0167 0167 0148 0148
JTWC 04A NILOFAR   141027 0600 150N 0624E 320 016 0970 1008 0389 36 018 0176 0176 0176 0176
JTWC 04A NILOFAR   141027 1200 150N 0623E 310 016 0967 1006 0370 38 018 0176 0176 0176 0176
JTWC 04A NILOFAR   141027 1800 154N 0621E 310 016 0956 1006 0389 46 018 0195 0195 0185 0185
JTWC 04A NILOFAR   141028 0000 157N 0617E 315 021 0956 1006 0389 46 018 0195 0195 0185 0185
JTWC 04A NILOFAR   141028 0600 159N 0617E 325 021 0956 1007 0370 46 018 0195 0195 0195 0195
JTWC 04A NILOFAR   141028 1200 168N 0618E 355 026 0937 1006 0352 59 018 0195 0195 0195 0195
JTWC 04A NILOFAR   141028 1800 178N 0619E 005 037 0937 1006 0389 59 018 0195 0176 0167 0185
JTWC 04A NILOFAR   141029 0000 185N 0620E 005 047 0944 1006 0389 54 012 0176 0158 0148 0167
JTWC 04A NILOFAR   141029 0600 187N 0619E 005 032 0948 1009 0389 51 018 0185 0139 0139 0167
JTWC 04A NILOFAR   141029 1200 192N 0622E 015 026 0956 1007 0324 46 037 0185 0139 0139 0167
JTWC 04A NILOFAR   141029 1800 193N 0629E 045 032 0970 1007 0324 36 046 0185 0139 0139 0167
JTWC 04A NILOFAR   141030 0000 195N 0638E 065 037 0974 1007 0324 33 055 0204 0204 0167 0167
JTWC 04A NILOFAR   141030 0600 200N 0640E 055 037 0985 1008 0306 26 074 0185 0167 0130 0167
JTWC 04A NILOFAR   141030 1200 203N 0645E 050 032 0989 1007 0324 23 074 0167 0148 0111 0148
JTWC 04A NILOFAR   141030 1800 205N 0650E 055 026 0996 1007 0324 18 074 -999 -999 -999 -999
JTWC 04A NILOFAR   141031 0000 206N 0651E 060 021 1000 1007 0324 15 074 -999 -999 -999 -999
JTWC 04A NILOFAR   141031 0600 212N 0652E 035 021 1000 1009 0306 15 092 -999 -999 -999 -999
JTWC 04A NILOFAR   141031 1200 215N 0653E 015 016 1004 1008 0324 13 111 -999 -999 -999 -999
JTWC 04A NILOFAR   141101 0000 216N 0644E 300 016 1007 1008 0324 10 111 -999 -999 -999 -999
JTWC 04A NILOFAR   141101 0600 217N 0637E 280 026 1007 1008 0324 10 111 -999 -999 -999 -999
