JTWC 06S BEJISA    140101 0600 171S 0533E 185 052 0956 1009 0407 46 022 0204 0204 0176 0176
JTWC 06S BEJISA    140101 1200 181S 0533E 185 052 0952 1008 0370 48 018 0204 0204 0176 0176
JTWC 06S BEJISA    140101 1800 189S 0536E 175 047 0941 1008 0370 56 018 0222 0241 0204 0185
JTWC 06S BEJISA    140102 0000 198S 0540E 165 047 0944 1008 0370 54 027 0204 0204 0176 0176
JTWC 06S BEJISA    140102 0600 204S 0543E 160 042 0941 1008 0426 56 027 0213 0222 0195 0195
JTWC 06S BEJISA    140102 1200 213S 0548E 155 047 0944 1008 0426 54 018 0213 0222 0195 0195
JTWC 06S BEJISA    140102 1800 219S 0552E 150 042 0956 1008 0426 46 018 0213 0222 0195 0195
JTWC 06S BEJISA    140103 0000 224S 0555E 150 042 0956 1008 0426 46 027 0213 0222 0195 0195
JTWC 06S BEJISA    140103 0600 231S 0559E 150 037 0967 1008 0389 38 027 0195 0204 0176 0176
JTWC 06S BEJISA    140103 1200 237S 0554E 175 032 0970 1008 0389 36 027 0195 0204 0176 0176
JTWC 06S BEJISA    140103 1800 240S 0551E 195 026 0978 1008 0389 31 027 0195 0204 0176 0176
JTWC 06S BEJISA    140104 0000 245S 0547E 220 032 0982 1008 0389 28 027 0195 0204 0176 0176
JTWC 06S BEJISA    140104 0600 251S 0541E 220 037 0989 1007 0370 23 055 0176 0185 0158 0158
JTWC 06S BEJISA    140104 1200 259S 0531E 225 047 0993 1006 0352 20 074 0158 0167 0139 0139
JTWC 06S BEJISA    140104 1800 265S 0521E 230 052 0989 1006 0370 23 074 0158 0167 0139 0139
JTWC 06S BEJISA    140105 0000 273S 0507E 235 067 0989 1006 0370 23 092 0158 0167 0139 0139
JTWC 06S BEJISA    140105 0600 289S 0492E 230 077 0993 1006 0352 20 101 0158 0167 0130 0130
JTWC 06S BEJISA    140105 1200 307S 0473E 225 103 0993 1005 0315 20 101 0158 0167 0148 0130
JTWC 06S BEJISA    140105 1800 323S 0453E 220 118 0993 1005 0333 20 157 0158 0167 -999 -999
JTWC 06S BEJISA    140106 0000 340S 0437E 220 118 0993 1005 0333 20 157 0158 0167 -999 -999
JTWC 06S BEJISA    140106 0600 356S 0428E 215 108 0993 1007 0352 20 120 0176 0185 0158 0130
JTWC 06S BEJISA    140106 1200 368S 0426E 205 088 0993 1007 0370 20 120 0176 0185 0158 0130
