JTWC 06W SIX       140427 1800 123N 1465E 010 032 1000 1007 0278 15 074 -999 -999 -999 -999
JTWC 06W SIX       140428 0000 126N 1467E 015 026 0993 1009 0278 20 046 0056 0056 0056 0056
JTWC 06W TAPAH     140428 0600 133N 1472E 020 026 0985 1007 0287 26 027 0093 0093 0084 0084
JTWC 06W TAPAH     140428 1200 139N 1474E 020 032 0985 1007 0287 26 037 0111 0111 0093 0093
JTWC 06W TAPAH     140429 0000 157N 1474E 000 042 0974 1007 0343 33 037 0148 0139 0130 0130
JTWC 06W TAPAH     140429 0600 163N 1473E 355 042 0974 1007 0315 33 037 0148 0139 0130 0130
JTWC 06W TAPAH     140429 1200 172N 1474E 000 037 0980 1010 0315 33 037 0148 0139 0130 0130
JTWC 06W TAPAH     140429 1800 181N 1474E 000 042 0978 1010 0315 31 037 0158 0148 0139 0139
JTWC 06W TAPAH     140430 0000 188N 1473E 000 042 0978 1010 0315 31 037 0158 0148 0139 0139
JTWC 06W TAPAH     140430 0600 194N 1471E 355 037 0982 1008 0296 28 037 0158 0148 0139 0139
JTWC 06W TAPAH     140430 1200 200N 1469E 345 037 0989 1012 0296 23 046 0158 0148 0139 0139
JTWC 06W TAPAH     140430 1800 206N 1462E 330 037 0989 1011 0278 23 064 0139 0130 0121 0121
JTWC 06W TAPAH     140501 0000 214N 1452E 320 047 0996 1012 0259 18 074 -999 -999 -999 -999
JTWC 06W TAPAH     140501 0600 220N 1444E 315 052 1004 1011 0232 13 092 -999 -999 -999 -999
JTWC 06W TAPAH     140501 1200 229N 1437E 315 057 1004 1011 0232 13 092 -999 -999 -999 -999
