NHC  07L SEVEN     141010 1800 243N 0640W 320 051 1005 1011 0463 18 185 0222 -999 -999 02229 -999 -999 -999
NHC  07L FAY       141011 0000 253N 0642W 340 051 1000 1011 0463 26 148 0222 -999 -999 02229 -999 -999 0148
NHC  07L FAY       141011 0600 263N 0646W 345 051 1000 1011 0463 26 148 0222 -999 -999 02229 -999 -999 0148
NHC  07L FAY       141011 1200 272N 0653W 350 067 0990 1011 0463 28 074 0241 0093 0074 02419 -999 -999 0148
NHC  07L FAY       141011 1800 287N 0655W 345 077 0990 1011 0463 31 065 0241 0093 0074 02414 0074 -999 0093
NHC  07L FAY       141012 0000 302N 0652W 005 077 0988 1011 0445 31 074 0278 0259 0167 02414 0093 0111 0130
NHC  07L FAY       141012 0600 317N 0646W 010 077 0989 1011 0445 31 093 0278 0278 0222 02223 0111 0111 0111
NHC  07L FAY       141012 1200 333N 0638W 015 082 0986 1011 0445 31 093 0278 0278 0222 02223 0111 0111 0111
NHC  07L FAY       141012 1800 343N 0619W 035 088 0986 1011 0445 33 046 0278 0278 0222 02223 0111 0111 0111
NHC  07L FAY       141013 0000 339N 0594W 080 108 0988 1010 0371 28 074 0278 0278 0185 02223 0111 -999 0111
NHC  07L FAY       141013 0600 343N 0566W 080 108 0988 1008 0371 28 074 0278 0278 0185 02223 0111 -999 0111
NHC  07L FAY       141013 1200 342N 0534W 090 129 0990 1008 0371 26 111 0222 0278 0278 02229 0111 0111 0148
