NHC  10E TEN       140804 0000 135N 1164W 270 041 1006 1010 0408 15 130 -999 -999 -999 -999 -999 -999
NHC  10E TEN       140804 0600 135N 1177W 270 046 1005 1010 0408 18 093 -999 -999 -999 01119 -999 -999 -999
NHC  10E JULIO     140804 1200 135N 1188W 270 057 1004 1010 0500 21 074 -999 -999 -999 01119 -999 -999 -999
NHC  10E JULIO     140804 1800 135N 1207W 270 072 1000 1010 0500 26 056 -999 -999 -999 01119 -999 -999 0056
NHC  10E JULIO     140805 0000 135N 1221W 270 072 1000 1010 0500 26 056 -999 0074 0111 01679 -999 -999 0056
NHC  10E JULIO     140805 0600 135N 1230W 270 062 1000 1010 0500 26 056 -999 0056 0111 01679 -999 -999 0056
NHC  10E JULIO     140805 1200 138N 1240W 275 051 1000 1010 0500 26 056 -999 0056 0111 01679 -999 -999 0056
NHC  10E JULIO     140805 1800 140N 1252W 280 057 1000 1010 0500 26 056 -999 0056 0111 01679 -999 -999 0056
NHC  10E JULIO     140806 0000 142N 1268W 280 062 0994 1010 0500 28 056 -999 0056 0111 01679 -999 -999 0056
NHC  10E JULIO     140806 0600 146N 1283W 280 077 0989 1010 0389 33 028 0093 0093 0111 01676 0056 0056 0056
NHC  10E JULIO     140806 1200 150N 1297W 285 077 0989 1010 0389 33 028 0093 0093 0111 01676 0056 0056 0056
NHC  10E JULIO     140806 1800 156N 1311W 290 077 0989 1010 0389 33 028 0093 0093 0111 01676 0056 0056 0056
NHC  10E JULIO     140807 0000 162N 1324W 290 072 0986 1010 0389 36 028 0111 0111 0111 01486 0056 0056 0056
NHC  10E JULIO     140807 0600 166N 1341W 290 077 0976 1011 0334 44 028 0111 0111 0111 01486 0056 0056 0056
NHC  10E JULIO     140807 1200 168N 1357W 280 082 0976 1011 0334 44 028 0111 0111 0111 01486 0056 0056 0056
NHC  10E JULIO     140807 1800 170N 1370W 280 077 0970 1011 0334 46 028 0148 0130 0130 01484 0074 0074 0074
NHC  10E JULIO     140808 0000 173N 1384W 280 072 0966 1011 0334 51 028 0185 0167 0111 01853 0074 0056 0093
NHC  10E JULIO     140808 0600 176N 1397W 280 067 0962 1011 0334 54 028 0204 0185 0130 02041 0093 0074 0111
NHC  10E JULIO     140808 1200 180N 1412W 285 072 0966 1010 0334 46 028 0185 0167 0111 01853 0074 0056 0093
NHC  10E JULIO     140808 1800 183N 1427W 285 072 0966 1010 0334 46 028 0185 0167 0111 01853 0074 0056 0093
NHC  10E JULIO     140809 0000 187N 1440W 285 072 0970 1010 0334 44 028 0185 0167 0111 01853 0074 0056 0093
NHC  10E JULIO     140809 0600 192N 1454W 285 072 0979 1010 0389 44 037 0278 0111 0093 02597 0074 0056 0158
NHC  10E JULIO     140809 1200 199N 1468W 295 072 0980 1011 0352 44 037 0269 0204 0167 02327 0120 0083 0111
NHC  10E JULIO     140809 1800 206N 1481W 295 072 0980 1011 0352 44 037 0269 0204 0167 02327 0120 0083 0111
NHC  10E JULIO     140810 0000 215N 1494W 300 077 0982 1011 0334 41 037 0259 0195 0167 02228 0102 0074 0102
NHC  10E JULIO     140810 0600 223N 1507W 305 077 0981 1011 0334 41 046 0259 0195 0167 02228 0102 0074 0102
NHC  10E JULIO     140810 1200 233N 1519W 305 077 0984 1013 0371 39 037 0241 0222 0130 01678 0139 0065 0093
NHC  10E JULIO     140810 1800 242N 1526W 315 062 0982 1014 0352 41 037 0204 0167 0148 01851 0056 0093 0074
NHC  10E JULIO     140811 0000 252N 1532W 325 057 0984 1014 0389 39 037 0204 0167 0148 01851 0074 0074 0074
NHC  10E JULIO     140811 0600 256N 1539W 320 051 0986 1014 0389 36 037 0195 0158 0139 01762 0065 0065 0065
NHC  10E JULIO     140811 1200 262N 1546W 320 046 0994 1015 0352 33 037 0250 0250 0139 01673 0046 0037 0139
NHC  10E JULIO     140811 1800 273N 1555W 320 051 0988 1015 0352 33 037 0232 0204 0139 02041 0046 0037 0111
NHC  10E JULIO     140812 0000 274N 1560W 315 041 0990 1015 0334 31 037 0185 0167 0130 01853 0037 0037 0083
NHC  10E JULIO     140812 0600 279N 1566W 315 041 0990 1015 0334 31 037 0185 0167 0130 01853 0037 0037 0083
NHC  10E JULIO     140812 1200 284N 1569W 320 036 0994 1015 0334 28 046 0167 0167 0148 01486 0056 0056 0056
NHC  10E JULIO     140812 1800 286N 1573W 315 026 0995 1015 0334 28 046 0167 0148 0148 01486 -999 -999 0056
NHC  10E JULIO     140813 0000 291N 1579W 315 031 0991 1015 0352 31 056 0185 0167 0148 01854 -999 -999 0074
NHC  10E JULIO     140813 0600 297N 1583W 320 031 0988 1015 0352 33 046 0204 0185 0148 01854 0065 -999 0065
NHC  10E JULIO     140813 1200 301N 1590W 315 036 0989 1015 0389 33 046 0204 0185 0148 01854 0065 0046 0065
NHC  10E JULIO     140813 1800 306N 1592W 325 031 0984 1014 0371 36 056 0222 0185 0167 02223 0074 0056 0093
NHC  10E JULIO     140814 0000 308N 1593W 325 021 0986 1014 0352 33 056 0204 0167 0130 01114 0065 -999 -999
NHC  10E JULIO     140814 0600 309N 1591W 045 015 0986 1014 0352 31 056 0204 0167 0130 01116 0056 0056 0056
NHC  10E JULIO     140814 1200 314N 1586W 040 015 0987 1014 0352 28 046 0167 0167 0111 00936 0046 0046 0046
NHC  10E JULIO     140814 1800 315N 1580W 055 021 0990 1014 0297 26 046 0130 0148 0111 00936 0046 -999 -999
NHC  10E JULIO     140815 0000 319N 1577W 050 026 0994 1014 0297 23 046 0130 0167 0093 00939 -999 -999 -999
NHC  10E JULIO     140815 0600 322N 1573W 045 021 1000 1015 0371 21 148 -999 0167 -999 -999 -999 -999
NHC  10E JULIO     140815 1200 323N 1575W 030 015 1006 1015 0371 15 185 -999 -999 -999 -999 -999 -999
