JTWC 10W TEN       140717 1200 101N 1352E 270 016 1005 1008 0296 15 074 -999 -999 -999 -999
JTWC 10W TEN       140717 1800 105N 1350E 305 011 0996 1008 0296 18 074 -999 -999 -999 -999
JTWC 10W MATMO     140718 0000 109N 1350E 335 016 0993 1008 0296 20 055 0056 0056 0056 0056
JTWC 10W MATMO     140718 0600 110N 1345E 325 021 0993 1006 0333 20 055 0056 0056 0056 0056
JTWC 10W MATMO     140718 1200 110N 1338E 295 021 0993 1005 0352 20 046 0056 0065 0084 0056
JTWC 10W MATMO     140718 1800 108N 1323E 270 042 0989 1005 0352 23 046 0074 0084 0102 0074
JTWC 10W MATMO     140719 0000 108N 1313E 270 047 0982 1005 0370 28 046 0084 0093 0121 0111
JTWC 10W MATMO     140719 0600 112N 1309E 280 042 0975 1004 0370 31 046 0148 0222 0204 0167
JTWC 10W MATMO     140719 1200 117N 1306E 300 032 0974 1004 0370 33 046 0167 0204 0204 0185
JTWC 10W MATMO     140719 1800 122N 1302E 320 032 0970 1004 0370 36 046 0259 0213 0232 0241
JTWC 10W MATMO     140720 0000 127N 1295E 320 037 0970 1004 0370 36 046 0259 0213 0232 0241
JTWC 10W MATMO     140720 0600 136N 1293E 330 042 0974 1004 0370 33 046 0259 0213 0232 0222
JTWC 10W MATMO     140720 1200 146N 1282E 325 052 0974 1004 0370 33 046 0259 0213 0232 0222
JTWC 10W MATMO     140720 1800 156N 1278E 325 057 0970 1004 0370 36 046 0259 0213 0232 0222
JTWC 10W MATMO     140721 0000 167N 1272E 330 062 0970 1004 0370 36 046 0259 0213 0232 0222
JTWC 10W MATMO     140721 0600 180N 1264E 330 065 0970 1004 0370 35 046 0259 0213 0232 0222
JTWC 10W MATMO     140721 1200 185N 1253E 320 067 0970 1004 0370 36 046 0259 0213 0232 0222
JTWC 10W MATMO     140721 1800 193N 1242E 315 067 0963 1004 0370 41 046 0241 0213 0185 0222
JTWC 10W MATMO     140722 0000 206N 1236E 320 062 0963 1004 0370 41 046 0241 0213 0185 0222
JTWC 10W MATMO     140722 0600 220N 1227E 325 072 0959 1002 0389 43 027 0269 0241 0222 0250
JTWC 10W MATMO     140722 1200 225N 1220E 325 062 0959 1000 0352 43 037 0269 0241 0222 0250
JTWC 10W MATMO     140722 1800 234N 1210E 320 062 0963 1000 0352 41 037 0269 0241 0222 0250
JTWC 10W MATMO     140723 0000 244N 1200E 315 062 0970 1000 0352 36 037 0250 0259 0222 0213
JTWC 10W MATMO     140723 0600 250N 1196E 320 057 0974 0998 0352 33 027 0213 0222 0185 0176
JTWC 10W MATMO     140723 1200 258N 1190E 325 052 0985 0998 0333 26 037 0139 0148 0111 0102
JTWC 10W MATMO     140723 1800 266N 1185E 330 047 1000 1001 0306 15 037 -999 -999 -999 -999
JTWC 10W MATMO     140725 0600 354N 1210E 030 083 1000 1004 0278 10 083 -999 -999 -999 -999
JTWC 10W MATMO     140725 1200 375N 1237E 040 103 1000 1006 0296 10 083 -999 -999 -999 -999
