JTWC 11P ELEVEN    140129 0000 157S 1510E 245 026 0996 1000 0407 18 083 -999 -999 -999 -999
JTWC 11P ELEVEN    140129 0600 164S 1505E 220 026 0996 1000 0407 18 083 -999 -999 -999 -999
JTWC 11P ELEVEN    140129 1200 169S 1501E 225 032 0994 1000 0407 18 083 -999 -999 -999 -999
JTWC 11P ELEVEN    140129 1800 175S 1491E 230 037 0991 0998 0407 18 083 -999 -999 -999 -999
JTWC 11P ELEVEN    140130 0000 176S 1485E 240 037 0989 0998 0407 23 074 -999 0074 0074 -999
JTWC 11P DYLAN     140130 0600 182S 1482E 235 037 0989 0999 0370 23 074 0084 0093 0093 0084
JTWC 11P DYLAN     140130 1200 188S 1482E 215 026 0982 1000 0370 28 055 0102 0102 0102 0102
JTWC 11P DYLAN     140130 1800 204S 1482E 185 047 0985 1000 0370 26 055 0102 0102 0102 0102
JTWC 11P DYLAN     140131 0000 213S 1479E 185 052 0993 1000 0370 20 055 0084 0093 0093 0084
JTWC 11P DYLAN     140131 0600 225S 1467E 205 067 0998 1000 0370 15 074 -999 -999 -999 -999
JTWC 11P DYLAN     140131 1200 233S 1462E 210 057 0999 1000 0370 10 074 -999 -999 -999 -999
