JTWC 13S EDILSON   140205 0600 177S 0601E 160 032 0993 1003 0352 20 046 0093 0093 0084 0084
JTWC 13S EDILSON   140205 1200 185S 0601E 165 037 0993 1003 0352 20 046 0093 0093 0084 0084
JTWC 13S EDILSON   140205 1800 191S 0601E 170 037 0993 1002 0370 20 046 0093 0093 0084 0084
JTWC 13S EDILSON   140206 0000 200S 0600E 180 042 0989 1002 0370 23 046 0093 0093 0084 0084
JTWC 13S EDILSON   140206 0600 212S 0586E 205 052 0985 1000 0333 26 046 0185 0185 0167 0167
JTWC 13S EDILSON   140206 1200 225S 0578E 210 067 0985 1000 0333 26 046 0185 0185 0167 0167
JTWC 13S EDILSON   140206 1800 247S 0569E 210 083 0982 1000 0333 28 046 0185 0185 0167 0167
JTWC 13S EDILSON   140207 0000 262S 0558E 205 098 0985 1000 0333 26 046 0185 0185 0167 0167
JTWC 13S EDILSON   140207 0600 276S 0551E 205 093 0989 1000 0333 23 055 0185 0185 0167 0167
JTWC 13S EDILSON   140207 1200 289S 0542E 205 093 0985 1003 0352 26 055 0185 0185 0167 0167
JTWC 13S EDILSON   140207 1800 306S 0533E 205 093 0996 1004 0389 18 074 0185 0185 0167 0167
JTWC 13S EDILSON   140208 0000 320S 0529E 200 083 0996 1004 0389 18 092 -999 -999 -999 -999
