JTWC 15W FIFTEEN   140910 1800 099N 1411E 280 088 1004 1008 0389 13 074 -999 -999 -999 -999
JTWC 15W FIFTEEN   140911 0000 103N 1395E 285 083 1004 1008 0389 13 074 -999 -999 -999 -999
JTWC 15W FIFTEEN   140911 0600 127N 1384E 305 088 1004 1007 0463 13 074 -999 -999 -999 -999
JTWC 15W FIFTEEN   140911 1200 138N 1369E 315 093 1004 1009 0463 13 074 -999 -999 -999 -999
JTWC 15W FIFTEEN   140911 1800 140N 1340E 300 108 1000 1009 0463 15 074 -999 -999 -999 -999
JTWC 15W FIFTEEN   140912 0000 139N 1322E 280 108 1000 1009 0463 15 074 -999 -999 -999 -999
JTWC 15W FIFTEEN   140912 0600 138N 1308E 275 093 0996 1006 0463 18 074 -999 -999 -999 -999
JTWC 15W KALMAEGI  140912 1200 138N 1297E 270 072 0989 1006 0518 23 055 0074 0084 0074 0084
JTWC 15W KALMAEGI  140912 1800 137N 1294E 265 047 0985 1006 0500 26 055 0185 0204 0204 0185
JTWC 15W KALMAEGI  140913 0000 141N 1288E 280 037 0982 1006 0500 28 046 0185 0204 0204 0185
JTWC 15W KALMAEGI  140913 0600 147N 1275E 290 047 0978 1005 0518 31 046 0185 0204 0204 0185
JTWC 15W KALMAEGI  140913 1200 151N 1266E 295 052 0974 1005 0481 33 046 0185 0222 0222 0185
JTWC 15W KALMAEGI  140913 1800 158N 1258E 300 057 0974 1005 0481 33 046 0204 0222 0222 0204
JTWC 15W KALMAEGI  140914 0000 164N 1245E 300 057 0970 1003 0463 36 037 0204 0222 0222 0204
JTWC 15W KALMAEGI  140914 0600 170N 1234E 300 062 0970 1002 0444 36 037 0204 0222 0222 0204
JTWC 15W KALMAEGI  140914 1200 179N 1218E 300 077 0970 1002 0407 36 037 0185 0204 0204 0185
JTWC 15W KALMAEGI  140914 1800 182N 1199E 295 083 0978 1002 0407 31 046 0204 0222 0222 0204
JTWC 15W KALMAEGI  140915 0000 180N 1179E 280 088 0974 1001 0407 33 046 0222 0204 0204 0222
JTWC 15W KALMAEGI  140915 0600 185N 1161E 280 088 0974 1001 0426 33 037 0222 0204 0204 0222
JTWC 15W KALMAEGI  140915 1200 189N 1144E 280 083 0970 0999 0407 36 037 0222 0259 0259 0222
JTWC 15W KALMAEGI  140915 1800 194N 1129E 285 083 0970 0999 0407 36 037 0287 0278 0259 0278
JTWC 15W KALMAEGI  140916 0000 200N 1114E 290 083 0970 0999 0407 36 037 0287 0278 0259 0278
JTWC 15W KALMAEGI  140916 0600 205N 1102E 295 072 0970 0999 0407 36 037 0287 0278 0259 0278
JTWC 15W KALMAEGI  140916 1200 211N 1080E 290 083 0970 0997 0407 36 037 0287 0278 0259 0278
JTWC 15W KALMAEGI  140916 1800 221N 1061E 295 093 0978 0998 0315 31 037 0269 0259 0241 0241
