JTWC 16W SIXTEEN   140917 1200 128N 1308E 265 088 1003 1009 0648 15 083 -999 -999 -999 -999
JTWC 16W SIXTEEN   140917 1800 140N 1294E 290 072 1000 1006 0537 15 083 -999 -999 -999 -999
JTWC 16W FUNG-WONG 140918 0000 143N 1284E 295 067 0996 1006 0481 18 092 -999 -999 -999 -999
JTWC 16W FUNG-WONG 140918 0600 152N 1271E 295 067 0996 1005 0444 18 092 -999 -999 -999 -999
JTWC 16W FUNG-WONG 140918 1200 156N 1258E 295 067 0996 1005 0407 18 092 -999 -999 -999 -999
JTWC 16W FUNG-WONG 140918 1800 168N 1237E 300 088 0996 1005 0389 18 092 -999 -999 -999 -999
JTWC 16W FUNG-WONG 140919 0000 180N 1225E 305 088 0993 1005 0389 20 074 0093 0130 0102 0102
JTWC 16W FUNG-WONG 140919 0600 187N 1213E 305 083 0993 1003 0407 20 064 0102 0074 0074 0102
JTWC 16W FUNG-WONG 140919 1200 187N 1199E 295 072 0993 1003 0389 20 064 0102 0074 0074 0102
JTWC 16W FUNG-WONG 140919 1800 188N 1196E 285 052 0993 1003 0389 20 064 0102 0074 0074 0102
JTWC 16W FUNG-WONG 140920 0000 196N 1199E 315 037 0989 1003 0407 23 064 0111 0074 0084 0102
JTWC 16W FUNG-WONG 140920 0600 200N 1197E 335 032 0981 1003 0407 23 064 0111 0074 0084 0102
JTWC 16W FUNG-WONG 140920 1200 208N 1198E 350 037 0981 1003 0407 23 064 0111 0093 0084 0102
JTWC 16W FUNG-WONG 140920 1800 215N 1200E 000 037 0985 1003 0407 26 064 0111 0121 0111 0102
JTWC 16W FUNG-WONG 140921 0000 219N 1200E 010 032 0985 1003 0407 26 064 0111 0121 0111 0102
JTWC 16W FUNG-WONG 140921 0600 226N 1212E 035 042 0985 1003 0370 26 064 0111 0121 0111 0102
JTWC 16W FUNG-WONG 140921 1200 242N 1222E 035 062 0985 1004 0370 26 064 0111 0121 0111 0102
JTWC 16W FUNG-WONG 140921 1800 260N 1220E 020 077 0985 1004 0389 26 064 0111 0121 0111 0102
JTWC 16W FUNG-WONG 140922 0000 273N 1220E 010 083 0989 1004 0389 23 064 0111 0121 0111 0102
JTWC 16W FUNG-WONG 140922 0600 281N 1221E 000 067 0989 1005 0389 23 064 0111 0121 0111 0102
JTWC 16W FUNG-WONG 140922 1200 291N 1223E 005 052 0993 1006 0333 20 064 0111 0121 0111 0102
JTWC 16W FUNG-WONG 140922 1800 295N 1225E 010 037 0993 1006 0296 20 064 0111 0121 0111 0102
JTWC 16W FUNG-WONG 140923 0600 316N 1216E 355 047 1000 1007 0333 15 074 -999 -999 -999 -999
