NHC  17E POLO      140916 0600 116N 0982W 295 041 1005 1010 0259 18 074 -999 0111 0074 -999 -999 -999
NHC  17E POLO      140916 1200 125N 0990W 305 041 1005 1010 0259 18 074 -999 0111 0074 -999 -999 -999
NHC  17E POLO      140916 1800 129N 1000W 305 046 1002 1010 0259 21 074 0093 0111 0111 00939 -999 -999 -999
NHC  17E POLO      140917 0000 135N 1010W 305 057 1000 1010 0297 23 074 0093 0111 0111 00939 -999 -999 -999
NHC  17E POLO      140917 0600 144N 1015W 315 057 1000 1009 0278 23 074 0111 0130 0111 00939 -999 -999 -999
NHC  17E POLO      140917 1200 154N 1021W 320 057 0998 1009 0278 26 046 0111 0130 0111 00936 0046 -999 0046
NHC  17E POLO      140917 1800 161N 1033W 315 062 0991 1009 0278 31 046 0130 0130 0111 01116 0046 -999 0046
NHC  17E POLO      140918 0000 163N 1043W 290 051 0988 1008 0278 33 028 0130 0130 0111 01116 0056 0037 0037
NHC  17E POLO      140918 0600 165N 1047W 290 036 0988 1008 0278 33 028 0130 0130 0111 01116 0056 0037 0037
NHC  17E POLO      140918 1200 170N 1053W 300 036 0988 1008 0278 33 028 0130 0130 0111 01116 0056 0037 0037
NHC  17E POLO      140918 1800 175N 1056W 315 031 0981 1008 0278 33 028 0185 0130 0111 01116 0056 0056 0037
NHC  17E POLO      140919 0000 181N 1061W 320 036 0981 1008 0278 31 028 0185 0130 0111 01116 0056 0056 0037
NHC  17E POLO      140919 0600 187N 1068W 315 041 0981 1008 0278 31 028 0185 0130 0111 01306 0056 0056 0037
NHC  17E POLO      140919 1200 193N 1077W 310 046 0981 1008 0278 31 028 0167 0130 0111 01306 0056 0056 0037
NHC  17E POLO      140919 1800 193N 1078W 310 031 0988 1008 0278 28 028 0130 0111 0074 01309 0056 -999 -999
NHC  17E POLO      140920 0000 198N 1079W 300 041 0991 1008 0222 28 056 0130 0167 0148 00749 0111 0093 -999
NHC  17E POLO      140920 0600 203N 1083W 315 031 0997 1008 0222 23 056 0111 0148 0130 00749 -999 -999 -999
NHC  17E POLO      140920 1200 207N 1087W 320 031 1000 1008 0222 21 056 0111 0148 0130 00749 -999 -999 -999
NHC  17E POLO      140920 1800 209N 1092W 310 026 1000 1008 0222 21 056 0111 0148 0130 00749 -999 -999 -999
NHC  17E POLO      140921 0000 215N 1096W 305 036 1004 1008 0204 18 056 0093 0130 0111 00569 -999 -999 -999
NHC  17E POLO      140921 0600 215N 1102W 280 026 1004 1008 0204 18 056 0074 0074 0056 00569 -999 -999 -999
NHC  17E POLO      140921 1200 218N 1109W 290 036 1004 1009 0259 18 056 0074 0056 0056 00569 -999 -999 -999
NHC  17E POLO      140921 1800 222N 1117W 290 041 1004 1009 0259 18 056 0074 -999 0074 00569 -999 -999 -999
NHC  17E POLO      140922 0000 228N 1129W 295 051 1004 1008 0259 18 056 0093 -999 0074 00569 -999 -999 -999
NHC  17E POLO      140922 0600 226N 1135W 275 041 1005 1008 0259 15 056 -999 -999 -999 -999 -999 -999
NHC  17E POLO      140922 1200 223N 1141W 245 036 1006 1009 0315 13 074 -999 -999 -999 -999 -999 -999
