JTWC 17P GILLIAN   140308 1200 113S 1400E 155 021 0996 1006 0315 18 083 -999 -999 -999 -999
JTWC 17P GILLIAN   140308 1800 126S 1402E 165 042 0996 1006 0333 18 083 -999 -999 -999 -999
JTWC 17P GILLIAN   140309 0000 128S 1403E 165 037 0996 1006 0333 18 083 -999 -999 -999 -999
JTWC 17P GILLIAN   140309 0600 126S 1403E 165 021 0996 1005 0315 18 083 -999 -999 -999 -999
JTWC 17P GILLIAN   140309 1200 128S 1408E 135 016 0996 1006 0296 18 092 -999 -999 -999 -999
JTWC 17P GILLIAN   140309 1800 132S 1410E 135 021 0996 1006 0296 18 092 -999 -999 -999 -999
JTWC 17P GILLIAN   140310 0000 135S 1416E 125 026 0996 1006 0333 18 092 -999 -999 -999 -999
JTWC 17P GILLIAN   140310 0600 140S 1413E 160 021 0996 1006 0352 18 074 -999 -999 -999 -999
JTWC 17P GILLIAN   140310 1200 144S 1410E 190 021 0996 1007 0315 18 055 -999 -999 -999 -999
JTWC 17P GILLIAN   140310 1800 146S 1406E 215 021 0996 1007 0352 18 074 -999 -999 -999 -999
JTWC 17P GILLIAN   140311 0000 155S 1418E 160 026 0996 1009 0352 15 074 -999 -999 -999 -999
JTWC 17P GILLIAN   140311 0600 159S 1412E 190 021 1004 1009 0352 13 074 -999 -999 -999 -999
JTWC 17P GILLIAN   140311 1200 156S 1411E 220 016 1004 1008 0333 13 083 -999 -999 -999 -999
JTWC 17P GILLIAN   140311 1800 159S 1412E 190 021 1003 1008 0333 10 083 -999 -999 -999 -999
JTWC 17P GILLIAN   140312 0000 161S 1410E 220 011 1006 1008 0333 10 083 -999 -999 -999 -999
JTWC 17P GILLIAN   140312 0600 161S 1411E 225 011 1006 1008 0333 10 083 -999 -999 -999 -999
JTWC 17P GILLIAN   140313 0600 148S 1381E 295 032 1004 1007 0315 13 055 -999 -999 -999 -999
JTWC 17P GILLIAN   140313 1200 148S 1389E 000 006 1004 1009 0315 13 055 -999 -999 -999 -999
JTWC 17P GILLIAN   140313 1800 147S 1393E 080 016 1004 1009 0315 13 055 -999 -999 -999 -999
JTWC 17P GILLIAN   140314 0000 139S 1395E 055 021 1000 1009 0343 15 055 -999 -999 -999 -999
JTWC 17P GILLIAN   140314 0600 136S 1396E 030 026 1000 1007 0306 15 055 -999 -999 -999 -999
JTWC 17P GILLIAN   140314 1200 132S 1394E 005 021 1000 1008 0278 15 055 -999 -999 -999 -999
JTWC 17P GILLIAN   140314 1800 123S 1395E 000 026 1000 1008 0296 15 055 -999 -999 -999 -999
JTWC 17P GILLIAN   140315 0000 118S 1393E 350 032 1000 1010 0315 15 055 -999 -999 -999 -999
JTWC 17P GILLIAN   140315 0600 112S 1389E 345 037 1000 1006 0296 15 055 -999 -999 -999 -999
JTWC 17P GILLIAN   140315 1200 106S 1383E 330 037 1000 1006 0296 15 055 -999 -999 -999 -999
JTWC 17P GILLIAN   140315 1800 113S 1376E 290 032 1004 1006 0296 13 055 -999 -999 -999 -999
JTWC 17P GILLIAN   140316 0000 108S 1374E 300 032 1006 1010 0278 13 074 -999 -999 -999 -999
JTWC 17P GILLIAN   140316 0600 104S 1377E 305 021 1004 1006 0278 13 074 -999 -999 -999 -999
JTWC 17P GILLIAN   140316 1200 103S 1372E 295 026 1004 1006 0278 13 074 -999 -999 -999 -999
JTWC 17P GILLIAN   140316 1800 102S 1365E 285 026 1004 1008 0278 13 074 -999 -999 -999 -999
JTWC 17P GILLIAN   140317 0000 101S 1360E 280 032 1004 1008 0278 13 074 -999 -999 -999 -999
JTWC 17P GILLIAN   140317 0600 103S 1354E 270 032 1000 1006 0278 15 074 -999 -999 -999 -999
JTWC 17P GILLIAN   140317 1200 102S 1337E 270 057 1000 1006 0278 15 074 -999 -999 -999 -999
JTWC 17P GILLIAN   140317 1800 097S 1324E 280 067 1000 1006 0278 15 074 -999 -999 -999 -999
JTWC 17P GILLIAN   140318 0000 095S 1311E 280 067 1000 1006 0278 15 074 -999 -999 -999 -999
JTWC 17P GILLIAN   140318 0600 097S 1294E 275 072 1000 1007 0278 15 074 -999 -999 -999 -999
JTWC 17P GILLIAN   140318 1200 099S 1279E 265 077 1000 1008 0278 15 074 -999 -999 -999 -999
JTWC 17P GILLIAN   140318 1800 091S 1267E 275 077 1004 1008 0278 13 074 -999 -999 -999 -999
JTWC 17P GILLIAN   140319 0000 085S 1249E 285 077 1004 1008 0306 13 074 -999 -999 -999 -999
JTWC 17P GILLIAN   140319 0600 094S 1214E 270 103 1004 1007 0315 13 074 -999 -999 -999 -999
JTWC 17P GILLIAN   140319 1200 094S 1190E 265 118 1004 1008 0315 13 074 -999 -999 -999 -999
JTWC 17P GILLIAN   140319 1800 095S 1163E 265 123 1004 1008 0315 13 074 -999 -999 -999 -999
JTWC 17P GILLIAN   140320 0000 095S 1141E 270 123 1004 1008 0315 13 074 -999 -999 -999 -999
JTWC 17P GILLIAN   140320 0600 087S 1152E 270 067 1004 1008 0315 13 074 -999 -999 -999 -999
JTWC 17P GILLIAN   140320 1200 089S 1142E 265 057 1004 1008 0315 13 074 -999 -999 -999 -999
JTWC 17P GILLIAN   140320 1800 090S 1133E 260 052 1004 1008 0315 13 074 -999 -999 -999 -999
JTWC 17P GILLIAN   140321 0000 100S 1090E 260 108 1004 1008 0315 13 074 -999 -999 -999 -999
JTWC 17P GILLIAN   140321 0600 097S 1077E 260 098 1000 1006 0278 15 074 -999 -999 -999 -999
JTWC 17P GILLIAN   140321 1200 098S 1068E 265 077 0996 1006 0278 18 074 -999 -999 -999 -999
JTWC 17P GILLIAN   140321 1800 100S 1061E 260 062 0993 1006 0139 20 074 0093 0093 0084 0084
JTWC 17P GILLIAN   140322 0000 101S 1054E 260 047 0989 1006 0139 23 074 0102 0111 0111 0093
JTWC 17P GILLIAN   140322 0600 103S 1050E 255 032 0982 1006 0333 28 037 0111 0130 0130 0111
JTWC 17P GILLIAN   140322 1200 114S 1049E 220 032 0974 1006 0333 33 027 0130 0139 0139 0130
JTWC 17P GILLIAN   140322 1800 123S 1044E 205 042 0956 1006 0407 46 027 0176 0195 0185 0167
JTWC 17P GILLIAN   140323 0000 130S 1040E 205 047 0944 1006 0407 54 027 0204 0222 0213 0195
JTWC 17P GILLIAN   140323 0600 137S 1036E 205 042 0941 1007 0389 56 022 0204 0222 0213 0195
JTWC 17P GILLIAN   140323 1200 145S 1035E 200 042 0933 1007 0370 61 022 0204 0222 0213 0195
JTWC 17P GILLIAN   140323 1800 154S 1035E 190 042 0918 1007 0426 71 018 0222 0259 0250 0232
JTWC 17P GILLIAN   140324 0000 162S 1035E 180 042 0926 1007 0407 66 018 0204 0241 0232 0213
JTWC 17P GILLIAN   140324 0600 172S 1035E 180 047 0933 1007 0370 61 018 0204 0222 0204 0185
JTWC 17P GILLIAN   140324 1200 180S 1038E 175 047 0944 1007 0370 54 037 0185 0204 0185 0167
JTWC 17P GILLIAN   140324 1800 192S 1039E 175 052 0956 1007 0370 46 037 0185 0204 0185 0167
JTWC 17P GILLIAN   140325 0000 192S 1036E 175 037 0956 1008 0370 46 037 0185 0204 0185 0167
JTWC 17P GILLIAN   140325 0600 196S 1039E 170 026 0978 1008 0343 31 055 0167 0195 0185 0158
JTWC 17P GILLIAN   140325 1200 207S 1036E 185 037 0985 1008 0343 26 055 0167 0213 0195 0158
JTWC 17P GILLIAN   140325 1800 210S 1035E 190 037 0993 1008 0343 20 055 0167 0213 0195 0158
JTWC 17P GILLIAN   140326 0000 217S 1029E 205 042 0999 1009 0343 18 055 0167 0185 0176 0158
JTWC 17P GILLIAN   140326 0600 217S 1019E 230 037 1000 1008 0352 15 092 -999 -999 -999 -999
JTWC 17P GILLIAN   140326 1200 216S 1013E 255 037 1000 1008 0352 15 092 -999 -999 -999 -999
JTWC 17P GILLIAN   140326 1800 214S 0999E 275 047 1000 1008 0352 15 092 -999 -999 -999 -999
JTWC 17P GILLIAN   140327 0000 211S 0987E 280 052 1004 1008 0352 13 092 -999 -999 -999 -999
