NHC  19E NINETEEN  141001 1800 171N 1040W 290 036 1004 1007 0278 13 074 -999 -999 -999 -999 -999 -999
NHC  19E NINETEEN  141002 0000 176N 1050W 300 041 1003 1007 0278 15 074 -999 -999 -999 -999 -999 -999
NHC  19E NINETEEN  141002 0600 179N 1057W 295 046 1002 1007 0278 18 056 0056 -999 -999 00569 -999 -999 -999
NHC  19E SIMON     141002 1200 183N 1067W 295 046 1002 1008 0278 18 056 0056 -999 -999 00569 -999 -999 -999
NHC  19E SIMON     141002 1800 184N 1076W 285 046 1000 1008 0278 21 056 0074 0056 -999 00749 -999 -999 -999
NHC  19E SIMON     141003 0000 181N 1081W 270 041 1000 1008 0278 23 056 0074 0056 -999 00749 -999 -999 -999
NHC  19E SIMON     141003 0600 181N 1084W 270 026 0998 1008 0278 23 019 0056 0056 0037 00379 -999 -999 -999
NHC  19E SIMON     141003 1200 184N 1093W 285 036 0998 1008 0278 23 019 0074 0056 0037 00569 -999 -999 -999
NHC  19E SIMON     141003 1800 186N 1101W 285 041 0993 1007 0278 28 019 0074 0074 0056 00569 0037 -999 0019
NHC  19E SIMON     141004 0000 190N 1111W 290 046 0988 1007 0278 33 019 0074 0074 0056 00567 0019 -999 0019
NHC  19E SIMON     141004 0600 193N 1122W 290 051 0984 1007 0278 36 019 0074 0074 0056 00567 0037 0019 0019
NHC  19E SIMON     141004 1200 199N 1133W 295 057 0970 1007 0278 46 019 0111 0111 0074 01116 0056 0037 0056
NHC  19E SIMON     141004 1800 203N 1146W 290 062 0952 1009 0334 51 009 0148 0148 0111 01304 0074 0037 0056
NHC  19E SIMON     141005 0000 211N 1156W 300 062 0946 1009 0334 59 009 0148 0148 0111 01304 0074 0037 0056
NHC  19E SIMON     141005 0600 218N 1164W 315 057 0953 1009 0334 51 009 0148 0148 0111 01304 0074 0037 0056
NHC  19E SIMON     141005 1200 225N 1170W 320 046 0969 1009 0408 46 037 0148 0148 0111 01304 0074 0037 0056
NHC  19E SIMON     141005 1800 231N 1175W 325 041 0976 1010 0445 39 037 0167 0167 0111 01674 0074 0037 0074
NHC  19E SIMON     141006 0000 235N 1176W 340 031 0983 1008 0445 31 037 0167 0167 0148 01674 0074 0037 0074
NHC  19E SIMON     141006 0600 241N 1176W 360 031 0994 1010 0445 26 037 0148 0130 0093 01114 0056 -999 0056
NHC  19E SIMON     141006 1200 248N 1175W 360 031 1000 1010 0371 21 037 0148 0130 0093 01119 -999 -999 -999
NHC  19E SIMON     141006 1800 255N 1174W 010 031 1004 1010 0334 18 037 0148 0130 0093 01119 -999 -999 -999
NHC  19E SIMON     141007 0000 262N 1172W 010 036 1000 1010 0334 21 074 0167 0148 0111 01679 -999 -999 -999
NHC  19E SIMON     141007 0600 270N 1170W 010 036 1000 1010 0334 18 074 0148 0148 -999 01489 -999 -999 -999
NHC  19E SIMON     141007 1200 273N 1169W 020 036 1002 1010 0334 18 074 0167 0148 0093 01679 -999 -999 -999
NHC  19E SIMON     141007 1800 276N 1164W 030 031 1002 1010 0278 18 093 0167 0167 -999 01679 -999 -999 -999
NHC  19E SIMON     141008 0000 278N 1161W 040 026 1003 1007 0232 15 111 -999 -999 -999 -999 -999 -999
