JTWC 19P HADI      140310 0600 189S 1512E 135 021 0996 1006 0352 18 092 -999 -999 -999 -999
JTWC 19P HADI      140310 1200 189S 1517E 115 021 0996 1007 0315 18 074 -999 -999 -999 -999
JTWC 19P HADI      140310 1800 191S 1519E 110 021 0996 1007 0315 18 074 -999 -999 -999 -999
JTWC 19P HADI      140311 0000 186S 1520E 070 016 0996 1008 0315 18 074 -999 -999 -999 -999
JTWC 19P HADI      140311 0600 175S 1511E 345 026 1004 1006 0278 13 074 -999 -999 -999 -999
JTWC 19P HADI      140311 1200 173S 1517E 015 016 1004 1006 0278 13 074 -999 -999 -999 -999
JTWC 19P HADI      140311 1800 171S 1534E 070 037 1000 1006 0278 15 074 -999 -999 -999 -999
JTWC 19P HADI      140312 0000 155S 1546E 055 062 1002 1007 0278 15 074 -999 -999 -999 -999
JTWC 19P HADI      140312 0600 147S 1573E 065 093 1004 1006 0278 13 074 -999 -999 -999 -999
JTWC 19P HADI      140312 1200 143S 1589E 065 103 1004 1006 0278 13 074 -999 -999 -999 -999
JTWC 19P HADI      140312 1800 142S 1612E 080 108 1004 1006 0278 13 074 -999 -999 -999 -999
JTWC 19P HADI      140313 0000 132S 1634E 075 113 1004 1006 0278 13 074 -999 -999 -999 -999
JTWC 19P HADI      140313 0600 121S 1653E 070 113 1004 1005 0296 10 074 -999 -999 -999 -999
JTWC 19P HADI      140313 1200 123S 1678E 075 113 1003 1005 0296 10 074 -999 -999 -999 -999
