JTWC 20W TWENTY    141031 0000 127N 1372E 270 042 1000 1007 0296 15 074 -999 -999 -999 -999
JTWC 20W TWENTY    141031 0600 126N 1364E 260 037 1000 1005 0333 15 074 -999 -999 -999 -999
JTWC 20W NURI      141031 1200 128N 1354E 270 042 0996 1005 0352 18 092 -999 -999 -999 -999
JTWC 20W NURI      141031 1800 133N 1344E 285 047 0989 1005 0352 23 083 0084 -999 -999 -999
JTWC 20W NURI      141101 0000 130N 1339E 280 042 0982 1005 0370 28 046 0121 0102 0102 0111
JTWC 20W NURI      141101 0600 133N 1334E 285 037 0982 1004 0370 28 046 0121 0102 0102 0111
JTWC 20W NURI      141101 1200 139N 1335E 315 026 0978 1004 0370 31 055 0158 0130 0130 0148
JTWC 20W NURI      141101 1800 149N 1331E 330 037 0967 1004 0389 38 037 0204 0204 0185 0185
JTWC 20W NURI      141102 0000 155N 1328E 335 037 0952 1004 0389 48 012 0204 0204 0185 0185
JTWC 20W NURI      141102 0600 162N 1327E 335 037 0933 1004 0417 61 018 0259 0259 0204 0185
JTWC 20W NURI      141102 1200 172N 1325E 345 042 0926 1004 0426 66 018 0259 0259 0204 0185
JTWC 20W NURI      141102 1800 179N 1323E 350 042 0907 1004 0444 79 022 0315 0296 0259 0278
JTWC 20W NURI      141103 0000 185N 1326E 000 042 0907 1004 0444 79 022 0315 0296 0259 0278
JTWC 20W NURI      141103 0600 190N 1329E 010 032 0907 1004 0444 79 022 0306 0296 0259 0287
JTWC 20W NURI      141103 1200 198N 1336E 030 037 0907 1004 0444 79 022 0306 0296 0259 0287
JTWC 20W NURI      141103 1800 205N 1343E 040 047 0914 1007 0426 74 022 0278 0269 0250 0269
JTWC 20W NURI      141104 0000 213N 1350E 040 052 0926 1006 0426 66 022 0269 0259 0250 0259
JTWC 20W NURI      141104 0600 221N 1355E 035 052 0929 1005 0417 64 018 0324 0315 0296 0324
JTWC 20W NURI      141104 1200 231N 1363E 035 057 0933 1006 0417 61 018 0324 0315 0296 0324
JTWC 20W NURI      141104 1800 240N 1369E 035 057 0944 1006 0417 54 027 0324 0315 0296 0324
JTWC 20W NURI      141105 0000 247N 1374E 035 052 0948 1006 0417 51 027 0324 0315 0296 0324
JTWC 20W NURI      141105 0600 257N 1381E 030 052 0956 1005 0398 46 037 0306 0306 0287 0287
JTWC 20W NURI      141105 1200 265N 1387E 035 052 0963 1006 0380 41 037 0287 0287 0269 0269
JTWC 20W NURI      141105 1800 273N 1396E 035 057 0967 1006 0380 38 037 0287 0287 0269 0269
