JTWC 21S TWENTY-ON 140328 1800 128S 0424E 105 026 0996 1009 0315 18 074 -999 -999 -999 -999
JTWC 21S TWENTY-ON 140329 0000 128S 0426E 115 021 0989 1008 0343 23 074 0084 0084 0074 0074
JTWC 21S HELLEN    140329 0600 130S 0428E 115 016 0989 1009 0352 23 055 0102 0102 0102 0102
JTWC 21S HELLEN    140329 1200 131S 0430E 115 011 0985 1008 0370 26 055 0111 0111 0111 0111
JTWC 21S HELLEN    140329 1800 134S 0435E 125 021 0978 1008 0333 31 055 0111 0111 0111 0111
JTWC 21S HELLEN    140330 0000 141S 0439E 135 026 0956 1008 0333 46 018 0185 0185 0176 0176
JTWC 21S HELLEN    140330 0600 144S 0443E 140 026 0937 1008 0352 59 022 0241 0241 0204 0204
JTWC 21S HELLEN    140330 1200 147S 0446E 140 026 0926 1008 0352 66 022 0241 0241 0204 0204
JTWC 21S HELLEN    140330 1800 151S 0450E 135 026 0922 1008 0343 69 022 0232 0241 0185 0195
JTWC 21S HELLEN    140331 0000 153S 0454E 130 026 0929 1010 0333 64 022 0213 0222 0185 0195
JTWC 21S HELLEN    140331 0600 156S 0456E 135 021 0941 1008 0333 56 027 0213 0222 0185 0195
JTWC 21S HELLEN    140331 1200 162S 0459E 145 026 0959 1008 0333 43 027 0213 0222 0185 0195
JTWC 21S HELLEN    140331 1800 165S 0459E 160 021 0974 1009 0296 33 037 0185 0185 0185 0185
JTWC 21S HELLEN    140401 0000 170S 0461E 165 026 0989 1009 0259 23 055 0148 0148 0148 0148
JTWC 21S HELLEN    140401 0600 156S 0449E 300 021 0998 1010 0259 18 055 -999 -999 -999 -999
JTWC 21S HELLEN    140401 1200 161S 0445E 270 016 1002 1010 0259 15 083 -999 -999 -999 -999
JTWC 21S HELLEN    140401 1800 167S 0444E 220 016 1004 1011 0278 13 083 -999 -999 -999 -999
JTWC 21S HELLEN    140402 0000 174S 0430E 225 047 1004 1011 0278 13 083 -999 -999 -999 -999
JTWC 21S HELLEN    140402 0600 179S 0425E 225 047 1004 1011 0278 13 083 -999 -999 -999 -999
JTWC 21S HELLEN    140402 1200 183S 0423E 225 037 1005 1010 0278 13 083 -999 -999 -999 -999
JTWC 21S HELLEN    140402 1800 191S 0420E 210 032 1004 1011 0278 13 083 -999 -999 -999 -999
JTWC 21S HELLEN    140403 0000 197S 0412E 215 037 1004 1011 0278 13 083 -999 -999 -999 -999
JTWC 21S HELLEN    140403 0600 196S 0402E 235 042 1004 1008 0278 13 083 -999 -999 -999 -999
JTWC 21S HELLEN    140403 1200 204S 0399E 235 042 1004 1008 0278 13 083 -999 -999 -999 -999
JTWC 21S HELLEN    140403 1800 207S 0394E 240 037 1004 1010 0278 13 083 -999 -999 -999 -999
JTWC 21S HELLEN    140404 0000 213S 0383E 240 042 1004 1010 0278 13 083 -999 -999 -999 -999
