JTWC 23P TWENTY-TH 140404 1800 113S 1559E 265 032 0996 1007 0380 18 074 -999 -999 -999 -999
JTWC 23P TWENTY-TH 140405 0000 116S 1559E 250 021 0993 1007 0389 20 074 0074 0084 0084 0074
JTWC 23P TWENTY-TH 140405 0600 118S 1557E 235 016 0989 1004 0352 23 074 0074 0084 0084 0074
JTWC 23P TWENTY-TH 140405 1200 120S 1556E 225 016 0989 1007 0352 23 074 0074 0084 0084 0074
JTWC 23P ITA       140405 1800 122S 1549E 240 021 0989 1007 0343 23 064 0084 0111 0102 0074
JTWC 23P ITA       140406 0000 121S 1544E 255 021 0989 1006 0333 23 064 0111 0148 0130 0102
JTWC 23P ITA       140406 0600 121S 1539E 265 026 0989 1005 0333 23 064 0111 0148 0130 0102
JTWC 23P ITA       140406 1200 121S 1536E 270 021 0994 1008 0333 23 064 0102 0111 0111 0102
JTWC 23P ITA       140406 1800 123S 1535E 255 016 0989 1008 0361 23 064 0139 0158 0148 0130
JTWC 23P ITA       140407 0000 123S 1534E 255 011 0989 1006 0370 23 064 0139 0158 0148 0130
JTWC 23P ITA       140407 0600 121S 1535E 290 006 0989 1005 0370 23 064 0139 0158 0148 0130
JTWC 23P ITA       140407 1200 119S 1535E 345 006 0982 1007 0370 28 055 0139 0158 0148 0130
JTWC 23P ITA       140407 1800 117S 1532E 340 011 0982 1007 0315 28 055 0148 0167 0167 0148
JTWC 23P ITA       140408 0000 116S 1528E 305 016 0974 1006 0315 33 055 0148 0167 0167 0148
JTWC 23P ITA       140408 0600 115S 1525E 290 021 0974 1003 0315 33 055 0148 0185 0204 0148
JTWC 23P ITA       140408 1200 115S 1522E 280 016 0974 1006 0333 33 055 0148 0185 0204 0148
JTWC 23P ITA       140408 1800 114S 1520E 285 016 0970 1006 0333 36 037 0167 0204 0204 0167
JTWC 23P ITA       140409 0000 115S 1514E 270 021 0967 1004 0296 38 037 0176 0213 0213 0176
JTWC 23P ITA       140409 1200 114S 1493E 270 042 0956 1003 0361 46 037 0204 0232 0241 0195
JTWC 23P ITA       140409 1800 117S 1487E 265 042 0956 1004 0361 46 037 0204 0232 0241 0195
JTWC 23P ITA       140410 0000 121S 1479E 255 042 0948 1006 0343 51 037 0204 0232 0241 0195
JTWC 23P ITA       140410 0600 125S 1471E 245 042 0937 1006 0389 59 018 0222 0250 0269 0204
JTWC 23P ITA       140410 1200 129S 1464E 240 042 0922 1006 0407 69 018 0241 0269 0287 0222
JTWC 23P ITA       140410 1800 133S 1460E 235 037 0922 1004 0398 69 022 0241 0269 0287 0222
JTWC 23P ITA       140411 0000 137S 1457E 230 032 0922 1006 0370 69 022 0241 0269 0287 0222
JTWC 23P ITA       140411 0600 145S 1454E 210 032 0929 1006 0370 64 018 0222 0241 0232 0204
JTWC 23P ITA       140411 1200 149S 1452E 205 032 0956 1006 0333 46 018 -999 -999 -999 -999
JTWC 23P ITA       140411 1800 155S 1450E 200 032 0967 1005 0315 38 037 0222 0241 0232 0204
JTWC 23P ITA       140412 0000 162S 1450E 195 032 0974 1005 0315 33 037 0222 0241 0232 0204
JTWC 23P ITA       140412 0600 167S 1453E 175 032 0985 1004 0315 26 037 0167 0167 0148 0148
JTWC 23P ITA       140412 1200 171S 1455E 165 032 0989 1004 0278 23 037 0148 0148 0130 0130
JTWC 23P ITA       140412 1800 178S 1460E 150 032 0989 1006 0296 23 046 0148 0148 0130 0130
JTWC 23P ITA       140413 0000 190S 1470E 145 047 0989 1006 0296 23 046 0148 0148 0130 0130
JTWC 23P ITA       140413 0600 201S 1483E 140 067 0989 1005 0287 23 037 0148 0148 0130 0130
JTWC 23P ITA       140413 1200 208S 1503E 125 088 0985 1007 0296 26 037 0148 0148 0130 0130
JTWC 23P ITA       140413 1800 222S 1517E 125 093 0989 1007 0296 23 037 0148 0148 0130 0130
JTWC 23P ITA       140414 0000 226S 1530E 120 088 0993 1007 0296 20 046 0139 0139 0121 0121
JTWC 23P ITA       140414 0600 237S 1551E 120 093 0993 1007 0333 20 064 0139 0148 0121 0102
JTWC 23P ITA       140414 1200 246S 1567E 120 088 0993 1009 0333 20 074 0139 0148 0121 0102
