JTWC 23W TWENTY-TH 141228 0600 079N 1280E 290 037 1000 1005 0343 15 074 -999 -999 -999 -999
JTWC 23W TWENTY-TH 141228 1200 080N 1273E 280 026 1000 1006 0324 15 074 -999 -999 -999 -999
JTWC 23W TWENTY-TH 141228 1800 085N 1267E 290 032 0996 1006 0324 18 074 -999 -999 -999 -999
JTWC 23W TWENTY-TH 141229 0000 088N 1260E 295 037 0993 1005 0324 20 064 0074 0065 0065 0074
JTWC 23W JANGMI    141229 0600 092N 1252E 295 042 0996 1004 0333 18 064 -999 -999 -999 -999
JTWC 23W JANGMI    141229 1200 099N 1246E 305 042 0989 1005 0315 23 055 0093 0084 0084 0093
JTWC 23W JANGMI    141229 1800 104N 1231E 300 057 0993 1005 0315 20 055 0093 0084 0084 0093
JTWC 23W JANGMI    141230 0000 107N 1222E 295 057 0993 1005 0315 20 055 0093 0084 0084 0093
JTWC 23W JANGMI    141230 0600 104N 1210E 280 062 0996 1005 0306 18 055 -999 -999 -999 -999
JTWC 23W JANGMI    141230 1200 101N 1203E 265 047 1000 1005 0306 15 055 -999 -999 -999 -999
JTWC 23W JANGMI    141230 1800 095N 1217E 225 021 1000 1006 0306 15 055 -999 -999 -999 -999
JTWC 23W JANGMI    141231 0000 089N 1217E 200 021 1004 1009 0343 13 083 -999 -999 -999 -999
JTWC 23W JANGMI    141231 1200 077N 1200E 225 042 1007 1009 0306 10 083 -999 -999 -999 -999
JTWC 23W JANGMI    141231 1800 073N 1190E 240 052 1007 1009 0306 10 083 -999 -999 -999 -999
