JTWC 24S TWENTY-FO 140418 1800 125S 0916E 240 026 0995 1007 0333 20 055 0065 0065 0065 -999
JTWC 24S TWENTY-FO 140419 0000 126S 0913E 245 021 0985 1006 0324 26 055 0093 0093 0093 0065
JTWC 24S JACK      140419 0600 134S 0911E 220 026 0982 1006 0333 28 046 0074 0102 0111 0102
JTWC 24S JACK      140419 1200 142S 0911E 195 032 0974 1006 0389 33 046 0111 0139 0121 0102
JTWC 24S JACK      140419 1800 145S 0909E 190 032 0963 1006 0324 41 037 0185 0204 0185 0167
JTWC 24S JACK      140420 0000 149S 0909E 185 026 0959 1005 0324 43 027 0204 0222 0185 0167
JTWC 24S JACK      140420 1200 153S 0911E 160 016 0959 1005 0370 43 027 0213 0232 0213 0176
JTWC 24S JACK      140420 1800 153S 0913E 135 011 0963 1004 0324 41 027 0213 0232 0185 0167
JTWC 24S JACK      140421 0000 158S 0918E 130 016 0970 1005 0352 36 027 0185 0213 0213 0148
JTWC 24S JACK      140421 0600 163S 0927E 130 037 0967 1005 0352 38 027 0185 0213 0213 0148
JTWC 24S JACK      140421 1200 167S 0932E 130 042 0967 1005 0352 38 027 0185 0213 0213 0148
JTWC 24S JACK      140421 1800 167S 0932E 130 042 0974 1006 0352 33 046 0148 0176 0158 0139
JTWC 24S JACK      140422 0000 173S 0940E 130 026 0982 1006 0333 28 055 0148 0176 0158 0139
JTWC 24S JACK      140422 0600 178S 0952E 125 047 1000 1006 0296 15 074 -999 -999 -999 -999
JTWC 24S JACK      140422 1200 187S 0961E 125 057 1004 1006 0296 13 074 -999 -999 -999 -999
JTWC 24S JACK      140422 1800 202S 0960E 145 062 1004 1007 0296 13 074 -999 -999 -999 -999
JTWC 24S JACK      140423 0000 217S 0955E 175 067 1004 1007 0333 13 074 -999 -999 -999 -999
