JTWC 90S INVEST    140216 1800 169S 0377E 045 026 1005 1007 0370 10 083 -999 -999 -999 -999
JTWC 90S INVEST    140217 0000 161S 0399E 135 021 1005 1008 0398 10 083 -999 -999 -999 -999
JTWC 90S INVEST    140217 0600 170S 0406E 140 037 1005 1008 0398 10 083 -999 -999 -999 -999
JTWC 90S INVEST    140217 1200 174S 0411E 140 037 1003 1008 0398 10 083 -999 -999 -999 -999
JTWC 90S INVEST    140217 1800 163S 0405E 120 011 1002 1007 0380 13 074 -999 -999 -999 -999
JTWC 90S INVEST    140218 0000 171S 0406E 150 016 1000 1009 0380 15 074 -999 -999 -999 -999
JTWC 90S INVEST    140218 0600 178S 0407E 165 026 1000 1009 0380 15 074 -999 -999 -999 -999
JTWC 90S INVEST    140308 1200 075S 0501E 250 032 1007 1010 0333 10 083 -999 -999 -999 -999
JTWC 90S INVEST    140308 1800 077S 0494E 250 032 1007 1010 0333 10 083 -999 -999 -999 -999
JTWC 90S INVEST    140418 1200 124S 0919E 245 026 1000 1008 0333 15 074 -999 -999 -999 -999
JTWC 90S INVEST    141210 0600 082S 0999E 265 037 1004 1008 0333 13 083 -999 -999 -999 -999
JTWC 90S INVEST    141210 1200 087S 0982E 260 052 1004 1008 0333 13 083 -999 -999 -999 -999
JTWC 90S INVEST    141210 1800 088S 0980E 255 047 1004 1009 0315 13 083 -999 -999 -999 -999
JTWC 90S INVEST    141211 0000 091S 0971E 250 042 1004 1008 0296 13 083 -999 -999 -999 -999
JTWC 90S INVEST    141211 0600 090S 0958E 260 047 1000 1008 0296 15 083 -999 -999 -999 -999
JTWC 90S INVEST    141211 1200 089S 0950E 265 047 1000 1007 0333 15 083 -999 -999 -999 -999
