JTWC 90W INVEST    140630 1800 079N 1564E 280 047 1010 1011 0278 08 000 -999 -999 -999 -999
JTWC 90W INVEST    140701 0000 074N 1527E 275 062 1010 1011 0278 08 000 -999 -999 -999 -999
JTWC 90W INVEST    140701 1800 087N 1502E 300 047 1007 1009 0278 10 000 -999 -999 -999 -999
JTWC 90W INVEST    140702 0000 083N 1494E 280 047 1005 1008 0370 10 083 -999 -999 -999 -999
JTWC 90W INVEST    140702 0600 084N 1483E 275 052 1004 1005 0370 10 083 -999 -999 -999 -999
JTWC 90W INVEST    140702 1200 086N 1476E 275 047 1004 1006 0370 10 083 -999 -999 -999 -999
JTWC 90W INVEST    140702 1800 085N 1477E 275 032 1004 1006 0389 10 092 -999 -999 -999 -999
JTWC 90W INVEST    140727 1800 123N 1511E 285 047 1007 1011 0370 08 074 -999 -999 -999 -999
JTWC 90W INVEST    140728 0000 119N 1501E 270 052 1006 1011 0370 10 074 -999 -999 -999 -999
JTWC 90W INVEST    140728 0600 115N 1499E 250 047 1005 1008 0333 10 092 -999 -999 -999 -999
JTWC 90W INVEST    140830 0600 073N 1448E 250 011 1010 1011 0278 08 000 -999 -999 -999 -999
JTWC 90W INVEST    140830 1200 072N 1445E 245 016 1010 1011 0278 08 000 -999 -999 -999 -999
JTWC 90W INVEST    140831 1200 112N 1350E 305 052 1007 1011 0306 10 000 -999 -999 -999 -999
JTWC 90W INVEST    140901 0600 123N 1317E 290 057 1010 1011 0306 08 000 -999 -999 -999 -999
JTWC 90W INVEST    140901 1200 133N 1307E 300 067 1010 1011 0306 08 000 -999 -999 -999 -999
JTWC 90W INVEST    140904 1200 131N 1190E 230 062 1010 1011 0306 08 092 -999 -999 -999 -999
JTWC 90W INVEST    140905 0600 127N 1184E 245 042 1010 1011 0333 08 092 -999 -999 -999 -999
JTWC 90W INVEST    140905 1200 137N 1177E 285 037 1010 1011 0333 08 092 -999 -999 -999 -999
JTWC 90W INVEST    140905 1800 147N 1167E 310 052 1004 1008 0398 08 064 -999 -999 -999 -999
JTWC 90W INVEST    140906 0000 154N 1169E 325 052 1003 1008 0398 10 064 -999 -999 -999 -999
JTWC 90W INVEST    140906 0600 165N 1166E 340 052 1003 1005 0324 10 083 -999 -999 -999 -999
JTWC 90W INVEST    140906 1200 170N 1157E 330 052 1004 1006 0324 10 083 -999 -999 -999 -999
JTWC 90W INVEST    140906 1800 175N 1148E 315 052 1004 1008 0324 10 083 -999 -999 -999 -999
JTWC 90W INVEST    140907 0000 183N 1130E 300 067 1003 1008 0324 10 083 -999 -999 -999 -999
JTWC 90W INVEST    141001 0600 067N 1637E 275 113 1010 1011 0278 08 000 -999 -999 -999 -999
JTWC 90W INVEST    141001 1200 073N 1628E 280 093 1010 1011 0278 08 000 -999 -999 -999 -999
JTWC 90W INVEST    141001 1800 057N 1647E 275 062 1006 1008 0426 10 000 -999 -999 -999 -999
JTWC 90W INVEST    141002 0000 060N 1637E 280 057 1006 1008 0370 10 074 -999 -999 -999 -999
JTWC 90W INVEST    141002 0600 065N 1632E 295 052 1006 1008 0370 10 092 -999 -999 -999 -999
JTWC 90W INVEST    141002 1200 078N 1614E 300 062 1006 1008 0370 10 092 -999 -999 -999 -999
JTWC 90W INVEST    141002 1800 085N 1604E 305 062 1005 1006 0324 10 092 -999 -999 -999 -999
JTWC 90W INVEST    141105 1800 077N 1753E 270 052 1010 1011 0278 08 000 -999 -999 -999 -999
