NHC  91E INVEST    140516 1800 089N 1019W 285 021 1008 1012 0334 13 120 -999 -999 -999 -999 -999 -999
NHC  91E INVEST    140517 0000 089N 1023W 284 021 1007 1011 0278 13 111 -999 -999 -999 -999 -999 -999
NHC  91E INVEST    140517 0600 089N 1026W 280 021 1007 1011 0278 13 111 -999 -999 -999 -999 -999 -999
NHC  91E INVEST    140517 1200 089N 1046W 275 036 1007 1011 0278 13 111 -999 -999 -999 -999 -999 -999
NHC  91E INVEST    140517 1800 093N 1067W 277 062 1009 1011 0278 10 222 -999 -999 -999 -999 -999 -999
NHC  91E INVEST    140518 0000 096N 1080W 280 072 1008 1011 0278 10 222 -999 -999 -999 -999 -999 -999
NHC  91E INVEST    140518 0600 095N 1091W 280 057 1007 1011 0278 15 111 -999 -999 -999 -999 -999 -999
NHC  91E INVEST    140518 1200 097N 1096W 280 036 1007 1011 0278 15 093 -999 -999 -999 -999 -999 -999
NHC  91E INVEST    140519 1200 097N 1127W 270 041 1008 1011 0278 13 111 -999 -999 -999 -999 -999 -999
NHC  91E INVEST    140720 1200 091N 1082W 280 062 1008 1010 0278 10 093 -999 -999 -999 -999 -999 -999
NHC  91E INVEST    140720 1800 097N 1095W 285 072 1008 1010 0278 13 093 -999 -999 -999 -999 -999 -999
NHC  91E INVEST    140721 0000 095N 1107W 280 067 1008 1010 0278 13 093 -999 -999 -999 -999 -999 -999
NHC  91E INVEST    140721 1200 090N 1136W 270 067 1008 1010 0278 13 093 -999 -999 -999 -999 -999 -999
NHC  91E INVEST    140721 1800 094N 1152W 275 067 1008 1010 0278 13 093 -999 -999 -999 -999 -999 -999
NHC  91E INVEST    140722 0000 098N 1163W 280 062 1008 1010 0278 13 093 -999 -999 -999 -999 -999 -999
NHC  91E INVEST    140722 0600 098N 1178W 280 067 1008 1009 0278 13 093 -999 -999 -999 -999 -999 -999
NHC  91E INVEST    140722 1200 100N 1200W 275 082 1008 1010 0278 13 093 -999 -999 -999 -999 -999 -999
NHC  91E INVEST    140722 1800 104N 1214W 280 082 1008 1010 0278 13 093 -999 -999 -999 -999 -999 -999
NHC  91E INVEST    140723 0000 107N 1231W 280 082 1008 1010 0278 13 093 -999 -999 -999 -999 -999 -999
NHC  91E INVEST    140723 0600 107N 1242W 280 072 1008 1010 0278 13 093 -999 -999 -999 -999 -999 -999
NHC  91E INVEST    140723 1200 110N 1255W 280 067 1008 1010 0278 13 093 -999 -999 -999 -999 -999 -999
NHC  91E INVEST    140723 1800 114N 1274W 280 077 1008 1010 0278 13 093 -999 -999 -999 -999 -999 -999
NHC  91E INVEST    140724 0000 113N 1280W 280 062 1007 1010 0278 15 074 -999 -999 -999 -999 -999 -999
NHC  91E INVEST    140724 0600 120N 1297W 285 067 1007 1011 0185 15 074 -999 -999 -999 -999 -999 -999
NHC  91E INVEST    140724 1200 120N 1300W 280 051 1007 1011 0185 15 074 -999 -999 -999 -999 -999 -999
NHC  91E INVEST    140724 1800 122N 1320W 280 067 1007 1011 0222 15 093 -999 -999 -999 -999 -999 -999
NHC  91E INVEST    140725 0000 123N 1329W 280 062 1007 1011 0222 15 074 -999 -999 -999 -999 -999 -999
NHC  91E INVEST    140725 0600 123N 1338W 275 041 1007 1011 0185 15 074 -999 -999 -999 -999 -999 -999
NHC  91E INVEST    140816 1200 169N 1128W 310 021 1008 1009 0278 10 111 -999 -999 -999 -999 -999 -999
NHC  91E INVEST    140816 1800 157N 1121W 340 005 1010 1011 0278 10 111 -999 -999 -999 -999 -999 -999
NHC  91E INVEST    140817 0000 162N 1130W 290 015 1008 1010 0371 10 148 -999 -999 -999 -999 -999 -999
NHC  91E INVEST    140817 0600 163N 1142W 285 031 1008 1010 0371 10 148 -999 -999 -999 -999 -999 -999
NHC  91E INVEST    140817 1200 161N 1149W 270 031 1007 1010 0278 13 093 -999 -999 -999 -999 -999 -999
NHC  91E INVEST    140817 1800 160N 1155W 270 031 1007 1010 0278 13 093 -999 -999 -999 -999 -999 -999
NHC  91E INVEST    140818 0000 160N 1162W 270 031 1005 1010 0389 15 167 -999 -999 -999 -999 -999 -999
NHC  91E INVEST    141011 1200 100N 1340W 275 067 1007 1009 0278 10 000 -999 -999 -999 -999 -999 -999
NHC  91E INVEST    141011 1800 101N 1351W 275 067 1009 1009 0278 10 000 -999 -999 -999 -999 -999 -999
NHC  91E INVEST    141012 0000 102N 1362W 275 062 1009 1011 0222 10 093 -999 -999 -999 -999 -999 -999
NHC  91E INVEST    141012 0600 103N 1371W 275 057 1009 1011 0222 10 093 -999 -999 -999 -999 -999 -999
NHC  91E INVEST    141012 1200 108N 1380W 280 051 1008 1011 0222 13 111 -999 -999 -999 -999 -999 -999
