NHC  91L INVEST    140628 1200 325N 0786W 125 036 1016 1018 0185 10 111 -999 -999 -999 -999 -999 -999
NHC  91L INVEST    140628 1800 321N 0782W 130 031 1017 1018 0167 10 148 -999 -999 -999 -999 -999 -999
NHC  91L INVEST    140629 0000 312N 0777W 140 036 1017 1018 0167 10 148 -999 -999 -999 -999 -999 -999
NHC  91L INVEST    140629 0600 304N 0777W 160 041 1017 1018 0167 10 148 -999 -999 -999 -999 -999 -999
NHC  91L INVEST    140629 1200 300N 0777W 180 026 1016 1019 0297 10 130 -999 -999 -999 -999 -999 -999
NHC  91L INVEST    140629 1800 296N 0773W 215 026 1015 1019 0334 13 074 -999 -999 -999 -999 -999 -999
NHC  91L INVEST    140630 0000 296N 0776W 190 015 1014 1019 0315 13 074 -999 -999 -999 -999 -999 -999
NHC  91L INVEST    140630 0600 292N 0781W 225 021 1013 1017 0297 13 074 -999 -999 -999 -999 -999 -999
NHC  91L INVEST    140630 1200 286N 0785W 210 026 1011 1016 0259 13 074 -999 -999 -999 -999 -999 -999
NHC  91L INVEST    140630 1800 280N 0787W 200 031 1011 1016 0278 15 074 -999 -999 -999 -999 -999 -999
NHC  91L INVEST    140701 0000 276N 0790W 205 026 1008 1014 0259 15 074 -999 -999 -999 -999 -999 -999
NHC  91L INVEST    140907 0600 095N 0150W 270 077 1009 1012 0371 10 185 -999 -999 -999 -999 -999 -999
NHC  91L INVEST    140907 1200 091N 0160W 270 057 1009 1012 0371 10 185 -999 -999 -999 -999 -999 -999
NHC  91L INVEST    140907 1800 091N 0171W 270 057 1009 1012 0371 13 167 -999 -999 -999 -999 -999 -999
NHC  91L INVEST    140908 0000 092N 0185W 270 062 1009 1012 0278 13 167 -999 -999 -999 -999 -999 -999
NHC  91L INVEST    140908 0600 095N 0196W 275 062 1009 1012 0278 13 167 -999 -999 -999 -999 -999 -999
NHC  91L INVEST    140908 1200 099N 0208W 280 062 1009 1012 0278 13 167 -999 -999 -999 -999 -999 -999
NHC  91L INVEST    140908 1800 104N 0216W 290 057 1009 1012 0324 13 167 -999 -999 -999 -999 -999 -999
NHC  91L INVEST    140909 0000 110N 0237W 290 072 1009 1012 0371 13 167 -999 -999 -999 -999 -999 -999
NHC  91L INVEST    140909 0600 117N 0255W 290 082 1009 1012 0371 13 167 -999 -999 -999 -999 -999 -999
NHC  91L INVEST    140909 1200 125N 0268W 295 077 1009 1012 0371 13 167 -999 -999 -999 -999 -999 -999
NHC  91L INVEST    140909 1800 135N 0280W 305 077 1009 1012 0371 13 167 -999 -999 -999 -999 -999 -999
NHC  91L INVEST    140910 0000 145N 0293W 310 077 1009 1012 0371 13 167 -999 -999 -999 -999 -999 -999
NHC  91L INVEST    140910 0600 130N 0307W 280 067 1009 1012 0371 13 167 -999 -999 -999 -999 -999 -999
NHC  91L INVEST    140910 1200 132N 0328W 280 077 1009 1012 0371 13 167 -999 -999 -999 -999 -999 -999
NHC  91L INVEST    140910 1800 135N 0338W 280 072 1009 1012 0371 13 167 -999 -999 -999 -999 -999 -999
NHC  91L INVEST    140911 0000 147N 0351W 290 072 1009 1012 0371 13 167 -999 -999 -999 -999 -999 -999
NHC  91L INVEST    140911 0600 148N 0357W 290 057 1009 1012 0371 13 167 -999 -999 -999 -999 -999 -999
NHC  91L INVEST    140911 1200 159N 0366W 310 057 1009 1012 0371 15 083 -999 -999 -999 -999 -999 -999
NHC  91L INVEST    141011 1200 140N 0354W 285 041 1009 1010 0278 13 000 -999 -999 -999 -999 -999 -999
NHC  91L INVEST    141011 1800 138N 0375W 275 057 1009 1010 0278 13 000 -999 -999 -999 -999 -999 -999
NHC  91L INVEST    141012 0000 139N 0390W 275 067 1009 1010 0278 13 111 -999 -999 -999 -999 -999 -999
NHC  91L INVEST    141013 1800 146N 0438W 280 031 1011 1012 0222 13 111 -999 -999 -999 -999 -999 -999
NHC  91L INVEST    141014 0600 155N 0440W 325 021 1011 1013 0222 13 111 -999 -999 -999 -999 -999 -999
NHC  91L INVEST    141014 1200 155N 0430W 360 000 1011 1013 0222 13 111 -999 -999 -999 -999 -999 -999
NHC  91L INVEST    141014 1800 157N 0425W 360 026 1009 1011 0222 15 167 -999 -999 -999 -999 -999 -999
