NHC  92E INVEST    140520 0600 080N 0997W 310 041 1008 1010 0463 10 278 -999 -999 -999 -999 -999 -999
NHC  92E INVEST    140520 1200 085N 1005W 305 046 1008 1010 0463 10 259 -999 -999 -999 -999 -999 -999
NHC  92E INVEST    140520 1800 095N 1045W 290 082 1008 1010 0334 10 222 -999 -999 -999 -999 -999 -999
NHC  92E INVEST    140521 0000 094N 1043W 285 021 1007 1010 0334 10 222 -999 -999 -999 -999 -999 -999
NHC  92E INVEST    140521 1200 096N 1059W 275 026 1007 1009 0278 10 222 -999 -999 -999 -999 -999 -999
NHC  92E INVEST    140522 0000 094N 1063W 270 015 1007 1009 0278 10 222 -999 -999 -999 -999 -999 -999
NHC  92E INVEST    140522 0600 096N 1070W 280 026 1006 1009 0278 13 222 -999 -999 -999 -999 -999 -999
NHC  92E INVEST    140522 1200 109N 1069W 315 026 1006 1009 0334 13 222 -999 -999 -999 -999 -999 -999
NHC  92E INVEST    140522 1800 102N 1072W 285 015 1007 1011 0278 13 111 -999 -999 -999 -999 -999 -999
NHC  92E INVEST    140723 1800 090N 1380W 280 041 1009 1011 0222 10 111 -999 -999 -999 -999 -999 -999
NHC  92E INVEST    140724 0000 095N 1395W 285 057 1009 1011 0222 10 111 -999 -999 -999 -999 -999 -999
NHC  92E INVEST    140724 0600 097N 1399W 285 046 1009 1011 0222 10 111 -999 -999 -999 -999 -999 -999
NHC  92E INVEST    140724 1200 099N 1416W 285 057 1009 1011 0278 10 111 -999 -999 -999 -999 -999 -999
NHC  92E INVEST    140820 0000 079N 0932W 280 051 1008 1011 0334 10 167 -999 -999 -999 -999 -999 -999
NHC  92E INVEST    140820 0600 079N 0931W 275 031 1008 1011 0334 10 167 -999 -999 -999 -999 -999 -999
NHC  92E INVEST    140820 1200 082N 0940W 285 036 1008 1011 0334 10 167 -999 -999 -999 -999 -999 -999
NHC  92E INVEST    140820 1800 085N 0947W 290 036 1008 1011 0334 10 167 -999 -999 -999 -999 -999 -999
NHC  92E INVEST    140821 0000 095N 0946W 300 036 1007 1011 0334 13 148 -999 -999 -999 -999 -999 -999
NHC  92E INVEST    140821 0600 100N 0950W 310 036 1007 1011 0334 13 148 -999 -999 -999 -999 -999 -999
NHC  92E INVEST    140821 1200 102N 0956W 300 031 1007 1011 0334 13 148 -999 -999 -999 -999 -999 -999
NHC  92E INVEST    140821 1800 109N 0973W 290 062 1007 1011 0334 13 148 -999 -999 -999 -999 -999 -999
NHC  92E INVEST    140822 0000 122N 0984W 300 062 1007 1011 0334 15 074 -999 -999 -999 -999 -999 -999
NHC  92E INVEST    141014 1200 110N 0910W 360 000 1008 1010 0278 10 167 -999 -999 -999 -999 -999 -999
NHC  92E INVEST    141014 1800 112N 0919W 285 015 1008 1010 0278 10 185 -999 -999 -999 -999 -999 -999
NHC  92E INVEST    141015 0600 113N 0920W 285 010 1008 1010 0278 13 148 -999 -999 -999 -999 -999 -999
NHC  92E INVEST    141015 1200 110N 0930W 260 021 1008 1010 0278 13 185 -999 -999 -999 -999 -999 -999
NHC  92E INVEST    141015 1800 110N 0980W 360 000 1008 1010 0278 13 185 -999 -999 -999 -999 -999 -999
NHC  92E INVEST    141016 0000 111N 0990W 270 031 1008 1010 0278 13 185 -999 -999 -999 -999 -999 -999
NHC  92E INVEST    141016 0600 103N 0994W 255 046 1008 1010 0278 13 185 -999 -999 -999 -999 -999 -999
NHC  92E INVEST    141016 1200 130N 0980W 360 000 1008 1010 0278 13 185 -999 -999 -999 -999 -999 -999
NHC  92E INVEST    141016 1800 125N 0985W 360 000 1008 1010 0278 13 185 -999 -999 -999 -999 -999 -999
NHC  92E INVEST    141017 0000 130N 0987W 345 031 1008 1010 0278 13 185 -999 -999 -999 -999 -999 -999
NHC  92E INVEST    141017 0600 135N 0987W 355 026 1008 1010 0278 13 185 -999 -999 -999 -999 -999 -999
NHC  92E INVEST    141017 1200 140N 0989W 350 026 1007 1009 0232 13 185 -999 -999 -999 -999 -999 -999
NHC  92E INVEST    141017 1800 152N 0990W 355 036 1005 1009 0185 15 139 -999 -999 -999 -999 -999 -999
