NHC  92L INVEST    140721 1200 114N 0416W 275 093 1013 1015 0278 15 074 -999 -999 -999 -999 -999 -999
NHC  92L INVEST    140721 1800 115N 0431W 275 088 1013 1015 0278 15 074 -999 -999 -999 -999 -999 -999
NHC  92L INVEST    140910 1200 262N 0751W 330 031 1015 1017 0278 10 111 -999 -999 -999 -999 -999 -999
NHC  92L INVEST    140910 1800 266N 0756W 325 031 1014 1017 0278 10 093 -999 -999 -999 -999 -999 -999
NHC  92L INVEST    140911 0000 271N 0765W 315 036 1014 1017 0278 10 093 -999 -999 -999 -999 -999 -999
NHC  92L INVEST    140911 0600 269N 0768W 285 021 1014 1017 0278 10 093 -999 -999 -999 -999 -999 -999
NHC  92L INVEST    140911 1200 272N 0777W 285 031 1014 1016 0278 10 093 -999 -999 -999 -999 -999 -999
NHC  92L INVEST    140911 1800 274N 0784W 285 031 1014 1016 0278 13 093 -999 -999 -999 -999 -999 -999
NHC  92L INVEST    140912 0000 272N 0791W 270 031 1012 1016 0278 13 093 -999 -999 -999 -999 -999 -999
NHC  92L INVEST    140912 0600 271N 0797W 265 031 1012 1016 0278 13 093 -999 -999 -999 -999 -999 -999
NHC  92L INVEST    140912 1200 267N 0805W 250 036 1012 1016 0278 13 093 -999 -999 -999 -999 -999 -999
NHC  92L INVEST    140912 1800 268N 0815W 260 036 1011 1016 0278 13 093 -999 -999 -999 -999 -999 -999
NHC  92L INVEST    140913 0000 264N 0824W 250 031 1011 1015 0278 13 093 -999 -999 -999 -999 -999 -999
NHC  92L INVEST    140913 0600 262N 0836W 255 051 1011 1014 0278 13 093 -999 -999 -999 -999 -999 -999
NHC  92L INVEST    140913 1200 259N 0844W 250 046 1011 1014 0278 13 093 -999 -999 -999 -999 -999 -999
NHC  92L INVEST    140913 1800 260N 0855W 260 046 1011 1014 0278 13 093 -999 -999 -999 -999 -999 -999
NHC  92L INVEST    141019 1200 326N 0201W 190 005 1000 1010 0556 21 139 -999 -999 -999 02229 -999 -999 -999
NHC  92L INVEST    141019 1800 325N 0200W 170 005 1000 1010 0556 21 139 -999 -999 -999 02229 -999 -999 -999
NHC  92L INVEST    141020 0000 332N 0200W 010 010 0998 1011 0556 21 139 -999 -999 -999 02229 -999 -999 -999
NHC  92L INVEST    141020 0600 342N 0210W 335 031 0998 1011 0556 21 139 -999 -999 -999 02229 -999 -999 -999
NHC  92L INVEST    141020 1200 336N 0227W 270 036 0993 1010 0741 23 139 0278 0315 0334 05569 -999 -999 -999
NHC  92L INVEST    141020 1800 335N 0231W 265 036 0993 1010 0741 23 139 0371 0371 0556 05569 -999 -999 -999
NHC  92L INVEST    141021 0000 335N 0234W 250 036 0995 1014 0741 21 139 0389 0389 0389 05569 -999 -999 -999
NHC  92L INVEST    141021 1200 347N 0272W 290 062 0995 1014 0741 21 139 0389 0389 0389 05569 -999 -999 -999
NHC  92L INVEST    141021 1800 336N 0286W 245 067 0997 1014 0741 21 111 0278 0278 0278 02789 -999 -999 -999
NHC  92L INVEST    141022 0000 334N 0290W 260 051 1000 1014 0741 21 111 0334 0334 0334 03349 -999 -999 -999
NHC  92L INVEST    141022 0600 335N 0290W 240 026 1000 1014 0741 21 148 0334 0334 0334 03349 -999 -999 -999
NHC  92L INVEST    141022 1200 349N 0297W 305 031 1002 1014 0741 18 148 0334 0334 0222 02229 -999 -999 -999
NHC  92L INVEST    141022 1800 349N 0309W 290 041 1004 1014 0741 15 148 -999 -999 -999 -999 -999 -999
NHC  92L INVEST    141023 1200 336N 0302W 155 026 1008 1016 0741 15 056 -999 -999 -999 -999 -999 -999
