JTWC 92S INVEST    140107 0600 116S 1040E 230 042 1009 1011 0278 08 000 -999 -999 -999 -999
JTWC 92S INVEST    140107 1200 118S 1025E 240 057 1007 1011 0278 10 046 -999 -999 -999 -999
JTWC 92S INVEST    140107 1800 112S 1004E 265 072 1004 1008 0333 13 046 -999 -999 -999 -999
JTWC 92S INVEST    140108 0000 100S 1001E 290 072 1004 1008 0333 13 046 -999 -999 -999 -999
JTWC 92S INVEST    140108 0600 111S 0967E 275 093 1004 1008 0333 13 046 -999 -999 -999 -999
JTWC 92S INVEST    140108 1200 112S 0943E 270 103 1004 1008 0333 13 046 -999 -999 -999 -999
JTWC 92S INVEST    140108 1800 104S 0933E 275 093 1000 1008 0333 15 046 -999 -999 -999 -999
JTWC 92S INVEST    140109 0000 105S 0922E 275 077 1000 1008 0333 15 046 -999 -999 -999 -999
JTWC 92S INVEST    140109 0600 109S 0899E 265 077 1000 1008 0333 15 046 -999 -999 -999 -999
JTWC 92S INVEST    140109 1200 116S 0876E 255 098 1000 1008 0333 15 046 -999 -999 -999 -999
JTWC 92S INVEST    141015 0600 041S 0615E 245 032 1010 1011 0278 08 000 -999 -999 -999 -999
JTWC 92S INVEST    141015 1200 044S 0638E 140 026 1010 1011 0278 08 000 -999 -999 -999 -999
JTWC 92S INVEST    141018 0600 058S 0643E 255 026 1004 1008 0278 13 083 -999 -999 -999 -999
JTWC 92S INVEST    141018 1200 051S 0644E 305 016 1007 1008 0278 10 083 -999 -999 -999 -999
JTWC 92S INVEST    141019 1200 052S 0660E 095 016 1004 1008 0278 13 083 -999 -999 -999 -999
JTWC 92S INVEST    141020 0600 065S 0669E 145 026 1007 1008 0278 10 083 -999 -999 -999 -999
JTWC 92S INVEST    141020 1200 052S 0636E 285 026 1007 1008 0278 10 083 -999 -999 -999 -999
