JTWC 92W INVEST    140129 0000 090N 1414E 270 072 1004 1006 0333 10 083 -999 -999 -999 -999
JTWC 92W INVEST    140129 0600 092N 1420E 270 047 1003 1006 0333 10 083 -999 -999 -999 -999
JTWC 92W INVEST    140129 1200 089N 1403E 265 057 1003 1006 0333 10 083 -999 -999 -999 -999
JTWC 92W INVEST    140129 1800 084N 1384E 260 072 1002 1004 0333 10 083 -999 -999 -999 -999
JTWC 92W INVEST    140130 0000 082N 1372E 260 072 1004 1007 0370 10 083 -999 -999 -999 -999
JTWC 92W INVEST    140130 0600 086N 1354E 270 077 1004 1006 0370 10 101 -999 -999 -999 -999
JTWC 92W INVEST    140130 1200 096N 1352E 290 057 1004 1006 0370 10 111 -999 -999 -999 -999
JTWC 92W INVEST    140710 0000 091N 1518E 290 037 1007 1008 0296 10 000 -999 -999 -999 -999
JTWC 92W INVEST    140710 0600 099N 1517E 310 037 1006 1007 0296 10 083 -999 -999 -999 -999
JTWC 92W INVEST    140710 1200 108N 1505E 310 052 1005 1009 0296 13 083 -999 -999 -999 -999
