NHC  93E INVEST    140531 0000 115N 0960W 290 046 1009 1011 0185 10 167 -999 -999 -999 -999 -999 -999
NHC  93E INVEST    140531 1200 115N 0938W 300 010 1009 1010 0185 10 167 -999 -999 -999 -999 -999 -999
NHC  93E INVEST    140531 1800 115N 0938W 360 000 1009 1011 0185 13 167 -999 -999 -999 -999 -999 -999
NHC  93E INVEST    140601 0000 118N 0942W 305 010 1007 1009 0222 13 148 -999 -999 -999 -999 -999 -999
NHC  93E INVEST    140601 0600 116N 0955W 270 026 1007 1010 0278 13 148 -999 -999 -999 -999 -999 -999
NHC  93E INVEST    140601 1200 120N 0947W 295 010 1007 1009 0371 13 148 -999 -999 -999 -999 -999 -999
NHC  93E INVEST    140601 1800 119N 0942W 340 005 1007 1008 0371 13 148 -999 -999 -999 -999 -999 -999
NHC  93E INVEST    140602 0000 119N 0942W 360 000 1007 1008 0371 13 148 -999 -999 -999 -999 -999 -999
NHC  93E INVEST    140602 0600 124N 0935W 355 005 1004 1007 0371 13 111 -999 -999 -999 -999 -999 -999
NHC  93E INVEST    140602 1200 126N 0936W 340 005 1003 1006 0297 13 111 -999 -999 -999 -999 -999 -999
NHC  93E INVEST    140602 1800 129N 0940W 330 015 1002 1006 0278 15 111 -999 -999 -999 -999 -999 -999
NHC  93E INVEST    140725 1200 136N 1235W 290 015 1008 1010 0278 13 111 -999 -999 -999 -999 -999 -999
NHC  93E INVEST    140725 1800 139N 1245W 290 026 1008 1010 0278 13 111 -999 -999 -999 -999 -999 -999
NHC  93E INVEST    140726 0000 141N 1252W 290 031 1007 1009 0278 15 139 -999 -999 -999 -999 -999 -999
NHC  93E INVEST    140726 0600 143N 1264W 280 041 1007 1011 0278 15 074 -999 -999 -999 -999 -999 -999
NHC  93E INVEST    140726 1200 144N 1273W 280 041 1007 1011 0278 15 074 -999 -999 -999 -999 -999 -999
NHC  93E INVEST    140726 1800 144N 1279W 275 036 1007 1011 0278 15 074 -999 -999 -999 -999 -999 -999
NHC  93E INVEST    140727 0000 145N 1287W 275 036 1007 1011 0278 15 093 -999 -999 -999 -999 -999 -999
NHC  93E INVEST    140727 0600 147N 1299W 275 046 1007 1011 0278 15 093 -999 -999 -999 -999 -999 -999
NHC  93E INVEST    140727 1200 148N 1307W 280 046 1007 1010 0278 15 093 -999 -999 -999 -999 -999 -999
NHC  93E INVEST    140727 1800 150N 1316W 280 046 1007 1010 0278 15 093 -999 -999 -999 -999 -999 -999
NHC  93E INVEST    140728 0000 143N 1331W 270 051 1007 1010 0278 15 093 -999 -999 -999 -999 -999 -999
NHC  93E INVEST    140728 0600 147N 1338W 270 046 1007 1010 0278 15 093 -999 -999 -999 -999 -999 -999
NHC  93E INVEST    140901 0000 130N 1000W 020 010 1009 1010 0334 10 000 -999 -999 -999 -999 -999 -999
NHC  93E INVEST    140901 0600 137N 1030W 295 057 1009 1011 0334 10 130 -999 -999 -999 -999 -999 -999
NHC  93E INVEST    140902 0000 160N 1060W 310 062 1009 1011 0334 13 130 -999 -999 -999 -999 -999 -999
NHC  93E INVEST    140902 0600 156N 1075W 055 046 1004 1009 0185 18 046 -999 0093 0074 -999 -999 -999
NHC  93E INVEST    140902 1200 169N 1068W 040 062 1004 1009 0222 18 046 0056 0093 -999 -999 -999 -999
NHC  93E INVEST    141026 0000 114N 0946W 255 026 1009 1011 0222 10 111 -999 -999 -999 -999 -999 -999
NHC  93E INVEST    141026 0600 114N 0952W 260 026 1009 1011 0222 10 111 -999 -999 -999 -999 -999 -999
NHC  93E INVEST    141026 1200 098N 0948W 210 031 1009 1011 0222 10 111 -999 -999 -999 -999 -999 -999
NHC  93E INVEST    141026 1800 094N 0950W 210 026 1009 1011 0278 10 139 -999 -999 -999 -999 -999 -999
NHC  93E INVEST    141027 0000 094N 0953W 225 021 1009 1011 0278 10 139 -999 -999 -999 -999 -999 -999
NHC  93E INVEST    141027 0600 097N 0963W 275 026 1009 1011 0324 10 139 -999 -999 -999 -999 -999 -999
NHC  93E INVEST    141027 1200 100N 0963W 305 021 1008 1011 0324 13 111 -999 -999 -999 -999 -999 -999
NHC  93E INVEST    141027 1800 097N 0962W 285 010 1008 1011 0324 13 111 -999 -999 -999 -999 -999 -999
NHC  93E INVEST    141028 0000 097N 0962W 280 010 1007 1011 0371 13 111 -999 -999 -999 -999 -999 -999
NHC  93E INVEST    141028 0600 099N 0965W 290 015 1006 1011 0371 15 111 -999 -999 -999 -999 -999 -999
NHC  93E INVEST    141028 1200 110N 0960W 315 021 1007 1011 0371 15 111 -999 -999 -999 -999 -999 -999
NHC  93E INVEST    141028 1800 109N 0964W 345 015 1007 1011 0371 13 111 -999 -999 -999 -999 -999 -999
NHC  93E INVEST    141029 0000 109N 0976W 295 026 1007 1009 0371 13 111 -999 -999 -999 -999 -999 -999
NHC  93E INVEST    141029 0600 110N 0977W 300 021 1007 1009 0371 15 148 -999 -999 -999 -999 -999 -999
NHC  93E INVEST    141029 1200 112N 0982W 295 021 1007 1010 0371 15 148 -999 -999 -999 -999 -999 -999
NHC  93E INVEST    141029 1800 106N 0992W 260 031 1007 1010 0371 15 185 -999 -999 -999 -999 -999 -999
NHC  93E INVEST    141030 0000 107N 0997W 270 031 1007 1010 0371 15 185 -999 -999 -999 -999 -999 -999
NHC  93E INVEST    141030 0600 110N 1000W 280 026 1007 1010 0222 15 148 -999 -999 -999 -999 -999 -999
