NHC  93L INVEST    140728 0600 103N 0312W 270 062 1013 1016 0278 10 111 -999 -999 -999 -999 -999 -999
NHC  93L INVEST    140728 1200 100N 0325W 270 062 1011 1013 0222 10 111 -999 -999 -999 -999 -999 -999
NHC  93L INVEST    140728 1800 098N 0338W 270 062 1011 1013 0222 10 111 -999 -999 -999 -999 -999 -999
NHC  93L INVEST    140729 0000 096N 0354W 270 067 1010 1012 0185 13 056 -999 -999 -999 -999 -999 -999
NHC  93L INVEST    140729 0600 097N 0373W 270 082 1010 1012 0185 15 056 -999 -999 -999 -999 -999 -999
NHC  93L INVEST    140729 1200 096N 0391W 270 088 1011 1014 0185 15 074 -999 -999 -999 -999 -999 -999
NHC  93L INVEST    140729 1800 095N 0401W 270 077 1012 1014 0185 15 074 -999 -999 -999 -999 -999 -999
NHC  93L INVEST    140730 0000 095N 0413W 270 067 1012 1014 0185 15 074 -999 -999 -999 -999 -999 -999
NHC  93L INVEST    140730 0600 096N 0429W 270 072 1012 1014 0185 15 074 -999 -999 -999 -999 -999 -999
NHC  93L INVEST    140730 1200 093N 0447W 265 077 1012 1014 0185 15 074 -999 -999 -999 -999 -999 -999
NHC  93L INVEST    140730 1800 100N 0464W 280 088 1011 1014 0185 15 074 -999 -999 -999 -999 -999 -999
NHC  93L INVEST    140731 0000 105N 0479W 285 082 1010 1014 0222 15 074 -999 -999 -999 -999 -999 -999
NHC  93L INVEST    140731 0600 108N 0495W 285 082 1010 1014 0222 15 046 -999 -999 -999 -999 -999 -999
NHC  93L INVEST    140731 1200 110N 0514W 285 088 1010 1014 0222 15 046 -999 -999 -999 -999 -999 -999
NHC  93L INVEST    140731 1800 115N 0530W 285 088 1008 1012 0222 15 046 -999 -999 -999 -999 -999 -999
NHC  93L INVEST    140801 0000 120N 0547W 285 082 1008 1012 0222 21 056 0074 0074 -999 00749 -999 -999 -999
NHC  93L INVEST    140912 1200 114N 0245W 285 072 1009 1012 0278 10 093 -999 -999 -999 -999 -999 -999
NHC  93L INVEST    140912 1800 118N 0259W 285 072 1009 1012 0278 10 093 -999 -999 -999 -999 -999 -999
NHC  93L INVEST    140913 0000 120N 0268W 285 067 1009 1012 0278 10 093 -999 -999 -999 -999 -999 -999
NHC  93L INVEST    140913 0600 127N 0277W 295 057 1009 1012 0278 10 093 -999 -999 -999 -999 -999 -999
NHC  93L INVEST    140913 1200 134N 0290W 295 062 1009 1012 0278 13 093 -999 -999 -999 -999 -999 -999
NHC  93L INVEST    140913 1800 145N 0311W 300 093 1008 1012 0278 15 074 -999 -999 -999 -999 -999 -999
NHC  93L INVEST    141020 0600 195N 0955W 360 000 1009 1010 0278 10 074 -999 -999 -999 -999 -999 -999
NHC  93L INVEST    141020 1200 195N 0954W 045 015 1008 1011 0278 13 074 -999 -999 -999 -999 -999 -999
NHC  93L INVEST    141020 1800 198N 0956W 040 015 1007 1011 0278 13 074 -999 -999 -999 -999 -999 -999
NHC  93L INVEST    141021 0000 195N 0952W 075 010 1006 1007 0222 13 074 -999 -999 -999 -999 -999 -999
NHC  93L INVEST    141021 0600 192N 0950W 120 015 1006 1008 0167 13 074 -999 -999 -999 -999 -999 -999
NHC  93L INVEST    141021 1200 195N 0940W 090 026 1005 1008 0185 15 167 -999 -999 -999 -999 -999 -999
NHC  93L INVEST    141021 1800 192N 0938W 090 026 1004 1008 0278 15 028 -999 -999 -999 -999 -999 -999
NHC  93L INVEST    141022 0000 194N 0932W 085 031 1000 1006 0222 15 019 -999 -999 -999 -999 -999 -999
