JTWC 93W INVEST    140218 0000 034N 1492E 330 026 1010 1011 0407 08 083 -999 -999 -999 -999
JTWC 93W INVEST    140218 0600 054N 1485E 340 052 1010 1011 0352 08 083 -999 -999 -999 -999
JTWC 93W INVEST    140218 1200 066N 1490E 000 057 1010 1011 0352 08 083 -999 -999 -999 -999
JTWC 93W INVEST    140219 0600 075N 1512E 350 021 1010 1011 0352 08 083 -999 -999 -999 -999
JTWC 93W INVEST    140219 1200 078N 1505E 290 026 1010 1011 0352 08 083 -999 -999 -999 -999
JTWC 93W INVEST    140222 0600 066N 1512E 240 026 1010 1011 0278 08 083 -999 -999 -999 -999
JTWC 93W INVEST    140223 0600 032N 1535E 165 042 1010 1011 0278 08 083 -999 -999 -999 -999
JTWC 93W INVEST    140225 0600 077N 1532E 305 047 1002 1004 0278 08 083 -999 -999 -999 -999
JTWC 93W INVEST    140225 1200 082N 1518E 295 057 1005 1007 0278 08 083 -999 -999 -999 -999
JTWC 93W INVEST    140225 1800 085N 1504E 290 067 1005 1007 0333 08 083 -999 -999 -999 -999
JTWC 93W INVEST    140226 0000 090N 1494E 290 067 1004 1006 0352 10 083 -999 -999 -999 -999
JTWC 93W INVEST    140226 0600 093N 1484E 290 062 1002 1005 0352 10 083 -999 -999 -999 -999
JTWC 93W INVEST    140226 1200 091N 1487E 290 042 1004 1007 0352 10 083 -999 -999 -999 -999
JTWC 93W INVEST    140226 1800 103N 1496E 295 026 1003 1006 0389 10 074 -999 -999 -999 -999
JTWC 93W INVEST    140227 0000 093N 1489E 240 026 1003 1007 0407 10 074 -999 -999 -999 -999
JTWC 93W INVEST    140227 0600 081N 1482E 220 047 1007 1008 0370 10 074 -999 -999 -999 -999
JTWC 93W INVEST    140227 1200 088N 1476E 235 037 1007 1008 0370 10 074 -999 -999 -999 -999
JTWC 93W INVEST    140227 1800 091N 1474E 260 026 1003 1005 0370 10 074 -999 -999 -999 -999
JTWC 93W INVEST    140608 0600 241N 1234E 040 026 1010 1011 0278 08 000 -999 -999 -999 -999
JTWC 93W INVEST    140608 1200 244N 1241E 050 037 1010 1011 0278 08 000 -999 -999 -999 -999
JTWC 93W INVEST    140609 0600 255N 1250E 040 032 1010 1011 0278 08 000 -999 -999 -999 -999
JTWC 93W INVEST    140714 1800 100N 1392E 265 032 1010 1011 0278 08 000 -999 -999 -999 -999
JTWC 93W INVEST    140715 0000 100N 1383E 270 037 1010 1011 0278 08 000 -999 -999 -999 -999
JTWC 93W INVEST    140715 1800 102N 1370E 280 021 1010 1011 0278 08 000 -999 -999 -999 -999
JTWC 93W INVEST    140716 0600 100N 1368E 270 011 1006 1008 0296 10 074 -999 -999 -999 -999
JTWC 93W INVEST    140716 1200 101N 1362E 275 021 1006 1008 0315 10 074 -999 -999 -999 -999
JTWC 93W INVEST    140716 1800 104N 1356E 285 026 1006 1008 0315 10 074 -999 -999 -999 -999
JTWC 93W INVEST    140717 0000 104N 1357E 290 021 1005 1008 0315 10 074 -999 -999 -999 -999
JTWC 93W INVEST    140717 0600 101N 1354E 275 016 1005 1006 0296 10 074 -999 -999 -999 -999
JTWC 93W INVEST    141124 0000 079N 1406E 290 047 1007 1008 0333 10 074 -999 -999 -999 -999
JTWC 93W INVEST    141124 1800 074N 1356E 265 088 1010 1011 0333 08 074 -999 -999 -999 -999
JTWC 93W INVEST    141125 0000 070N 1343E 255 077 1010 1011 0333 08 074 -999 -999 -999 -999
JTWC 93W INVEST    141125 1800 087N 1289E 285 072 1010 1011 0333 08 074 -999 -999 -999 -999
JTWC 93W INVEST    141126 0000 085N 1277E 280 067 1007 1011 0333 10 074 -999 -999 -999 -999
