NHC  94C INVEST    140813 1800 116N 1400W 280 062 1010 1011 0213 10 130 -999 -999 -999 -999 -999 -999
NHC  94C INVEST    140814 1800 116N 1401W 279 057 1010 1011 0213 10 130 -999 -999 -999 -999 -999 -999
NHC  94C INVEST    140815 0000 128N 1403W 330 046 1008 1009 0222 10 130 -999 -999 -999 -999 -999 -999
NHC  94C INVEST    140815 0600 134N 1408W 315 046 1009 1011 0278 13 167 -999 -999 -999 -999 -999 -999
NHC  94C INVEST    140815 1200 130N 1402W 355 021 1008 1010 0278 13 167 -999 -999 -999 -999 -999 -999
NHC  94C INVEST    140815 1800 128N 1407W 315 010 1008 1010 0278 13 167 -999 -999 -999 -999 -999 -999
NHC  94C INVEST    140816 0000 129N 1400W 050 010 1007 1010 0278 13 167 -999 -999 -999 -999 -999 -999
NHC  94C INVEST    140816 0600 131N 1399W 050 010 1007 1010 0278 13 167 -999 -999 -999 -999 -999 -999
NHC  94C INVEST    140816 1200 133N 1401W 020 010 1006 1009 0297 13 167 -999 -999 -999 -999 -999 -999
NHC  94C INVEST    140816 1800 142N 1406W 325 021 1007 1010 0297 13 167 -999 -999 -999 -999 -999 -999
NHC  94C INVEST    140817 0000 147N 1406W 345 021 1007 1009 0297 13 167 -999 -999 -999 -999 -999 -999
NHC  94C INVEST    140817 0600 150N 1409W 340 021 1008 1010 0259 13 111 -999 -999 -999 -999 -999 -999
NHC  94C INVEST    140817 1200 148N 1417W 295 021 1007 1010 0278 13 111 -999 -999 -999 -999 -999 -999
NHC  94C INVEST    140817 1800 150N 1420W 295 021 1008 1011 0278 15 111 -999 -999 -999 -999 -999 -999
NHC  94C INVEST    140818 0000 148N 1425W 275 021 1007 1010 0297 15 139 -999 -999 -999 -999 -999 -999
NHC  94C INVEST    140818 0600 147N 1425W 255 010 1009 1011 0297 13 139 -999 -999 -999 -999 -999 -999
NHC  94C INVEST    140818 1200 145N 1421W 180 010 1009 1011 0297 13 139 -999 -999 -999 -999 -999 -999
NHC  94C INVEST    140818 1800 143N 1432W 235 015 1009 1011 0297 13 139 -999 -999 -999 -999 -999 -999
NHC  94C INVEST    140819 0000 143N 1434W 245 015 1009 1011 0297 13 139 -999 -999 -999 -999 -999 -999
NHC  94C INVEST    140819 0600 144N 1436W 240 010 1009 1011 0334 13 139 -999 -999 -999 -999 -999 -999
NHC  94C INVEST    140819 1200 144N 1440W 275 015 1009 1010 0278 13 139 -999 -999 -999 -999 -999 -999
NHC  94C INVEST    140819 1800 144N 1446W 275 021 1009 1010 0278 13 139 -999 -999 -999 -999 -999 -999
