NHC  94E INVEST    140607 1200 110N 0987W 310 010 1008 1009 0445 10 130 -999 -999 -999 -999 -999 -999
NHC  94E INVEST    140607 1800 131N 1003W 320 015 1008 1010 0445 13 185 -999 -999 -999 -999 -999 -999
NHC  94E INVEST    140608 0000 134N 1006W 320 026 1007 1010 0445 13 139 -999 -999 -999 -999 -999 -999
NHC  94E INVEST    140608 0600 135N 1008W 320 021 1007 1010 0445 13 139 -999 -999 -999 -999 -999 -999
NHC  94E INVEST    140608 1200 146N 1015W 320 031 1007 1009 0445 13 139 -999 -999 -999 -999 -999 -999
NHC  94E INVEST    140608 1800 154N 1024W 320 041 1007 1009 0334 13 139 -999 -999 -999 -999 -999 -999
NHC  94E INVEST    140609 0000 159N 1025W 325 036 1007 1009 0334 13 139 -999 -999 -999 -999 -999 -999
NHC  94E INVEST    140609 0600 159N 1024W 320 026 1007 1009 0334 13 139 -999 -999 -999 -999 -999 -999
NHC  94E INVEST    140609 1200 159N 1023W 315 021 1006 1009 0334 13 120 -999 -999 -999 -999 -999 -999
NHC  94E INVEST    140609 1800 154N 1018W 320 015 1006 1009 0334 15 093 -999 -999 -999 -999 -999 -999
NHC  94E INVEST    140725 1200 113N 1032W 295 026 1008 1010 0278 13 111 -999 -999 -999 -999 -999 -999
NHC  94E INVEST    140725 1800 115N 1040W 290 031 1008 1010 0278 15 111 -999 -999 -999 -999 -999 -999
NHC  94E INVEST    140726 0000 120N 1048W 295 036 1007 1009 0278 15 111 -999 -999 -999 -999 -999 -999
NHC  94E INVEST    140726 0600 130N 1058W 305 051 1007 1011 0278 15 093 -999 -999 -999 -999 -999 -999
NHC  94E INVEST    140908 0600 115N 1000W 345 026 1009 1011 0278 10 148 -999 -999 -999 -999 -999 -999
NHC  94E INVEST    140908 1200 120N 1000W 355 026 1009 1011 0278 10 148 -999 -999 -999 -999 -999 -999
NHC  94E INVEST    140908 1800 120N 0992W 040 021 1009 1011 0278 13 148 -999 -999 -999 -999 -999 -999
NHC  94E INVEST    140909 0000 123N 0989W 050 021 1007 1009 0278 13 148 -999 -999 -999 -999 -999 -999
NHC  94E INVEST    140909 0600 132N 0991W 335 031 1007 1009 0278 13 148 -999 -999 -999 -999 -999 -999
NHC  94E INVEST    140909 1200 135N 0995W 320 026 1007 1009 0278 13 148 -999 -999 -999 -999 -999 -999
NHC  94E INVEST    140909 1800 137N 1009W 295 041 1007 1009 0278 15 185 -999 -999 -999 -999 -999 -999
NHC  94E INVEST    140910 0000 140N 1018W 285 046 1007 1009 0278 15 185 -999 -999 -999 -999 -999 -999
NHC  94E INVEST    140910 0600 143N 1024W 285 031 1006 1009 0324 15 083 -999 -999 -999 -999 -999 -999
NHC  94E INVEST    141101 0000 123N 1217W 270 026 1009 1011 0278 10 111 -999 -999 -999 -999 -999 -999
NHC  94E INVEST    141101 0600 116N 1235W 255 046 1009 1011 0278 10 111 -999 -999 -999 -999 -999 -999
NHC  94E INVEST    141101 1200 117N 1240W 270 031 1009 1011 0278 10 111 -999 -999 -999 -999 -999 -999
NHC  94E INVEST    141101 1800 118N 1244W 275 031 1009 1011 0278 10 111 -999 -999 -999 -999 -999 -999
NHC  94E INVEST    141102 0000 120N 1250W 285 026 1009 1011 0278 10 111 -999 -999 -999 -999 -999 -999
NHC  94E INVEST    141102 0600 116N 1258W 265 031 1009 1011 0278 10 111 -999 -999 -999 -999 -999 -999
NHC  94E INVEST    141102 1200 115N 1266W 260 036 1008 1011 0278 13 111 -999 -999 -999 -999 -999 -999
NHC  94E INVEST    141102 1800 113N 1274W 260 041 1008 1011 0278 13 111 -999 -999 -999 -999 -999 -999
NHC  94E INVEST    141103 0000 113N 1280W 260 036 1008 1011 0278 13 111 -999 -999 -999 -999 -999 -999
