JTWC 95S INVEST    140115 1800 181S 0444E 160 032 1000 1008 0278 15 083 -999 -999 -999 -999
JTWC 95S INVEST    140116 0000 187S 0440E 195 037 1000 1008 0296 15 083 -999 -999 -999 -999
JTWC 95S INVEST    140116 0600 193S 0439E 200 037 1000 1010 0296 15 083 -999 -999 -999 -999
JTWC 95S INVEST    140202 0600 136S 1269E 095 016 0997 1002 0333 15 083 -999 -999 -999 -999
JTWC 95S INVEST    140202 1200 141S 1280E 110 032 0998 1002 0333 15 083 -999 -999 -999 -999
JTWC 95S INVEST    140202 1800 146S 1289E 115 042 0997 1002 0333 15 083 -999 -999 -999 -999
JTWC 95S INVEST    140203 0000 149S 1295E 120 042 0997 1002 0333 15 083 -999 -999 -999 -999
JTWC 95S INVEST    140203 0600 154S 1302E 120 042 1000 1002 0333 15 083 -999 -999 -999 -999
JTWC 95S INVEST    140203 1800 155S 1306E 120 021 1000 1002 0333 13 083 -999 -999 -999 -999
JTWC 95S INVEST    140204 0000 159S 1317E 115 032 1000 1002 0315 13 083 -999 -999 -999 -999
JTWC 95S INVEST    140207 1200 158S 1280E 295 021 1004 1005 0315 13 083 -999 -999 -999 -999
JTWC 95S INVEST    140207 1800 158S 1278E 285 016 1000 1002 0315 10 092 -999 -999 -999 -999
JTWC 95S INVEST    140208 0000 162S 1275E 240 016 1000 1002 0370 10 074 -999 -999 -999 -999
JTWC 95S INVEST    140208 0600 166S 1274E 215 016 1007 1008 0370 10 074 -999 -999 -999 -999
JTWC 95S INVEST    140208 1200 172S 1273E 200 026 1007 1008 0333 10 074 -999 -999 -999 -999
JTWC 95S INVEST    140208 1800 170S 1259E 240 032 0997 1000 0352 10 074 -999 -999 -999 -999
JTWC 95S INVEST    140209 0000 174S 1250E 245 037 0997 1000 0352 10 074 -999 -999 -999 -999
JTWC 95S INVEST    140209 0600 177S 1242E 245 042 0992 1000 0352 10 074 -999 -999 -999 -999
JTWC 95S INVEST    140209 1800 188S 1229E 235 042 0994 0998 0296 10 074 -999 -999 -999 -999
JTWC 95S INVEST    140210 0000 191S 1224E 230 037 0994 0999 0296 10 074 -999 -999 -999 -999
JTWC 95S INVEST    140210 0600 200S 1218E 220 047 0994 0999 0296 10 074 -999 -999 -999 -999
JTWC 95S INVEST    140210 1200 205S 1214E 220 037 0999 1000 0296 10 074 -999 -999 -999 -999
JTWC 95S INVEST    140210 1800 214S 1212E 205 047 0995 0998 0296 10 074 -999 -999 -999 -999
JTWC 95S INVEST    140211 0000 207S 1216E 205 021 0995 1000 0296 15 074 -999 -999 -999 -999
JTWC 95S INVEST    140211 0600 221S 1214E 195 042 0996 1000 0296 15 074 -999 -999 -999 -999
JTWC 95S INVEST    140211 1200 228S 1213E 190 047 0995 1001 0296 15 074 -999 -999 -999 -999
JTWC 95S INVEST    140326 0600 107S 0403E 090 032 1004 1008 0278 13 083 -999 -999 -999 -999
JTWC 95S INVEST    140326 1200 107S 0394E 090 026 1004 1008 0278 13 083 -999 -999 -999 -999
JTWC 95S INVEST    140326 1800 107S 0398E 090 026 1004 1008 0278 13 083 -999 -999 -999 -999
JTWC 95S INVEST    140327 0000 109S 0405E 100 026 1004 1008 0278 13 083 -999 -999 -999 -999
JTWC 95S INVEST    140327 0600 110S 0404E 105 016 1000 1006 0315 15 083 -999 -999 -999 -999
JTWC 95S INVEST    140327 1200 123S 0410E 150 032 1004 1008 0296 13 083 -999 -999 -999 -999
JTWC 95S INVEST    140327 1800 128S 0407E 175 032 1000 1008 0296 15 083 -999 -999 -999 -999
JTWC 95S INVEST    140328 0000 126S 0408E 185 021 1000 1008 0296 15 083 -999 -999 -999 -999
JTWC 95S INVEST    140328 0600 122S 0413E 090 011 1000 1009 0278 15 074 -999 -999 -999 -999
JTWC 95S INVEST    140328 1200 126S 0419E 100 021 1000 1008 0278 15 074 -999 -999 -999 -999
JTWC 95S INVEST    141114 1800 062S 0671E 325 016 1010 1011 0278 08 000 -999 -999 -999 -999
JTWC 95S INVEST    141115 0600 063S 0662E 285 026 1007 1010 0278 13 092 -999 -999 -999 -999
JTWC 95S INVEST    141115 1800 076S 0661E 180 032 1004 1010 0296 13 092 -999 -999 -999 -999
JTWC 95S INVEST    141116 0000 071S 0668E 125 021 1007 1010 0296 10 092 -999 -999 -999 -999
JTWC 95S INVEST    141116 0600 081S 0664E 150 016 1007 1010 0333 10 092 -999 -999 -999 -999
JTWC 95S INVEST    141116 1200 084S 0666E 170 016 1004 1010 0333 13 092 -999 -999 -999 -999
JTWC 95S INVEST    141223 1200 103S 1005E 170 032 1004 1006 0333 13 083 -999 -999 -999 -999
JTWC 95S INVEST    141223 1800 101S 1002E 180 021 1004 1006 0333 13 083 -999 -999 -999 -999
JTWC 95S INVEST    141224 0600 108S 0992E 225 032 1000 1006 0315 15 083 -999 -999 -999 -999
JTWC 95S INVEST    141224 1200 113S 0985E 235 042 1000 1006 0333 15 083 -999 -999 -999 -999
JTWC 95S INVEST    141224 1800 118S 0977E 235 047 1000 1006 0333 15 083 -999 -999 -999 -999
JTWC 95S INVEST    141225 0000 114S 0972E 255 037 1000 1006 0333 15 083 -999 -999 -999 -999
