JTWC 96S INVEST    140204 0600 153S 0600E 140 037 1007 1008 0278 10 000 -999 -999 -999 -999
JTWC 96S INVEST    140204 1200 162S 0591E 180 037 1004 1008 0296 13 000 -999 -999 -999 -999
JTWC 96S INVEST    140204 1800 163S 0592E 185 032 0997 1000 0352 15 111 -999 -999 -999 -999
JTWC 96S INVEST    140403 1800 131S 0814E 230 057 1004 1007 0315 10 101 -999 -999 -999 -999
JTWC 96S INVEST    140404 0000 141S 0804E 225 062 1004 1006 0389 13 101 -999 -999 -999 -999
JTWC 96S INVEST    140404 0600 155S 0795E 220 067 1000 1005 0398 15 092 -999 -999 -999 -999
JTWC 96S INVEST    140404 1200 166S 0794E 200 067 1000 1005 0398 15 083 -999 -999 -999 -999
JTWC 96S INVEST    140704 1800 089S 0824E 235 062 1010 1011 0278 08 000 -999 -999 -999 -999
JTWC 96S INVEST    140705 0000 096S 0823E 215 047 1004 1011 0278 13 000 -999 -999 -999 -999
JTWC 96S INVEST    140705 1200 100S 0834E 170 026 1005 1008 0315 13 083 -999 -999 -999 -999
JTWC 96S INVEST    140705 1800 105S 0832E 185 026 1004 1008 0315 13 083 -999 -999 -999 -999
JTWC 96S INVEST    140706 0000 101S 0826E 235 021 1004 1008 0315 13 083 -999 -999 -999 -999
JTWC 96S INVEST    140706 0600 093S 0828E 320 016 1004 1009 0278 13 083 -999 -999 -999 -999
JTWC 96S INVEST    140706 1200 090S 0826E 340 026 1005 1008 0278 13 083 -999 -999 -999 -999
JTWC 96S INVEST    140709 1800 110S 0682E 265 057 1010 1011 0278 08 083 -999 -999 -999 -999
JTWC 96S INVEST    140710 0000 107S 0672E 270 057 1010 1011 0278 08 083 -999 -999 -999 -999
