JTWC 97P INVEST    140401 0600 070S 1575E 235 062 1010 1011 0278 08 000 -999 -999 -999 -999
JTWC 97P INVEST    140402 0600 104S 1584E 205 032 1003 1004 0278 10 083 -999 -999 -999 -999
JTWC 97P INVEST    140402 1200 101S 1582E 240 016 1002 1004 0278 10 083 -999 -999 -999 -999
JTWC 97P INVEST    140402 1800 107S 1594E 135 016 1001 1004 0278 10 083 -999 -999 -999 -999
JTWC 97P INVEST    140403 0000 111S 1587E 200 016 1004 1006 0324 13 083 -999 -999 -999 -999
JTWC 97P INVEST    140403 0600 113S 1586E 220 016 1000 1006 0352 15 083 -999 -999 -999 -999
JTWC 97P INVEST    140403 1200 114S 1580E 235 016 1004 1006 0352 13 083 -999 -999 -999 -999
JTWC 97P INVEST    140403 1800 115S 1587E 170 011 1000 1005 0352 15 083 -999 -999 -999 -999
JTWC 97P INVEST    140404 0000 111S 1581E 285 006 1000 1006 0352 15 083 -999 -999 -999 -999
JTWC 97P INVEST    140404 1200 117S 1564E 265 026 1000 1006 0352 15 083 -999 -999 -999 -999
