JTWC 98P INVEST    140122 1200 205S 1677W 260 057 1000 1009 0352 15 092 -999 -999 -999 -999
JTWC 98P INVEST    140122 1800 210S 1692W 255 062 1000 1009 0352 15 111 -999 -999 -999 -999
JTWC 98P INVEST    140123 0000 218S 1704W 245 057 1000 1009 0389 15 111 -999 -999 -999 -999
JTWC 98P INVEST    140123 0600 221S 1719W 245 072 1000 1007 0296 15 092 -999 -999 -999 -999
JTWC 98P INVEST    140123 1200 220S 1729W 255 062 1000 1008 0333 15 092 -999 -999 -999 -999
JTWC 98P INVEST    140123 1800 226S 1743W 255 062 1000 1008 0333 15 092 -999 -999 -999 -999
JTWC 98P INVEST    140124 0000 229S 1756W 255 062 1000 1008 0333 15 092 -999 -999 -999 -999
JTWC 98P INVEST    140124 0600 230S 1766W 255 062 1000 1006 0315 15 092 -999 -999 -999 -999
JTWC 98P INVEST    140124 1200 232S 1779W 260 057 1000 1006 0315 15 092 -999 -999 -999 -999
JTWC 98P INVEST    140208 0000 164S 1413E 270 006 1000 1004 0278 10 074 -999 -999 -999 -999
JTWC 98P INVEST    140208 0600 167S 1410E 240 011 1004 1005 0278 13 074 -999 -999 -999 -999
JTWC 98P INVEST    140208 1200 170S 1408E 225 016 1004 1005 0278 13 074 -999 -999 -999 -999
JTWC 98P INVEST    140208 1800 175S 1404E 215 021 1000 1004 0259 10 074 -999 -999 -999 -999
JTWC 98P INVEST    140209 0000 178S 1399E 225 026 1004 1006 0259 13 074 -999 -999 -999 -999
JTWC 98P INVEST    140209 0600 180S 1392E 235 032 0998 1006 0259 10 074 -999 -999 -999 -999
JTWC 98P INVEST    140209 1200 180S 1386E 255 032 0999 1006 0259 10 074 -999 -999 -999 -999
JTWC 98P INVEST    140209 1800 176S 1382E 275 026 1000 1005 0259 10 074 -999 -999 -999 -999
JTWC 98P INVEST    140210 0000 175S 1376E 290 026 1000 1006 0259 10 074 -999 -999 -999 -999
JTWC 98P INVEST    140210 0600 174S 1370E 285 032 0998 1006 0259 10 074 -999 -999 -999 -999
JTWC 98P INVEST    140210 1200 166S 1356E 290 047 1000 1006 0259 08 074 -999 -999 -999 -999
JTWC 98P INVEST    140307 0600 099S 1389E 105 026 1002 1004 0278 13 083 -999 -999 -999 -999
JTWC 98P INVEST    140307 1200 100S 1395E 100 026 1004 1006 0278 13 083 -999 -999 -999 -999
JTWC 98P INVEST    140307 1800 103S 1398E 110 026 1004 1006 0278 13 083 -999 -999 -999 -999
JTWC 98P INVEST    140308 0000 105S 1403E 110 026 1004 1006 0278 13 083 -999 -999 -999 -999
JTWC 98P INVEST    140308 0600 107S 1398E 135 016 0996 1005 0296 18 083 -999 -999 -999 -999
JTWC 98P INVEST    140402 0000 295S 1648W 150 057 0989 1006 0370 23 083 0176 0176 0176 0176
JTWC 98P INVEST    140402 0600 301S 1651W 165 047 0989 1006 0370 23 055 0176 0176 0176 0176
JTWC 98P INVEST    140402 1200 310S 1652W 190 042 0989 1006 0370 23 055 0176 0176 0176 0176
