JTWC 98W INVEST    140416 1200 102N 1488E 275 042 1006 1008 0278 08 083 -999 -999 -999 -999
JTWC 98W INVEST    140416 1800 103N 1480E 275 042 1006 1008 0278 08 083 -999 -999 -999 -999
JTWC 98W INVEST    140417 0600 097N 1484E 260 032 1005 1006 0278 08 074 -999 -999 -999 -999
JTWC 98W INVEST    140417 1200 098N 1481E 260 026 1006 1008 0296 10 074 -999 -999 -999 -999
JTWC 98W INVEST    140417 1800 101N 1473E 275 026 1006 1008 0296 10 074 -999 -999 -999 -999
JTWC 98W INVEST    140418 0000 105N 1462E 285 042 1006 1008 0296 10 074 -999 -999 -999 -999
JTWC 98W INVEST    140418 0600 105N 1451E 280 052 1007 1008 0278 10 074 -999 -999 -999 -999
JTWC 98W INVEST    140418 1200 106N 1447E 280 042 1007 1008 0278 10 074 -999 -999 -999 -999
JTWC 98W INVEST    140418 1800 108N 1446E 290 026 1006 1007 0278 10 074 -999 -999 -999 -999
JTWC 98W INVEST    140419 1800 106N 1397E 265 057 1006 1007 0296 10 074 -999 -999 -999 -999
JTWC 98W INVEST    140420 0000 104N 1385E 265 062 1006 1007 0296 10 074 -999 -999 -999 -999
JTWC 98W INVEST    140420 0600 097N 1367E 255 072 1007 1008 0296 10 074 -999 -999 -999 -999
JTWC 98W INVEST    140420 1200 101N 1359E 265 067 1007 1008 0296 10 074 -999 -999 -999 -999
JTWC 98W INVEST    140420 1800 102N 1351E 265 057 1007 1008 0296 10 074 -999 -999 -999 -999
JTWC 98W INVEST    140421 0000 103N 1347E 285 037 1006 1007 0278 10 074 -999 -999 -999 -999
JTWC 98W INVEST    140826 0000 334N 1570E 080 067 1010 1011 0278 08 000 -999 -999 -999 -999
JTWC 98W INVEST    140921 1800 096N 1498E 235 067 1010 1011 0278 08 000 -999 -999 -999 -999
JTWC 98W INVEST    140922 0000 103N 1494E 250 047 1010 1011 0278 08 000 -999 -999 -999 -999
JTWC 98W INVEST    140922 0600 116N 1505E 340 021 1006 1007 0370 10 111 -999 -999 -999 -999
JTWC 98W INVEST    140922 1200 115N 1485E 310 037 1006 1009 0555 10 111 -999 -999 -999 -999
JTWC 98W INVEST    140922 1800 124N 1481E 330 047 1007 1007 0555 10 111 -999 -999 -999 -999
JTWC 98W INVEST    140923 0600 162N 1475E 000 052 1004 1007 0555 10 111 -999 -999 -999 -999
JTWC 98W INVEST    140923 1200 172N 1474E 000 052 1003 1005 0444 10 101 -999 -999 -999 -999
JTWC 98W INVEST    140923 1800 177N 1494E 035 052 1003 1008 0639 10 277 -999 -999 -999 -999
JTWC 98W INVEST    140924 0000 188N 1501E 035 062 1005 1008 0639 10 259 -999 -999 -999 -999
JTWC 98W INVEST    140924 0600 194N 1497E 020 057 1004 1008 0639 10 259 -999 -999 -999 -999
