JTWC 99W INVEST    140426 1800 105N 1450E 005 021 1007 1008 0333 10 074 -999 -999 -999 -999
JTWC 99W INVEST    140427 0000 112N 1462E 045 037 1006 1009 0333 10 074 -999 -999 -999 -999
JTWC 99W INVEST    140427 0600 110N 1462E 015 021 1006 1008 0296 10 074 -999 -999 -999 -999
JTWC 99W INVEST    140427 1200 118N 1464E 010 026 1004 1008 0296 13 074 -999 -999 -999 -999
JTWC 99W INVEST    140625 0600 106N 1312E 310 016 1010 1011 0278 08 000 -999 -999 -999 -999
JTWC 99W INVEST    140626 0600 137N 1260E 305 077 1010 1011 0278 08 000 -999 -999 -999 -999
JTWC 99W INVEST    140626 1200 149N 1251E 315 072 1010 1011 0278 08 000 -999 -999 -999 -999
JTWC 99W INVEST    140627 1200 191N 1232E 340 057 1010 1011 0278 08 000 -999 -999 -999 -999
JTWC 99W INVEST    140827 1800 187N 1116E 305 052 1007 1008 0296 10 092 -999 -999 -999 -999
JTWC 99W INVEST    140828 0000 200N 1092E 300 088 1006 1008 0315 10 092 -999 -999 -999 -999
JTWC 99W INVEST    140828 0600 206N 1073E 295 098 1006 1008 0315 10 092 -999 -999 -999 -999
JTWC 99W INVEST    140828 1200 208N 1060E 290 088 1008 1011 0315 08 092 -999 -999 -999 -999
JTWC 99W INVEST    140926 1800 056N 1660E 275 021 1005 1008 0333 10 074 -999 -999 -999 -999
JTWC 99W INVEST    140927 0000 070N 1649E 310 042 1007 1008 0333 10 074 -999 -999 -999 -999
JTWC 99W INVEST    140927 1200 073N 1600E 285 093 1006 1008 0333 08 074 -999 -999 -999 -999
JTWC 99W INVEST    140927 1800 094N 1599E 305 088 1010 1011 0333 08 074 -999 -999 -999 -999
JTWC 99W INVEST    140928 0000 101N 1587E 310 077 1007 1008 0241 10 074 -999 -999 -999 -999
JTWC 99W INVEST    140928 0600 111N 1571E 305 083 1005 1008 0241 10 074 -999 -999 -999 -999
JTWC 99W INVEST    140928 1200 119N 1554E 300 088 1005 1008 0241 10 074 -999 -999 -999 -999
JTWC 99W INVEST    140928 1800 124N 1533E 295 098 1003 1005 0370 13 074 -999 -999 -999 -999
JTWC 99W INVEST    141105 1800 063N 1081E 270 047 1010 1010 0370 08 092 -999 -999 -999 -999
JTWC 99W INVEST    141106 0600 076N 1087E 315 026 1010 1010 0370 08 092 -999 -999 -999 -999
JTWC 99W INVEST    141106 1200 069N 1081E 270 026 1010 1010 0370 08 092 -999 -999 -999 -999
JTWC 99W INVEST    141106 1800 071N 1069E 270 042 1010 1010 0370 08 092 -999 -999 -999 -999
JTWC 99W INVEST    141107 0000 065N 1063E 260 042 1010 1010 0370 08 092 -999 -999 -999 -999
JTWC 99W INVEST    141107 0600 064N 1041E 265 062 1010 1010 0370 08 092 -999 -999 -999 -999
JTWC 99W INVEST    141107 1200 069N 1030E 280 057 1010 1010 0370 08 092 -999 -999 -999 -999
JTWC 99W INVEST    141107 1800 067N 1023E 285 047 1007 1008 0333 08 092 -999 -999 -999 -999
JTWC 99W INVEST    141108 0000 065N 1022E 275 032 1006 1008 0333 08 083 -999 -999 -999 -999
JTWC 99W INVEST    141108 0600 065N 0997E 270 067 1008 1010 0333 08 083 -999 -999 -999 -999
JTWC 99W INVEST    141108 1200 065N 0993E 270 057 1010 1010 0333 08 092 -999 -999 -999 -999
JTWC 99W INVEST    141108 1800 065N 0987E 270 042 1005 1008 0333 10 092 -999 -999 -999 -999
JTWC 99W INVEST    141109 0000 065N 0977E 270 037 1005 1008 0333 10 092 -999 -999 -999 -999
JTWC 99W INVEST    141109 0600 069N 0976E 285 032 1007 1008 0333 10 092 -999 -999 -999 -999
JTWC 99W INVEST    141109 1200 073N 0966E 290 037 1007 1008 0333 10 092 -999 -999 -999 -999
JTWC 99W INVEST    141110 0600 081N 0942E 285 047 1007 1008 0333 10 092 -999 -999 -999 -999
JTWC 99W INVEST    141110 1200 082N 0927E 275 057 1007 1008 0333 10 083 -999 -999 -999 -999
JTWC 99W INVEST    141111 0000 091N 0901E 285 072 1007 1008 0333 10 083 -999 -999 -999 -999
JTWC 99W INVEST    141111 0600 099N 0877E 290 088 1007 1008 0333 10 083 -999 -999 -999 -999
JTWC 99W INVEST    141111 1200 102N 0867E 285 083 1007 1008 0333 10 083 -999 -999 -999 -999
JTWC 99W INVEST    141112 0000 112N 0848E 295 052 1007 1008 0333 10 083 -999 -999 -999 -999
JTWC 99W INVEST    141227 1800 072N 1292E 285 042 1005 1007 0333 10 074 -999 -999 -999 -999
JTWC 99W INVEST    141228 0000 081N 1281E 295 052 1002 1005 0333 15 074 -999 -999 -999 -999
