IBTr 08L GUSTAV    900824 0600 126N 0459W -99 -99 1010 1010 0080 12 008 -999 -999 -999 -999 -999 -999
IBTr 08L GUSTAV    900824 1200 129N 0469W -99 -99 1009 1010 0080 15 008 -999 -999 -999 -999 -999 -999
IBTr 08L GUSTAV    900824 1800 132N 0480W -99 -99 1007 1010 0090 15 009 -999 -999 -999 -999 -999 -999
IBTr 08L GUSTAV    900825 0000 133N 0490W -99 -99 1005 1010 0090 18 009 -999 -999 -999 -999 -999 -999
IBTr 08L GUSTAV    900825 0600 135N 0501W -99 -99 1004 1010 0090 20 009 -999 -999 -999 -999 -999 -999
IBTr 08L GUSTAV    900825 1200 137N 0512W -99 -99 1002 1010 0090 23 009 -999 -999 -999 -999 -999 -999
IBTr 08L GUSTAV    900825 1800 138N 0523W -99 -99 1000 1010 0100 25 010 -999 -999 -999 -999 -999 -999
IBTr 08L GUSTAV    900826 0000 140N 0533W -99 -99 0997 1010 0100 28 010 -999 -999 -999 -999 -999 -999
IBTr 08L GUSTAV    900826 0600 142N 0544W -99 -99 0993 1010 0110 30 011 -999 -999 -999 -999 -999 -999
IBTr 08L GUSTAV    900826 1200 145N 0555W -99 -99 0990 1010 0110 33 011 -999 -999 -999 -999 -999 -999
IBTr 08L GUSTAV    900826 1800 150N 0564W -99 -99 0984 1010 0120 36 012 -999 -999 -999 -999 -999 -999
IBTr 08L GUSTAV    900827 0000 153N 0570W -99 -99 0980 1010 0120 38 012 -999 -999 -999 -999 -999 -999
IBTr 08L GUSTAV    900827 0600 159N 0577W -99 -99 0973 1010 0130 43 013 -999 -999 -999 -999 -999 -999
IBTr 08L GUSTAV    900827 1200 166N 0580W -99 -99 0967 1010 0130 46 013 -999 -999 -999 -999 -999 -999
IBTr 08L GUSTAV    900827 1800 173N 0582W -99 -99 0965 1010 0130 48 013 -999 -999 -999 -999 -999 -999
IBTr 08L GUSTAV    900828 0000 181N 0582W -99 -99 0966 1010 0130 48 013 -999 -999 -999 -999 -999 -999
IBTr 08L GUSTAV    900828 0600 190N 0581W -99 -99 0969 1010 0130 46 013 -999 -999 -999 -999 -999 -999
IBTr 08L GUSTAV    900828 1200 200N 0580W -99 -99 0973 1010 0130 43 013 -999 -999 -999 -999 -999 -999
IBTr 08L GUSTAV    900828 1800 211N 0580W -99 -99 0978 1010 0130 41 013 -999 -999 -999 -999 -999 -999
IBTr 08L GUSTAV    900829 0000 222N 0578W -99 -99 0981 1010 0130 38 013 -999 -999 -999 -999 -999 -999
IBTr 08L GUSTAV    900829 0600 229N 0578W -99 -99 0984 1010 0120 36 012 -999 -999 -999 -999 -999 -999
IBTr 08L GUSTAV    900829 1200 237N 0578W -99 -99 0982 1010 0130 38 013 -999 -999 -999 -999 -999 -999
IBTr 08L GUSTAV    900829 1800 244N 0578W -99 -99 0979 1010 0130 38 013 -999 -999 -999 -999 -999 -999
IBTr 08L GUSTAV    900830 0000 252N 0578W -99 -99 0975 1010 0130 41 013 -999 -999 -999 -999 -999 -999
IBTr 08L GUSTAV    900830 0600 260N 0578W -99 -99 0972 1010 0140 43 014 -999 -999 -999 -999 -999 -999
IBTr 08L GUSTAV    900830 1200 270N 0578W -99 -99 0968 1010 0140 46 014 -999 -999 -999 -999 -999 -999
IBTr 08L GUSTAV    900830 1800 278N 0578W -99 -99 0963 1010 0140 48 014 -999 -999 -999 -999 -999 -999
IBTr 08L GUSTAV    900831 0000 289N 0577W -99 -99 0958 1010 0140 51 014 -999 -999 -999 -999 -999 -999
IBTr 08L GUSTAV    900831 0600 303N 0575W -99 -99 0956 1010 0140 54 014 -999 -999 -999 -999 -999 -999
IBTr 08L GUSTAV    900831 1200 317N 0572W -99 -99 0959 1010 0140 51 014 -999 -999 -999 -999 -999 -999
IBTr 08L GUSTAV    900831 1800 330N 0565W -99 -99 0961 1010 0140 51 014 -999 -999 -999 -999 -999 -999
IBTr 08L GUSTAV    900901 0000 344N 0556W -99 -99 0964 1010 0140 48 014 -999 -999 -999 -999 -999 -999
IBTr 08L GUSTAV    900901 0600 356N 0545W -99 -99 0967 1010 0140 46 014 -999 -999 -999 -999 -999 -999
IBTr 08L GUSTAV    900901 1200 368N 0532W -99 -99 0970 1010 0140 43 014 -999 -999 -999 -999 -999 -999
IBTr 08L GUSTAV    900901 1800 380N 0520W -99 -99 0974 1010 0140 41 014 -999 -999 -999 -999 -999 -999
IBTr 08L GUSTAV    900902 0000 394N 0509W -99 -99 0978 1010 0140 38 014 -999 -999 -999 -999 -999 -999
IBTr 08L GUSTAV    900902 0600 407N 0498W -99 -99 0982 1010 0130 36 013 -999 -999 -999 -999 -999 -999
IBTr 08L GUSTAV    900902 1200 421N 0486W -99 -99 0985 1010 0130 33 013 -999 -999 -999 -999 -999 -999
IBTr 08L GUSTAV    900902 1800 438N 0480W -99 -99 0988 1010 0130 30 013 -999 -999 -999 -999 -999 -999
IBTr 08L GUSTAV    900903 0000 460N 0465W -99 -99 0993 1010 0120 28 012 -999 -999 -999 -999 -999 -999
IBTr 08L GUSTAV    900903 0600 485N 0445W -99 -99 0997 1010 0120 28 012 -999 -999 -999 -999 -999 -999
