IBTr 05W NOTNAMED  900524 0600 155N 1135E -99 -99 -999 1010 0000 -9 000 -999 -999 -999 -999 -999 -999
IBTr 05W NOTNAMED  900524 1200 160N 1120E -99 -99 -999 1010 0000 -9 000 -999 -999 -999 -999 -999 -999
IBTr 05W NOTNAMED  900524 1800 165N 1110E -99 -99 -999 1010 0000 -9 000 -999 -999 -999 -999 -999 -999
IBTr 05W NOTNAMED  900525 0000 165N 1105E -99 -99 -999 1010 0000 -9 000 -999 -999 -999 -999 -999 -999
IBTr 05W NOTNAMED  900525 0600 165N 1105E -99 -99 -999 1010 0000 -9 000 -999 -999 -999 -999 -999 -999
IBTr 05W NOTNAMED  900525 1200 165N 1105E -99 -99 -999 1010 0000 -9 000 -999 -999 -999 -999 -999 -999
IBTr 05W NOTNAMED  900525 1800 170N 1105E -99 -99 -999 1010 0000 -9 000 -999 -999 -999 -999 -999 -999
IBTr 05W NOTNAMED  900526 0000 175N 1105E -99 -99 -999 1010 0000 -9 000 -999 -999 -999 -999 -999 -999
IBTr 05W NOTNAMED  900526 0600 180N 1110E -99 -99 -999 1010 0000 -9 000 -999 -999 -999 -999 -999 -999
IBTr 05W NOTNAMED  900526 1200 180N 1110E -99 -99 -999 1010 0000 -9 000 -999 -999 -999 -999 -999 -999
IBTr 05W NOTNAMED  900526 1800 180N 1110E -99 -99 -999 1010 0000 -9 000 -999 -999 -999 -999 -999 -999
IBTr 05W NOTNAMED  900527 0000 180N 1110E -99 -99 -999 1010 0000 -9 000 -999 -999 -999 -999 -999 -999
IBTr 05W NOTNAMED  900527 0600 185N 1105E -99 -99 -999 1010 0000 -9 000 -999 -999 -999 -999 -999 -999
IBTr 05W NOTNAMED  900527 1200 185N 1105E -99 -99 -999 1010 0000 -9 000 -999 -999 -999 -999 -999 -999
IBTr 05W NOTNAMED  900527 1800 185N 1105E -99 -99 -999 1010 0000 -9 000 -999 -999 -999 -999 -999 -999
IBTr 05W NOTNAMED  900528 0000 185N 1105E -99 -99 -999 1010 0000 -9 000 -999 -999 -999 -999 -999 -999
IBTr 05W NOTNAMED  900528 0600 185N 1095E -99 -99 -999 1010 0000 -9 000 -999 -999 -999 -999 -999 -999
IBTr 05W NOTNAMED  900528 1200 185N 1090E -99 -99 -999 1010 0000 -9 000 -999 -999 -999 -999 -999 -999
IBTr 05W NOTNAMED  900528 1800 185N 1085E -99 -99 -999 1010 0000 -9 000 -999 -999 -999 -999 -999 -999
IBTr 05W NOTNAMED  900529 0000 190N 1075E -99 -99 -999 1010 0000 -9 000 -999 -999 -999 -999 -999 -999
IBTr 05W NOTNAMED  900529 0600 195N 1070E -99 -99 -999 1010 0000 -9 000 -999 -999 -999 -999 -999 -999
