IBTr 03P PENI      900212 0000 86S  1543W -99 -99 -999 1010 0000 -9 000 -999 -999 -999 -999 -999 -999
IBTr 03P PENI      900212 0600 90S  1540W -99 -99 -999 1010 0000 -9 000 -999 -999 -999 -999 -999 -999
IBTr 03P PENI      900212 1200 95S  1540W -99 -99 0990 1010 0110 20 011 -999 -999 -999 -999 -999 -999
IBTr 03P PENI      900212 1800 102S 1546W -99 -99 -999 1010 0000 -9 000 -999 -999 -999 -999 -999 -999
IBTr 03P PENI      900213 0000 108S 1555W -99 -99 0990 1010 0110 20 011 -999 -999 -999 -999 -999 -999
IBTr 03P PENI      900213 0600 115S 1566W -99 -99 0990 1010 0110 20 011 -999 -999 -999 -999 -999 -999
IBTr 03P PENI      900213 1200 122S 1576W -99 -99 0990 1010 0110 20 011 -999 -999 -999 -999 -999 -999
IBTr 03P PENI      900213 1800 131S 1582W -99 -99 0990 1010 0110 20 011 -999 -999 -999 -999 -999 -999
IBTr 03P PENI      900214 0000 139S 1586W -99 -99 0980 1010 0120 28 012 -999 -999 -999 -999 -999 -999
IBTr 03P PENI      900214 0600 144S 1588W -99 -99 0980 1010 0120 28 012 -999 -999 -999 -999 -999 -999
IBTr 03P PENI      900214 1200 150S 1590W -99 -99 0980 1010 0120 28 012 -999 -999 -999 -999 -999 -999
IBTr 03P PENI      900214 1800 157S 1592W -99 -99 0980 1010 0120 28 012 -999 -999 -999 -999 -999 -999
IBTr 03P PENI      900215 0000 167S 1593W -99 -99 0980 1010 0120 28 012 -999 -999 -999 -999 -999 -999
IBTr 03P PENI      900215 0600 177S 1594W -99 -99 0970 1010 0130 33 013 -999 -999 -999 -999 -999 -999
IBTr 03P PENI      900215 1200 190S 1591W -99 -99 0970 1010 0130 33 013 -999 -999 -999 -999 -999 -999
IBTr 03P PENI      900215 1800 200S 1582W -99 -99 0970 1010 0130 33 013 -999 -999 -999 -999 -999 -999
IBTr 03P PENI      900216 0000 212S 1572W -99 -99 0970 1010 0130 33 013 -999 -999 -999 -999 -999 -999
IBTr 03P PENI      900216 0600 225S 1559W -99 -99 0970 1010 0130 33 013 -999 -999 -999 -999 -999 -999
IBTr 03P PENI      900216 1200 239S 1545W -99 -99 0970 1010 0140 33 014 -999 -999 -999 -999 -999 -999
IBTr 03P PENI      900216 1800 254S 1528W -99 -99 0970 1010 0140 33 014 -999 -999 -999 -999 -999 -999
IBTr 03P PENI      900217 0000 269S 1509W -99 -99 0970 1010 0140 33 014 -999 -999 -999 -999 -999 -999
IBTr 03P PENI      900217 0600 287S 1482W -99 -99 0975 1010 0130 30 013 -999 -999 -999 -999 -999 -999
IBTr 03P PENI      900217 1200 303S 1460W -99 -99 0980 1010 0130 28 013 -999 -999 -999 -999 -999 -999
IBTr 03P PENI      900217 1800 320S 1438W -99 -99 0985 1010 0130 25 013 -999 -999 -999 -999 -999 -999
IBTr 03P PENI      900218 0000 334S 1425W -99 -99 0985 1010 0130 25 013 -999 -999 -999 -999 -999 -999
