IBTr 08W OFELIA    900615 0600 57N  1405E -99 -99 -999 1010 0000 07 000 -999 -999 -999 -999 -999 -999
IBTr 08W OFELIA    900615 1200 59N  1399E -99 -99 -999 1010 0000 07 000 -999 -999 -999 -999 -999 -999
IBTr 08W OFELIA    900615 1800 62N  1392E -99 -99 -999 1010 0000 07 000 -999 -999 -999 -999 -999 -999
IBTr 08W OFELIA    900616 0000 64N  1385E -99 -99 -999 1010 0000 07 000 -999 -999 -999 -999 -999 -999
IBTr 08W OFELIA    900616 0600 75N  1382E -99 -99 1004 1010 0090 07 009 -999 -999 -999 -999 -999 -999
IBTr 08W OFELIA    900616 1200 82N  1377E -99 -99 1006 1010 0090 10 009 -999 -999 -999 -999 -999 -999
IBTr 08W OFELIA    900616 1800 88N  1369E -99 -99 1002 1010 0090 10 009 -999 -999 -999 -999 -999 -999
IBTr 08W OFELIA    900617 0000 91N  1361E -99 -99 1000 1010 0090 10 009 -999 -999 -999 -999 -999 -999
IBTr 08W OFELIA    900617 0600 93N  1351E -99 -99 1000 1010 0090 12 009 -999 -999 -999 -999 -999 -999
IBTr 08W OFELIA    900617 1200 92N  1340E -99 -99 1000 1010 0090 12 009 -999 -999 -999 -999 -999 -999
IBTr 08W OFELIA    900617 1800 92N  1333E -99 -99 0996 1010 0100 18 010 -999 -999 -999 -999 -999 -999
IBTr 08W OFELIA    900618 0000 93N  1325E -99 -99 0994 1010 0100 18 010 -999 -999 -999 -999 -999 -999
IBTr 08W OFELIA    900618 0600 94N  1315E -99 -99 0992 1010 0110 20 011 -999 -999 -999 -999 -999 -999
IBTr 08W OFELIA    900618 1200 95N  1305E -99 -99 0992 1010 0110 20 011 -999 -999 -999 -999 -999 -999
IBTr 08W OFELIA    900618 1800 96N  1298E -99 -99 0990 1010 0110 23 011 -999 -999 -999 -999 -999 -999
IBTr 08W OFELIA    900619 0000 97N  1295E -99 -99 0990 1010 0110 23 011 -999 -999 -999 -999 -999 -999
IBTr 08W OFELIA    900619 0600 98N  1292E -99 -99 0990 1010 0110 23 011 -999 -999 -999 -999 -999 -999
IBTr 08W OFELIA    900619 1200 100N 1290E -99 -99 0990 1010 0110 23 011 -999 -999 -999 -999 -999 -999
IBTr 08W OFELIA    900619 1800 103N 1287E -99 -99 0990 1010 0110 23 011 -999 -999 -999 -999 -999 -999
IBTr 08W OFELIA    900620 0000 108N 1284E -99 -99 0985 1010 0120 25 012 -999 -999 -999 -999 -999 -999
IBTr 08W OFELIA    900620 0600 115N 1279E -99 -99 0980 1010 0120 28 012 -999 -999 -999 -999 -999 -999
IBTr 08W OFELIA    900620 1200 124N 1273E -99 -99 0980 1010 0120 28 012 -999 -999 -999 -999 -999 -999
IBTr 08W OFELIA    900620 1800 136N 1265E -99 -99 0975 1010 0130 30 013 -999 -999 -999 -999 -999 -999
IBTr 08W OFELIA    900621 0000 148N 1257E -99 -99 0975 1010 0130 30 013 -999 -999 -999 -999 -999 -999
IBTr 08W OFELIA    900621 0600 161N 1248E -99 -99 0975 1010 0130 30 013 -999 -999 -999 -999 -999 -999
IBTr 08W OFELIA    900621 1200 170N 1241E -99 -99 0975 1010 0130 30 013 -999 -999 -999 -999 -999 -999
IBTr 08W OFELIA    900621 1800 178N 1233E -99 -99 0975 1010 0130 30 013 -999 -999 -999 -999 -999 -999
IBTr 08W OFELIA    900622 0000 188N 1226E -99 -99 0975 1010 0130 30 013 -999 -999 -999 -999 -999 -999
IBTr 08W OFELIA    900622 0600 198N 1218E -99 -99 0975 1010 0130 30 013 -999 -999 -999 -999 -999 -999
IBTr 08W OFELIA    900622 1200 202N 1215E -99 -99 0975 1010 0130 30 013 -999 -999 -999 -999 -999 -999
IBTr 08W OFELIA    900622 1800 210N 1215E -99 -99 0970 1010 0130 33 013 -999 -999 -999 -999 -999 -999
IBTr 08W OFELIA    900623 0000 224N 1216E -99 -99 0970 1010 0130 33 013 -999 -999 -999 -999 -999 -999
IBTr 08W OFELIA    900623 0600 238N 1215E -99 -99 0975 1010 0130 30 013 -999 -999 -999 -999 -999 -999
IBTr 08W OFELIA    900623 1200 249N 1211E -99 -99 0980 1010 0130 28 013 -999 -999 -999 -999 -999 -999
IBTr 08W OFELIA    900623 1800 263N 1206E -99 -99 0985 1010 0120 25 012 -999 -999 -999 -999 -999 -999
IBTr 08W OFELIA    900624 0000 280N 1204E -99 -99 0994 1010 0110 18 011 -999 -999 -999 -999 -999 -999
IBTr 08W OFELIA    900624 0600 297N 1203E -99 -99 0996 1010 0110 20 011 -999 -999 -999 -999 -999 -999
IBTr 08W OFELIA    900624 1200 314N 1200E -99 -99 0996 1010 0110 -9 011 -999 -999 -999 -999 -999 -999
IBTr 08W OFELIA    900624 1800 330N 1201E -99 -99 0996 1010 0110 -9 011 -999 -999 -999 -999 -999 -999
IBTr 08W OFELIA    900625 0000 341N 1211E -99 -99 0996 1010 0110 -9 011 -999 -999 -999 -999 -999 -999
IBTr 08W OFELIA    900625 0600 351N 1223E -99 -99 0996 1010 0110 -9 011 -999 -999 -999 -999 -999 -999
IBTr 08W OFELIA    900625 1200 360N 1236E -99 -99 0996 1010 0110 -9 011 -999 -999 -999 -999 -999 -999
IBTr 08W OFELIA    900625 1800 369N 1252E -99 -99 0996 1010 0110 -9 011 -999 -999 -999 -999 -999 -999
IBTr 08W OFELIA    900626 0000 373N 1270E -99 -99 0998 1010 0110 -9 011 -999 -999 -999 -999 -999 -999
