IBTr 02W LEWIS     900427 0000 37N  1522E -99 -99 -999 1010 0000 07 000 -999 -999 -999 -999 -999 -999
IBTr 02W LEWIS     900427 0600 41N  1521E -99 -99 -999 1010 0000 07 000 -999 -999 -999 -999 -999 -999
IBTr 02W LEWIS     900427 1200 47N  1520E -99 -99 -999 1010 0000 10 000 -999 -999 -999 -999 -999 -999
IBTr 02W LEWIS     900427 1800 53N  1520E -99 -99 -999 1010 0000 10 000 -999 -999 -999 -999 -999 -999
IBTr 02W LEWIS     900428 0000 57N  1520E -99 -99 -999 1010 0000 12 000 -999 -999 -999 -999 -999 -999
IBTr 02W LEWIS     900428 0600 63N  1520E -99 -99 1006 1010 0080 12 008 -999 -999 -999 -999 -999 -999
IBTr 02W LEWIS     900428 1200 71N  1517E -99 -99 1006 1010 0080 15 008 -999 -999 -999 -999 -999 -999
IBTr 02W LEWIS     900428 1800 79N  1511E -99 -99 1004 1010 0090 18 009 -999 -999 -999 -999 -999 -999
IBTr 02W LEWIS     900429 0000 85N  1506E -99 -99 1004 1010 0090 18 009 -999 -999 -999 -999 -999 -999
IBTr 02W LEWIS     900429 0600 94N  1505E -99 -99 1002 1010 0090 18 009 -999 -999 -999 -999 -999 -999
IBTr 02W LEWIS     900429 1200 101N 1506E -99 -99 1000 1010 0100 18 010 -999 -999 -999 -999 -999 -999
IBTr 02W LEWIS     900429 1800 106N 1507E -99 -99 0998 1010 0100 18 010 -999 -999 -999 -999 -999 -999
IBTr 02W LEWIS     900430 0000 110N 1508E -99 -99 0998 1010 0100 18 010 -999 -999 -999 -999 -999 -999
IBTr 02W LEWIS     900430 0600 112N 1509E -99 -99 0998 1010 0100 18 010 -999 -999 -999 -999 -999 -999
IBTr 02W LEWIS     900430 1200 114N 1511E -99 -99 0998 1010 0100 18 010 -999 -999 -999 -999 -999 -999
IBTr 02W LEWIS     900430 1800 116N 1514E -99 -99 0998 1010 0100 18 010 -999 -999 -999 -999 -999 -999
IBTr 02W LEWIS     900501 0000 118N 1517E -99 -99 0998 1010 0100 18 010 -999 -999 -999 -999 -999 -999
IBTr 02W LEWIS     900501 0600 121N 1521E -99 -99 0998 1010 0100 18 010 -999 -999 -999 -999 -999 -999
IBTr 02W LEWIS     900501 1200 126N 1523E -99 -99 0998 1010 0100 18 010 -999 -999 -999 -999 -999 -999
IBTr 02W LEWIS     900501 1800 129N 1523E -99 -99 0998 1010 0100 18 010 -999 -999 -999 -999 -999 -999
IBTr 02W LEWIS     900502 0000 131N 1523E -99 -99 0998 1010 0100 18 010 -999 -999 -999 -999 -999 -999
IBTr 02W LEWIS     900502 0600 134N 1520E -99 -99 0998 1010 0100 18 010 -999 -999 -999 -999 -999 -999
IBTr 02W LEWIS     900502 1200 137N 1517E -99 -99 0998 1010 0100 18 010 -999 -999 -999 -999 -999 -999
IBTr 02W LEWIS     900502 1800 141N 1513E -99 -99 0998 1010 0100 18 010 -999 -999 -999 -999 -999 -999
IBTr 02W LEWIS     900503 0000 144N 1508E -99 -99 0998 1010 0100 18 010 -999 -999 -999 -999 -999 -999
IBTr 02W LEWIS     900503 0600 147N 1502E -99 -99 0998 1010 0100 18 010 -999 -999 -999 -999 -999 -999
IBTr 02W LEWIS     900503 1200 151N 1495E -99 -99 0998 1010 0100 18 010 -999 -999 -999 -999 -999 -999
IBTr 02W LEWIS     900503 1800 154N 1487E -99 -99 1000 1010 0100 12 010 -999 -999 -999 -999 -999 -999
IBTr 02W LEWIS     900504 0000 159N 1481E -99 -99 1004 1010 0090 10 009 -999 -999 -999 -999 -999 -999
IBTr 02W LEWIS     900504 0600 162N 1474E -99 -99 1006 1010 0090 10 009 -999 -999 -999 -999 -999 -999
IBTr 02W LEWIS     900504 1200 165N 1466E -99 -99 -999 1010 0000 10 000 -999 -999 -999 -999 -999 -999
IBTr 02W LEWIS     900504 1800 165N 1456E -99 -99 -999 1010 0000 10 000 -999 -999 -999 -999 -999 -999
IBTr 02W LEWIS     900505 0000 164N 1444E -99 -99 -999 1010 0000 10 000 -999 -999 -999 -999 -999 -999
IBTr 02W LEWIS     900505 0600 164N 1432E -99 -99 -999 1010 0000 10 000 -999 -999 -999 -999 -999 -999
IBTr 02W LEWIS     900505 1200 166N 1420E -99 -99 -999 1010 0000 10 000 -999 -999 -999 -999 -999 -999
IBTr 02W LEWIS     900505 1800 169N 1409E -99 -99 -999 1010 0000 07 000 -999 -999 -999 -999 -999 -999
IBTr 02W LEWIS     900506 0000 173N 1397E -99 -99 -999 1010 0000 07 000 -999 -999 -999 -999 -999 -999
IBTr 02W LEWIS     900506 0600 177N 1384E -99 -99 -999 1010 0000 07 000 -999 -999 -999 -999 -999 -999
IBTr 02W LEWIS     900506 1200 186N 1369E -99 -99 -999 1010 0000 07 000 -999 -999 -999 -999 -999 -999
IBTr 02W LEWIS     900506 1800 190N 1355E -99 -99 -999 1010 0000 07 000 -999 -999 -999 -999 -999 -999
IBTr 02W LEWIS     900507 0000 190N 1342E -99 -99 -999 1010 0000 07 000 -999 -999 -999 -999 -999 -999
