IBTr 02P OFA       900128 0000 97S  1771W -99 -99 -999 1010 0000 -9 000 -999 -999 -999 -999 -999 -999
IBTr 02P OFA       900128 0600 103S 1774W -99 -99 -999 1010 0000 -9 000 -999 -999 -999 -999 -999 -999
IBTr 02P OFA       900128 1200 107S 1782W -99 -99 -999 1010 0000 -9 000 -999 -999 -999 -999 -999 -999
IBTr 02P OFA       900128 1800 104S 1789W -99 -99 -999 1010 0000 -9 000 -999 -999 -999 -999 -999 -999
IBTr 02P OFA       900129 0000 97S  1793W -99 -99 -999 1010 0000 -9 000 -999 -999 -999 -999 -999 -999
IBTr 02P OFA       900129 0600 91S  1794W -99 -99 -999 1010 0000 -9 000 -999 -999 -999 -999 -999 -999
IBTr 02P OFA       900129 1200 86S  1795W -99 -99 -999 1010 0000 -9 000 -999 -999 -999 -999 -999 -999
IBTr 02P OFA       900129 1800 83S  1796W -99 -99 -999 1010 0000 -9 000 -999 -999 -999 -999 -999 -999
IBTr 02P OFA       900130 0000 80S  1798W -99 -99 0997 1010 0100 15 010 -999 -999 -999 -999 -999 -999
IBTr 02P OFA       900130 0600 77S  1797W -99 -99 -999 1010 0000 -9 000 -999 -999 -999 -999 -999 -999
IBTr 02P OFA       900130 1200 75S  1794W -99 -99 0995 1010 0100 18 010 -999 -999 -999 -999 -999 -999
IBTr 02P OFA       900130 1800 76S  1790W -99 -99 -999 1010 0000 -9 000 -999 -999 -999 -999 -999 -999
IBTr 02P OFA       900131 0000 77S  1788W -99 -99 0990 1010 0110 20 011 -999 -999 -999 -999 -999 -999
IBTr 02P OFA       900131 0600 79S  1785W -99 -99 -999 1010 0000 -9 000 -999 -999 -999 -999 -999 -999
IBTr 02P OFA       900131 1200 81S  1782W -99 -99 0987 1010 0110 23 011 -999 -999 -999 -999 -999 -999
IBTr 02P OFA       900131 1800 84S  1779W -99 -99 0985 1010 0110 25 011 -999 -999 -999 -999 -999 -999
IBTr 02P OFA       900201 0000 86S  1775W -99 -99 0985 1010 0110 25 011 -999 -999 -999 -999 -999 -999
IBTr 02P OFA       900201 0600 88S  1770W -99 -99 0980 1010 0120 28 012 -999 -999 -999 -999 -999 -999
IBTr 02P OFA       900201 1200 91S  1766W -99 -99 0980 1010 0120 28 012 -999 -999 -999 -999 -999 -999
IBTr 02P OFA       900201 1800 94S  1761W -99 -99 0975 1010 0120 30 012 -999 -999 -999 -999 -999 -999
IBTr 02P OFA       900202 0000 99S  1754W -99 -99 0970 1010 0130 33 013 -999 -999 -999 -999 -999 -999
IBTr 02P OFA       900202 0600 103S 1750W -99 -99 0970 1010 0130 33 013 -999 -999 -999 -999 -999 -999
IBTr 02P OFA       900202 1200 108S 1745W -99 -99 0965 1010 0130 36 013 -999 -999 -999 -999 -999 -999
IBTr 02P OFA       900202 1800 115S 1742W -99 -99 0960 1010 0130 38 013 -999 -999 -999 -999 -999 -999
IBTr 02P OFA       900203 0000 123S 1740W -99 -99 0960 1010 0130 38 013 -999 -999 -999 -999 -999 -999
IBTr 02P OFA       900203 0600 129S 1739W -99 -99 0955 1010 0130 41 013 -999 -999 -999 -999 -999 -999
IBTr 02P OFA       900203 1200 135S 1738W -99 -99 0945 1010 0130 43 013 -999 -999 -999 -999 -999 -999
IBTr 02P OFA       900203 1800 140S 1737W -99 -99 0940 1010 0120 46 012 -999 -999 -999 -999 -999 -999
IBTr 02P OFA       900204 0000 146S 1735W -99 -99 0940 1010 0120 46 012 -999 -999 -999 -999 -999 -999
IBTr 02P OFA       900204 0600 155S 1728W -99 -99 0930 1010 0110 48 011 -999 -999 -999 -999 -999 -999
IBTr 02P OFA       900204 1200 165S 1720W -99 -99 0925 1010 0110 51 011 -999 -999 -999 -999 -999 -999
IBTr 02P OFA       900204 1800 177S 1713W -99 -99 0925 1010 0110 51 011 -999 -999 -999 -999 -999 -999
IBTr 02P OFA       900205 0000 189S 1706W -99 -99 0925 1010 0110 51 011 -999 -999 -999 -999 -999 -999
IBTr 02P OFA       900205 0600 198S 1698W -99 -99 0925 1010 0110 51 011 -999 -999 -999 -999 -999 -999
IBTr 02P OFA       900205 1200 207S 1692W -99 -99 0930 1010 0110 48 011 -999 -999 -999 -999 -999 -999
IBTr 02P OFA       900205 1800 217S 1688W -99 -99 0940 1010 0130 46 013 -999 -999 -999 -999 -999 -999
IBTr 02P OFA       900206 0000 226S 1686W -99 -99 0945 1010 0130 43 013 -999 -999 -999 -999 -999 -999
IBTr 02P OFA       900206 0600 234S 1685W -99 -99 0945 1010 0130 43 013 -999 -999 -999 -999 -999 -999
IBTr 02P OFA       900206 1200 242S 1687W -99 -99 0955 1010 0140 41 014 -999 -999 -999 -999 -999 -999
IBTr 02P OFA       900206 1800 251S 1691W -99 -99 0965 1010 0140 36 014 -999 -999 -999 -999 -999 -999
IBTr 02P OFA       900207 0000 258S 1695W -99 -99 0970 1010 0140 33 014 -999 -999 -999 -999 -999 -999
IBTr 02P OFA       900207 0600 266S 1699W -99 -99 0975 1010 0130 30 013 -999 -999 -999 -999 -999 -999
IBTr 02P OFA       900207 1200 273S 1703W -99 -99 0980 1010 0130 28 013 -999 -999 -999 -999 -999 -999
IBTr 02P OFA       900207 1800 281S 1708W -99 -99 0980 1010 0130 28 013 -999 -999 -999 -999 -999 -999
IBTr 02P OFA       900208 0000 288S 1712W -99 -99 0985 1010 0120 25 012 -999 -999 -999 -999 -999 -999
IBTr 02P OFA       900208 0600 296S 1716W -99 -99 0987 1010 0120 23 012 -999 -999 -999 -999 -999 -999
IBTr 02P OFA       900208 1200 303S 1719W -99 -99 0990 1010 0120 20 012 -999 -999 -999 -999 -999 -999
IBTr 02P OFA       900208 1800 308S 1723W -99 -99 0995 1010 0110 18 011 -999 -999 -999 -999 -999 -999
IBTr 02P OFA       900209 0000 312S 1723W -99 -99 0995 1010 0110 18 011 -999 -999 -999 -999 -999 -999
IBTr 02P OFA       900209 0600 314S 1724W -99 -99 -999 1010 0000 -9 000 -999 -999 -999 -999 -999 -999
IBTr 02P OFA       900209 1200 316S 1725W -99 -99 0995 1010 0110 18 011 -999 -999 -999 -999 -999 -999
IBTr 02P OFA       900209 1800 319S 1725W -99 -99 0995 1010 0110 18 011 -999 -999 -999 -999 -999 -999
IBTr 02P OFA       900210 0000 315S 1726W -99 -99 0997 1010 0110 15 011 -999 -999 -999 -999 -999 -999
IBTr 02P OFA       900210 0600 314S 1721W -99 -99 0997 1010 0110 15 011 -999 -999 -999 -999 -999 -999
IBTr 02P OFA       900210 1200 317S 1716W -99 -99 0999 1010 0110 12 011 -999 -999 -999 -999 -999 -999
IBTr 02P OFA       900210 1800 320S 1713W -99 -99 1000 1010 0100 12 010 -999 -999 -999 -999 -999 -999
