IBTr 01P NANCY     900127 0000 176S 1564E -99 -99 -999 1010 0000 -9 000 -999 -999 -999 -999 -999 -999
IBTr 01P NANCY     900127 0600 179S 1561E -99 -99 -999 1010 0000 -9 000 -999 -999 -999 -999 -999 -999
IBTr 01P NANCY     900127 1200 182S 1558E -99 -99 -999 1010 0000 -9 000 -999 -999 -999 -999 -999 -999
IBTr 01P NANCY     900127 1800 185S 1555E -99 -99 -999 1010 0000 -9 000 -999 -999 -999 -999 -999 -999
IBTr 01P NANCY     900128 0000 186S 1552E -99 -99 -999 1010 0000 -9 000 -999 -999 -999 -999 -999 -999
IBTr 01P NANCY     900128 0600 185S 1549E -99 -99 1000 1010 0100 06 010 -999 -999 -999 -999 -999 -999
IBTr 01P NANCY     900128 1200 183S 1544E -99 -99 1000 1010 0100 06 010 -999 -999 -999 -999 -999 -999
IBTr 01P NANCY     900128 1800 178S 1539E -99 -99 0999 1010 0100 09 010 -999 -999 -999 -999 -999 -999
IBTr 01P NANCY     900129 0000 173S 1532E -99 -99 0998 1010 0100 14 010 -999 -999 -999 -999 -999 -999
IBTr 01P NANCY     900129 0600 167S 1525E -99 -99 0995 1010 0110 16 011 -999 -999 -999 -999 -999 -999
IBTr 01P NANCY     900129 1200 159S 1523E -99 -99 0995 1010 0100 16 010 -999 -999 -999 -999 -999 -999
IBTr 01P NANCY     900129 1800 151S 1528E -99 -99 0995 1010 0100 16 010 -999 -999 -999 -999 -999 -999
IBTr 01P NANCY     900130 0000 148S 1539E -99 -99 0995 1010 0100 16 010 -999 -999 -999 -999 -999 -999
IBTr 01P NANCY     900130 0600 147S 1552E -99 -99 0995 1010 0100 18 010 -999 -999 -999 -999 -999 -999
IBTr 01P NANCY     900130 1200 149S 1568E -99 -99 0991 1010 0110 19 011 -999 -999 -999 -999 -999 -999
IBTr 01P NANCY     900130 1800 155S 1583E -99 -99 0991 1010 0110 19 011 -999 -999 -999 -999 -999 -999
IBTr 01P NANCY     900131 0000 165S 1596E -99 -99 0990 1010 0110 21 011 -999 -999 -999 -999 -999 -999
IBTr 01P NANCY     900131 0600 178S 1604E -99 -99 0990 1010 0110 20 011 -999 -999 -999 -999 -999 -999
IBTr 01P NANCY     900131 1200 195S 1608E -99 -99 0990 1010 0110 20 011 -999 -999 -999 -999 -999 -999
IBTr 01P NANCY     900131 1800 211S 1606E -99 -99 0987 1010 0120 23 012 -999 -999 -999 -999 -999 -999
IBTr 01P NANCY     900201 0000 228S 1597E -99 -99 0980 1010 0130 26 013 -999 -999 -999 -999 -999 -999
IBTr 01P NANCY     900201 0600 243S 1575E -99 -99 0975 1010 0130 27 013 -999 -999 -999 -999 -999 -999
IBTr 01P NANCY     900201 1200 248S 1560E -99 -99 0980 1010 0130 25 013 -999 -999 -999 -999 -999 -999
IBTr 01P NANCY     900201 1800 251S 1550E -99 -99 0985 1010 0120 22 012 -999 -999 -999 -999 -999 -999
IBTr 01P NANCY     900202 0000 259S 1546E -99 -99 0985 1010 0120 22 012 -999 -999 -999 -999 -999 -999
IBTr 01P NANCY     900202 0600 267S 1542E -99 -99 0980 1010 0130 21 013 -999 -999 -999 -999 -999 -999
IBTr 01P NANCY     900202 1200 272S 1538E -99 -99 0980 1010 0130 21 013 -999 -999 -999 -999 -999 -999
IBTr 01P NANCY     900202 1800 279S 1537E -99 -99 0980 1010 0130 19 013 -999 -999 -999 -999 -999 -999
IBTr 01P NANCY     900203 0000 283S 1537E -99 -99 0980 1010 0130 19 013 -999 -999 -999 -999 -999 -999
IBTr 01P NANCY     900203 0600 292S 1538E -99 -99 0980 1010 0130 18 013 -999 -999 -999 -999 -999 -999
IBTr 01P NANCY     900203 1200 299S 1538E -99 -99 0985 1010 0120 16 012 -999 -999 -999 -999 -999 -999
IBTr 01P NANCY     900203 1800 307S 1539E -99 -99 0986 1010 0120 14 012 -999 -999 -999 -999 -999 -999
IBTr 01P NANCY     900204 0000 318S 1542E -99 -99 0989 1010 0120 13 012 -999 -999 -999 -999 -999 -999
IBTr 01P NANCY     900204 0600 332S 1549E -99 -99 0990 1010 0120 10 012 -999 -999 -999 -999 -999 -999
IBTr 01P NANCY     900204 1200 345S 1560E -99 -99 0995 1010 0110 08 011 -999 -999 -999 -999 -999 -999
IBTr 01P NANCY     900204 1800 373S 1550E -99 -99 -999 1010 0000 -9 000 -999 -999 -999 -999 -999 -999
IBTr 01P NANCY     900205 0000 400S 1550E -99 -99 -999 1010 0000 -9 000 -999 -999 -999 -999 -999 -999
IBTr 01P NANCY     900205 0600 412S 1548E -99 -99 -999 1010 0000 -9 000 -999 -999 -999 -999 -999 -999
IBTr 01P NANCY     900205 1200 415S 1550E -99 -99 -999 1010 0000 -9 000 -999 -999 -999 -999 -999 -999
IBTr 01P NANCY     900205 1800 416S 1552E -99 -99 -999 1010 0000 -9 000 -999 -999 -999 -999 -999 -999
IBTr 01P NANCY     900206 0000 418S 1567E -99 -99 -999 1010 0000 -9 000 -999 -999 -999 -999 -999 -999
IBTr 01P NANCY     900206 0600 424S 1600E -99 -99 0997 1010 0110 15 011 -999 -999 -999 -999 -999 -999
IBTr 01P NANCY     900206 1200 425S 1621E -99 -99 0997 1010 0110 15 011 -999 -999 -999 -999 -999 -999
IBTr 01P NANCY     900206 1800 425S 1640E -99 -99 0997 1010 0110 15 011 -999 -999 -999 -999 -999 -999
IBTr 01P NANCY     900207 0000 422S 1662E -99 -99 0997 1010 0110 15 011 -999 -999 -999 -999 -999 -999
IBTr 01P NANCY     900207 0600 418S 1680E -99 -99 0998 1010 0110 12 011 -999 -999 -999 -999 -999 -999
IBTr 01P NANCY     900207 1200 414S 1690E -99 -99 0999 1010 0110 12 011 -999 -999 -999 -999 -999 -999
IBTr 01P NANCY     900207 1800 410S 1700E -99 -99 1000 1010 0110 12 011 -999 -999 -999 -999 -999 -999
IBTr 01P NANCY     900208 0000 400S 1709E -99 -99 1000 1010 0110 12 011 -999 -999 -999 -999 -999 -999
