IBTr 07W TD0614    900613 0000 140N 1120E -99 -99 -999 1010 0000 -9 000 -999 -999 -999 -999 -999 -999
IBTr 07W TD0614    900613 0600 138N 1121E -99 -99 -999 1010 0000 07 000 -999 -999 -999 -999 -999 -999
IBTr 07W TD0614    900613 1200 138N 1125E -99 -99 -999 1010 0000 10 000 -999 -999 -999 -999 -999 -999
IBTr 07W TD0614    900613 1800 138N 1130E -99 -99 -999 1010 0000 10 000 -999 -999 -999 -999 -999 -999
IBTr 07W TD0614    900614 0000 141N 1131E -99 -99 -999 1010 0000 12 000 -999 -999 -999 -999 -999 -999
IBTr 07W TD0614    900614 0600 142N 1128E -99 -99 -999 1010 0000 15 000 -999 -999 -999 -999 -999 -999
IBTr 07W TD0614    900614 1200 140N 1123E -99 -99 -999 1010 0000 15 000 -999 -999 -999 -999 -999 -999
IBTr 07W TD0614    900614 1800 139N 1119E -99 -99 -999 1010 0000 15 000 -999 -999 -999 -999 -999 -999
IBTr 07W TD0614    900615 0000 140N 1116E -99 -99 -999 1010 0000 15 000 -999 -999 -999 -999 -999 -999
IBTr 07W TD0614    900615 0600 140N 1115E -99 -99 -999 1010 0000 15 000 -999 -999 -999 -999 -999 -999
IBTr 07W TD0614    900615 1200 141N 1116E -99 -99 -999 1010 0000 12 000 -999 -999 -999 -999 -999 -999
IBTr 07W TD0614    900615 1800 145N 1119E -99 -99 -999 1010 0000 12 000 -999 -999 -999 -999 -999 -999
IBTr 07W TD0614    900616 0000 158N 1139E -99 -99 -999 1010 0000 10 000 -999 -999 -999 -999 -999 -999
IBTr 07W TD0614    900616 0600 172N 1146E -99 -99 -999 1010 0000 10 000 -999 -999 -999 -999 -999 -999
