IBTr 07P FELICITY  891214 0000 144S 1354E -99 -99 1000 1010 0100 08 010 -999 -999 -999 -999 -999 -999
IBTr 07P FELICITY  891214 0600 147S 1361E -99 -99 0995 1010 0100 10 010 -999 -999 -999 -999 -999 -999
IBTr 07P FELICITY  891214 1200 151S 1370E -99 -99 0995 1010 0100 13 010 -999 -999 -999 -999 -999 -999
IBTr 07P FELICITY  891214 1800 155S 1379E -99 -99 0995 1010 0100 16 010 -999 -999 -999 -999 -999 -999
IBTr 07P FELICITY  891215 0000 158S 1391E -99 -99 0985 1010 0120 19 012 -999 -999 -999 -999 -999 -999
IBTr 07P FELICITY  891215 0600 162S 1405E -99 -99 0975 1010 0130 25 013 -999 -999 -999 -999 -999 -999
IBTr 07P FELICITY  891215 1200 166S 1416E -99 -99 0985 1010 0120 22 012 -999 -999 -999 -999 -999 -999
IBTr 07P FELICITY  891215 1800 171S 1427E -99 -99 1000 1010 0100 14 010 -999 -999 -999 -999 -999 -999
IBTr 07P FELICITY  891216 0000 173S 1439E -99 -99 1000 1010 0100 13 010 -999 -999 -999 -999 -999 -999
IBTr 07P FELICITY  891216 0600 173S 1456E -99 -99 0999 1010 0100 10 010 -999 -999 -999 -999 -999 -999
IBTr 07P FELICITY  891216 1200 172S 1472E -99 -99 -999 1010 0000 -9 000 -999 -999 -999 -999 -999 -999
IBTr 07P FELICITY  891216 1800 170S 1485E -99 -99 0997 1010 0100 12 010 -999 -999 -999 -999 -999 -999
IBTr 07P FELICITY  891217 0000 167S 1492E -99 -99 0993 1010 0110 16 011 -999 -999 -999 -999 -999 -999
IBTr 07P FELICITY  891217 0600 163S 1501E -99 -99 0992 1010 0110 16 011 -999 -999 -999 -999 -999 -999
IBTr 07P FELICITY  891217 1200 160S 1509E -99 -99 0994 1010 0110 12 011 -999 -999 -999 -999 -999 -999
IBTr 07P FELICITY  891217 1800 155S 1521E -99 -99 0995 1010 0100 10 010 -999 -999 -999 -999 -999 -999
IBTr 07P FELICITY  891218 0000 153S 1536E -99 -99 0995 1010 0100 10 010 -999 -999 -999 -999 -999 -999
IBTr 07P FELICITY  891218 0600 157S 1550E -99 -99 0995 1010 0100 10 010 -999 -999 -999 -999 -999 -999
IBTr 07P FELICITY  891218 1200 163S 1562E -99 -99 0995 1010 0110 10 011 -999 -999 -999 -999 -999 -999
IBTr 07P FELICITY  891218 1800 169S 1575E -99 -99 0995 1010 0110 10 011 -999 -999 -999 -999 -999 -999
IBTr 07P FELICITY  891219 0000 176S 1587E -99 -99 0995 1010 0110 10 011 -999 -999 -999 -999 -999 -999
IBTr 07P FELICITY  891219 0600 188S 1595E -99 -99 0995 1010 0110 10 011 -999 -999 -999 -999 -999 -999
IBTr 07P FELICITY  891219 1200 198S 1603E -99 -99 0990 1010 0110 20 011 -999 -999 -999 -999 -999 -999
IBTr 07P FELICITY  891219 1800 210S 1608E -99 -99 0995 1010 0110 18 011 -999 -999 -999 -999 -999 -999
IBTr 07P FELICITY  891220 0000 221S 1611E -99 -99 0997 1010 0100 15 010 -999 -999 -999 -999 -999 -999
IBTr 07P FELICITY  891220 0600 231S 1615E -99 -99 0997 1010 0100 15 010 -999 -999 -999 -999 -999 -999
IBTr 07P FELICITY  891220 1200 240S 1620E -99 -99 0997 1010 0110 15 011 -999 -999 -999 -999 -999 -999
IBTr 07P FELICITY  891220 1800 253S 1627E -99 -99 0997 1010 0110 15 011 -999 -999 -999 -999 -999 -999
IBTr 07P FELICITY  891221 0000 270S 1640E -99 -99 0997 1010 0110 15 011 -999 -999 -999 -999 -999 -999
IBTr 07P FELICITY  891221 0600 280S 1651E -99 -99 0997 1010 0110 15 011 -999 -999 -999 -999 -999 -999
IBTr 07P FELICITY  891221 1200 288S 1662E -99 -99 0997 1010 0110 15 011 -999 -999 -999 -999 -999 -999
IBTr 07P FELICITY  891221 1800 297S 1675E -99 -99 0997 1010 0110 15 011 -999 -999 -999 -999 -999 -999
IBTr 07P FELICITY  891222 0000 303S 1691E -99 -99 1000 1010 0100 12 010 -999 -999 -999 -999 -999 -999
IBTr 07P IVOR      900314 0600 130S 1700E -99 -99 -999 1010 0000 -9 000 -999 -999 -999 -999 -999 -999
IBTr 07P IVOR      900314 1200 134S 1688E -99 -99 -999 1010 0000 -9 000 -999 -999 -999 -999 -999 -999
IBTr 07P IVOR      900314 1800 141S 1676E -99 -99 -999 1010 0000 -9 000 -999 -999 -999 -999 -999 -999
IBTr 07P IVOR      900315 0000 145S 1665E -99 -99 -999 1010 0000 -9 000 -999 -999 -999 -999 -999 -999
IBTr 07P IVOR      900315 0600 151S 1650E -99 -99 -999 1010 0000 -9 000 -999 -999 -999 -999 -999 -999
IBTr 07P IVOR      900315 1200 155S 1638E -99 -99 -999 1010 0000 -9 000 -999 -999 -999 -999 -999 -999
IBTr 07P IVOR      900315 1800 165S 1623E -99 -99 -999 1010 0000 -9 000 -999 -999 -999 -999 -999 -999
IBTr 07P IVOR      900316 0000 166S 1607E -99 -99 -999 1010 0000 -9 000 -999 -999 -999 -999 -999 -999
IBTr 07P IVOR      900316 0600 169S 1585E -99 -99 0995 1010 0110 13 011 -999 -999 -999 -999 -999 -999
IBTr 07P IVOR      900316 1200 168S 1568E -99 -99 0992 1010 0110 18 011 -999 -999 -999 -999 -999 -999
IBTr 07P IVOR      900316 1800 166S 1551E -99 -99 0992 1010 0110 19 011 -999 -999 -999 -999 -999 -999
IBTr 07P IVOR      900317 0000 163S 1535E -99 -99 0990 1010 0110 21 011 -999 -999 -999 -999 -999 -999
IBTr 07P IVOR      900317 0600 156S 1519E -99 -99 0990 1010 0110 22 011 -999 -999 -999 -999 -999 -999
IBTr 07P IVOR      900317 1200 147S 1507E -99 -99 0984 1010 0120 25 012 -999 -999 -999 -999 -999 -999
IBTr 07P IVOR      900317 1800 143S 1498E -99 -99 0980 1010 0120 27 012 -999 -999 -999 -999 -999 -999
IBTr 07P IVOR      900318 0000 140S 1487E -99 -99 0976 1010 0130 30 013 -999 -999 -999 -999 -999 -999
IBTr 07P IVOR      900318 0600 139S 1478E -99 -99 0971 1010 0130 31 013 -999 -999 -999 -999 -999 -999
IBTr 07P IVOR      900318 1200 137S 1472E -99 -99 0969 1010 0130 32 013 -999 -999 -999 -999 -999 -999
IBTr 07P IVOR      900318 1800 138S 1464E -99 -99 0966 1010 0130 36 013 -999 -999 -999 -999 -999 -999
IBTr 07P IVOR      900319 0000 140S 1457E -99 -99 0965 1010 0130 36 013 -999 -999 -999 -999 -999 -999
IBTr 07P IVOR      900319 0600 140S 1448E -99 -99 0970 1010 0130 32 013 -999 -999 -999 -999 -999 -999
IBTr 07P IVOR      900319 1200 140S 1439E -99 -99 0980 1010 0120 27 012 -999 -999 -999 -999 -999 -999
IBTr 07P IVOR      900319 1800 140S 1431E -99 -99 0983 1010 0120 26 012 -999 -999 -999 -999 -999 -999
IBTr 07P IVOR      900320 0000 139S 1425E -99 -99 0986 1010 0120 25 012 -999 -999 -999 -999 -999 -999
IBTr 07P IVOR      900320 0600 139S 1420E -99 -99 0988 1010 0110 24 011 -999 -999 -999 -999 -999 -999
IBTr 07P IVOR      900320 1200 140S 1417E -99 -99 0988 1010 0110 24 011 -999 -999 -999 -999 -999 -999
IBTr 07P IVOR      900320 1800 141S 1415E -99 -99 0986 1010 0120 25 012 -999 -999 -999 -999 -999 -999
IBTr 07P IVOR      900321 0000 143S 1415E -99 -99 0984 1010 0120 26 012 -999 -999 -999 -999 -999 -999
IBTr 07P IVOR      900321 0600 146S 1415E -99 -99 0988 1010 0110 24 011 -999 -999 -999 -999 -999 -999
IBTr 07P IVOR      900321 1200 148S 1417E -99 -99 0992 1010 0110 21 011 -999 -999 -999 -999 -999 -999
IBTr 07P IVOR      900321 1800 151S 1421E -99 -99 0994 1010 0110 18 011 -999 -999 -999 -999 -999 -999
IBTr 07P IVOR      900322 0000 155S 1426E -99 -99 1000 1010 0100 14 010 -999 -999 -999 -999 -999 -999
IBTr 07P IVOR      900322 0600 159S 1435E -99 -99 0998 1010 0100 16 010 -999 -999 -999 -999 -999 -999
IBTr 07P IVOR      900322 1200 162S 1441E -99 -99 0999 1010 0100 14 010 -999 -999 -999 -999 -999 -999
IBTr 07P IVOR      900322 1800 165S 1446E -99 -99 0999 1010 0100 14 010 -999 -999 -999 -999 -999 -999
IBTr 07P IVOR      900323 0000 169S 1451E -99 -99 1001 1010 0100 12 010 -999 -999 -999 -999 -999 -999
IBTr 07P IVOR      900323 0600 170S 1452E -99 -99 0999 1010 0100 13 010 -999 -999 -999 -999 -999 -999
IBTr 07P IVOR      900323 1200 171S 1458E -99 -99 1001 1010 0100 10 010 -999 -999 -999 -999 -999 -999
IBTr 07P IVOR      900323 1800 173S 1463E -99 -99 0999 1010 0100 10 010 -999 -999 -999 -999 -999 -999
IBTr 07P IVOR      900324 0000 180S 1464E -99 -99 1000 1010 0100 10 010 -999 -999 -999 -999 -999 -999
IBTr 07P IVOR      900324 0600 188S 1467E -99 -99 1000 1010 0100 10 010 -999 -999 -999 -999 -999 -999
IBTr 07P IVOR      900324 1200 196S 1472E -99 -99 1002 1010 0100 09 010 -999 -999 -999 -999 -999 -999
IBTr 07P IVOR      900324 1800 200S 1478E -99 -99 1002 1010 0100 09 010 -999 -999 -999 -999 -999 -999
IBTr 07P IVOR      900325 0000 207S 1481E -99 -99 1005 1010 0090 08 009 -999 -999 -999 -999 -999 -999
IBTr 07P IVOR      900325 0600 209S 1488E -99 -99 1005 1010 0090 08 009 -999 -999 -999 -999 -999 -999
IBTr 07P IVOR      900325 1200 206S 1496E -99 -99 1006 1010 0090 08 009 -999 -999 -999 -999 -999 -999
IBTr 07P IVOR      900325 1800 210S 1499E -99 -99 1006 1010 0090 08 009 -999 -999 -999 -999 -999 -999
IBTr 07P IVOR      900326 0000 216S 1493E -99 -99 1008 1010 0090 06 009 -999 -999 -999 -999 -999 -999
IBTr 07P IVOR      900326 0600 220S 1479E -99 -99 1008 1010 0090 06 009 -999 -999 -999 -999 -999 -999
IBTr 07P IVOR      900326 1200 219S 1468E -99 -99 1008 1010 0090 03 009 -999 -999 -999 -999 -999 -999
