IBTr 02B NOTNAMED  900503 1200 91N  0881E -99 -99 -999 1010 0000 -9 000 -999 -999 -999 -999 -999 -999
IBTr 02B NOTNAMED  900503 1800 92N  0877E -99 -99 -999 1010 0000 -9 000 -999 -999 -999 -999 -999 -999
IBTr 02B NOTNAMED  900504 0000 90N  0873E -99 -99 1006 1010 0090 08 009 -999 -999 -999 -999 -999 -999
IBTr 02B NOTNAMED  900504 0600 89N  0869E -99 -99 1002 1010 0090 12 009 -999 -999 -999 -999 -999 -999
IBTr 02B NOTNAMED  900504 1200 92N  0866E -99 -99 1000 1010 0090 12 009 -999 -999 -999 -999 -999 -999
IBTr 02B NOTNAMED  900504 1800 93N  0859E -99 -99 1002 1010 0090 12 009 -999 -999 -999 -999 -999 -999
IBTr 02B NOTNAMED  900505 0000 96N  0854E -99 -99 0998 1010 0100 15 010 -999 -999 -999 -999 -999 -999
IBTr 02B NOTNAMED  900505 0600 98N  0849E -99 -99 0999 1010 0100 18 010 -999 -999 -999 -999 -999 -999
IBTr 02B NOTNAMED  900505 1200 100N 0846E -99 -99 0994 1010 0100 23 010 -999 -999 -999 -999 -999 -999
IBTr 02B NOTNAMED  900505 1800 102N 0840E -99 -99 0991 1010 0110 28 011 -999 -999 -999 -999 -999 -999
IBTr 02B NOTNAMED  900506 0000 102N 0835E -99 -99 0991 1010 0110 28 011 -999 -999 -999 -999 -999 -999
IBTr 02B NOTNAMED  900506 0600 101N 0832E -99 -99 0976 1010 0120 39 012 -999 -999 -999 -999 -999 -999
IBTr 02B NOTNAMED  900506 1200 103N 0829E -99 -99 0976 1010 0120 39 012 -999 -999 -999 -999 -999 -999
IBTr 02B NOTNAMED  900506 1800 104N 0825E -99 -99 0976 1010 0120 39 012 -999 -999 -999 -999 -999 -999
IBTr 02B NOTNAMED  900507 0000 110N 0823E -99 -99 0964 1010 0130 46 013 -999 -999 -999 -999 -999 -999
IBTr 02B NOTNAMED  900507 0600 111N 0819E -99 -99 0940 1010 0120 59 012 -999 -999 -999 -999 -999 -999
IBTr 02B NOTNAMED  900507 1200 114N 0818E -99 -99 0938 1010 0120 59 012 -999 -999 -999 -999 -999 -999
IBTr 02B NOTNAMED  900507 1800 121N 0818E -99 -99 0950 1010 0130 52 013 -999 -999 -999 -999 -999 -999
IBTr 02B NOTNAMED  900508 0000 130N 0818E -99 -99 0924 1010 0100 65 010 -999 -999 -999 -999 -999 -999
IBTr 02B NOTNAMED  900508 0600 135N 0815E -99 -99 0924 1010 0100 65 010 -999 -999 -999 -999 -999 -999
IBTr 02B NOTNAMED  900508 1200 140N 0812E -99 -99 0920 1010 0100 65 010 -999 -999 -999 -999 -999 -999
IBTr 02B NOTNAMED  900508 1800 145N 0809E -99 -99 0950 1010 0130 52 013 -999 -999 -999 -999 -999 -999
IBTr 02B NOTNAMED  900509 0000 150N 0810E -99 -99 0960 1010 0130 46 013 -999 -999 -999 -999 -999 -999
IBTr 02B NOTNAMED  900509 0600 153N 0809E -99 -99 0960 1010 0130 46 013 -999 -999 -999 -999 -999 -999
IBTr 02B NOTNAMED  900509 1200 157N 0809E -99 -99 0956 1010 0130 46 013 -999 -999 -999 -999 -999 -999
IBTr 02B NOTNAMED  900509 1800 160N 0806E -99 -99 0000 1010 0000 33 000 -999 -999 -999 -999 -999 -999
IBTr 02B NOTNAMED  900510 0000 165N 0801E -99 -99 0000 1010 0000 33 000 -999 -999 -999 -999 -999 -999
IBTr 02B NOTNAMED  900510 0600 170N 0798E -99 -99 0000 1010 0000 24 000 -999 -999 -999 -999 -999 -999
IBTr 02B NOTNAMED  900510 1200 180N 0796E -99 -99 0000 1010 0000 13 000 -999 -999 -999 -999 -999 -999
IBTr 02B NOTNAMED  900510 1800 192N 0797E -99 -99 -999 1010 0000 -9 000 -999 -999 -999 -999 -999 -999
IBTr 02B NOTNAMED  900511 0000 204N 0798E -99 -99 -999 1010 0000 -9 000 -999 -999 -999 -999 -999 -999
IBTr 02B NOTNAMED  900511 0600 214N 0801E -99 -99 -999 1010 0000 -9 000 -999 -999 -999 -999 -999 -999
