IBTr 02E BORIS     900602 1800 107N 1003W -99 -99 1010 1010 0080 12 008 -999 -999 -999 -999 -999 -999
IBTr 02E BORIS     900603 0000 119N 1014W -99 -99 1010 1010 0080 12 008 -999 -999 -999 -999 -999 -999
IBTr 02E BORIS     900603 0600 128N 1028W -99 -99 1009 1010 0080 12 008 -999 -999 -999 -999 -999 -999
IBTr 02E BORIS     900603 1200 131N 1047W -99 -99 1008 1010 0080 15 008 -999 -999 -999 -999 -999 -999
IBTr 02E BORIS     900603 1800 131N 1068W -99 -99 1007 1010 0090 15 009 -999 -999 -999 -999 -999 -999
IBTr 02E BORIS     900604 0000 131N 1088W -99 -99 1005 1010 0090 18 009 -999 -999 -999 -999 -999 -999
IBTr 02E BORIS     900604 0600 133N 1101W -99 -99 1000 1010 0100 23 010 -999 -999 -999 -999 -999 -999
IBTr 02E BORIS     900604 1200 134N 1110W -99 -99 0995 1010 0100 25 010 -999 -999 -999 -999 -999 -999
IBTr 02E BORIS     900604 1800 138N 1116W -99 -99 0992 1010 0110 30 011 -999 -999 -999 -999 -999 -999
IBTr 02E BORIS     900605 0000 146N 1121W -99 -99 0987 1010 0120 33 012 -999 -999 -999 -999 -999 -999
IBTr 02E BORIS     900605 0600 156N 1128W -99 -99 0981 1010 0120 38 012 -999 -999 -999 -999 -999 -999
IBTr 02E BORIS     900605 1200 167N 1134W -99 -99 0977 1010 0130 41 013 -999 -999 -999 -999 -999 -999
IBTr 02E BORIS     900605 1800 177N 1140W -99 -99 0978 1010 0130 41 013 -999 -999 -999 -999 -999 -999
IBTr 02E BORIS     900606 0000 186N 1144W -99 -99 0979 1010 0130 38 013 -999 -999 -999 -999 -999 -999
IBTr 02E BORIS     900606 0600 195N 1149W -99 -99 0980 1010 0130 36 013 -999 -999 -999 -999 -999 -999
IBTr 02E BORIS     900606 1200 202N 1152W -99 -99 0985 1010 0120 30 012 -999 -999 -999 -999 -999 -999
IBTr 02E BORIS     900606 1800 208N 1155W -99 -99 0995 1010 0110 28 011 -999 -999 -999 -999 -999 -999
IBTr 02E BORIS     900607 0000 214N 1158W -99 -99 1000 1010 0100 23 010 -999 -999 -999 -999 -999 -999
IBTr 02E BORIS     900607 0600 220N 1158W -99 -99 1006 1010 0090 15 009 -999 -999 -999 -999 -999 -999
IBTr 02E BORIS     900607 1200 226N 1158W -99 -99 1007 1010 0090 15 009 -999 -999 -999 -999 -999 -999
IBTr 02E BORIS     900607 1800 232N 1157W -99 -99 1008 1010 0090 12 009 -999 -999 -999 -999 -999 -999
IBTr 02E BORIS     900608 0000 237N 1159W -99 -99 1009 1010 0090 12 009 -999 -999 -999 -999 -999 -999
IBTr 02E BORIS     900608 0600 241N 1162W -99 -99 1010 1010 0080 10 008 -999 -999 -999 -999 -999 -999
IBTr 02E BORIS     900608 1200 244N 1167W -99 -99 1010 1010 0080 10 008 -999 -999 -999 -999 -999 -999
