IBTr 04B NOTNAMED  900814 0600 190N 0880E -99 -99 0996 1010 0100 08 010 -999 -999 -999 -999 -999 -999
IBTr 04B NOTNAMED  900814 1200 190N 0875E -99 -99 0994 1010 0110 13 011 -999 -999 -999 -999 -999 -999
IBTr 04B NOTNAMED  900814 1800 190N 0865E -99 -99 0994 1010 0110 13 011 -999 -999 -999 -999 -999 -999
IBTr 04B NOTNAMED  900815 0000 190N 0860E -99 -99 0993 1010 0110 13 011 -999 -999 -999 -999 -999 -999
IBTr 04B NOTNAMED  900815 0600 195N 0850E -99 -99 0995 1010 0110 13 011 -999 -999 -999 -999 -999 -999
IBTr 04B NOTNAMED  900815 1200 205N 0835E -99 -99 0995 1010 0110 13 011 -999 -999 -999 -999 -999 -999
IBTr 04B NOTNAMED  900815 1800 215N 0825E -99 -99 0995 1010 0110 13 011 -999 -999 -999 -999 -999 -999
IBTr 04B NOTNAMED  900816 0000 215N 0815E -99 -99 0995 1010 0110 13 011 -999 -999 -999 -999 -999 -999
IBTr 04B NOTNAMED  900816 0600 220N 0805E -99 -99 0996 1010 0110 13 011 -999 -999 -999 -999 -999 -999
IBTr 04B NOTNAMED  900816 1200 220N 0790E -99 -99 0995 1010 0110 13 011 -999 -999 -999 -999 -999 -999
