IBTr 04E DOUGLAS   900619 0000 135N 1000W -99 -99 1011 1011 0080 12 008 -999 -999 -999 -999 -999 -999
IBTr 04E DOUGLAS   900619 0600 137N 1006W -99 -99 1010 1010 0080 12 008 -999 -999 -999 -999 -999 -999
IBTr 04E DOUGLAS   900619 1200 139N 1012W -99 -99 1008 1010 0080 15 008 -999 -999 -999 -999 -999 -999
IBTr 04E DOUGLAS   900619 1800 142N 1018W -99 -99 1005 1010 0090 18 009 -999 -999 -999 -999 -999 -999
IBTr 04E DOUGLAS   900620 0000 146N 1023W -99 -99 1003 1010 0090 20 009 -999 -999 -999 -999 -999 -999
IBTr 04E DOUGLAS   900620 0600 150N 1027W -99 -99 1000 1010 0100 23 010 -999 -999 -999 -999 -999 -999
IBTr 04E DOUGLAS   900620 1200 155N 1031W -99 -99 0998 1010 0100 25 010 -999 -999 -999 -999 -999 -999
IBTr 04E DOUGLAS   900620 1800 161N 1034W -99 -99 0995 1010 0110 25 011 -999 -999 -999 -999 -999 -999
IBTr 04E DOUGLAS   900621 0000 167N 1037W -99 -99 0994 1010 0110 28 011 -999 -999 -999 -999 -999 -999
IBTr 04E DOUGLAS   900621 0600 172N 1040W -99 -99 0993 1010 0110 28 011 -999 -999 -999 -999 -999 -999
IBTr 04E DOUGLAS   900621 1200 178N 1042W -99 -99 0992 1010 0110 28 011 -999 -999 -999 -999 -999 -999
IBTr 04E DOUGLAS   900621 1800 183N 1045W -99 -99 0992 1010 0110 28 011 -999 -999 -999 -999 -999 -999
IBTr 04E DOUGLAS   900622 0000 188N 1049W -99 -99 0993 1010 0110 28 011 -999 -999 -999 -999 -999 -999
IBTr 04E DOUGLAS   900622 0600 193N 1053W -99 -99 0995 1010 0110 25 011 -999 -999 -999 -999 -999 -999
IBTr 04E DOUGLAS   900622 1200 197N 1057W -99 -99 0997 1010 0100 23 010 -999 -999 -999 -999 -999 -999
IBTr 04E DOUGLAS   900622 1800 201N 1062W -99 -99 1000 1010 0100 20 010 -999 -999 -999 -999 -999 -999
IBTr 04E DOUGLAS   900623 0000 204N 1067W -99 -99 1002 1010 0100 18 010 -999 -999 -999 -999 -999 -999
IBTr 04E DOUGLAS   900623 0600 206N 1073W -99 -99 1005 1010 0090 18 009 -999 -999 -999 -999 -999 -999
IBTr 04E DOUGLAS   900623 1200 208N 1080W -99 -99 1007 1010 0090 15 009 -999 -999 -999 -999 -999 -999
IBTr 04E DOUGLAS   900623 1800 209N 1087W -99 -99 1009 1010 0080 15 008 -999 -999 -999 -999 -999 -999
