IBTr 09E HERNAN    900719 1200 120N 1065W -99 -99 1012 1012 0080 12 008 -999 -999 -999 -999 -999 -999
IBTr 09E HERNAN    900719 1800 120N 1074W -99 -99 1012 1012 0080 12 008 -999 -999 -999 -999 -999 -999
IBTr 09E HERNAN    900720 0000 121N 1083W -99 -99 1011 1011 0080 12 008 -999 -999 -999 -999 -999 -999
IBTr 09E HERNAN    900720 0600 122N 1093W -99 -99 1011 1011 0080 15 008 -999 -999 -999 -999 -999 -999
IBTr 09E HERNAN    900720 1200 123N 1099W -99 -99 1010 1010 0080 15 008 -999 -999 -999 -999 -999 -999
IBTr 09E HERNAN    900720 1800 126N 1106W -99 -99 1008 1010 0080 15 008 -999 -999 -999 -999 -999 -999
IBTr 09E HERNAN    900721 0000 129N 1113W -99 -99 1004 1010 0090 18 009 -999 -999 -999 -999 -999 -999
IBTr 09E HERNAN    900721 0600 133N 1120W -99 -99 1000 1010 0100 23 010 -999 -999 -999 -999 -999 -999
IBTr 09E HERNAN    900721 1200 138N 1127W -99 -99 0996 1010 0100 28 010 -999 -999 -999 -999 -999 -999
IBTr 09E HERNAN    900721 1800 143N 1132W -99 -99 0989 1010 0110 33 011 -999 -999 -999 -999 -999 -999
IBTr 09E HERNAN    900722 0000 148N 1137W -99 -99 0978 1010 0120 38 012 -999 -999 -999 -999 -999 -999
IBTr 09E HERNAN    900722 0600 153N 1142W -99 -99 0965 1010 0130 46 013 -999 -999 -999 -999 -999 -999
IBTr 09E HERNAN    900722 1200 157N 1148W -99 -99 0954 1010 0130 54 013 -999 -999 -999 -999 -999 -999
IBTr 09E HERNAN    900722 1800 162N 1153W -99 -99 0945 1010 0130 59 013 -999 -999 -999 -999 -999 -999
IBTr 09E HERNAN    900723 0000 166N 1159W -99 -99 0939 1010 0120 64 012 -999 -999 -999 -999 -999 -999
IBTr 09E HERNAN    900723 0600 170N 1165W -99 -99 0933 1010 0120 66 012 -999 -999 -999 -999 -999 -999
IBTr 09E HERNAN    900723 1200 173N 1172W -99 -99 0929 1010 0110 69 011 -999 -999 -999 -999 -999 -999
IBTr 09E HERNAN    900723 1800 175N 1179W -99 -99 0928 1010 0110 69 011 -999 -999 -999 -999 -999 -999
IBTr 09E HERNAN    900724 0000 176N 1185W -99 -99 0929 1010 0110 66 011 -999 -999 -999 -999 -999 -999
IBTr 09E HERNAN    900724 0600 178N 1190W -99 -99 0933 1010 0120 64 012 -999 -999 -999 -999 -999 -999
IBTr 09E HERNAN    900724 1200 179N 1196W -99 -99 0939 1010 0120 61 012 -999 -999 -999 -999 -999 -999
IBTr 09E HERNAN    900724 1800 180N 1201W -99 -99 0945 1010 0130 59 013 -999 -999 -999 -999 -999 -999
IBTr 09E HERNAN    900725 0000 182N 1207W -99 -99 0949 1010 0130 59 013 -999 -999 -999 -999 -999 -999
IBTr 09E HERNAN    900725 0600 183N 1213W -99 -99 0951 1010 0130 56 013 -999 -999 -999 -999 -999 -999
IBTr 09E HERNAN    900725 1200 184N 1219W -99 -99 0952 1010 0130 56 013 -999 -999 -999 -999 -999 -999
IBTr 09E HERNAN    900725 1800 185N 1226W -99 -99 0954 1010 0130 56 013 -999 -999 -999 -999 -999 -999
IBTr 09E HERNAN    900726 0000 187N 1233W -99 -99 0955 1010 0130 54 013 -999 -999 -999 -999 -999 -999
IBTr 09E HERNAN    900726 0600 190N 1240W -99 -99 0956 1010 0140 54 014 -999 -999 -999 -999 -999 -999
IBTr 09E HERNAN    900726 1200 192N 1248W -99 -99 0961 1010 0140 51 014 -999 -999 -999 -999 -999 -999
IBTr 09E HERNAN    900726 1800 194N 1257W -99 -99 0967 1010 0130 46 013 -999 -999 -999 -999 -999 -999
IBTr 09E HERNAN    900727 0000 196N 1265W -99 -99 0972 1010 0130 41 013 -999 -999 -999 -999 -999 -999
IBTr 09E HERNAN    900727 0600 198N 1273W -99 -99 0977 1010 0130 38 013 -999 -999 -999 -999 -999 -999
IBTr 09E HERNAN    900727 1200 199N 1282W -99 -99 0982 1010 0120 36 012 -999 -999 -999 -999 -999 -999
IBTr 09E HERNAN    900727 1800 200N 1290W -99 -99 0986 1010 0120 33 012 -999 -999 -999 -999 -999 -999
IBTr 09E HERNAN    900728 0000 200N 1299W -99 -99 0990 1010 0110 30 011 -999 -999 -999 -999 -999 -999
IBTr 09E HERNAN    900728 0600 201N 1309W -99 -99 0993 1010 0110 28 011 -999 -999 -999 -999 -999 -999
IBTr 09E HERNAN    900728 1200 202N 1318W -99 -99 0996 1010 0110 25 011 -999 -999 -999 -999 -999 -999
IBTr 09E HERNAN    900728 1800 204N 1327W -99 -99 0998 1010 0100 23 010 -999 -999 -999 -999 -999 -999
IBTr 09E HERNAN    900729 0000 207N 1336W -99 -99 1000 1010 0100 23 010 -999 -999 -999 -999 -999 -999
IBTr 09E HERNAN    900729 0600 210N 1345W -99 -99 1002 1010 0100 20 010 -999 -999 -999 -999 -999 -999
IBTr 09E HERNAN    900729 1200 215N 1353W -99 -99 1004 1010 0090 18 009 -999 -999 -999 -999 -999 -999
IBTr 09E HERNAN    900729 1800 220N 1360W -99 -99 1006 1010 0090 18 009 -999 -999 -999 -999 -999 -999
IBTr 09E HERNAN    900730 0000 228N 1367W -99 -99 1008 1010 0090 15 009 -999 -999 -999 -999 -999 -999
IBTr 09E HERNAN    900730 0600 236N 1373W -99 -99 1009 1010 0090 15 009 -999 -999 -999 -999 -999 -999
IBTr 09E HERNAN    900730 1200 245N 1378W -99 -99 1010 1010 0080 15 008 -999 -999 -999 -999 -999 -999
IBTr 09E HERNAN    900730 1800 253N 1382W -99 -99 1010 1010 0080 12 008 -999 -999 -999 -999 -999 -999
IBTr 09E HERNAN    900731 0000 262N 1385W -99 -99 1011 1011 0080 12 008 -999 -999 -999 -999 -999 -999
