IBTr 06L DIANA     900804 0000 132N 0795W -99 -99 1009 1010 0080 12 008 -999 -999 -999 -999 -999 -999
IBTr 06L DIANA     900804 0600 139N 0808W -99 -99 1008 1010 0080 12 008 -999 -999 -999 -999 -999 -999
IBTr 06L DIANA     900804 1200 148N 0818W -99 -99 1007 1010 0090 12 009 -999 -999 -999 -999 -999 -999
IBTr 06L DIANA     900804 1800 157N 0826W -99 -99 1006 1010 0090 15 009 -999 -999 -999 -999 -999 -999
IBTr 06L DIANA     900805 0000 166N 0836W -99 -99 1005 1010 0090 18 009 -999 -999 -999 -999 -999 -999
IBTr 06L DIANA     900805 0600 174N 0848W -99 -99 1003 1010 0090 20 009 -999 -999 -999 -999 -999 -999
IBTr 06L DIANA     900805 1200 183N 0863W -99 -99 1000 1010 0100 23 010 -999 -999 -999 -999 -999 -999
IBTr 06L DIANA     900805 1800 191N 0876W -99 -99 0994 1010 0110 28 011 -999 -999 -999 -999 -999 -999
IBTr 06L DIANA     900805 2000 190N 0876W -99 -99 0994 1010 0110 28 011 -999 -999 -999 -999 -999 -999
IBTr 06L DIANA     900806 0000 197N 0887W -99 -99 1000 1010 0100 23 010 -999 -999 -999 -999 -999 -999
IBTr 06L DIANA     900806 0600 202N 0900W -99 -99 1000 1010 0100 23 010 -999 -999 -999 -999 -999 -999
IBTr 06L DIANA     900806 1200 205N 0911W -99 -99 1000 1010 0100 23 010 -999 -999 -999 -999 -999 -999
IBTr 06L DIANA     900806 1800 206N 0923W -99 -99 1000 1010 0100 25 010 -999 -999 -999 -999 -999 -999
IBTr 06L DIANA     900807 0000 206N 0936W -99 -99 0998 1010 0100 30 010 -999 -999 -999 -999 -999 -999
IBTr 06L DIANA     900807 0600 207N 0947W -99 -99 0990 1010 0110 33 011 -999 -999 -999 -999 -999 -999
IBTr 06L DIANA     900807 1200 208N 0958W -99 -99 0986 1010 0120 38 012 -999 -999 -999 -999 -999 -999
IBTr 06L DIANA     900807 1800 209N 0968W -99 -99 0980 1010 0130 43 013 -999 -999 -999 -999 -999 -999
IBTr 06L DIANA     900807 1900 209N 0970W -99 -99 0980 1010 0130 43 013 -999 -999 -999 -999 -999 -999
IBTr 06L DIANA     900808 0000 208N 0981W -99 -99 1000 1010 0100 28 010 -999 -999 -999 -999 -999 -999
IBTr 06L DIANA     900808 0600 207N 0994W -99 -99 1005 1010 0090 25 009 -999 -999 -999 -999 -999 -999
IBTr 06L DIANA     900808 1200 208N 1008W -99 -99 1009 1010 0080 15 008 -999 -999 -999 -999 -999 -999
IBTr 06L DIANA     900808 1800 211N 1022W -99 -99 1010 1010 0080 12 008 -999 -999 -999 -999 -999 -999
IBTr 06L DIANA     900809 0000 216N 1034W -99 -99 1010 1010 0080 12 008 -999 -999 -999 -999 -999 -999
IBTr 06L DIANA     900809 0600 220N 1049W -99 -99 1010 1010 0080 10 008 -999 -999 -999 -999 -999 -999
