IBTr 01W KORYN     900108 0000 13N  1720E -99 -99 -999 1010 0000 07 000 -999 -999 -999 -999 -999 -999
IBTr 01W KORYN     900108 0600 23N  1711E -99 -99 -999 1010 0000 07 000 -999 -999 -999 -999 -999 -999
IBTr 01W KORYN     900108 1200 34N  1701E -99 -99 -999 1010 0000 07 000 -999 -999 -999 -999 -999 -999
IBTr 01W KORYN     900108 1800 42N  1690E -99 -99 -999 1010 0000 07 000 -999 -999 -999 -999 -999 -999
IBTr 01W KORYN     900109 0000 48N  1678E -99 -99 -999 1010 0000 07 000 -999 -999 -999 -999 -999 -999
IBTr 01W KORYN     900109 0600 51N  1664E -99 -99 -999 1010 0000 10 000 -999 -999 -999 -999 -999 -999
IBTr 01W KORYN     900109 1200 53N  1652E -99 -99 -999 1010 0000 10 000 -999 -999 -999 -999 -999 -999
IBTr 01W KORYN     900109 1800 55N  1638E -99 -99 -999 1010 0000 10 000 -999 -999 -999 -999 -999 -999
IBTr 01W KORYN     900110 0000 57N  1624E -99 -99 -999 1010 0000 10 000 -999 -999 -999 -999 -999 -999
IBTr 01W KORYN     900110 0600 59N  1612E -99 -99 -999 1010 0000 10 000 -999 -999 -999 -999 -999 -999
IBTr 01W KORYN     900110 1200 61N  1600E -99 -99 -999 1010 0000 10 000 -999 -999 -999 -999 -999 -999
IBTr 01W KORYN     900110 1800 63N  1589E -99 -99 -999 1010 0000 10 000 -999 -999 -999 -999 -999 -999
IBTr 01W KORYN     900111 0000 66N  1576E -99 -99 -999 1010 0000 10 000 -999 -999 -999 -999 -999 -999
IBTr 01W KORYN     900111 0600 68N  1564E -99 -99 -999 1010 0000 10 000 -999 -999 -999 -999 -999 -999
IBTr 01W KORYN     900111 1200 70N  1552E -99 -99 -999 1010 0000 10 000 -999 -999 -999 -999 -999 -999
IBTr 01W KORYN     900111 1800 72N  1540E -99 -99 -999 1010 0000 10 000 -999 -999 -999 -999 -999 -999
IBTr 01W KORYN     900112 0000 73N  1528E -99 -99 1002 1010 0090 12 009 -999 -999 -999 -999 -999 -999
IBTr 01W KORYN     900112 0600 72N  1521E -99 -99 1000 1010 0090 15 009 -999 -999 -999 -999 -999 -999
IBTr 01W KORYN     900112 1200 79N  1512E -99 -99 1000 1010 0090 15 009 -999 -999 -999 -999 -999 -999
IBTr 01W KORYN     900112 1800 84N  1502E -99 -99 0998 1010 0100 15 010 -999 -999 -999 -999 -999 -999
IBTr 01W KORYN     900113 0000 90N  1492E -99 -99 0998 1010 0100 15 010 -999 -999 -999 -999 -999 -999
IBTr 01W KORYN     900113 0600 98N  1480E -99 -99 0996 1010 0100 18 010 -999 -999 -999 -999 -999 -999
IBTr 01W KORYN     900113 1200 111N 1466E -99 -99 0996 1010 0100 18 010 -999 -999 -999 -999 -999 -999
IBTr 01W KORYN     900113 1800 123N 1457E -99 -99 0994 1010 0100 20 010 -999 -999 -999 -999 -999 -999
IBTr 01W KORYN     900114 0000 132N 1455E -99 -99 0990 1010 0110 23 011 -999 -999 -999 -999 -999 -999
IBTr 01W KORYN     900114 0600 138N 1455E -99 -99 0985 1010 0120 25 012 -999 -999 -999 -999 -999 -999
IBTr 01W KORYN     900114 1200 144N 1454E -99 -99 0980 1010 0120 28 012 -999 -999 -999 -999 -999 -999
IBTr 01W KORYN     900114 1800 149N 1456E -99 -99 0980 1010 0120 28 012 -999 -999 -999 -999 -999 -999
IBTr 01W KORYN     900115 0000 155N 1458E -99 -99 0980 1010 0120 28 012 -999 -999 -999 -999 -999 -999
IBTr 01W KORYN     900115 0600 160N 1460E -99 -99 0980 1010 0120 28 012 -999 -999 -999 -999 -999 -999
IBTr 01W KORYN     900115 1200 165N 1461E -99 -99 0980 1010 0120 28 012 -999 -999 -999 -999 -999 -999
IBTr 01W KORYN     900115 1800 171N 1461E -99 -99 0980 1010 0120 28 012 -999 -999 -999 -999 -999 -999
IBTr 01W KORYN     900116 0000 181N 1462E -99 -99 0985 1010 0120 25 012 -999 -999 -999 -999 -999 -999
IBTr 01W KORYN     900116 0600 196N 1466E -99 -99 0985 1010 0120 25 012 -999 -999 -999 -999 -999 -999
IBTr 01W KORYN     900116 1200 211N 1475E -99 -99 0990 1010 0110 23 011 -999 -999 -999 -999 -999 -999
IBTr 01W KORYN     900116 1800 225N 1489E -99 -99 0996 1010 0110 18 011 -999 -999 -999 -999 -999 -999
IBTr 01W KORYN     900117 0000 238N 1512E -99 -99 0996 1010 0110 20 011 -999 -999 -999 -999 -999 -999
IBTr 01W KORYN     900117 0600 256N 1546E -99 -99 0992 1010 0110 20 011 -999 -999 -999 -999 -999 -999
IBTr 01W KORYN     900117 1200 287N 1594E -99 -99 0996 1010 0110 20 011 -999 -999 -999 -999 -999 -999
IBTr 01W KORYN     900117 1800 303N 1655E -99 -99 0996 1010 0110 23 011 -999 -999 -999 -999 -999 -999
