IBTr 16E VERNON    900810 1800 540N 1780W -99 -99 -999 1010 0000 -9 000 -999 -999 -999 -999 -999 -999
IBTr 16E KENNA     900821 1800 140N 1116W -99 -99 1009 1010 0080 15 008 -999 -999 -999 -999 -999 -999
IBTr 16E KENNA     900822 0000 144N 1126W -99 -99 1009 1010 0080 15 008 -999 -999 -999 -999 -999 -999
IBTr 16E KENNA     900822 0600 146N 1136W -99 -99 1005 1010 0090 18 009 -999 -999 -999 -999 -999 -999
IBTr 16E KENNA     900822 1200 147N 1146W -99 -99 1003 1010 0090 20 009 -999 -999 -999 -999 -999 -999
IBTr 16E KENNA     900822 1800 150N 1155W -99 -99 1000 1010 0100 23 010 -999 -999 -999 -999 -999 -999
IBTr 16E KENNA     900823 0000 154N 1164W -99 -99 1000 1010 0100 23 010 -999 -999 -999 -999 -999 -999
IBTr 16E KENNA     900823 0600 156N 1173W -99 -99 0997 1010 0100 25 010 -999 -999 -999 -999 -999 -999
IBTr 16E KENNA     900823 1200 155N 1184W -99 -99 0994 1010 0110 28 011 -999 -999 -999 -999 -999 -999
IBTr 16E KENNA     900823 1800 153N 1192W -99 -99 0994 1010 0110 28 011 -999 -999 -999 -999 -999 -999
IBTr 16E KENNA     900824 0000 151N 1200W -99 -99 0994 1010 0110 28 011 -999 -999 -999 -999 -999 -999
IBTr 16E KENNA     900824 0600 149N 1209W -99 -99 0993 1010 0110 28 011 -999 -999 -999 -999 -999 -999
IBTr 16E KENNA     900824 1200 149N 1220W -99 -99 0993 1010 0110 28 011 -999 -999 -999 -999 -999 -999
IBTr 16E KENNA     900824 1800 149N 1232W -99 -99 0990 1010 0110 30 011 -999 -999 -999 -999 -999 -999
IBTr 16E KENNA     900825 0000 151N 1243W -99 -99 0987 1010 0120 33 012 -999 -999 -999 -999 -999 -999
IBTr 16E KENNA     900825 0600 154N 1254W -99 -99 0986 1010 0120 33 012 -999 -999 -999 -999 -999 -999
IBTr 16E KENNA     900825 1200 155N 1267W -99 -99 0983 1010 0120 36 012 -999 -999 -999 -999 -999 -999
IBTr 16E KENNA     900825 1800 155N 1280W -99 -99 0983 1010 0120 36 012 -999 -999 -999 -999 -999 -999
IBTr 16E KENNA     900826 0000 158N 1293W -99 -99 0980 1010 0120 38 012 -999 -999 -999 -999 -999 -999
IBTr 16E KENNA     900826 0600 162N 1304W -99 -99 0980 1010 0120 38 012 -999 -999 -999 -999 -999 -999
IBTr 16E KENNA     900826 1200 167N 1313W -99 -99 0983 1010 0120 36 012 -999 -999 -999 -999 -999 -999
IBTr 16E KENNA     900826 1800 171N 1321W -99 -99 0983 1010 0120 36 012 -999 -999 -999 -999 -999 -999
IBTr 16E KENNA     900827 0000 177N 1328W -99 -99 0983 1010 0120 36 012 -999 -999 -999 -999 -999 -999
IBTr 16E KENNA     900827 0600 183N 1334W -99 -99 0983 1010 0120 36 012 -999 -999 -999 -999 -999 -999
IBTr 16E KENNA     900827 1200 190N 1337W -99 -99 0984 1010 0120 36 012 -999 -999 -999 -999 -999 -999
IBTr 16E KENNA     900827 1800 196N 1340W -99 -99 0987 1010 0120 33 012 -999 -999 -999 -999 -999 -999
IBTr 16E KENNA     900828 0000 203N 1343W -99 -99 0994 1010 0110 28 011 -999 -999 -999 -999 -999 -999
IBTr 16E KENNA     900828 0600 209N 1344W -99 -99 0996 1010 0110 28 011 -999 -999 -999 -999 -999 -999
IBTr 16E KENNA     900828 1200 213N 1343W -99 -99 1000 1010 0100 23 010 -999 -999 -999 -999 -999 -999
IBTr 16E KENNA     900828 1800 213N 1341W -99 -99 1003 1010 0090 20 009 -999 -999 -999 -999 -999 -999
IBTr 16E KENNA     900829 0000 213N 1341W -99 -99 1005 1010 0090 18 009 -999 -999 -999 -999 -999 -999
IBTr 16E KENNA     900829 0600 213N 1343W -99 -99 1009 1010 0080 15 008 -999 -999 -999 -999 -999 -999
IBTr 16E KENNA     900829 1200 212N 1348W -99 -99 1009 1010 0080 15 008 -999 -999 -999 -999 -999 -999
IBTr 16E KENNA     900829 1800 210N 1353W -99 -99 1009 1010 0080 15 008 -999 -999 -999 -999 -999 -999
IBTr 16E KENNA     900830 0000 206N 1359W -99 -99 1010 1010 0080 12 008 -999 -999 -999 -999 -999 -999
IBTr 16E KENNA     900830 0600 200N 1367W -99 -99 1010 1010 0080 12 008 -999 -999 -999 -999 -999 -999
IBTr 16E KENNA     900830 1200 195N 1378W -99 -99 1011 1011 0080 10 008 -999 -999 -999 -999 -999 -999
