IBTr 11E UNNAMED   900724 0000 125N 1290W -99 -99 0000 1010 0000 10 000 -999 -999 -999 -999 -999 -999
IBTr 11E UNNAMED   900724 0600 130N 1296W -99 -99 0000 1010 0000 10 000 -999 -999 -999 -999 -999 -999
IBTr 11E UNNAMED   900724 1200 136N 1298W -99 -99 0000 1010 0000 10 000 -999 -999 -999 -999 -999 -999
IBTr 11E UNNAMED   900724 1800 139N 1298W -99 -99 0000 1010 0000 12 000 -999 -999 -999 -999 -999 -999
IBTr 11E UNNAMED   900725 0000 142N 1298W -99 -99 0000 1010 0000 12 000 -999 -999 -999 -999 -999 -999
IBTr 11E UNNAMED   900725 0600 144N 1300W -99 -99 0000 1010 0000 12 000 -999 -999 -999 -999 -999 -999
IBTr 11E UNNAMED   900725 1200 145N 1304W -99 -99 0000 1010 0000 12 000 -999 -999 -999 -999 -999 -999
IBTr 11E UNNAMED   900725 1800 144N 1309W -99 -99 0000 1010 0000 12 000 -999 -999 -999 -999 -999 -999
IBTr 11E UNNAMED   900726 0000 144N 1313W -99 -99 0000 1010 0000 12 000 -999 -999 -999 -999 -999 -999
IBTr 11E UNNAMED   900726 0600 145N 1315W -99 -99 0000 1010 0000 12 000 -999 -999 -999 -999 -999 -999
