IBTr 11A NOTNAMED  901116 0000 145N 0755E -99 -99 1011 1011 0080 08 008 -999 -999 -999 -999 -999 -999
IBTr 11A NOTNAMED  901116 0600 145N 0735E -99 -99 1009 1010 0080 13 008 -999 -999 -999 -999 -999 -999
IBTr 11A NOTNAMED  901116 1200 145N 0735E -99 -99 1008 1010 0080 13 008 -999 -999 -999 -999 -999 -999
IBTr 11A NOTNAMED  901116 1800 145N 0735E -99 -99 1009 1010 0080 13 008 -999 -999 -999 -999 -999 -999
IBTr 11A NOTNAMED  901117 0000 145N 0730E -99 -99 1008 1010 0080 13 008 -999 -999 -999 -999 -999 -999
IBTr 11A NOTNAMED  901117 0600 140N 0720E -99 -99 1008 1010 0080 13 008 -999 -999 -999 -999 -999 -999
IBTr 11A NOTNAMED  901117 1200 148N 0720E -99 -99 1007 1010 0090 16 009 -999 -999 -999 -999 -999 -999
IBTr 11A NOTNAMED  901117 1800 150N 0720E -99 -99 1008 1010 0080 16 008 -999 -999 -999 -999 -999 -999
IBTr 11A NOTNAMED  901118 0000 155N 0725E -99 -99 1009 1010 0080 13 008 -999 -999 -999 -999 -999 -999
IBTr 11A NOTNAMED  901118 0600 155N 0725E -99 -99 1010 1010 0080 08 008 -999 -999 -999 -999 -999 -999
