IBTr 18E MARIE     900907 1200 120N 1220W -99 -99 1011 1011 0080 12 008 -999 -999 -999 -999 -999 -999
IBTr 18E MARIE     900907 1800 122N 1232W -99 -99 1010 1010 0080 12 008 -999 -999 -999 -999 -999 -999
IBTr 18E MARIE     900908 0000 124N 1243W -99 -99 1009 1010 0080 15 008 -999 -999 -999 -999 -999 -999
IBTr 18E MARIE     900908 0600 128N 1254W -99 -99 1007 1010 0090 15 009 -999 -999 -999 -999 -999 -999
IBTr 18E MARIE     900908 1200 132N 1263W -99 -99 1003 1010 0090 18 009 -999 -999 -999 -999 -999 -999
IBTr 18E MARIE     900908 1800 136N 1272W -99 -99 0999 1010 0100 23 010 -999 -999 -999 -999 -999 -999
IBTr 18E MARIE     900909 0000 140N 1280W -99 -99 0994 1010 0110 28 011 -999 -999 -999 -999 -999 -999
IBTr 18E MARIE     900909 0600 143N 1286W -99 -99 0986 1010 0120 33 012 -999 -999 -999 -999 -999 -999
IBTr 18E MARIE     900909 1200 146N 1291W -99 -99 0980 1010 0120 38 012 -999 -999 -999 -999 -999 -999
IBTr 18E MARIE     900909 1800 148N 1295W -99 -99 0978 1010 0120 41 012 -999 -999 -999 -999 -999 -999
IBTr 18E MARIE     900910 0000 149N 1299W -99 -99 0974 1010 0130 43 013 -999 -999 -999 -999 -999 -999
IBTr 18E MARIE     900910 0600 150N 1304W -99 -99 0969 1010 0130 46 013 -999 -999 -999 -999 -999 -999
IBTr 18E MARIE     900910 1200 150N 1310W -99 -99 0962 1010 0130 51 013 -999 -999 -999 -999 -999 -999
IBTr 18E MARIE     900910 1800 149N 1315W -99 -99 0951 1010 0130 56 013 -999 -999 -999 -999 -999 -999
IBTr 18E MARIE     900911 0000 148N 1321W -99 -99 0945 1010 0130 61 013 -999 -999 -999 -999 -999 -999
IBTr 18E MARIE     900911 0600 147N 1328W -99 -99 0944 1010 0130 61 013 -999 -999 -999 -999 -999 -999
IBTr 18E MARIE     900911 1200 148N 1335W -99 -99 0946 1010 0130 61 013 -999 -999 -999 -999 -999 -999
IBTr 18E MARIE     900911 1800 150N 1342W -99 -99 0948 1010 0130 59 013 -999 -999 -999 -999 -999 -999
IBTr 18E MARIE     900912 0000 153N 1349W -99 -99 0952 1010 0130 56 013 -999 -999 -999 -999 -999 -999
IBTr 18E MARIE     900912 0600 156N 1355W -99 -99 0960 1010 0130 51 013 -999 -999 -999 -999 -999 -999
IBTr 18E MARIE     900912 1200 160N 1360W -99 -99 0969 1010 0130 46 013 -999 -999 -999 -999 -999 -999
IBTr 18E MARIE     900912 1800 163N 1366W -99 -99 0973 1010 0130 43 013 -999 -999 -999 -999 -999 -999
IBTr 18E MARIE     900913 0000 167N 1371W -99 -99 0973 1010 0130 46 013 -999 -999 -999 -999 -999 -999
IBTr 18E MARIE     900913 0600 170N 1377W -99 -99 0969 1010 0130 46 013 -999 -999 -999 -999 -999 -999
IBTr 18E MARIE     900913 1200 173N 1382W -99 -99 0963 1010 0130 48 013 -999 -999 -999 -999 -999 -999
IBTr 18E MARIE     900913 1800 173N 1387W -99 -99 0960 1010 0130 51 013 -999 -999 -999 -999 -999 -999
IBTr 18E MARIE     900914 0000 175N 1392W -99 -99 0960 1010 0130 51 013 -999 -999 -999 -999 -999 -999
IBTr 18E MARIE     900914 0600 174N 1396W -99 -99 0960 1010 0130 51 013 -999 -999 -999 -999 -999 -999
IBTr 18E MARIE     900914 1200 175N 1401W -99 -99 0960 1010 0130 51 013 -999 -999 -999 -999 -999 -999
IBTr 18E MARIE     900914 1800 174N 1408W -99 -99 0960 1010 0130 51 013 -999 -999 -999 -999 -999 -999
IBTr 18E MARIE     900915 0000 173N 1418W -99 -99 0960 1010 0130 51 013 -999 -999 -999 -999 -999 -999
IBTr 18E MARIE     900915 0600 170N 1427W -99 -99 0960 1010 0130 51 013 -999 -999 -999 -999 -999 -999
IBTr 18E MARIE     900915 1200 167N 1436W -99 -99 0960 1010 0130 51 013 -999 -999 -999 -999 -999 -999
IBTr 18E MARIE     900915 1800 166N 1446W -99 -99 0960 1010 0130 51 013 -999 -999 -999 -999 -999 -999
IBTr 18E MARIE     900916 0000 166N 1457W -99 -99 0960 1010 0130 51 013 -999 -999 -999 -999 -999 -999
IBTr 18E MARIE     900916 0600 167N 1468W -99 -99 0960 1010 0130 51 013 -999 -999 -999 -999 -999 -999
IBTr 18E MARIE     900916 1200 169N 1477W -99 -99 0960 1010 0130 51 013 -999 -999 -999 -999 -999 -999
IBTr 18E MARIE     900916 1800 172N 1485W -99 -99 0980 1010 0120 41 012 -999 -999 -999 -999 -999 -999
IBTr 18E MARIE     900917 0000 176N 1495W -99 -99 0989 1010 0110 36 011 -999 -999 -999 -999 -999 -999
IBTr 18E MARIE     900917 0600 179N 1503W -99 -99 0996 1010 0100 30 010 -999 -999 -999 -999 -999 -999
IBTr 18E MARIE     900917 1200 182N 1510W -99 -99 1002 1010 0100 25 010 -999 -999 -999 -999 -999 -999
IBTr 18E MARIE     900917 1800 180N 1515W -99 -99 1002 1010 0100 25 010 -999 -999 -999 -999 -999 -999
IBTr 18E MARIE     900918 0000 178N 1519W -99 -99 0996 1010 0100 30 010 -999 -999 -999 -999 -999 -999
IBTr 18E MARIE     900918 0600 173N 1525W -99 -99 0996 1010 0100 30 010 -999 -999 -999 -999 -999 -999
IBTr 18E MARIE     900918 1200 168N 1531W -99 -99 1000 1010 0100 28 010 -999 -999 -999 -999 -999 -999
IBTr 18E MARIE     900918 1800 164N 1537W -99 -99 1006 1010 0090 20 009 -999 -999 -999 -999 -999 -999
IBTr 18E MARIE     900919 0000 162N 1545W -99 -99 1012 1012 0080 15 008 -999 -999 -999 -999 -999 -999
IBTr 18E MARIE     900919 0600 160N 1552W -99 -99 1012 1012 0080 15 008 -999 -999 -999 -999 -999 -999
IBTr 18E MARIE     900919 1200 159N 1558W -99 -99 1012 1012 0080 15 008 -999 -999 -999 -999 -999 -999
IBTr 18E MARIE     900919 1800 158N 1564W -99 -99 1012 1012 0080 15 008 -999 -999 -999 -999 -999 -999
IBTr 18E MARIE     900920 0000 158N 1570W -99 -99 1012 1012 0080 15 008 -999 -999 -999 -999 -999 -999
IBTr 18E MARIE     900920 0600 158N 1578W -99 -99 1012 1012 0080 15 008 -999 -999 -999 -999 -999 -999
IBTr 18E MARIE     900920 1200 158N 1586W -99 -99 1012 1012 0080 15 008 -999 -999 -999 -999 -999 -999
IBTr 18E MARIE     900920 1800 159N 1595W -99 -99 1012 1012 0080 15 008 -999 -999 -999 -999 -999 -999
IBTr 18E MARIE     900921 0000 160N 1602W -99 -99 1014 1014 0080 12 008 -999 -999 -999 -999 -999 -999
