IBTr 10S ROSITA    900104 1800 127S 1117E -99 -99 1004 1010 0090 12 009 -999 -999 -999 -999 -999 -999
IBTr 10S ROSITA    900105 0000 128S 1106E -99 -99 1004 1010 0090 12 009 -999 -999 -999 -999 -999 -999
IBTr 10S ROSITA    900105 0600 129S 1098E -99 -99 1002 1010 0090 13 009 -999 -999 -999 -999 -999 -999
IBTr 10S ROSITA    900105 1200 130S 1085E -99 -99 1001 1010 0090 14 009 -999 -999 -999 -999 -999 -999
IBTr 10S ROSITA    900105 1800 132S 1070E -99 -99 1001 1010 0090 14 009 -999 -999 -999 -999 -999 -999
IBTr 10S ROSITA    900106 0000 134S 1057E -99 -99 1000 1010 0100 15 010 -999 -999 -999 -999 -999 -999
IBTr 10S ROSITA    900106 0600 138S 1044E -99 -99 0998 1010 0100 18 010 -999 -999 -999 -999 -999 -999
IBTr 10S ROSITA    900106 1200 140S 1042E -99 -99 1000 1010 0100 15 010 -999 -999 -999 -999 -999 -999
IBTr 10S ROSITA    900106 1800 143S 1038E -99 -99 1000 1010 0100 15 010 -999 -999 -999 -999 -999 -999
IBTr 10S ROSITA    900107 0000 146S 1036E -99 -99 1000 1010 0100 15 010 -999 -999 -999 -999 -999 -999
IBTr 10S ROSITA    900107 0600 150S 1034E -99 -99 1000 1010 0100 15 010 -999 -999 -999 -999 -999 -999
IBTr 10S ROSITA    900107 1200 152S 1036E -99 -99 1001 1010 0100 14 010 -999 -999 -999 -999 -999 -999
IBTr 10S ROSITA    900107 1800 152S 1038E -99 -99 1001 1010 0100 14 010 -999 -999 -999 -999 -999 -999
IBTr 10S ROSITA    900108 0000 151S 1042E -99 -99 1002 1010 0090 13 009 -999 -999 -999 -999 -999 -999
IBTr 10S ROSITA    900108 0600 149S 1043E -99 -99 1002 1010 0090 13 009 -999 -999 -999 -999 -999 -999
IBTr 10S ROSITA    900108 1200 144S 1043E -99 -99 1002 1010 0090 13 009 -999 -999 -999 -999 -999 -999
IBTr 10S ROSITA    900108 1800 140S 1042E -99 -99 1002 1010 0090 13 009 -999 -999 -999 -999 -999 -999
IBTr 10S ROSITA    900109 0000 135S 1041E -99 -99 1003 1010 0090 13 009 -999 -999 -999 -999 -999 -999
IBTr 10S ROSITA    900109 0600 132S 1038E -99 -99 1004 1010 0090 12 009 -999 -999 -999 -999 -999 -999
IBTr 10S ROSITA    900109 1200 123S 1032E -99 -99 1004 1010 0090 12 009 -999 -999 -999 -999 -999 -999
IBTr 10S ROSITA    900109 1800 116S 1026E -99 -99 1003 1010 0090 13 009 -999 -999 -999 -999 -999 -999
IBTr 10S ROSITA    900110 0000 108S 1020E -99 -99 1002 1010 0090 13 009 -999 -999 -999 -999 -999 -999
IBTr 10S ROSITA    900110 0600 100S 1013E -99 -99 1000 1010 0100 15 010 -999 -999 -999 -999 -999 -999
IBTr 10S ROSITA    900110 1200 98S  1004E -99 -99 1000 1010 0100 15 010 -999 -999 -999 -999 -999 -999
IBTr 10S ROSITA    900110 1800 100S 1002E -99 -99 1000 1010 0100 15 010 -999 -999 -999 -999 -999 -999
IBTr 10S ROSITA    900111 0000 103S 1001E -99 -99 1000 1010 0100 15 010 -999 -999 -999 -999 -999 -999
IBTr 10S ROSITA    900111 0600 105S 1001E -99 -99 1000 1010 0100 15 010 -999 -999 -999 -999 -999 -999
IBTr 10S ROSITA    900111 1200 108S 1001E -99 -99 1000 1010 0100 15 010 -999 -999 -999 -999 -999 -999
IBTr 10S ROSITA    900111 1800 110S 1003E -99 -99 1000 1010 0100 15 010 -999 -999 -999 -999 -999 -999
IBTr 10S ROSITA    900112 0000 111S 1006E -99 -99 1000 1010 0100 15 010 -999 -999 -999 -999 -999 -999
IBTr 10S ROSITA    900112 0600 113S 1011E -99 -99 0998 1010 0100 18 010 -999 -999 -999 -999 -999 -999
IBTr 10S ROSITA    900112 1200 118S 1014E -99 -99 0998 1010 0100 18 010 -999 -999 -999 -999 -999 -999
IBTr 10S ROSITA    900112 1800 123S 1017E -99 -99 0997 1010 0100 18 010 -999 -999 -999 -999 -999 -999
IBTr 10S ROSITA    900113 0000 129S 1019E -99 -99 0995 1010 0100 20 010 -999 -999 -999 -999 -999 -999
IBTr 10S ROSITA    900113 0600 134S 1020E -99 -99 0992 1010 0110 22 011 -999 -999 -999 -999 -999 -999
IBTr 10S ROSITA    900113 1200 139S 1022E -99 -99 0990 1010 0110 24 011 -999 -999 -999 -999 -999 -999
IBTr 10S ROSITA    900113 1800 144S 1023E -99 -99 0988 1010 0110 25 011 -999 -999 -999 -999 -999 -999
IBTr 10S ROSITA    900114 0000 149S 1025E -99 -99 0988 1010 0110 25 011 -999 -999 -999 -999 -999 -999
IBTr 10S ROSITA    900114 0600 154S 1026E -99 -99 0990 1010 0110 24 011 -999 -999 -999 -999 -999 -999
IBTr 10S ROSITA    900114 1200 158S 1026E -99 -99 0990 1010 0110 24 011 -999 -999 -999 -999 -999 -999
IBTr 10S ROSITA    900114 1800 164S 1026E -99 -99 0994 1010 0110 21 011 -999 -999 -999 -999 -999 -999
IBTr 10S ROSITA    900115 0000 166S 1021E -99 -99 0996 1010 0100 19 010 -999 -999 -999 -999 -999 -999
IBTr 10S ROSITA    900115 0600 163S 1016E -99 -99 0997 1010 0100 18 010 -999 -999 -999 -999 -999 -999
IBTr 10S ROSITA    900115 1200 160S 1011E -99 -99 0998 1010 0100 18 010 -999 -999 -999 -999 -999 -999
IBTr 10S ROSITA    900115 1800 156S 1005E -99 -99 0999 1010 0100 16 010 -999 -999 -999 -999 -999 -999
IBTr 10S ROSITA    900116 0000 152S 1000E -99 -99 1000 1010 0100 15 010 -999 -999 -999 -999 -999 -999
IBTr 10S ROSITA    900116 0600 144S 0996E -99 -99 1000 1010 0100 15 010 -999 -999 -999 -999 -999 -999
IBTr 10S ROSITA    900116 1200 138S 0992E -99 -99 1000 1010 0100 15 010 -999 -999 -999 -999 -999 -999
IBTr 10S ROSITA    900116 1800 132S 0988E -99 -99 1000 1010 0100 15 010 -999 -999 -999 -999 -999 -999
IBTr 10S ROSITA    900117 0000 126S 0986E -99 -99 1000 1010 0100 15 010 -999 -999 -999 -999 -999 -999
IBTr 10S ROSITA    900117 0600 120S 0983E -99 -99 1001 1010 0090 14 009 -999 -999 -999 -999 -999 -999
IBTr 10S ROSITA    900117 1200 112S 0981E -99 -99 1002 1010 0090 13 009 -999 -999 -999 -999 -999 -999
