IBTr 19E NORBERT   900910 0000 122N 1116W -99 -99 1009 1010 0080 12 008 -999 -999 -999 -999 -999 -999
IBTr 19E NORBERT   900910 0600 124N 1118W -99 -99 1009 1010 0080 15 008 -999 -999 -999 -999 -999 -999
IBTr 19E NORBERT   900910 1200 127N 1119W -99 -99 1008 1010 0080 15 008 -999 -999 -999 -999 -999 -999
IBTr 19E NORBERT   900910 1800 131N 1119W -99 -99 1005 1010 0090 18 009 -999 -999 -999 -999 -999 -999
IBTr 19E NORBERT   900911 0000 134N 1120W -99 -99 1002 1010 0090 20 009 -999 -999 -999 -999 -999 -999
IBTr 19E NORBERT   900911 0600 137N 1123W -99 -99 1000 1010 0100 23 010 -999 -999 -999 -999 -999 -999
IBTr 19E NORBERT   900911 1200 143N 1126W -99 -99 1000 1010 0100 23 010 -999 -999 -999 -999 -999 -999
IBTr 19E NORBERT   900911 1800 153N 1127W -99 -99 1000 1010 0100 23 010 -999 -999 -999 -999 -999 -999
IBTr 19E NORBERT   900912 0000 162N 1127W -99 -99 1000 1010 0100 23 010 -999 -999 -999 -999 -999 -999
IBTr 19E NORBERT   900912 0600 170N 1128W -99 -99 1003 1010 0090 23 009 -999 -999 -999 -999 -999 -999
IBTr 19E NORBERT   900912 1200 181N 1135W -99 -99 1005 1010 0090 20 009 -999 -999 -999 -999 -999 -999
IBTr 19E NORBERT   900912 1800 193N 1146W -99 -99 1005 1010 0090 18 009 -999 -999 -999 -999 -999 -999
IBTr 19E NORBERT   900913 0000 199N 1157W -99 -99 1002 1010 0100 20 010 -999 -999 -999 -999 -999 -999
IBTr 19E NORBERT   900913 0600 201N 1166W -99 -99 1000 1010 0100 23 010 -999 -999 -999 -999 -999 -999
IBTr 19E NORBERT   900913 1200 201N 1175W -99 -99 0995 1010 0110 25 011 -999 -999 -999 -999 -999 -999
IBTr 19E NORBERT   900913 1800 204N 1183W -99 -99 0992 1010 0110 28 011 -999 -999 -999 -999 -999 -999
IBTr 19E NORBERT   900914 0000 207N 1193W -99 -99 0987 1010 0120 33 012 -999 -999 -999 -999 -999 -999
IBTr 19E NORBERT   900914 0600 208N 1203W -99 -99 0987 1010 0120 33 012 -999 -999 -999 -999 -999 -999
IBTr 19E NORBERT   900914 1200 210N 1214W -99 -99 0987 1010 0120 33 012 -999 -999 -999 -999 -999 -999
IBTr 19E NORBERT   900914 1800 212N 1225W -99 -99 0987 1010 0120 33 012 -999 -999 -999 -999 -999 -999
IBTr 19E NORBERT   900915 0000 211N 1235W -99 -99 0985 1010 0120 33 012 -999 -999 -999 -999 -999 -999
IBTr 19E NORBERT   900915 0600 211N 1244W -99 -99 0983 1010 0120 36 012 -999 -999 -999 -999 -999 -999
IBTr 19E NORBERT   900915 1200 210N 1253W -99 -99 0987 1010 0120 33 012 -999 -999 -999 -999 -999 -999
IBTr 19E NORBERT   900915 1800 209N 1262W -99 -99 0993 1010 0110 28 011 -999 -999 -999 -999 -999 -999
IBTr 19E NORBERT   900916 0000 208N 1269W -99 -99 0993 1010 0110 28 011 -999 -999 -999 -999 -999 -999
IBTr 19E NORBERT   900916 0600 207N 1274W -99 -99 0993 1010 0110 28 011 -999 -999 -999 -999 -999 -999
IBTr 19E NORBERT   900916 1200 207N 1276W -99 -99 0993 1010 0110 28 011 -999 -999 -999 -999 -999 -999
IBTr 19E NORBERT   900916 1800 209N 1277W -99 -99 0995 1010 0110 28 011 -999 -999 -999 -999 -999 -999
IBTr 19E NORBERT   900917 0000 213N 1278W -99 -99 0998 1010 0100 25 010 -999 -999 -999 -999 -999 -999
IBTr 19E NORBERT   900917 0600 216N 1280W -99 -99 0999 1010 0100 23 010 -999 -999 -999 -999 -999 -999
IBTr 19E NORBERT   900917 1200 219N 1282W -99 -99 1000 1010 0100 23 010 -999 -999 -999 -999 -999 -999
IBTr 19E NORBERT   900917 1800 223N 1285W -99 -99 1002 1010 0100 20 010 -999 -999 -999 -999 -999 -999
IBTr 19E NORBERT   900918 0000 227N 1286W -99 -99 1005 1010 0090 18 009 -999 -999 -999 -999 -999 -999
IBTr 19E NORBERT   900918 0600 229N 1287W -99 -99 1007 1010 0090 15 009 -999 -999 -999 -999 -999 -999
IBTr 19E NORBERT   900918 1200 231N 1288W -99 -99 1010 1010 0080 15 008 -999 -999 -999 -999 -999 -999
IBTr 19E NORBERT   900918 1800 232N 1292W -99 -99 1010 1010 0080 12 008 -999 -999 -999 -999 -999 -999
IBTr 19E NORBERT   900919 0000 232N 1299W -99 -99 1010 1010 0080 12 008 -999 -999 -999 -999 -999 -999
IBTr 19E NORBERT   900919 0600 231N 1307W -99 -99 1010 1010 0080 12 008 -999 -999 -999 -999 -999 -999
IBTr 19E NORBERT   900919 1200 229N 1316W -99 -99 1011 1011 0080 10 008 -999 -999 -999 -999 -999 -999
