IBTr 19W ZOLA      900815 1200 146N 1411E -99 -99 -999 1010 0000 12 000 -999 -999 -999 -999 -999 -999
IBTr 19W ZOLA      900815 1800 143N 1420E -99 -99 -999 1010 0000 10 000 -999 -999 -999 -999 -999 -999
IBTr 19W ZOLA      900816 0000 146N 1428E -99 -99 -999 1010 0000 10 000 -999 -999 -999 -999 -999 -999
IBTr 19W ZOLA      900816 0600 153N 1429E -99 -99 1000 1010 0100 10 010 -999 -999 -999 -999 -999 -999
IBTr 19W ZOLA      900816 1200 159N 1432E -99 -99 1000 1010 0100 10 010 -999 -999 -999 -999 -999 -999
IBTr 19W ZOLA      900816 1800 165N 1433E -99 -99 1000 1010 0100 12 010 -999 -999 -999 -999 -999 -999
IBTr 19W ZOLA      900817 0000 171N 1436E -99 -99 0998 1010 0100 12 010 -999 -999 -999 -999 -999 -999
IBTr 19W ZOLA      900817 0600 175N 1440E -99 -99 0996 1010 0100 18 010 -999 -999 -999 -999 -999 -999
IBTr 19W ZOLA      900817 1200 179N 1443E -99 -99 0994 1010 0110 20 011 -999 -999 -999 -999 -999 -999
IBTr 19W ZOLA      900817 1800 184N 1447E -99 -99 0992 1010 0110 23 011 -999 -999 -999 -999 -999 -999
IBTr 19W ZOLA      900818 0000 190N 1451E -99 -99 0985 1010 0120 25 012 -999 -999 -999 -999 -999 -999
IBTr 19W ZOLA      900818 0600 197N 1452E -99 -99 0985 1010 0120 25 012 -999 -999 -999 -999 -999 -999
IBTr 19W ZOLA      900818 1200 203N 1454E -99 -99 0985 1010 0120 25 012 -999 -999 -999 -999 -999 -999
IBTr 19W ZOLA      900818 1800 210N 1455E -99 -99 0985 1010 0120 25 012 -999 -999 -999 -999 -999 -999
IBTr 19W ZOLA      900819 0000 216N 1453E -99 -99 0985 1010 0120 25 012 -999 -999 -999 -999 -999 -999
IBTr 19W ZOLA      900819 0600 222N 1442E -99 -99 0980 1010 0130 28 013 -999 -999 -999 -999 -999 -999
IBTr 19W ZOLA      900819 1200 224N 1434E -99 -99 0980 1010 0130 28 013 -999 -999 -999 -999 -999 -999
IBTr 19W ZOLA      900819 1800 226N 1426E -99 -99 0975 1010 0130 30 013 -999 -999 -999 -999 -999 -999
IBTr 19W ZOLA      900820 0000 230N 1418E -99 -99 0975 1010 0130 30 013 -999 -999 -999 -999 -999 -999
IBTr 19W ZOLA      900820 0600 237N 1406E -99 -99 0970 1010 0140 33 014 -999 -999 -999 -999 -999 -999
IBTr 19W ZOLA      900820 1200 246N 1395E -99 -99 0965 1010 0140 36 014 -999 -999 -999 -999 -999 -999
IBTr 19W ZOLA      900820 1800 256N 1379E -99 -99 0965 1010 0140 36 014 -999 -999 -999 -999 -999 -999
IBTr 19W ZOLA      900821 0000 269N 1364E -99 -99 0965 1010 0140 36 014 -999 -999 -999 -999 -999 -999
IBTr 19W ZOLA      900821 0600 283N 1348E -99 -99 0960 1010 0140 38 014 -999 -999 -999 -999 -999 -999
IBTr 19W ZOLA      900821 1200 295N 1335E -99 -99 0960 1010 0140 38 014 -999 -999 -999 -999 -999 -999
IBTr 19W ZOLA      900821 1800 310N 1326E -99 -99 0965 1010 0140 36 014 -999 -999 -999 -999 -999 -999
IBTr 19W ZOLA      900822 0000 329N 1322E -99 -99 0970 1010 0140 33 014 -999 -999 -999 -999 -999 -999
IBTr 19W ZOLA      900822 0600 356N 1327E -99 -99 0980 1010 0130 28 013 -999 -999 -999 -999 -999 -999
IBTr 19W ZOLA      900822 1200 385N 1342E -99 -99 0985 1010 0130 23 013 -999 -999 -999 -999 -999 -999
IBTr 19W ZOLA      900822 1800 410N 1362E -99 -99 0990 1010 0120 18 012 -999 -999 -999 -999 -999 -999
IBTr 19W ZOLA      900823 0000 427N 1395E -99 -99 0992 1010 0120 23 012 -999 -999 -999 -999 -999 -999
IBTr 19W ZOLA      900823 0300 440N 1400E -99 -99 0992 1010 0120 -9 012 -999 -999 -999 -999 -999 -999
IBTr 19W ZOLA      900823 0600 433N 1429E -99 -99 0992 1010 0120 23 012 -999 -999 -999 -999 -999 -999
