IBTr 12E AKA       900806 1800 100N 1460W -99 -99 -999 1010 0000 -9 000 -999 -999 -999 -999 -999 -999
IBTr 12E AKA       900807 0000 101N 1470W -99 -99 -999 1010 0000 -9 000 -999 -999 -999 -999 -999 -999
IBTr 12E AKA       900807 0600 103N 1481W -99 -99 -999 1010 0000 -9 000 -999 -999 -999 -999 -999 -999
IBTr 12E AKA       900807 1200 104N 1490W -99 -99 -999 1010 0000 -9 000 -999 -999 -999 -999 -999 -999
IBTr 12E AKA       900807 1800 105N 1500W -99 -99 0000 1010 0000 15 000 -999 -999 -999 -999 -999 -999
IBTr 12E AKA       900808 0000 106N 1515W -99 -99 0000 1010 0000 18 000 -999 -999 -999 -999 -999 -999
IBTr 12E AKA       900808 0600 108N 1528W -99 -99 0000 1010 0000 18 000 -999 -999 -999 -999 -999 -999
IBTr 12E AKA       900808 1200 111N 1541W -99 -99 0000 1010 0000 18 000 -999 -999 -999 -999 -999 -999
IBTr 12E AKA       900808 1800 114N 1552W -99 -99 0000 1010 0000 18 000 -999 -999 -999 -999 -999 -999
IBTr 12E AKA       900809 0000 118N 1562W -99 -99 0000 1010 0000 18 000 -999 -999 -999 -999 -999 -999
IBTr 12E AKA       900809 0600 120N 1573W -99 -99 0000 1010 0000 20 000 -999 -999 -999 -999 -999 -999
IBTr 12E AKA       900809 1200 119N 1585W -99 -99 0000 1010 0000 23 000 -999 -999 -999 -999 -999 -999
IBTr 12E AKA       900809 1800 116N 1601W -99 -99 0000 1010 0000 25 000 -999 -999 -999 -999 -999 -999
IBTr 12E AKA       900810 0000 113N 1617W -99 -99 0000 1010 0000 25 000 -999 -999 -999 -999 -999 -999
IBTr 12E AKA       900810 0600 111N 1631W -99 -99 0000 1010 0000 25 000 -999 -999 -999 -999 -999 -999
IBTr 12E AKA       900810 1200 113N 1645W -99 -99 0000 1010 0000 28 000 -999 -999 -999 -999 -999 -999
IBTr 12E AKA       900810 1800 116N 1663W -99 -99 0000 1010 0000 28 000 -999 -999 -999 -999 -999 -999
IBTr 12E AKA       900811 0000 123N 1679W -99 -99 0000 1010 0000 23 000 -999 -999 -999 -999 -999 -999
IBTr 12E AKA       900811 0600 128N 1691W -99 -99 0000 1010 0000 23 000 -999 -999 -999 -999 -999 -999
IBTr 12E AKA       900811 1200 131N 1702W -99 -99 0000 1010 0000 18 000 -999 -999 -999 -999 -999 -999
IBTr 12E AKA       900811 1800 134N 1713W -99 -99 0000 1010 0000 18 000 -999 -999 -999 -999 -999 -999
IBTr 12E AKA       900812 0000 138N 1725W -99 -99 0000 1010 0000 18 000 -999 -999 -999 -999 -999 -999
IBTr 12E AKA       900812 0600 141N 1736W -99 -99 0000 1010 0000 18 000 -999 -999 -999 -999 -999 -999
IBTr 12E AKA       900812 1200 143N 1748W -99 -99 0000 1010 0000 20 000 -999 -999 -999 -999 -999 -999
IBTr 12E AKA       900812 1800 146N 1760W -99 -99 0000 1010 0000 23 000 -999 -999 -999 -999 -999 -999
IBTr 12E AKA       900813 0000 149N 1778W -99 -99 0000 1010 0000 23 000 -999 -999 -999 -999 -999 -999
IBTr 12E AKA       900813 0600 149N 1794W -99 -99 0000 1010 0000 23 000 -999 -999 -999 -999 -999 -999
