IBTr 13S DETY      900130 1800 90S  0700E -99 -99 -999 1010 0000 -9 000 -999 -999 -999 -999 -999 -999
IBTr 13S DETY      900131 0000 91S  0700E -99 -99 -999 1010 0000 -9 000 -999 -999 -999 -999 -999 -999
IBTr 13S DETY      900131 0600 93S  0699E -99 -99 -999 1010 0000 -9 000 -999 -999 -999 -999 -999 -999
IBTr 13S DETY      900131 1200 95S  0698E -99 -99 -999 1010 0000 -9 000 -999 -999 -999 -999 -999 -999
IBTr 13S DETY      900131 1800 97S  0696E -99 -99 -999 1010 0000 -9 000 -999 -999 -999 -999 -999 -999
IBTr 13S DETY      900201 0000 98S  0695E -99 -99 -999 1010 0000 -9 000 -999 -999 -999 -999 -999 -999
IBTr 13S DETY      900201 0600 99S  0695E -99 -99 -999 1010 0000 -9 000 -999 -999 -999 -999 -999 -999
IBTr 13S DETY      900201 1200 100S 0695E -99 -99 -999 1010 0000 -9 000 -999 -999 -999 -999 -999 -999
IBTr 13S DETY      900201 1800 101S 0695E -99 -99 -999 1010 0000 -9 000 -999 -999 -999 -999 -999 -999
IBTr 13S DETY      900202 0000 102S 0695E -99 -99 -999 1010 0000 -9 000 -999 -999 -999 -999 -999 -999
IBTr 13S DETY      900202 0600 109S 0698E -99 -99 -999 1010 0000 -9 000 -999 -999 -999 -999 -999 -999
IBTr 13S DETY      900202 1200 114S 0698E -99 -99 1000 1010 0100 12 010 -999 -999 -999 -999 -999 -999
IBTr 13S DETY      900202 1800 120S 0696E -99 -99 0997 1010 0100 14 010 -999 -999 -999 -999 -999 -999
IBTr 13S DETY      900203 0000 127S 0697E -99 -99 0991 1010 0110 18 011 -999 -999 -999 -999 -999 -999
IBTr 13S DETY      900203 0600 134S 0697E -99 -99 0984 1010 0120 22 012 -999 -999 -999 -999 -999 -999
IBTr 13S DETY      900203 1200 143S 0692E -99 -99 0976 1010 0130 26 013 -999 -999 -999 -999 -999 -999
IBTr 13S DETY      900203 1800 150S 0685E -99 -99 0966 1010 0130 31 013 -999 -999 -999 -999 -999 -999
IBTr 13S DETY      900204 0000 156S 0679E -99 -99 0954 1010 0130 37 013 -999 -999 -999 -999 -999 -999
IBTr 13S DETY      900204 0600 160S 0672E -99 -99 0954 1010 0130 37 013 -999 -999 -999 -999 -999 -999
IBTr 13S DETY      900204 1200 161S 0670E -99 -99 0954 1010 0130 37 013 -999 -999 -999 -999 -999 -999
IBTr 13S DETY      900204 1800 161S 0668E -99 -99 0954 1010 0130 37 013 -999 -999 -999 -999 -999 -999
IBTr 13S DETY      900205 0000 162S 0667E -99 -99 0954 1010 0130 37 013 -999 -999 -999 -999 -999 -999
IBTr 13S DETY      900205 0600 165S 0666E -99 -99 0966 1010 0130 31 013 -999 -999 -999 -999 -999 -999
IBTr 13S DETY      900205 1200 167S 0669E -99 -99 0966 1010 0130 31 013 -999 -999 -999 -999 -999 -999
IBTr 13S DETY      900205 1800 169S 0673E -99 -99 0976 1010 0130 26 013 -999 -999 -999 -999 -999 -999
IBTr 13S DETY      900206 0000 170S 0681E -99 -99 0976 1010 0130 26 013 -999 -999 -999 -999 -999 -999
IBTr 13S DETY      900206 0600 171S 0690E -99 -99 0984 1010 0120 22 012 -999 -999 -999 -999 -999 -999
IBTr 13S DETY      900206 1200 174S 0701E -99 -99 0976 1010 0130 26 013 -999 -999 -999 -999 -999 -999
IBTr 13S DETY      900206 1800 176S 0713E -99 -99 0976 1010 0130 26 013 -999 -999 -999 -999 -999 -999
IBTr 13S DETY      900207 0000 177S 0727E -99 -99 0976 1010 0130 26 013 -999 -999 -999 -999 -999 -999
IBTr 13S DETY      900207 0600 176S 0738E -99 -99 0976 1010 0130 26 013 -999 -999 -999 -999 -999 -999
IBTr 13S DETY      900207 1200 170S 0751E -99 -99 0976 1010 0130 26 013 -999 -999 -999 -999 -999 -999
IBTr 13S DETY      900207 1800 163S 0761E -99 -99 0984 1010 0120 22 012 -999 -999 -999 -999 -999 -999
IBTr 13S DETY      900208 0000 157S 0762E -99 -99 0991 1010 0110 18 011 -999 -999 -999 -999 -999 -999
IBTr 13S DETY      900208 0600 170S 0763E -99 -99 0997 1010 0100 14 010 -999 -999 -999 -999 -999 -999
IBTr 13S DETY      900208 1200 176S 0766E -99 -99 0997 1010 0100 14 010 -999 -999 -999 -999 -999 -999
IBTr 13S DETY      900208 1800 180S 0770E -99 -99 1000 1010 0100 12 010 -999 -999 -999 -999 -999 -999
IBTr 13S DETY      900209 0000 182S 0775E -99 -99 0000 1010 0000 10 000 -999 -999 -999 -999 -999 -999
IBTr 13S DETY      900209 0600 187S 0781E -99 -99 0000 1010 0000 10 000 -999 -999 -999 -999 -999 -999
IBTr 13S DETY      900209 1200 188S 0784E -99 -99 0000 1010 0000 10 000 -999 -999 -999 -999 -999 -999
IBTr 13S DETY      900209 1800 190S 0789E -99 -99 0000 1010 0000 10 000 -999 -999 -999 -999 -999 -999
IBTr 13S DETY      900210 0000 191S 0791E -99 -99 0000 1010 0000 10 000 -999 -999 -999 -999 -999 -999
IBTr 13S DETY      900210 0600 193S 0793E -99 -99 0000 1010 0000 10 000 -999 -999 -999 -999 -999 -999
IBTr 13S DETY      900210 1200 198S 0800E -99 -99 0000 1010 0000 -9 000 -999 -999 -999 -999 -999 -999
IBTr 13S DETY      900210 1800 201S 0806E -99 -99 -999 1010 0000 -9 000 -999 -999 -999 -999 -999 -999
IBTr 13S DETY      900211 0000 207S 0812E -99 -99 -999 1010 0000 -9 000 -999 -999 -999 -999 -999 -999
IBTr 13S DETY      900211 0600 210S 0820E -99 -99 -999 1010 0000 -9 000 -999 -999 -999 -999 -999 -999
