IBTr 14S CEZERA    900131 1200 105S 0585E -99 -99 1000 1010 0100 12 010 -999 -999 -999 -999 -999 -999
IBTr 14S CEZERA    900131 1800 106S 0590E -99 -99 1000 1010 0100 12 010 -999 -999 -999 -999 -999 -999
IBTr 14S CEZERA    900201 0000 108S 0594E -99 -99 0997 1010 0100 14 010 -999 -999 -999 -999 -999 -999
IBTr 14S CEZERA    900201 0600 111S 0590E -99 -99 0997 1010 0100 14 010 -999 -999 -999 -999 -999 -999
IBTr 14S CEZERA    900201 1200 111S 0588E -99 -99 0997 1010 0100 14 010 -999 -999 -999 -999 -999 -999
IBTr 14S CEZERA    900201 1800 111S 0587E -99 -99 0991 1010 0110 18 011 -999 -999 -999 -999 -999 -999
IBTr 14S CEZERA    900202 0000 113S 0590E -99 -99 0991 1010 0110 18 011 -999 -999 -999 -999 -999 -999
IBTr 14S CEZERA    900202 0600 115S 0593E -99 -99 0984 1010 0120 22 012 -999 -999 -999 -999 -999 -999
IBTr 14S CEZERA    900202 1200 119S 0597E -99 -99 0976 1010 0130 26 013 -999 -999 -999 -999 -999 -999
IBTr 14S CEZERA    900202 1800 122S 0598E -99 -99 0976 1010 0130 26 013 -999 -999 -999 -999 -999 -999
IBTr 14S CEZERA    900203 0000 124S 0598E -99 -99 0976 1010 0130 26 013 -999 -999 -999 -999 -999 -999
IBTr 14S CEZERA    900203 0600 130S 0598E -99 -99 0976 1010 0130 26 013 -999 -999 -999 -999 -999 -999
IBTr 14S CEZERA    900203 1200 132S 0597E -99 -99 0984 1010 0120 22 012 -999 -999 -999 -999 -999 -999
IBTr 14S CEZERA    900203 1800 132S 0595E -99 -99 0991 1010 0110 18 011 -999 -999 -999 -999 -999 -999
IBTr 14S CEZERA    900204 0000 131S 0594E -99 -99 0991 1010 0110 18 011 -999 -999 -999 -999 -999 -999
IBTr 14S CEZERA    900204 0600 130S 0593E -99 -99 0991 1010 0110 18 011 -999 -999 -999 -999 -999 -999
IBTr 14S CEZERA    900204 1200 128S 0590E -99 -99 0991 1010 0110 18 011 -999 -999 -999 -999 -999 -999
IBTr 14S CEZERA    900204 1800 126S 0586E -99 -99 0991 1010 0110 18 011 -999 -999 -999 -999 -999 -999
IBTr 14S CEZERA    900205 0000 124S 0583E -99 -99 0991 1010 0110 18 011 -999 -999 -999 -999 -999 -999
IBTr 14S CEZERA    900205 0600 120S 0580E -99 -99 0984 1010 0120 22 012 -999 -999 -999 -999 -999 -999
IBTr 14S CEZERA    900205 1200 119S 0577E -99 -99 0984 1010 0120 22 012 -999 -999 -999 -999 -999 -999
IBTr 14S CEZERA    900205 1800 118S 0574E -99 -99 0991 1010 0110 18 011 -999 -999 -999 -999 -999 -999
IBTr 14S CEZERA    900206 0000 119S 0571E -99 -99 0991 1010 0110 18 011 -999 -999 -999 -999 -999 -999
IBTr 14S CEZERA    900206 0600 121S 0569E -99 -99 0997 1010 0100 14 010 -999 -999 -999 -999 -999 -999
IBTr 14S CEZERA    900206 1200 124S 0567E -99 -99 0997 1010 0100 14 010 -999 -999 -999 -999 -999 -999
IBTr 14S CEZERA    900206 1800 129S 0567E -99 -99 0997 1010 0100 14 010 -999 -999 -999 -999 -999 -999
IBTr 14S CEZERA    900207 0000 135S 0566E -99 -99 0997 1010 0100 14 010 -999 -999 -999 -999 -999 -999
IBTr 14S CEZERA    900207 0600 141S 0567E -99 -99 0997 1010 0100 14 010 -999 -999 -999 -999 -999 -999
IBTr 14S CEZERA    900207 1200 147S 0571E -99 -99 0991 1010 0110 18 011 -999 -999 -999 -999 -999 -999
IBTr 14S CEZERA    900207 1800 153S 0577E -99 -99 0991 1010 0110 18 011 -999 -999 -999 -999 -999 -999
IBTr 14S CEZERA    900208 0000 159S 0587E -99 -99 0991 1010 0110 18 011 -999 -999 -999 -999 -999 -999
IBTr 14S CEZERA    900208 0600 163S 0598E -99 -99 0997 1010 0100 14 010 -999 -999 -999 -999 -999 -999
IBTr 14S CEZERA    900208 1200 168S 0611E -99 -99 0997 1010 0100 14 010 -999 -999 -999 -999 -999 -999
IBTr 14S CEZERA    900208 1800 169S 0625E -99 -99 0997 1010 0100 14 010 -999 -999 -999 -999 -999 -999
IBTr 14S CEZERA    900209 0000 164S 0636E -99 -99 0997 1010 0100 14 010 -999 -999 -999 -999 -999 -999
IBTr 14S CEZERA    900209 0600 162S 0645E -99 -99 1000 1010 0100 12 010 -999 -999 -999 -999 -999 -999
IBTr 14S CEZERA    900209 1200 160S 0651E -99 -99 1000 1010 0100 12 010 -999 -999 -999 -999 -999 -999
IBTr 14S CEZERA    900209 1800 157S 0657E -99 -99 0000 1010 0000 10 000 -999 -999 -999 -999 -999 -999
IBTr 14S CEZERA    900210 0000 155S 0665E -99 -99 0000 1010 0000 10 000 -999 -999 -999 -999 -999 -999
IBTr 14S CEZERA    900210 0600 156S 0673E -99 -99 0000 1010 0000 10 000 -999 -999 -999 -999 -999 -999
IBTr 14S CEZERA    900210 1200 160S 0682E -99 -99 0000 1010 0000 -9 000 -999 -999 -999 -999 -999 -999
IBTr 14S CEZERA    900210 1800 170S 0692E -99 -99 0000 1010 0000 -9 000 -999 -999 -999 -999 -999 -999
IBTr 14S CEZERA    900211 0000 188S 0699E -99 -99 0000 1010 0000 -9 000 -999 -999 -999 -999 -999 -999
IBTr 14S CEZERA    900211 0600 207S 0703E -99 -99 0000 1010 0000 -9 000 -999 -999 -999 -999 -999 -999
