IBTr 10P RAE       900317 0000 100S 1770E -99 -99 0997 1010 0100 15 010 -999 -999 -999 -999 -999 -999
IBTr 10P RAE       900317 0600 120S 1650E -99 -99 -999 1010 0000 -9 000 -999 -999 -999 -999 -999 -999
IBTr 10P RAE       900317 1200 126S 1654E -99 -99 0997 1010 0100 15 010 -999 -999 -999 -999 -999 -999
IBTr 10P RAE       900317 1800 128S 1662E -99 -99 -999 1010 0000 -9 000 -999 -999 -999 -999 -999 -999
IBTr 10P RAE       900318 0000 126S 1668E -99 -99 0997 1010 0100 15 010 -999 -999 -999 -999 -999 -999
IBTr 10P RAE       900318 0600 120S 1670E -99 -99 -999 1010 0000 -9 000 -999 -999 -999 -999 -999 -999
IBTr 10P RAE       900318 1200 116S 1667E -99 -99 0997 1010 0100 15 010 -999 -999 -999 -999 -999 -999
IBTr 10P RAE       900318 1800 115S 1664E -99 -99 -999 1010 0000 -9 000 -999 -999 -999 -999 -999 -999
IBTr 10P RAE       900319 0000 117S 1660E -99 -99 0997 1010 0100 15 010 -999 -999 -999 -999 -999 -999
IBTr 10P RAE       900319 0600 120S 1660E -99 -99 -999 1010 0000 -9 000 -999 -999 -999 -999 -999 -999
IBTr 10P RAE       900319 1200 122S 1661E -99 -99 0997 1010 0100 15 010 -999 -999 -999 -999 -999 -999
IBTr 10P RAE       900319 1800 124S 1662E -99 -99 -999 1010 0000 -9 000 -999 -999 -999 -999 -999 -999
IBTr 10P RAE       900320 0000 126S 1664E -99 -99 0997 1010 0100 15 010 -999 -999 -999 -999 -999 -999
IBTr 10P RAE       900320 0600 129S 1670E -99 -99 -999 1010 0000 -9 000 -999 -999 -999 -999 -999 -999
IBTr 10P RAE       900320 1200 136S 1691E -99 -99 0997 1010 0100 15 010 -999 -999 -999 -999 -999 -999
IBTr 10P RAE       900320 1800 152S 1718E -99 -99 -999 1010 0000 -9 000 -999 -999 -999 -999 -999 -999
IBTr 10P RAE       900321 0000 166S 1734E -99 -99 0997 1010 0100 15 010 -999 -999 -999 -999 -999 -999
IBTr 10P RAE       900321 0600 176S 1737E -99 -99 -999 1010 0000 -9 000 -999 -999 -999 -999 -999 -999
IBTr 10P RAE       900321 1200 185S 1735E -99 -99 0997 1010 0100 15 010 -999 -999 -999 -999 -999 -999
IBTr 10P RAE       900321 1800 194S 1733E -99 -99 -999 1010 0000 -9 000 -999 -999 -999 -999 -999 -999
IBTr 10P RAE       900322 0000 201S 1733E -99 -99 0990 1010 0110 20 011 -999 -999 -999 -999 -999 -999
IBTr 10P RAE       900322 0600 209S 1734E -99 -99 -999 1010 0000 -9 000 -999 -999 -999 -999 -999 -999
IBTr 10P RAE       900322 1200 215S 1738E -99 -99 0987 1010 0120 23 012 -999 -999 -999 -999 -999 -999
IBTr 10P RAE       900322 1800 216S 1747E -99 -99 -999 1010 0000 -9 000 -999 -999 -999 -999 -999 -999
IBTr 10P RAE       900323 0000 216S 1760E -99 -99 0985 1010 0120 25 012 -999 -999 -999 -999 -999 -999
IBTr 10P RAE       900323 0600 218S 1782E -99 -99 0985 1010 0120 25 012 -999 -999 -999 -999 -999 -999
IBTr 10P RAE       900323 1200 224S 1794W -99 -99 0985 1010 0120 25 012 -999 -999 -999 -999 -999 -999
IBTr 10P RAE       900323 1800 232S 1770W -99 -99 0987 1010 0120 23 012 -999 -999 -999 -999 -999 -999
IBTr 10P RAE       900324 0000 240S 1746W -99 -99 0990 1010 0120 20 012 -999 -999 -999 -999 -999 -999
IBTr 10P RAE       900324 0600 252S 1714W -99 -99 0990 1010 0120 20 012 -999 -999 -999 -999 -999 -999
IBTr 10P RAE       900324 1200 265S 1685W -99 -99 0995 1010 0110 18 011 -999 -999 -999 -999 -999 -999
IBTr 10P RAE       900324 1800 287S 1641W -99 -99 0995 1010 0110 18 011 -999 -999 -999 -999 -999 -999
IBTr 10P RAE       900325 0000 309S 1596W -99 -99 0997 1010 0110 15 011 -999 -999 -999 -999 -999 -999
