IBTr 16L NANA      901016 0000 222N 0604W -99 -99 1009 1010 0090 12 009 -999 -999 -999 -999 -999 -999
IBTr 16L NANA      901016 0600 223N 0608W -99 -99 1008 1010 0090 15 009 -999 -999 -999 -999 -999 -999
IBTr 16L NANA      901016 1200 223N 0614W -99 -99 1006 1010 0090 15 009 -999 -999 -999 -999 -999 -999
IBTr 16L NANA      901016 1800 221N 0621W -99 -99 1005 1010 0090 18 009 -999 -999 -999 -999 -999 -999
IBTr 16L NANA      901017 0000 221N 0625W -99 -99 1004 1010 0090 20 009 -999 -999 -999 -999 -999 -999
IBTr 16L NANA      901017 0600 221N 0628W -99 -99 1003 1010 0100 23 010 -999 -999 -999 -999 -999 -999
IBTr 16L NANA      901017 1200 224N 0632W -99 -99 1000 1010 0100 28 010 -999 -999 -999 -999 -999 -999
IBTr 16L NANA      901017 1800 228N 0635W -99 -99 0995 1010 0110 33 011 -999 -999 -999 -999 -999 -999
IBTr 16L NANA      901018 0000 234N 0636W -99 -99 0990 1010 0120 36 012 -999 -999 -999 -999 -999 -999
IBTr 16L NANA      901018 0600 241N 0638W -99 -99 0990 1010 0120 38 012 -999 -999 -999 -999 -999 -999
IBTr 16L NANA      901018 1200 250N 0642W -99 -99 0994 1010 0110 38 011 -999 -999 -999 -999 -999 -999
IBTr 16L NANA      901018 1800 261N 0649W -99 -99 0994 1010 0110 36 011 -999 -999 -999 -999 -999 -999
IBTr 16L NANA      901019 0000 271N 0657W -99 -99 0993 1010 0110 33 011 -999 -999 -999 -999 -999 -999
IBTr 16L NANA      901019 0600 279N 0663W -99 -99 0992 1010 0110 36 011 -999 -999 -999 -999 -999 -999
IBTr 16L NANA      901019 1200 285N 0669W -99 -99 0989 1010 0120 38 012 -999 -999 -999 -999 -999 -999
IBTr 16L NANA      901019 1800 289N 0665W -99 -99 0991 1010 0120 36 012 -999 -999 -999 -999 -999 -999
IBTr 16L NANA      901020 0000 292N 0662W -99 -99 0998 1010 0110 30 011 -999 -999 -999 -999 -999 -999
IBTr 16L NANA      901020 0600 295N 0658W -99 -99 1000 1010 0100 25 010 -999 -999 -999 -999 -999 -999
IBTr 16L NANA      901020 1200 296N 0655W -99 -99 1003 1010 0100 20 010 -999 -999 -999 -999 -999 -999
IBTr 16L NANA      901020 1800 293N 0654W -99 -99 1005 1010 0090 18 009 -999 -999 -999 -999 -999 -999
IBTr 16L NANA      901021 0000 288N 0648W -99 -99 1008 1010 0090 15 009 -999 -999 -999 -999 -999 -999
IBTr 16L NANA      901021 0600 288N 0645W -99 -99 1010 1010 0090 12 009 -999 -999 -999 -999 -999 -999
IBTr 16L NANA      901021 1200 277N 0649W -99 -99 1010 1010 0090 10 009 -999 -999 -999 -999 -999 -999
