IBTr 14E STEVE     900805 0600 590N 1800E -99 -99 0986 1010 0140 -9 014 -999 -999 -999 -999 -999 -999
IBTr 14E STEVE     900805 1200 580N 1780W -99 -99 -999 1010 0000 -9 000 -999 -999 -999 -999 -999 -999
IBTr 14E UNNAMED   900816 1200 106N 1115W -99 -99 0000 1010 0000 10 000 -999 -999 -999 -999 -999 -999
IBTr 14E UNNAMED   900816 1800 108N 1125W -99 -99 0000 1010 0000 12 000 -999 -999 -999 -999 -999 -999
IBTr 14E UNNAMED   900817 0000 111N 1139W -99 -99 0000 1010 0000 12 000 -999 -999 -999 -999 -999 -999
IBTr 14E UNNAMED   900817 0600 113N 1153W -99 -99 0000 1010 0000 12 000 -999 -999 -999 -999 -999 -999
IBTr 14E UNNAMED   900817 1200 112N 1164W -99 -99 0000 1010 0000 12 000 -999 -999 -999 -999 -999 -999
IBTr 14E UNNAMED   900817 1800 111N 1174W -99 -99 0000 1010 0000 12 000 -999 -999 -999 -999 -999 -999
IBTr 14E UNNAMED   900818 0000 111N 1186W -99 -99 0000 1010 0000 15 000 -999 -999 -999 -999 -999 -999
IBTr 14E UNNAMED   900818 0600 112N 1198W -99 -99 0000 1010 0000 15 000 -999 -999 -999 -999 -999 -999
IBTr 14E UNNAMED   900818 1200 115N 1212W -99 -99 0000 1010 0000 15 000 -999 -999 -999 -999 -999 -999
IBTr 14E UNNAMED   900818 1800 119N 1224W -99 -99 0000 1010 0000 15 000 -999 -999 -999 -999 -999 -999
IBTr 14E UNNAMED   900819 0000 123N 1236W -99 -99 0000 1010 0000 15 000 -999 -999 -999 -999 -999 -999
IBTr 14E UNNAMED   900819 0600 127N 1247W -99 -99 0000 1010 0000 15 000 -999 -999 -999 -999 -999 -999
IBTr 14E UNNAMED   900819 1200 132N 1256W -99 -99 0000 1010 0000 15 000 -999 -999 -999 -999 -999 -999
IBTr 14E UNNAMED   900819 1800 139N 1261W -99 -99 0000 1010 0000 15 000 -999 -999 -999 -999 -999 -999
