IBTr 11W ROBYN     900629 0000 92N  1592E -99 -99 -999 1010 0000 07 000 -999 -999 -999 -999 -999 -999
IBTr 11W ROBYN     900629 0600 88N  1590E -99 -99 -999 1010 0000 07 000 -999 -999 -999 -999 -999 -999
IBTr 11W ROBYN     900629 1200 84N  1588E -99 -99 -999 1010 0000 07 000 -999 -999 -999 -999 -999 -999
IBTr 11W ROBYN     900629 1800 80N  1586E -99 -99 -999 1010 0000 07 000 -999 -999 -999 -999 -999 -999
IBTr 11W ROBYN     900630 0000 77N  1584E -99 -99 -999 1010 0000 07 000 -999 -999 -999 -999 -999 -999
IBTr 11W ROBYN     900630 0600 72N  1582E -99 -99 -999 1010 0000 07 000 -999 -999 -999 -999 -999 -999
IBTr 11W ROBYN     900630 1200 68N  1579E -99 -99 -999 1010 0000 07 000 -999 -999 -999 -999 -999 -999
IBTr 11W ROBYN     900630 1800 66N  1574E -99 -99 -999 1010 0000 07 000 -999 -999 -999 -999 -999 -999
IBTr 11W ROBYN     900701 0000 65N  1568E -99 -99 -999 1010 0000 07 000 -999 -999 -999 -999 -999 -999
IBTr 11W ROBYN     900701 0600 65N  1563E -99 -99 -999 1010 0000 10 000 -999 -999 -999 -999 -999 -999
IBTr 11W ROBYN     900701 1200 66N  1558E -99 -99 -999 1010 0000 10 000 -999 -999 -999 -999 -999 -999
IBTr 11W ROBYN     900701 1800 67N  1552E -99 -99 -999 1010 0000 10 000 -999 -999 -999 -999 -999 -999
IBTr 11W ROBYN     900702 0000 69N  1546E -99 -99 -999 1010 0000 10 000 -999 -999 -999 -999 -999 -999
IBTr 11W ROBYN     900702 0600 72N  1534E -99 -99 -999 1010 0000 10 000 -999 -999 -999 -999 -999 -999
IBTr 11W ROBYN     900702 1200 76N  1523E -99 -99 -999 1010 0000 10 000 -999 -999 -999 -999 -999 -999
IBTr 11W ROBYN     900702 1800 80N  1510E -99 -99 -999 1010 0000 10 000 -999 -999 -999 -999 -999 -999
IBTr 11W ROBYN     900703 0000 83N  1500E -99 -99 -999 1010 0000 10 000 -999 -999 -999 -999 -999 -999
IBTr 11W ROBYN     900703 0600 88N  1484E -99 -99 -999 1010 0000 10 000 -999 -999 -999 -999 -999 -999
IBTr 11W ROBYN     900703 1200 92N  1468E -99 -99 -999 1010 0000 10 000 -999 -999 -999 -999 -999 -999
IBTr 11W ROBYN     900703 1800 98N  1452E -99 -99 -999 1010 0000 10 000 -999 -999 -999 -999 -999 -999
IBTr 11W ROBYN     900704 0000 104N 1438E -99 -99 -999 1010 0000 10 000 -999 -999 -999 -999 -999 -999
IBTr 11W ROBYN     900704 0600 106N 1426E -99 -99 -999 1010 0000 12 000 -999 -999 -999 -999 -999 -999
IBTr 11W ROBYN     900704 1200 105N 1414E -99 -99 -999 1010 0000 12 000 -999 -999 -999 -999 -999 -999
IBTr 11W ROBYN     900704 1800 104N 1404E -99 -99 1004 1010 0090 12 009 -999 -999 -999 -999 -999 -999
IBTr 11W ROBYN     900705 0000 107N 1388E -99 -99 1002 1010 0090 12 009 -999 -999 -999 -999 -999 -999
IBTr 11W ROBYN     900705 0600 109N 1372E -99 -99 1002 1010 0090 12 009 -999 -999 -999 -999 -999 -999
IBTr 11W ROBYN     900705 1200 112N 1359E -99 -99 1002 1010 0090 12 009 -999 -999 -999 -999 -999 -999
IBTr 11W ROBYN     900705 1800 116N 1347E -99 -99 1000 1010 0100 12 010 -999 -999 -999 -999 -999 -999
IBTr 11W ROBYN     900706 0000 122N 1337E -99 -99 1000 1010 0100 12 010 -999 -999 -999 -999 -999 -999
IBTr 11W ROBYN     900706 0600 127N 1329E -99 -99 1000 1010 0100 12 010 -999 -999 -999 -999 -999 -999
IBTr 11W ROBYN     900706 1200 132N 1319E -99 -99 1000 1010 0100 12 010 -999 -999 -999 -999 -999 -999
IBTr 11W ROBYN     900706 1800 136N 1309E -99 -99 0998 1010 0100 12 010 -999 -999 -999 -999 -999 -999
IBTr 11W ROBYN     900707 0000 142N 1300E -99 -99 0998 1010 0100 15 010 -999 -999 -999 -999 -999 -999
IBTr 11W ROBYN     900707 0600 148N 1294E -99 -99 0998 1010 0100 15 010 -999 -999 -999 -999 -999 -999
IBTr 11W ROBYN     900707 1200 157N 1287E -99 -99 0998 1010 0100 15 010 -999 -999 -999 -999 -999 -999
IBTr 11W ROBYN     900707 1800 165N 1280E -99 -99 0998 1010 0100 15 010 -999 -999 -999 -999 -999 -999
IBTr 11W ROBYN     900708 0000 173N 1273E -99 -99 0998 1010 0100 15 010 -999 -999 -999 -999 -999 -999
IBTr 11W ROBYN     900708 0300 177N 1274E -99 -99 0996 1010 0100 18 010 -999 -999 -999 -999 -999 -999
IBTr 11W ROBYN     900708 0600 183N 1265E -99 -99 0996 1010 0100 18 010 -999 -999 -999 -999 -999 -999
IBTr 11W ROBYN     900708 1200 191N 1259E -99 -99 0996 1010 0100 18 010 -999 -999 -999 -999 -999 -999
IBTr 11W ROBYN     900708 1800 198N 1255E -99 -99 0994 1010 0110 20 011 -999 -999 -999 -999 -999 -999
IBTr 11W ROBYN     900709 0000 207N 1250E -99 -99 0994 1010 0110 20 011 -999 -999 -999 -999 -999 -999
IBTr 11W ROBYN     900709 0600 220N 1247E -99 -99 0992 1010 0110 23 011 -999 -999 -999 -999 -999 -999
IBTr 11W ROBYN     900709 1200 233N 1243E -99 -99 0992 1010 0110 23 011 -999 -999 -999 -999 -999 -999
IBTr 11W ROBYN     900709 1800 245N 1241E -99 -99 0992 1010 0110 23 011 -999 -999 -999 -999 -999 -999
IBTr 11W ROBYN     900710 0000 258N 1239E -99 -99 0992 1010 0110 23 011 -999 -999 -999 -999 -999 -999
IBTr 11W ROBYN     900710 0600 271N 1238E -99 -99 0992 1010 0110 23 011 -999 -999 -999 -999 -999 -999
IBTr 11W ROBYN     900710 1200 283N 1240E -99 -99 0992 1010 0110 20 011 -999 -999 -999 -999 -999 -999
IBTr 11W ROBYN     900710 1800 294N 1242E -99 -99 0992 1010 0120 20 012 -999 -999 -999 -999 -999 -999
IBTr 11W ROBYN     900711 0000 307N 1248E -99 -99 0992 1010 0120 20 012 -999 -999 -999 -999 -999 -999
IBTr 11W ROBYN     900711 0600 324N 1258E -99 -99 0992 1010 0120 20 012 -999 -999 -999 -999 -999 -999
IBTr 11W ROBYN     900711 1200 337N 1270E -99 -99 0992 1010 0120 20 012 -999 -999 -999 -999 -999 -999
IBTr 11W ROBYN     900711 1800 348N 1287E -99 -99 0992 1010 0120 18 012 -999 -999 -999 -999 -999 -999
IBTr 11W ROBYN     900712 0000 362N 1305E -99 -99 0992 1010 0120 15 012 -999 -999 -999 -999 -999 -999
IBTr 11W ROBYN     900712 0600 370N 1315E -99 -99 0992 1010 0120 15 012 -999 -999 -999 -999 -999 -999
IBTr 11W ROBYN     900712 1200 381N 1326E -99 -99 0992 1010 0120 15 012 -999 -999 -999 -999 -999 -999
IBTr 11W ROBYN     900712 1800 388N 1332E -99 -99 0992 1010 0120 15 012 -999 -999 -999 -999 -999 -999
IBTr 11W ROBYN     900713 0000 397N 1335E -99 -99 0992 1010 0120 15 012 -999 -999 -999 -999 -999 -999
IBTr 11W ROBYN     900713 0600 402N 1337E -99 -99 0994 1010 0120 -9 012 -999 -999 -999 -999 -999 -999
IBTr 11W ROBYN     900713 1200 402N 1337E -99 -99 0996 1010 0110 -9 011 -999 -999 -999 -999 -999 -999
IBTr 11W ROBYN     900713 1800 412N 1340E -99 -99 1000 1010 0110 -9 011 -999 -999 -999 -999 -999 -999
IBTr 11W ROBYN     900714 0000 412N 1340E -99 -99 1002 1010 0100 -9 010 -999 -999 -999 -999 -999 -999
IBTr 11W ROBYN     900714 0600 422N 1342E -99 -99 1004 1010 0100 -9 010 -999 -999 -999 -999 -999 -999
