IBTr 13E TWOC      900809 1800 111N 1411W -99 -99 -999 1010 0000 -9 000 -999 -999 -999 -999 -999 -999
IBTr 13E TWOC      900810 0000 111N 1415W -99 -99 -999 1010 0000 -9 000 -999 -999 -999 -999 -999 -999
IBTr 13E TWOC      900810 0600 111N 1418W -99 -99 -999 1010 0000 -9 000 -999 -999 -999 -999 -999 -999
IBTr 13E TWOC      900810 1200 111N 1422W -99 -99 -999 1010 0000 -9 000 -999 -999 -999 -999 -999 -999
IBTr 13E TWOC      900810 1800 110N 1425W -99 -99 -999 1010 0000 -9 000 -999 -999 -999 -999 -999 -999
IBTr 13E TWOC      900811 0000 112N 1432W -99 -99 -999 1010 0000 -9 000 -999 -999 -999 -999 -999 -999
IBTr 13E TWOC      900811 0600 115N 1440W -99 -99 -999 1010 0000 -9 000 -999 -999 -999 -999 -999 -999
IBTr 13E TWOC      900811 1200 116N 1448W -99 -99 -999 1010 0000 -9 000 -999 -999 -999 -999 -999 -999
IBTr 13E TWOC      900811 1800 112N 1456W -99 -99 -999 1010 0000 -9 000 -999 -999 -999 -999 -999 -999
IBTr 13E TWOC      900812 0000 108N 1466W -99 -99 -999 1010 0000 -9 000 -999 -999 -999 -999 -999 -999
IBTr 13E TWOC      900812 0600 106N 1475W -99 -99 -999 1010 0000 -9 000 -999 -999 -999 -999 -999 -999
IBTr 13E TWOC      900812 1200 104N 1484W -99 -99 -999 1010 0000 -9 000 -999 -999 -999 -999 -999 -999
IBTr 13E TWOC      900812 1800 103N 1495W -99 -99 -999 1010 0000 -9 000 -999 -999 -999 -999 -999 -999
IBTr 13E TWOC      900813 0000 105N 1510W -99 -99 -999 1010 0000 -9 000 -999 -999 -999 -999 -999 -999
