IBTr 11S SAM       900111 1200 120S 1305E -99 -99 1003 1010 0090 13 009 -999 -999 -999 -999 -999 -999
IBTr 11S SAM       900111 1800 126S 1295E -99 -99 1003 1010 0090 13 009 -999 -999 -999 -999 -999 -999
IBTr 11S SAM       900112 0000 128S 1286E -99 -99 1003 1010 0090 13 009 -999 -999 -999 -999 -999 -999
IBTr 11S SAM       900112 0600 130S 1277E -99 -99 1002 1010 0090 13 009 -999 -999 -999 -999 -999 -999
IBTr 11S SAM       900112 1200 132S 1266E -99 -99 1001 1010 0090 14 009 -999 -999 -999 -999 -999 -999
IBTr 11S SAM       900112 1800 134S 1254E -99 -99 0999 1010 0100 16 010 -999 -999 -999 -999 -999 -999
IBTr 11S SAM       900113 0000 135S 1243E -99 -99 0997 1010 0100 18 010 -999 -999 -999 -999 -999 -999
IBTr 11S SAM       900113 0600 135S 1232E -99 -99 0995 1010 0100 20 010 -999 -999 -999 -999 -999 -999
IBTr 11S SAM       900113 1200 136S 1223E -99 -99 0993 1010 0110 21 011 -999 -999 -999 -999 -999 -999
IBTr 11S SAM       900113 1800 137S 1216E -99 -99 0986 1010 0120 26 012 -999 -999 -999 -999 -999 -999
IBTr 11S SAM       900114 0000 138S 1209E -99 -99 0982 1010 0120 29 012 -999 -999 -999 -999 -999 -999
IBTr 11S SAM       900114 0600 140S 1199E -99 -99 0978 1010 0120 32 012 -999 -999 -999 -999 -999 -999
IBTr 11S SAM       900114 1200 143S 1188E -99 -99 0972 1010 0130 36 013 -999 -999 -999 -999 -999 -999
IBTr 11S SAM       900114 1800 148S 1175E -99 -99 0972 1010 0130 36 013 -999 -999 -999 -999 -999 -999
IBTr 11S SAM       900115 0000 150S 1163E -99 -99 0972 1010 0130 36 013 -999 -999 -999 -999 -999 -999
IBTr 11S SAM       900115 0600 154S 1151E -99 -99 0976 1010 0130 33 013 -999 -999 -999 -999 -999 -999
IBTr 11S SAM       900115 1200 157S 1141E -99 -99 0976 1010 0130 33 013 -999 -999 -999 -999 -999 -999
IBTr 11S SAM       900115 1800 160S 1130E -99 -99 0976 1010 0130 33 013 -999 -999 -999 -999 -999 -999
IBTr 11S SAM       900116 0000 163S 1120E -99 -99 0976 1010 0130 33 013 -999 -999 -999 -999 -999 -999
IBTr 11S SAM       900116 0600 168S 1111E -99 -99 0976 1010 0130 33 013 -999 -999 -999 -999 -999 -999
IBTr 11S SAM       900116 1200 173S 1101E -99 -99 0974 1010 0130 34 013 -999 -999 -999 -999 -999 -999
IBTr 11S SAM       900116 1800 179S 1091E -99 -99 0974 1010 0130 34 013 -999 -999 -999 -999 -999 -999
IBTr 11S SAM       900117 0000 184S 1083E -99 -99 0972 1010 0130 36 013 -999 -999 -999 -999 -999 -999
IBTr 11S SAM       900117 0600 189S 1077E -99 -99 0970 1010 0130 38 013 -999 -999 -999 -999 -999 -999
IBTr 11S SAM       900117 1200 194S 1071E -99 -99 0968 1010 0130 39 013 -999 -999 -999 -999 -999 -999
IBTr 11S SAM       900117 1800 199S 1067E -99 -99 0966 1010 0130 40 013 -999 -999 -999 -999 -999 -999
IBTr 11S SAM       900118 0000 206S 1062E -99 -99 0966 1010 0140 40 014 -999 -999 -999 -999 -999 -999
IBTr 11S SAM       900118 0600 213S 1058E -99 -99 0966 1010 0140 40 014 -999 -999 -999 -999 -999 -999
IBTr 11S SAM       900118 1200 221S 1055E -99 -99 0970 1010 0130 38 013 -999 -999 -999 -999 -999 -999
IBTr 11S SAM       900118 1800 227S 1052E -99 -99 0975 1010 0130 33 013 -999 -999 -999 -999 -999 -999
IBTr 11S SAM       900119 0000 233S 1051E -99 -99 0980 1010 0130 30 013 -999 -999 -999 -999 -999 -999
IBTr 11S SAM       900119 0600 242S 1050E -99 -99 0985 1010 0120 27 012 -999 -999 -999 -999 -999 -999
IBTr 11S SAM       900119 1200 251S 1050E -99 -99 0990 1010 0120 24 012 -999 -999 -999 -999 -999 -999
IBTr 11S SAM       900119 1800 258S 1051E -99 -99 0994 1010 0110 21 011 -999 -999 -999 -999 -999 -999
IBTr 11S SAM       900120 0000 263S 1053E -99 -99 0997 1010 0110 18 011 -999 -999 -999 -999 -999 -999
IBTr 11S SAM       900120 0600 269S 1062E -99 -99 0999 1010 0100 16 010 -999 -999 -999 -999 -999 -999
IBTr 11S SAM       900120 1200 271S 1070E -99 -99 1002 1010 0100 13 010 -999 -999 -999 -999 -999 -999
IBTr 11S SAM       900120 1800 274S 1081E -99 -99 1002 1010 0100 13 010 -999 -999 -999 -999 -999 -999
IBTr 11S SAM       900121 0000 277S 1090E -99 -99 1003 1010 0100 13 010 -999 -999 -999 -999 -999 -999
