IBTr 18S GREGOARAW 900303 0000 132S 0907E -99 -99 -999 1010 0000 -9 000 -999 -999 -999 -999 -999 -999
IBTr 18S GREGOARAW 900303 0600 133S 0915E -99 -99 -999 1010 0000 -9 000 -999 -999 -999 -999 -999 -999
IBTr 18S GREGOARAW 900303 1200 135S 0920E -99 -99 -999 1010 0000 -9 000 -999 -999 -999 -999 -999 -999
IBTr 18S GREGOARAW 900303 1800 140S 0930E -99 -99 1000 1010 0100 15 010 -999 -999 -999 -999 -999 -999
IBTr 18S GREGOARAW 900304 0000 145S 0936E -99 -99 1000 1010 0100 15 010 -999 -999 -999 -999 -999 -999
IBTr 18S GREGOARAW 900304 0600 151S 0941E -99 -99 1000 1010 0100 15 010 -999 -999 -999 -999 -999 -999
IBTr 18S GREGOARAW 900304 1200 157S 0944E -99 -99 0998 1010 0100 18 010 -999 -999 -999 -999 -999 -999
IBTr 18S GREGOARAW 900304 1800 163S 0947E -99 -99 0995 1010 0110 20 011 -999 -999 -999 -999 -999 -999
IBTr 18S GREGOARAW 900305 0000 170S 0953E -99 -99 0995 1010 0110 20 011 -999 -999 -999 -999 -999 -999
IBTr 18S GREGOARAW 900305 0600 177S 0960E -99 -99 0992 1010 0110 22 011 -999 -999 -999 -999 -999 -999
IBTr 18S GREGOARAW 900305 1200 183S 0965E -99 -99 0990 1010 0110 24 011 -999 -999 -999 -999 -999 -999
IBTr 18S GREGOARAW 900305 1800 192S 0971E -99 -99 0987 1010 0120 26 012 -999 -999 -999 -999 -999 -999
IBTr 18S GREGOARAW 900306 0000 200S 0977E -99 -99 0985 1010 0120 27 012 -999 -999 -999 -999 -999 -999
IBTr 18S GREGOARAW 900306 0600 205S 0980E -99 -99 0985 1010 0120 27 012 -999 -999 -999 -999 -999 -999
IBTr 18S GREGOARAW 900306 1200 210S 0979E -99 -99 0988 1010 0120 25 012 -999 -999 -999 -999 -999 -999
IBTr 18S GREGOARAW 900306 1800 213S 0974E -99 -99 0991 1010 0110 23 011 -999 -999 -999 -999 -999 -999
IBTr 18S GREGOARAW 900307 0000 212S 0968E -99 -99 0993 1010 0110 21 011 -999 -999 -999 -999 -999 -999
IBTr 18S GREGOARAW 900307 0600 211S 0958E -99 -99 0995 1010 0110 20 011 -999 -999 -999 -999 -999 -999
IBTr 18S GREGOARAW 900307 1200 209S 0956E -99 -99 0995 1010 0110 20 011 -999 -999 -999 -999 -999 -999
IBTr 18S GREGOARAW 900307 1800 205S 0950E -99 -99 0995 1010 0110 20 011 -999 -999 -999 -999 -999 -999
IBTr 18S GREGOARAW 900308 0000 202S 0949E -99 -99 0995 1010 0110 20 011 -999 -999 -999 -999 -999 -999
IBTr 18S GREGOARAW 900308 0600 198S 0950E -99 -99 0996 1010 0110 19 011 -999 -999 -999 -999 -999 -999
IBTr 18S GREGOARAW 900308 1200 193S 0951E -99 -99 0998 1010 0100 18 010 -999 -999 -999 -999 -999 -999
IBTr 18S GREGOARAW 900308 1800 186S 0954E -99 -99 0999 1010 0100 16 010 -999 -999 -999 -999 -999 -999
IBTr 18S GREGOARAW 900309 0000 175S 0959E -99 -99 1000 1010 0100 15 010 -999 -999 -999 -999 -999 -999
IBTr 18S GREGOARAW 900309 0600 170S 0963E -99 -99 1002 1010 0090 13 009 -999 -999 -999 -999 -999 -999
IBTr 18S GREGOARAW 900309 1200 166S 0966E -99 -99 1002 1010 0090 13 009 -999 -999 -999 -999 -999 -999
IBTr 18S GREGOARAW 900309 1800 162S 0968E -99 -99 1002 1010 0090 13 009 -999 -999 -999 -999 -999 -999
IBTr 18S GREGOARAW 900310 0000 158S 0972E -99 -99 1003 1010 0090 13 009 -999 -999 -999 -999 -999 -999
IBTr 18S GREGOARAW 900310 0600 154S 0978E -99 -99 1004 1010 0090 12 009 -999 -999 -999 -999 -999 -999
IBTr 18S GREGOARAW 900310 1200 152S 0982E -99 -99 1003 1010 0090 13 009 -999 -999 -999 -999 -999 -999
IBTr 18S GREGOARAW 900310 1800 148S 0983E -99 -99 1002 1010 0090 13 009 -999 -999 -999 -999 -999 -999
IBTr 18S GREGOARAW 900311 0000 138S 0983E -99 -99 1002 1010 0090 13 009 -999 -999 -999 -999 -999 -999
IBTr 18S GREGOARAW 900311 0600 135S 0981E -99 -99 1000 1010 0100 15 010 -999 -999 -999 -999 -999 -999
IBTr 18S GREGOARAW 900311 1200 134S 0979E -99 -99 1000 1010 0100 15 010 -999 -999 -999 -999 -999 -999
IBTr 18S GREGOARAW 900311 1800 134S 0976E -99 -99 1000 1010 0100 15 010 -999 -999 -999 -999 -999 -999
IBTr 18S GREGOARAW 900312 0000 133S 0972E -99 -99 0998 1010 0100 18 010 -999 -999 -999 -999 -999 -999
IBTr 18S GREGOARAW 900312 0600 133S 0967E -99 -99 0997 1010 0100 18 010 -999 -999 -999 -999 -999 -999
IBTr 18S GREGOARAW 900312 1200 130S 0956E -99 -99 0997 1010 0100 18 010 -999 -999 -999 -999 -999 -999
IBTr 18S GREGOARAW 900312 1800 129S 0944E -99 -99 0996 1010 0100 19 010 -999 -999 -999 -999 -999 -999
IBTr 18S GREGOARAW 900313 0000 125S 0932E -99 -99 0990 1010 0110 24 011 -999 -999 -999 -999 -999 -999
IBTr 18S GREGOARAW 900313 0600 122S 0918E -99 -99 0988 1010 0110 25 011 -999 -999 -999 -999 -999 -999
IBTr 18S GREGOARAW 900313 1200 119S 0908E -99 -99 0985 1010 0120 27 012 -999 -999 -999 -999 -999 -999
IBTr 18S GREGOARAW 900313 1800 116S 0898E -99 -99 0983 1010 0120 28 012 -999 -999 -999 -999 -999 -999
IBTr 18S GREGOARAW 900314 0000 114S 0892E -99 -99 0980 1010 0120 30 012 -999 -999 -999 -999 -999 -999
IBTr 18S GREGOARAW 900314 0600 113S 0885E -99 -99 0978 1010 0120 32 012 -999 -999 -999 -999 -999 -999
IBTr 18S GREGOARAW 900314 1200 114S 0878E -99 -99 0976 1010 0120 33 012 -999 -999 -999 -999 -999 -999
IBTr 18S GREGOARAW 900314 1800 116S 0870E -99 -99 -999 1010 0000 -9 000 -999 -999 -999 -999 -999 -999
IBTr 18S GREGOARAW 900315 0000 119S 0862E -99 -99 -999 1010 0000 -9 000 -999 -999 -999 -999 -999 -999
IBTr 18S GREGOARAW 900315 0600 120S 0854E -99 -99 -999 1010 0000 -9 000 -999 -999 -999 -999 -999 -999
IBTr 18S GREGOARAW 900315 1200 122S 0846E -99 -99 -999 1010 0000 -9 000 -999 -999 -999 -999 -999 -999
IBTr 18S GREGOARAW 900315 1800 126S 0842E -99 -99 -999 1010 0000 -9 000 -999 -999 -999 -999 -999 -999
IBTr 18S GREGOARAW 900316 0000 130S 0839E -99 -99 -999 1010 0000 -9 000 -999 -999 -999 -999 -999 -999
IBTr 18S GREGOARAW 900316 0600 135S 0837E -99 -99 -999 1010 0000 -9 000 -999 -999 -999 -999 -999 -999
IBTr 18S GREGOARAW 900316 1200 139S 0835E -99 -99 -999 1010 0000 -9 000 -999 -999 -999 -999 -999 -999
IBTr 18S GREGOARAW 900316 1800 144S 0832E -99 -99 -999 1010 0000 -9 000 -999 -999 -999 -999 -999 -999
IBTr 18S GREGOARAW 900317 0000 148S 0831E -99 -99 -999 1010 0000 -9 000 -999 -999 -999 -999 -999 -999
IBTr 18S GREGOARAW 900317 0600 153S 0829E -99 -99 -999 1010 0000 -9 000 -999 -999 -999 -999 -999 -999
IBTr 18S GREGOARAW 900317 1200 158S 0825E -99 -99 -999 1010 0000 -9 000 -999 -999 -999 -999 -999 -999
IBTr 18S GREGOARAW 900317 1800 162S 0822E -99 -99 -999 1010 0000 -9 000 -999 -999 -999 -999 -999 -999
IBTr 18S GREGOARAW 900318 0000 166S 0816E -99 -99 -999 1010 0000 -9 000 -999 -999 -999 -999 -999 -999
IBTr 18S GREGOARAW 900318 0600 170S 0810E -99 -99 -999 1010 0000 -9 000 -999 -999 -999 -999 -999 -999
IBTr 18S GREGOARAW 900318 1200 174S 0803E -99 -99 -999 1010 0000 -9 000 -999 -999 -999 -999 -999 -999
IBTr 18S GREGOARAW 900318 1800 178S 0795E -99 -99 0927 1010 0110 47 011 -999 -999 -999 -999 -999 -999
IBTr 18S GREGOARAW 900319 0000 182S 0788E -99 -99 0941 1010 0130 42 013 -999 -999 -999 -999 -999 -999
IBTr 18S GREGOARAW 900319 0600 188S 0783E -99 -99 0941 1010 0130 42 013 -999 -999 -999 -999 -999 -999
IBTr 18S GREGOARAW 900319 1200 194S 0779E -99 -99 0954 1010 0130 37 013 -999 -999 -999 -999 -999 -999
IBTr 18S GREGOARAW 900319 1800 202S 0775E -99 -99 0966 1010 0130 31 013 -999 -999 -999 -999 -999 -999
IBTr 18S GREGOARAW 900320 0000 209S 0773E -99 -99 0966 1010 0140 31 014 -999 -999 -999 -999 -999 -999
IBTr 18S GREGOARAW 900320 0600 214S 0771E -99 -99 0966 1010 0140 31 014 -999 -999 -999 -999 -999 -999
IBTr 18S GREGOARAW 900320 1200 219S 0769E -99 -99 0966 1010 0140 31 014 -999 -999 -999 -999 -999 -999
IBTr 18S GREGOARAW 900320 1800 222S 0764E -99 -99 0976 1010 0130 26 013 -999 -999 -999 -999 -999 -999
IBTr 18S GREGOARAW 900321 0000 224S 0759E -99 -99 0984 1010 0120 22 012 -999 -999 -999 -999 -999 -999
IBTr 18S GREGOARAW 900321 0600 228S 0752E -99 -99 0984 1010 0120 22 012 -999 -999 -999 -999 -999 -999
IBTr 18S GREGOARAW 900321 1200 233S 0747E -99 -99 0991 1010 0110 18 011 -999 -999 -999 -999 -999 -999
IBTr 18S GREGOARAW 900321 1800 240S 0744E -99 -99 0991 1010 0110 18 011 -999 -999 -999 -999 -999 -999
IBTr 18S GREGOARAW 900322 0000 248S 0743E -99 -99 0997 1010 0110 14 011 -999 -999 -999 -999 -999 -999
IBTr 18S GREGOARAW 900322 0600 255S 0746E -99 -99 0997 1010 0110 14 011 -999 -999 -999 -999 -999 -999
IBTr 18S GREGOARAW 900322 1200 260S 0752E -99 -99 0997 1010 0110 14 011 -999 -999 -999 -999 -999 -999
IBTr 18S GREGOARAW 900322 1800 265S 0760E -99 -99 0997 1010 0110 14 011 -999 -999 -999 -999 -999 -999
IBTr 18S GREGOARAW 900323 0000 268S 0769E -99 -99 0997 1010 0110 14 011 -999 -999 -999 -999 -999 -999
IBTr 18S GREGOARAW 900323 0600 271S 0778E -99 -99 0997 1010 0110 14 011 -999 -999 -999 -999 -999 -999
IBTr 18S GREGOARAW 900323 1200 273S 0785E -99 -99 1000 1010 0100 12 010 -999 -999 -999 -999 -999 -999
IBTr 18S GREGOARAW 900323 1800 275S 0792E -99 -99 1000 1010 0100 12 010 -999 -999 -999 -999 -999 -999
IBTr 18S GREGOARAW 900324 0000 274S 0791E -99 -99 1000 1010 0100 12 010 -999 -999 -999 -999 -999 -999
IBTr 18S GREGOARAW 900324 0600 272S 0773E -99 -99 1000 1010 0100 12 010 -999 -999 -999 -999 -999 -999
IBTr 18S GREGOARAW 900324 1200 275S 0771E -99 -99 0000 1010 0000 -9 000 -999 -999 -999 -999 -999 -999
IBTr 18S GREGOARAW 900324 1800 277S 0769E -99 -99 0000 1010 0000 -9 000 -999 -999 -999 -999 -999 -999
IBTr 18S GREGOARAW 900325 0000 278S 0765E -99 -99 0000 1010 0000 -9 000 -999 -999 -999 -999 -999 -999
IBTr 18S GREGOARAW 900325 0600 280S 0762E -99 -99 0000 1010 0000 -9 000 -999 -999 -999 -999 -999 -999
IBTr 18S GREGOARAW 900325 1200 287S 0754E -99 -99 0000 1010 0000 -9 000 -999 -999 -999 -999 -999 -999
IBTr 18S GREGOARAW 900325 1800 294S 0747E -99 -99 0000 1010 0000 -9 000 -999 -999 -999 -999 -999 -999
IBTr 18S GREGOARAW 900326 0000 300S 0745E -99 -99 0000 1010 0000 -9 000 -999 -999 -999 -999 -999 -999
IBTr 18S GREGOARAW 900326 0600 310S 0750E -99 -99 0000 1010 0000 -9 000 -999 -999 -999 -999 -999 -999
IBTr 18S GREGOARAW 900326 1200 313S 0758E -99 -99 0000 1010 0000 -9 000 -999 -999 -999 -999 -999 -999
IBTr 18S GREGOARAW 900326 1800 317S 0767E -99 -99 0000 1010 0000 -9 000 -999 -999 -999 -999 -999 -999
IBTr 18S GREGOARAW 900327 0000 319S 0777E -99 -99 0000 1010 0000 -9 000 -999 -999 -999 -999 -999 -999
IBTr 18S GREGOARAW 900327 0600 320S 0784E -99 -99 0000 1010 0000 -9 000 -999 -999 -999 -999 -999 -999
