IBTr 23E POLO      900928 1800 97N  1371W -99 -99 1010 1010 0080 12 008 -999 -999 -999 -999 -999 -999
IBTr 23E POLO      900929 0000 104N 1375W -99 -99 1010 1010 0080 12 008 -999 -999 -999 -999 -999 -999
IBTr 23E POLO      900929 0600 113N 1378W -99 -99 1009 1010 0080 15 008 -999 -999 -999 -999 -999 -999
IBTr 23E POLO      900929 1200 123N 1381W -99 -99 1009 1010 0080 15 008 -999 -999 -999 -999 -999 -999
IBTr 23E POLO      900929 1800 133N 1383W -99 -99 1000 1010 0100 23 010 -999 -999 -999 -999 -999 -999
IBTr 23E POLO      900930 0000 142N 1387W -99 -99 0994 1010 0110 28 011 -999 -999 -999 -999 -999 -999
IBTr 23E POLO      900930 0600 150N 1390W -99 -99 0987 1010 0120 33 012 -999 -999 -999 -999 -999 -999
IBTr 23E POLO      900930 1200 155N 1393W -99 -99 0987 1010 0120 33 012 -999 -999 -999 -999 -999 -999
IBTr 23E POLO      900930 1800 160N 1396W -99 -99 0997 1010 0100 25 010 -999 -999 -999 -999 -999 -999
IBTr 23E POLO      901001 0000 162N 1403W -99 -99 1000 1010 0100 23 010 -999 -999 -999 -999 -999 -999
IBTr 23E POLO      901001 0600 162N 1413W -99 -99 1003 1010 0090 20 009 -999 -999 -999 -999 -999 -999
IBTr 23E POLO      901001 1200 160N 1423W -99 -99 1009 1010 0080 15 008 -999 -999 -999 -999 -999 -999
IBTr 23E POLO      901001 1800 155N 1433W -99 -99 1010 1010 0080 12 008 -999 -999 -999 -999 -999 -999
