IBTr 27W GENE      900918 0600 123N 1411E -99 -99 -999 1010 0000 07 000 -999 -999 -999 -999 -999 -999
IBTr 27W GENE      900918 1200 126N 1408E -99 -99 -999 1010 0000 07 000 -999 -999 -999 -999 -999 -999
IBTr 27W GENE      900918 1800 129N 1404E -99 -99 -999 1010 0000 07 000 -999 -999 -999 -999 -999 -999
IBTr 27W GENE      900919 0000 132N 1399E -99 -99 -999 1010 0000 07 000 -999 -999 -999 -999 -999 -999
IBTr 27W GENE      900919 0600 133N 1395E -99 -99 -999 1010 0000 07 000 -999 -999 -999 -999 -999 -999
IBTr 27W GENE      900919 1200 133N 1390E -99 -99 -999 1010 0000 07 000 -999 -999 -999 -999 -999 -999
IBTr 27W GENE      900919 1800 134N 1385E -99 -99 -999 1010 0000 07 000 -999 -999 -999 -999 -999 -999
IBTr 27W GENE      900920 0000 135N 1380E -99 -99 -999 1010 0000 07 000 -999 -999 -999 -999 -999 -999
IBTr 27W GENE      900920 0600 135N 1375E -99 -99 -999 1010 0000 07 000 -999 -999 -999 -999 -999 -999
IBTr 27W GENE      900920 1200 134N 1371E -99 -99 -999 1010 0000 07 000 -999 -999 -999 -999 -999 -999
IBTr 27W GENE      900920 1800 133N 1367E -99 -99 -999 1010 0000 07 000 -999 -999 -999 -999 -999 -999
IBTr 27W GENE      900921 0000 133N 1362E -99 -99 -999 1010 0000 07 000 -999 -999 -999 -999 -999 -999
IBTr 27W GENE      900921 0600 133N 1357E -99 -99 -999 1010 0000 07 000 -999 -999 -999 -999 -999 -999
IBTr 27W GENE      900921 1200 134N 1352E -99 -99 -999 1010 0000 07 000 -999 -999 -999 -999 -999 -999
IBTr 27W GENE      900921 1800 136N 1348E -99 -99 -999 1010 0000 07 000 -999 -999 -999 -999 -999 -999
IBTr 27W GENE      900922 0000 136N 1344E -99 -99 1010 1010 0080 07 008 -999 -999 -999 -999 -999 -999
IBTr 27W GENE      900922 0600 139N 1342E -99 -99 1008 1010 0080 07 008 -999 -999 -999 -999 -999 -999
IBTr 27W GENE      900922 1200 139N 1339E -99 -99 1008 1010 0080 07 008 -999 -999 -999 -999 -999 -999
IBTr 27W GENE      900922 1800 141N 1335E -99 -99 1008 1010 0080 07 008 -999 -999 -999 -999 -999 -999
IBTr 27W GENE      900923 0000 147N 1333E -99 -99 1006 1010 0090 10 009 -999 -999 -999 -999 -999 -999
IBTr 27W GENE      900923 0600 155N 1330E -99 -99 1004 1010 0090 12 009 -999 -999 -999 -999 -999 -999
IBTr 27W GENE      900923 1200 165N 1325E -99 -99 1004 1010 0090 12 009 -999 -999 -999 -999 -999 -999
IBTr 27W GENE      900923 1800 172N 1319E -99 -99 1002 1010 0090 15 009 -999 -999 -999 -999 -999 -999
IBTr 27W GENE      900924 0000 178N 1313E -99 -99 1000 1010 0100 18 010 -999 -999 -999 -999 -999 -999
IBTr 27W GENE      900924 0600 185N 1303E -99 -99 0998 1010 0100 18 010 -999 -999 -999 -999 -999 -999
IBTr 27W GENE      900924 1200 190N 1294E -99 -99 0996 1010 0100 20 010 -999 -999 -999 -999 -999 -999
IBTr 27W GENE      900924 1800 195N 1285E -99 -99 0990 1010 0110 23 011 -999 -999 -999 -999 -999 -999
IBTr 27W GENE      900925 0000 200N 1278E -99 -99 0985 1010 0120 25 012 -999 -999 -999 -999 -999 -999
IBTr 27W GENE      900925 0600 207N 1273E -99 -99 0980 1010 0130 28 013 -999 -999 -999 -999 -999 -999
IBTr 27W GENE      900925 1200 215N 1269E -99 -99 0975 1010 0130 30 013 -999 -999 -999 -999 -999 -999
IBTr 27W GENE      900925 1800 222N 1266E -99 -99 0970 1010 0130 33 013 -999 -999 -999 -999 -999 -999
IBTr 27W GENE      900926 0000 229N 1264E -99 -99 0965 1010 0140 36 014 -999 -999 -999 -999 -999 -999
IBTr 27W GENE      900926 0600 236N 1264E -99 -99 0965 1010 0140 36 014 -999 -999 -999 -999 -999 -999
IBTr 27W GENE      900926 1200 242N 1263E -99 -99 0965 1010 0140 36 014 -999 -999 -999 -999 -999 -999
IBTr 27W GENE      900926 1800 247N 1262E -99 -99 0965 1010 0140 36 014 -999 -999 -999 -999 -999 -999
IBTr 27W GENE      900927 0000 254N 1260E -99 -99 0965 1010 0140 36 014 -999 -999 -999 -999 -999 -999
IBTr 27W GENE      900927 0600 261N 1258E -99 -99 0965 1010 0140 36 014 -999 -999 -999 -999 -999 -999
IBTr 27W GENE      900927 1200 267N 1259E -99 -99 0965 1010 0140 36 014 -999 -999 -999 -999 -999 -999
IBTr 27W GENE      900927 1800 272N 1261E -99 -99 0965 1010 0140 36 014 -999 -999 -999 -999 -999 -999
IBTr 27W GENE      900928 0000 278N 1265E -99 -99 0960 1010 0140 38 014 -999 -999 -999 -999 -999 -999
IBTr 27W GENE      900928 0600 284N 1270E -99 -99 0950 1010 0140 41 014 -999 -999 -999 -999 -999 -999
IBTr 27W GENE      900928 1200 290N 1277E -99 -99 0950 1010 0140 41 014 -999 -999 -999 -999 -999 -999
IBTr 27W GENE      900928 1800 297N 1284E -99 -99 0955 1010 0140 38 014 -999 -999 -999 -999 -999 -999
IBTr 27W GENE      900929 0000 303N 1294E -99 -99 0965 1010 0140 36 014 -999 -999 -999 -999 -999 -999
IBTr 27W GENE      900929 0600 310N 1309E -99 -99 0970 1010 0140 33 014 -999 -999 -999 -999 -999 -999
IBTr 27W GENE      900929 1200 318N 1322E -99 -99 0970 1010 0140 33 014 -999 -999 -999 -999 -999 -999
IBTr 27W GENE      900929 1800 326N 1335E -99 -99 0975 1010 0140 30 014 -999 -999 -999 -999 -999 -999
IBTr 27W GENE      900930 0000 335N 1352E -99 -99 0980 1010 0130 28 013 -999 -999 -999 -999 -999 -999
IBTr 27W GENE      900930 0600 347N 1375E -99 -99 0992 1010 0120 23 012 -999 -999 -999 -999 -999 -999
IBTr 27W GENE      900930 1200 355N 1398E -99 -99 1008 1010 0090 25 009 -999 -999 -999 -999 -999 -999
IBTr 27W GENE      900930 1800 361N 1416E -99 -99 1006 1010 0100 20 010 -999 -999 -999 -999 -999 -999
IBTr 27W GENE      901001 0000 379N 1437E -99 -99 1004 1010 0100 20 010 -999 -999 -999 -999 -999 -999
IBTr 27W GENE      901001 0600 400N 1440E -99 -99 1004 1010 0100 -9 010 -999 -999 -999 -999 -999 -999
IBTr 27W GENE      901001 1200 420N 1460E -99 -99 1002 1010 0100 -9 010 -999 -999 -999 -999 -999 -999
IBTr 27W GENE      901001 1800 450N 1470E -99 -99 1000 1010 0110 -9 011 -999 -999 -999 -999 -999 -999
IBTr 27W OWEN      901118 0600 88N  1798E -99 -99 -999 1010 0000 10 000 -999 -999 -999 -999 -999 -999
IBTr 27W OWEN      901118 1200 89N  1785E -99 -99 -999 1010 0000 10 000 -999 -999 -999 -999 -999 -999
IBTr 27W OWEN      901118 1800 89N  1772E -99 -99 -999 1010 0000 10 000 -999 -999 -999 -999 -999 -999
IBTr 27W OWEN      901119 0000 89N  1761E -99 -99 -999 1010 0000 10 000 -999 -999 -999 -999 -999 -999
IBTr 27W OWEN      901119 0600 90N  1751E -99 -99 -999 1010 0000 10 000 -999 -999 -999 -999 -999 -999
IBTr 27W OWEN      901119 1200 91N  1741E -99 -99 -999 1010 0000 10 000 -999 -999 -999 -999 -999 -999
IBTr 27W OWEN      901119 1800 92N  1732E -99 -99 -999 1010 0000 10 000 -999 -999 -999 -999 -999 -999
IBTr 27W OWEN      901120 0000 90N  1723E -99 -99 -999 1010 0000 12 000 -999 -999 -999 -999 -999 -999
IBTr 27W OWEN      901120 0600 91N  1713E -99 -99 1004 1010 0090 12 009 -999 -999 -999 -999 -999 -999
IBTr 27W OWEN      901120 1200 92N  1701E -99 -99 1004 1010 0090 18 009 -999 -999 -999 -999 -999 -999
IBTr 27W OWEN      901120 1800 93N  1688E -99 -99 1002 1010 0090 12 009 -999 -999 -999 -999 -999 -999
IBTr 27W OWEN      901121 0000 96N  1676E -99 -99 0998 1010 0100 18 010 -999 -999 -999 -999 -999 -999
IBTr 27W OWEN      901121 0600 99N  1667E -99 -99 0996 1010 0100 20 010 -999 -999 -999 -999 -999 -999
IBTr 27W OWEN      901121 1200 101N 1657E -99 -99 0992 1010 0110 23 011 -999 -999 -999 -999 -999 -999
IBTr 27W OWEN      901121 1800 101N 1647E -99 -99 0980 1010 0120 28 012 -999 -999 -999 -999 -999 -999
IBTr 27W OWEN      901122 0000 101N 1638E -99 -99 0970 1010 0130 33 013 -999 -999 -999 -999 -999 -999
IBTr 27W OWEN      901122 0600 100N 1631E -99 -99 0965 1010 0130 36 013 -999 -999 -999 -999 -999 -999
IBTr 27W OWEN      901122 1200 98N  1625E -99 -99 0960 1010 0130 38 013 -999 -999 -999 -999 -999 -999
IBTr 27W OWEN      901122 1800 94N  1620E -99 -99 0955 1010 0130 38 013 -999 -999 -999 -999 -999 -999
IBTr 27W OWEN      901123 0000 90N  1617E -99 -99 0950 1010 0130 41 013 -999 -999 -999 -999 -999 -999
IBTr 27W OWEN      901123 0600 87N  1614E -99 -99 0940 1010 0120 43 012 -999 -999 -999 -999 -999 -999
IBTr 27W OWEN      901123 1200 87N  1611E -99 -99 0935 1010 0120 46 012 -999 -999 -999 -999 -999 -999
IBTr 27W OWEN      901123 1800 87N  1607E -99 -99 0935 1010 0120 46 012 -999 -999 -999 -999 -999 -999
IBTr 27W OWEN      901124 0000 87N  1605E -99 -99 0935 1010 0120 46 012 -999 -999 -999 -999 -999 -999
IBTr 27W OWEN      901124 0600 88N  1602E -99 -99 0940 1010 0120 46 012 -999 -999 -999 -999 -999 -999
IBTr 27W OWEN      901124 1200 89N  1599E -99 -99 0950 1010 0130 41 013 -999 -999 -999 -999 -999 -999
IBTr 27W OWEN      901124 1800 90N  1595E -99 -99 0960 1010 0130 38 013 -999 -999 -999 -999 -999 -999
IBTr 27W OWEN      901125 0000 91N  1589E -99 -99 0965 1010 0130 36 013 -999 -999 -999 -999 -999 -999
IBTr 27W OWEN      901125 0600 90N  1582E -99 -99 0965 1010 0130 36 013 -999 -999 -999 -999 -999 -999
IBTr 27W OWEN      901125 1200 90N  1575E -99 -99 0965 1010 0130 36 013 -999 -999 -999 -999 -999 -999
IBTr 27W OWEN      901125 1800 88N  1568E -99 -99 0965 1010 0130 36 013 -999 -999 -999 -999 -999 -999
IBTr 27W OWEN      901126 0000 86N  1563E -99 -99 0960 1010 0130 36 013 -999 -999 -999 -999 -999 -999
IBTr 27W OWEN      901126 0600 85N  1557E -99 -99 0955 1010 0130 38 013 -999 -999 -999 -999 -999 -999
IBTr 27W OWEN      901126 1200 83N  1550E -99 -99 0950 1010 0130 41 013 -999 -999 -999 -999 -999 -999
IBTr 27W OWEN      901126 1800 82N  1542E -99 -99 0940 1010 0120 43 012 -999 -999 -999 -999 -999 -999
IBTr 27W OWEN      901127 0000 82N  1533E -99 -99 0930 1010 0110 46 011 -999 -999 -999 -999 -999 -999
IBTr 27W OWEN      901127 0600 82N  1520E -99 -99 0925 1010 0100 48 010 -999 -999 -999 -999 -999 -999
IBTr 27W OWEN      901127 1200 82N  1507E -99 -99 0930 1010 0110 48 011 -999 -999 -999 -999 -999 -999
IBTr 27W OWEN      901127 1800 80N  1493E -99 -99 0930 1010 0110 46 011 -999 -999 -999 -999 -999 -999
IBTr 27W OWEN      901128 0000 78N  1480E -99 -99 0935 1010 0110 46 011 -999 -999 -999 -999 -999 -999
IBTr 27W OWEN      901128 0600 76N  1468E -99 -99 0940 1010 0120 43 012 -999 -999 -999 -999 -999 -999
IBTr 27W OWEN      901128 1200 75N  1456E -99 -99 0940 1010 0120 43 012 -999 -999 -999 -999 -999 -999
IBTr 27W OWEN      901128 1800 77N  1445E -99 -99 0940 1010 0120 43 012 -999 -999 -999 -999 -999 -999
IBTr 27W OWEN      901129 0000 83N  1433E -99 -99 0945 1010 0120 43 012 -999 -999 -999 -999 -999 -999
IBTr 27W OWEN      901129 0600 89N  1421E -99 -99 0950 1010 0130 41 013 -999 -999 -999 -999 -999 -999
IBTr 27W OWEN      901129 1200 95N  1413E -99 -99 0955 1010 0130 38 013 -999 -999 -999 -999 -999 -999
IBTr 27W OWEN      901129 1800 101N 1407E -99 -99 0960 1010 0130 38 013 -999 -999 -999 -999 -999 -999
IBTr 27W OWEN      901130 0000 108N 1403E -99 -99 0970 1010 0130 33 013 -999 -999 -999 -999 -999 -999
IBTr 27W OWEN      901130 0600 117N 1400E -99 -99 0980 1010 0120 28 012 -999 -999 -999 -999 -999 -999
IBTr 27W OWEN      901130 1200 125N 1398E -99 -99 0990 1010 0110 23 011 -999 -999 -999 -999 -999 -999
IBTr 27W OWEN      901130 1800 132N 1391E -99 -99 0996 1010 0100 20 010 -999 -999 -999 -999 -999 -999
IBTr 27W OWEN      901201 0000 136N 1385E -99 -99 0998 1010 0100 18 010 -999 -999 -999 -999 -999 -999
IBTr 27W OWEN      901201 0600 138N 1379E -99 -99 1000 1010 0100 18 010 -999 -999 -999 -999 -999 -999
IBTr 27W OWEN      901201 1200 141N 1372E -99 -99 1002 1010 0090 18 009 -999 -999 -999 -999 -999 -999
IBTr 27W OWEN      901201 1800 142N 1366E -99 -99 1002 1010 0090 18 009 -999 -999 -999 -999 -999 -999
IBTr 27W OWEN      901202 0000 142N 1358E -99 -99 1002 1010 0090 18 009 -999 -999 -999 -999 -999 -999
IBTr 27W OWEN      901202 0600 142N 1349E -99 -99 1002 1010 0090 15 009 -999 -999 -999 -999 -999 -999
IBTr 27W OWEN      901202 1200 139N 1338E -99 -99 1004 1010 0090 15 009 -999 -999 -999 -999 -999 -999
IBTr 27W OWEN      901202 1800 134N 1326E -99 -99 1004 1010 0090 15 009 -999 -999 -999 -999 -999 -999
IBTr 27W OWEN      901203 0000 124N 1317E -99 -99 1006 1010 0090 15 009 -999 -999 -999 -999 -999 -999
IBTr 27W OWEN      901203 0600 114N 1311E -99 -99 1006 1010 0090 15 009 -999 -999 -999 -999 -999 -999
IBTr 27W OWEN      901203 1200 109N 1306E -99 -99 1006 1010 0090 15 009 -999 -999 -999 -999 -999 -999
IBTr 27W OWEN      901203 1800 101N 1298E -99 -99 1006 1010 0090 12 009 -999 -999 -999 -999 -999 -999
IBTr 27W OWEN      901204 0000 96N  1288E -99 -99 1008 1010 0080 12 008 -999 -999 -999 -999 -999 -999
IBTr 27W OWEN      901204 0600 87N  1273E -99 -99 -999 1010 0000 12 000 -999 -999 -999 -999 -999 -999
IBTr 27W OWEN      901204 1200 77N  1260E -99 -99 -999 1010 0000 10 000 -999 -999 -999 -999 -999 -999
IBTr 27W OWEN      901204 1800 68N  1247E -99 -99 -999 1010 0000 10 000 -999 -999 -999 -999 -999 -999
IBTr 27W OWEN      901205 0000 59N  1233E -99 -99 -999 1010 0000 10 000 -999 -999 -999 -999 -999 -999
