IBTr 22S BESSI     900411 1800 110S 0920E -99 -99 -999 1010 0000 -9 000 -999 -999 -999 -999 -999 -999
IBTr 22S BESSI     900412 0000 103S 0915E -99 -99 -999 1010 0000 -9 000 -999 -999 -999 -999 -999 -999
IBTr 22S BESSI     900412 0600 99S  0910E -99 -99 -999 1010 0000 -9 000 -999 -999 -999 -999 -999 -999
IBTr 22S BESSI     900412 1200 96S  0902E -99 -99 -999 1010 0000 -9 000 -999 -999 -999 -999 -999 -999
IBTr 22S BESSI     900412 1800 96S  0895E -99 -99 -999 1010 0000 -9 000 -999 -999 -999 -999 -999 -999
IBTr 22S BESSI     900413 0000 99S  0888E -99 -99 0998 1010 0100 18 010 -999 -999 -999 -999 -999 -999
IBTr 22S BESSI     900413 0600 105S 0885E -99 -99 -999 1010 0000 -9 000 -999 -999 -999 -999 -999 -999
IBTr 22S BESSI     900413 1200 114S 0885E -99 -99 0998 1010 0100 18 010 -999 -999 -999 -999 -999 -999
IBTr 22S BESSI     900413 1800 122S 0887E -99 -99 -999 1010 0000 -9 000 -999 -999 -999 -999 -999 -999
IBTr 22S BESSI     900414 0000 129S 0889E -99 -99 0998 1010 0100 18 010 -999 -999 -999 -999 -999 -999
IBTr 22S BESSI     900414 0600 132S 0889E -99 -99 -999 1010 0000 -9 000 -999 -999 -999 -999 -999 -999
IBTr 22S BESSI     900414 1200 137S 0889E -99 -99 0998 1010 0100 18 010 -999 -999 -999 -999 -999 -999
IBTr 22S BESSI     900414 1800 142S 0888E -99 -99 -999 1010 0000 -9 000 -999 -999 -999 -999 -999 -999
IBTr 22S BESSI     900415 0000 146S 0893E -99 -99 0995 1010 0100 20 010 -999 -999 -999 -999 -999 -999
IBTr 22S BESSI     900415 0600 155S 0902E -99 -99 0993 1010 0110 21 011 -999 -999 -999 -999 -999 -999
IBTr 22S BESSI     900415 1200 164S 0910E -99 -99 0990 1010 0110 24 011 -999 -999 -999 -999 -999 -999
IBTr 22S BESSI     900415 1800 169S 0913E -99 -99 0990 1010 0110 24 011 -999 -999 -999 -999 -999 -999
IBTr 22S BESSI     900416 0000 173S 0916E -99 -99 0990 1010 0110 24 011 -999 -999 -999 -999 -999 -999
IBTr 22S BESSI     900416 0600 178S 0919E -99 -99 0992 1010 0110 22 011 -999 -999 -999 -999 -999 -999
IBTr 22S BESSI     900416 1200 182S 0922E -99 -99 0993 1010 0110 21 011 -999 -999 -999 -999 -999 -999
IBTr 22S BESSI     900416 1800 188S 0926E -99 -99 0994 1010 0110 21 011 -999 -999 -999 -999 -999 -999
IBTr 22S BESSI     900417 0000 196S 0929E -99 -99 0995 1010 0110 20 011 -999 -999 -999 -999 -999 -999
IBTr 22S BESSI     900417 0600 207S 0934E -99 -99 0998 1010 0100 18 010 -999 -999 -999 -999 -999 -999
IBTr 22S BESSI     900417 1200 217S 0942E -99 -99 1000 1010 0100 15 010 -999 -999 -999 -999 -999 -999
IBTr 22S BESSI     900417 1800 227S 0949E -99 -99 1002 1010 0100 13 010 -999 -999 -999 -999 -999 -999
IBTr 22S BESSI     900418 0000 240S 0960E -99 -99 1004 1010 0090 12 009 -999 -999 -999 -999 -999 -999
IBTr 22S BESSI     900418 0600 255S 0973E -99 -99 1006 1010 0090 -9 009 -999 -999 -999 -999 -999 -999
