IBTr 22E RACHEL    900927 0000 135N 0993W -99 -99 1010 1010 0080 12 008 -999 -999 -999 -999 -999 -999
IBTr 22E RACHEL    900927 0600 131N 0995W -99 -99 1010 1010 0080 12 008 -999 -999 -999 -999 -999 -999
IBTr 22E RACHEL    900927 1200 127N 0998W -99 -99 1010 1010 0080 12 008 -999 -999 -999 -999 -999 -999
IBTr 22E RACHEL    900927 1800 124N 1001W -99 -99 1010 1010 0080 12 008 -999 -999 -999 -999 -999 -999
IBTr 22E RACHEL    900928 0000 121N 1005W -99 -99 1009 1010 0080 12 008 -999 -999 -999 -999 -999 -999
IBTr 22E RACHEL    900928 0600 120N 1011W -99 -99 1009 1010 0080 12 008 -999 -999 -999 -999 -999 -999
IBTr 22E RACHEL    900928 1200 120N 1018W -99 -99 1009 1010 0080 12 008 -999 -999 -999 -999 -999 -999
IBTr 22E RACHEL    900928 1800 122N 1027W -99 -99 1009 1010 0080 15 008 -999 -999 -999 -999 -999 -999
IBTr 22E RACHEL    900929 0000 124N 1037W -99 -99 1008 1010 0080 15 008 -999 -999 -999 -999 -999 -999
IBTr 22E RACHEL    900929 0600 127N 1048W -99 -99 1008 1010 0080 15 008 -999 -999 -999 -999 -999 -999
IBTr 22E RACHEL    900929 1200 132N 1058W -99 -99 1008 1010 0080 15 008 -999 -999 -999 -999 -999 -999
IBTr 22E RACHEL    900929 1800 137N 1066W -99 -99 1007 1010 0090 15 009 -999 -999 -999 -999 -999 -999
IBTr 22E RACHEL    900930 0000 143N 1078W -99 -99 1006 1010 0090 15 009 -999 -999 -999 -999 -999 -999
IBTr 22E RACHEL    900930 0600 148N 1093W -99 -99 1005 1010 0090 18 009 -999 -999 -999 -999 -999 -999
IBTr 22E RACHEL    900930 1200 154N 1107W -99 -99 1004 1010 0090 20 009 -999 -999 -999 -999 -999 -999
IBTr 22E RACHEL    900930 1800 161N 1118W -99 -99 1002 1010 0090 20 009 -999 -999 -999 -999 -999 -999
IBTr 22E RACHEL    901001 0000 169N 1124W -99 -99 1001 1010 0100 23 010 -999 -999 -999 -999 -999 -999
IBTr 22E RACHEL    901001 0600 177N 1125W -99 -99 0999 1010 0100 23 010 -999 -999 -999 -999 -999 -999
IBTr 22E RACHEL    901001 1200 185N 1125W -99 -99 0998 1010 0100 25 010 -999 -999 -999 -999 -999 -999
IBTr 22E RACHEL    901001 1800 193N 1124W -99 -99 0997 1010 0100 25 010 -999 -999 -999 -999 -999 -999
IBTr 22E RACHEL    901002 0000 203N 1121W -99 -99 0995 1010 0110 28 011 -999 -999 -999 -999 -999 -999
IBTr 22E RACHEL    901002 0600 216N 1114W -99 -99 0994 1010 0110 28 011 -999 -999 -999 -999 -999 -999
IBTr 22E RACHEL    901002 1200 231N 1101W -99 -99 0995 1010 0110 28 011 -999 -999 -999 -999 -999 -999
IBTr 22E RACHEL    901002 1800 250N 1086W -99 -99 0997 1010 0110 25 011 -999 -999 -999 -999 -999 -999
IBTr 22E RACHEL    901003 0000 285N 1050W -99 -99 1004 1010 0100 12 010 -999 -999 -999 -999 -999 -999
