IBTr 21S HANTA     900410 1200 70S  0478E -99 -99 -999 1010 0000 -9 000 -999 -999 -999 -999 -999 -999
IBTr 21S HANTA     900410 1800 77S  0467E -99 -99 -999 1010 0000 -9 000 -999 -999 -999 -999 -999 -999
IBTr 21S HANTA     900411 0000 85S  0457E -99 -99 -999 1010 0000 -9 000 -999 -999 -999 -999 -999 -999
IBTr 21S HANTA     900411 0600 93S  0447E -99 -99 -999 1010 0000 -9 000 -999 -999 -999 -999 -999 -999
IBTr 21S HANTA     900411 1200 99S  0443E -99 -99 0000 1010 0000 10 000 -999 -999 -999 -999 -999 -999
IBTr 21S HANTA     900411 1800 103S 0445E -99 -99 0000 1010 0000 10 000 -999 -999 -999 -999 -999 -999
IBTr 21S HANTA     900412 0000 105S 0448E -99 -99 1000 1010 0100 12 010 -999 -999 -999 -999 -999 -999
IBTr 21S HANTA     900412 0600 108S 0454E -99 -99 1000 1010 0100 12 010 -999 -999 -999 -999 -999 -999
IBTr 21S HANTA     900412 1200 112S 0459E -99 -99 0991 1010 0110 18 011 -999 -999 -999 -999 -999 -999
IBTr 21S HANTA     900412 1800 119S 0461E -99 -99 0991 1010 0110 18 011 -999 -999 -999 -999 -999 -999
IBTr 21S HANTA     900413 0000 124S 0463E -99 -99 0991 1010 0110 18 011 -999 -999 -999 -999 -999 -999
IBTr 21S HANTA     900413 0600 131S 0466E -99 -99 0991 1010 0110 18 011 -999 -999 -999 -999 -999 -999
IBTr 21S HANTA     900413 1200 138S 0470E -99 -99 0991 1010 0110 18 011 -999 -999 -999 -999 -999 -999
IBTr 21S HANTA     900413 1800 143S 0472E -99 -99 0997 1010 0100 14 010 -999 -999 -999 -999 -999 -999
IBTr 21S HANTA     900414 0000 146S 0472E -99 -99 1000 1010 0100 12 010 -999 -999 -999 -999 -999 -999
IBTr 21S HANTA     900414 0600 147S 0469E -99 -99 1000 1010 0100 12 010 -999 -999 -999 -999 -999 -999
IBTr 21S HANTA     900414 1200 144S 0463E -99 -99 1000 1010 0100 12 010 -999 -999 -999 -999 -999 -999
IBTr 21S HANTA     900414 1800 139S 0465E -99 -99 -999 1010 0000 -9 000 -999 -999 -999 -999 -999 -999
