IBTr 24E SIMON     901009 0000 145N 1100W -99 -99 1010 1010 0080 12 008 -999 -999 -999 -999 -999 -999
IBTr 24E SIMON     901009 0600 147N 1113W -99 -99 1009 1010 0080 15 008 -999 -999 -999 -999 -999 -999
IBTr 24E SIMON     901009 1200 149N 1126W -99 -99 1008 1010 0080 15 008 -999 -999 -999 -999 -999 -999
IBTr 24E SIMON     901009 1800 151N 1137W -99 -99 1007 1010 0090 15 009 -999 -999 -999 -999 -999 -999
IBTr 24E SIMON     901010 0000 154N 1147W -99 -99 1005 1010 0090 18 009 -999 -999 -999 -999 -999 -999
IBTr 24E SIMON     901010 0600 157N 1157W -99 -99 1003 1010 0090 20 009 -999 -999 -999 -999 -999 -999
IBTr 24E SIMON     901010 1200 162N 1166W -99 -99 1002 1010 0090 20 009 -999 -999 -999 -999 -999 -999
IBTr 24E SIMON     901010 1800 166N 1175W -99 -99 1000 1010 0100 23 010 -999 -999 -999 -999 -999 -999
IBTr 24E SIMON     901011 0000 170N 1184W -99 -99 0998 1010 0100 25 010 -999 -999 -999 -999 -999 -999
IBTr 24E SIMON     901011 0600 173N 1193W -99 -99 0994 1010 0110 28 011 -999 -999 -999 -999 -999 -999
IBTr 24E SIMON     901011 1200 179N 1200W -99 -99 0991 1010 0110 30 011 -999 -999 -999 -999 -999 -999
IBTr 24E SIMON     901011 1800 185N 1207W -99 -99 0990 1010 0110 30 011 -999 -999 -999 -999 -999 -999
IBTr 24E SIMON     901012 0000 190N 1214W -99 -99 0990 1010 0110 30 011 -999 -999 -999 -999 -999 -999
IBTr 24E SIMON     901012 0600 195N 1223W -99 -99 0991 1010 0110 30 011 -999 -999 -999 -999 -999 -999
IBTr 24E SIMON     901012 1200 199N 1232W -99 -99 0994 1010 0110 28 011 -999 -999 -999 -999 -999 -999
IBTr 24E SIMON     901012 1800 203N 1242W -99 -99 0997 1010 0100 25 010 -999 -999 -999 -999 -999 -999
IBTr 24E SIMON     901013 0000 207N 1252W -99 -99 1000 1010 0100 23 010 -999 -999 -999 -999 -999 -999
IBTr 24E SIMON     901013 0600 210N 1263W -99 -99 1003 1010 0090 20 009 -999 -999 -999 -999 -999 -999
IBTr 24E SIMON     901013 1200 213N 1273W -99 -99 1005 1010 0090 18 009 -999 -999 -999 -999 -999 -999
IBTr 24E SIMON     901013 1800 215N 1283W -99 -99 1007 1010 0090 15 009 -999 -999 -999 -999 -999 -999
IBTr 24E SIMON     901014 0000 215N 1293W -99 -99 1009 1010 0090 15 009 -999 -999 -999 -999 -999 -999
IBTr 24E SIMON     901014 0600 215N 1303W -99 -99 1010 1010 0080 15 008 -999 -999 -999 -999 -999 -999
IBTr 24E SIMON     901014 1200 216N 1313W -99 -99 1011 1011 0080 12 008 -999 -999 -999 -999 -999 -999
IBTr 24E SIMON     901014 1800 219N 1322W -99 -99 1012 1012 0080 12 008 -999 -999 -999 -999 -999 -999
