IBTr 23S IKONJO    900509 1800 30S  0809E -99 -99 -999 1010 0000 -9 000 -999 -999 -999 -999 -999 -999
IBTr 23S IKONJO    900510 0000 36S  0790E -99 -99 -999 1010 0000 -9 000 -999 -999 -999 -999 -999 -999
IBTr 23S IKONJO    900510 0600 44S  0765E -99 -99 -999 1010 0000 -9 000 -999 -999 -999 -999 -999 -999
IBTr 23S IKONJO    900510 1200 53S  0740E -99 -99 -999 1010 0000 -9 000 -999 -999 -999 -999 -999 -999
IBTr 23S IKONJO    900510 1800 58S  0724E -99 -99 -999 1010 0000 -9 000 -999 -999 -999 -999 -999 -999
IBTr 23S IKONJO    900511 0000 63S  0709E -99 -99 -999 1010 0000 -9 000 -999 -999 -999 -999 -999 -999
IBTr 23S IKONJO    900511 0600 69S  0694E -99 -99 -999 1010 0000 -9 000 -999 -999 -999 -999 -999 -999
IBTr 23S IKONJO    900511 1200 74S  0682E -99 -99 0997 1010 0100 14 010 -999 -999 -999 -999 -999 -999
IBTr 23S IKONJO    900511 1800 78S  0673E -99 -99 0997 1010 0100 14 010 -999 -999 -999 -999 -999 -999
IBTr 23S IKONJO    900512 0000 81S  0662E -99 -99 0997 1010 0100 14 010 -999 -999 -999 -999 -999 -999
IBTr 23S IKONJO    900512 0600 84S  0654E -99 -99 0997 1010 0100 14 010 -999 -999 -999 -999 -999 -999
IBTr 23S IKONJO    900512 1200 87S  0652E -99 -99 0997 1010 0100 14 010 -999 -999 -999 -999 -999 -999
IBTr 23S IKONJO    900512 1800 89S  0652E -99 -99 0997 1010 0100 14 010 -999 -999 -999 -999 -999 -999
IBTr 23S IKONJO    900513 0000 89S  0648E -99 -99 0997 1010 0100 14 010 -999 -999 -999 -999 -999 -999
IBTr 23S IKONJO    900513 0600 93S  0644E -99 -99 0997 1010 0100 14 010 -999 -999 -999 -999 -999 -999
IBTr 23S IKONJO    900513 1200 97S  0641E -99 -99 0997 1010 0100 14 010 -999 -999 -999 -999 -999 -999
IBTr 23S IKONJO    900513 1800 102S 0639E -99 -99 0997 1010 0100 14 010 -999 -999 -999 -999 -999 -999
IBTr 23S IKONJO    900514 0000 106S 0638E -99 -99 0997 1010 0100 14 010 -999 -999 -999 -999 -999 -999
IBTr 23S IKONJO    900514 0600 108S 0633E -99 -99 0997 1010 0100 14 010 -999 -999 -999 -999 -999 -999
IBTr 23S IKONJO    900514 1200 109S 0627E -99 -99 0991 1010 0110 18 011 -999 -999 -999 -999 -999 -999
IBTr 23S IKONJO    900514 1800 109S 0619E -99 -99 0991 1010 0110 18 011 -999 -999 -999 -999 -999 -999
IBTr 23S IKONJO    900515 0000 109S 0611E -99 -99 0991 1010 0110 18 011 -999 -999 -999 -999 -999 -999
IBTr 23S IKONJO    900515 0600 109S 0604E -99 -99 0991 1010 0110 18 011 -999 -999 -999 -999 -999 -999
IBTr 23S IKONJO    900515 1200 108S 0597E -99 -99 0991 1010 0110 18 011 -999 -999 -999 -999 -999 -999
IBTr 23S IKONJO    900515 1800 107S 0590E -99 -99 0991 1010 0110 18 011 -999 -999 -999 -999 -999 -999
IBTr 23S IKONJO    900516 0000 106S 0583E -99 -99 0991 1010 0110 18 011 -999 -999 -999 -999 -999 -999
IBTr 23S IKONJO    900516 0600 102S 0576E -99 -99 0991 1010 0110 18 011 -999 -999 -999 -999 -999 -999
IBTr 23S IKONJO    900516 1200 100S 0569E -99 -99 0991 1010 0110 18 011 -999 -999 -999 -999 -999 -999
IBTr 23S IKONJO    900516 1800 97S  0563E -99 -99 0991 1010 0110 18 011 -999 -999 -999 -999 -999 -999
IBTr 23S IKONJO    900517 0000 94S  0557E -99 -99 0991 1010 0110 18 011 -999 -999 -999 -999 -999 -999
IBTr 23S IKONJO    900517 0600 90S  0552E -99 -99 0991 1010 0110 18 011 -999 -999 -999 -999 -999 -999
IBTr 23S IKONJO    900517 1200 86S  0549E -99 -99 0991 1010 0110 18 011 -999 -999 -999 -999 -999 -999
IBTr 23S IKONJO    900517 1800 82S  0545E -99 -99 0991 1010 0110 18 011 -999 -999 -999 -999 -999 -999
IBTr 23S IKONJO    900518 0000 78S  0541E -99 -99 0991 1010 0110 18 011 -999 -999 -999 -999 -999 -999
IBTr 23S IKONJO    900518 0600 74S  0537E -99 -99 0976 1010 0120 26 012 -999 -999 -999 -999 -999 -999
IBTr 23S IKONJO    900518 1200 75S  0534E -99 -99 0976 1010 0120 26 012 -999 -999 -999 -999 -999 -999
IBTr 23S IKONJO    900518 1800 71S  0537E -99 -99 0976 1010 0120 26 012 -999 -999 -999 -999 -999 -999
IBTr 23S IKONJO    900519 0000 69S  0538E -99 -99 0984 1010 0120 22 012 -999 -999 -999 -999 -999 -999
IBTr 23S IKONJO    900519 0600 68S  0534E -99 -99 0984 1010 0120 22 012 -999 -999 -999 -999 -999 -999
IBTr 23S IKONJO    900519 1200 66S  0531E -99 -99 0991 1010 0110 18 011 -999 -999 -999 -999 -999 -999
IBTr 23S IKONJO    900519 1800 63S  0529E -99 -99 0991 1010 0110 18 011 -999 -999 -999 -999 -999 -999
IBTr 23S IKONJO    900520 0000 61S  0528E -99 -99 0991 1010 0110 18 011 -999 -999 -999 -999 -999 -999
IBTr 23S IKONJO    900520 0600 58S  0525E -99 -99 0991 1010 0110 18 011 -999 -999 -999 -999 -999 -999
IBTr 23S IKONJO    900520 1200 55S  0524E -99 -99 0997 1010 0100 14 010 -999 -999 -999 -999 -999 -999
IBTr 23S IKONJO    900520 1800 49S  0524E -99 -99 0997 1010 0100 14 010 -999 -999 -999 -999 -999 -999
IBTr 23S IKONJO    900521 0000 47S  0526E -99 -99 1000 1010 0090 12 009 -999 -999 -999 -999 -999 -999
IBTr 23S IKONJO    900521 0600 46S  0531E -99 -99 -999 1010 0000 -9 000 -999 -999 -999 -999 -999 -999
IBTr 23S IKONJO    900521 1200 47S  0532E -99 -99 -999 1010 0000 -9 000 -999 -999 -999 -999 -999 -999
IBTr 23S IKONJO    900521 1800 49S  0531E -99 -99 -999 1010 0000 -9 000 -999 -999 -999 -999 -999 -999
IBTr 23S IKONJO    900522 0000 50S  0530E -99 -99 -999 1010 0000 -9 000 -999 -999 -999 -999 -999 -999
IBTr 23S IKONJO    900522 0600 50S  0530E -99 -99 -999 1010 0000 -9 000 -999 -999 -999 -999 -999 -999
IBTr 23S IKONJO    900522 1200 50S  0530E -99 -99 -999 1010 0000 -9 000 -999 -999 -999 -999 -999 -999
IBTr 23S IKONJO    900522 1800 50S  0530E -99 -99 -999 1010 0000 -9 000 -999 -999 -999 -999 -999 -999
IBTr 23S IKONJO    900523 0000 50S  0530E -99 -99 -999 1010 0000 -9 000 -999 -999 -999 -999 -999 -999
IBTr 23S IKONJO    900523 0600 50S  0531E -99 -99 -999 1010 0000 -9 000 -999 -999 -999 -999 -999 -999
IBTr 23S IKONJO    900523 1200 50S  0530E -99 -99 -999 1010 0000 -9 000 -999 -999 -999 -999 -999 -999
IBTr 23S IKONJO    900523 1800 50S  0530E -99 -99 -999 1010 0000 -9 000 -999 -999 -999 -999 -999 -999
