IBTr 36W RUSS      901213 0000 46N  1733E -99 -99 -999 1010 0000 07 000 -999 -999 -999 -999 -999 -999
IBTr 36W RUSS      901213 0600 48N  1728E -99 -99 -999 1010 0000 07 000 -999 -999 -999 -999 -999 -999
IBTr 36W RUSS      901213 1200 49N  1722E -99 -99 -999 1010 0000 07 000 -999 -999 -999 -999 -999 -999
IBTr 36W RUSS      901213 1800 50N  1719E -99 -99 1004 1010 0090 10 009 -999 -999 -999 -999 -999 -999
IBTr 36W RUSS      901214 0000 51N  1716E -99 -99 1002 1010 0090 12 009 -999 -999 -999 -999 -999 -999
IBTr 36W RUSS      901214 0600 51N  1707E -99 -99 1000 1010 0090 15 009 -999 -999 -999 -999 -999 -999
IBTr 36W RUSS      901214 1200 51N  1695E -99 -99 0998 1010 0100 18 010 -999 -999 -999 -999 -999 -999
IBTr 36W RUSS      901214 1800 53N  1685E -99 -99 0998 1010 0100 18 010 -999 -999 -999 -999 -999 -999
IBTr 36W RUSS      901215 0000 56N  1674E -99 -99 0996 1010 0100 20 010 -999 -999 -999 -999 -999 -999
IBTr 36W RUSS      901215 0600 61N  1662E -99 -99 0994 1010 0100 20 010 -999 -999 -999 -999 -999 -999
IBTr 36W RUSS      901215 1200 66N  1648E -99 -99 0990 1010 0110 23 011 -999 -999 -999 -999 -999 -999
IBTr 36W RUSS      901215 1800 71N  1633E -99 -99 0985 1010 0110 25 011 -999 -999 -999 -999 -999 -999
IBTr 36W RUSS      901216 0000 74N  1619E -99 -99 0980 1010 0120 28 012 -999 -999 -999 -999 -999 -999
IBTr 36W RUSS      901216 0600 78N  1607E -99 -99 0980 1010 0120 28 012 -999 -999 -999 -999 -999 -999
IBTr 36W RUSS      901216 1200 80N  1598E -99 -99 0975 1010 0120 30 012 -999 -999 -999 -999 -999 -999
IBTr 36W RUSS      901216 1800 84N  1589E -99 -99 0970 1010 0130 33 013 -999 -999 -999 -999 -999 -999
IBTr 36W RUSS      901217 0000 89N  1580E -99 -99 0960 1010 0130 38 013 -999 -999 -999 -999 -999 -999
IBTr 36W RUSS      901217 0600 94N  1572E -99 -99 0955 1010 0130 38 013 -999 -999 -999 -999 -999 -999
IBTr 36W RUSS      901217 1200 98N  1561E -99 -99 0950 1010 0130 41 013 -999 -999 -999 -999 -999 -999
IBTr 36W RUSS      901217 1800 100N 1552E -99 -99 0950 1010 0130 41 013 -999 -999 -999 -999 -999 -999
IBTr 36W RUSS      901218 0000 102N 1541E -99 -99 0945 1010 0130 43 013 -999 -999 -999 -999 -999 -999
IBTr 36W RUSS      901218 0600 104N 1529E -99 -99 0935 1010 0120 46 012 -999 -999 -999 -999 -999 -999
IBTr 36W RUSS      901218 1200 106N 1519E -99 -99 0925 1010 0100 48 010 -999 -999 -999 -999 -999 -999
IBTr 36W RUSS      901218 1800 108N 1509E -99 -99 0915 1010 0090 51 009 -999 -999 -999 -999 -999 -999
IBTr 36W RUSS      901219 0000 110N 1502E -99 -99 0915 1010 0090 51 009 -999 -999 -999 -999 -999 -999
IBTr 36W RUSS      901219 0600 111N 1495E -99 -99 0920 1010 0100 48 010 -999 -999 -999 -999 -999 -999
IBTr 36W RUSS      901219 1200 114N 1488E -99 -99 0920 1010 0100 48 010 -999 -999 -999 -999 -999 -999
IBTr 36W RUSS      901219 1800 116N 1481E -99 -99 0920 1010 0100 48 010 -999 -999 -999 -999 -999 -999
IBTr 36W RUSS      901220 0000 119N 1474E -99 -99 0920 1010 0100 48 010 -999 -999 -999 -999 -999 -999
IBTr 36W RUSS      901220 0600 122N 1464E -99 -99 0925 1010 0100 48 010 -999 -999 -999 -999 -999 -999
IBTr 36W RUSS      901220 1200 125N 1453E -99 -99 0930 1010 0110 46 011 -999 -999 -999 -999 -999 -999
IBTr 36W RUSS      901220 1800 127N 1441E -99 -99 0930 1010 0110 46 011 -999 -999 -999 -999 -999 -999
IBTr 36W RUSS      901221 0000 131N 1428E -99 -99 0930 1010 0110 46 011 -999 -999 -999 -999 -999 -999
IBTr 36W RUSS      901221 0600 138N 1415E -99 -99 0930 1010 0110 46 011 -999 -999 -999 -999 -999 -999
IBTr 36W RUSS      901221 1200 146N 1401E -99 -99 0930 1010 0110 46 011 -999 -999 -999 -999 -999 -999
IBTr 36W RUSS      901221 1800 155N 1389E -99 -99 0935 1010 0120 46 012 -999 -999 -999 -999 -999 -999
IBTr 36W RUSS      901222 0000 163N 1381E -99 -99 0940 1010 0120 43 012 -999 -999 -999 -999 -999 -999
IBTr 36W RUSS      901222 0600 175N 1376E -99 -99 0945 1010 0130 43 013 -999 -999 -999 -999 -999 -999
IBTr 36W RUSS      901222 1200 189N 1377E -99 -99 0950 1010 0130 41 013 -999 -999 -999 -999 -999 -999
IBTr 36W RUSS      901222 1800 202N 1382E -99 -99 0955 1010 0140 38 014 -999 -999 -999 -999 -999 -999
IBTr 36W RUSS      901223 0000 216N 1392E -99 -99 0965 1010 0140 36 014 -999 -999 -999 -999 -999 -999
IBTr 36W RUSS      901223 0600 228N 1404E -99 -99 0975 1010 0130 30 013 -999 -999 -999 -999 -999 -999
IBTr 36W RUSS      901223 1200 240N 1421E -99 -99 0980 1010 0130 28 013 -999 -999 -999 -999 -999 -999
IBTr 36W RUSS      901223 1800 250N 1443E -99 -99 0990 1010 0120 23 012 -999 -999 -999 -999 -999 -999
IBTr 36W RUSS      901224 0000 259N 1471E -99 -99 1000 1010 0100 23 010 -999 -999 -999 -999 -999 -999
IBTr 36W RUSS      901224 0600 268N 1508E -99 -99 1004 1010 0100 18 010 -999 -999 -999 -999 -999 -999
IBTr 36W RUSS      901224 1200 280N 1551E -99 -99 -999 1010 0000 15 000 -999 -999 -999 -999 -999 -999
IBTr 36W RUSS      901224 1800 300N 1596E -99 -99 -999 1010 0000 15 000 -999 -999 -999 -999 -999 -999
