IBTr 31W KYLE      901013 1200 130N 1557E -99 -99 -999 1010 0000 07 000 -999 -999 -999 -999 -999 -999
IBTr 31W KYLE      901013 1800 132N 1550E -99 -99 -999 1010 0000 10 000 -999 -999 -999 -999 -999 -999
IBTr 31W KYLE      901014 0000 133N 1544E -99 -99 -999 1010 0000 10 000 -999 -999 -999 -999 -999 -999
IBTr 31W KYLE      901014 0600 134N 1536E -99 -99 -999 1010 0000 10 000 -999 -999 -999 -999 -999 -999
IBTr 31W KYLE      901014 1200 136N 1529E -99 -99 -999 1010 0000 12 000 -999 -999 -999 -999 -999 -999
IBTr 31W KYLE      901014 1800 138N 1522E -99 -99 -999 1010 0000 12 000 -999 -999 -999 -999 -999 -999
IBTr 31W KYLE      901015 0000 139N 1515E -99 -99 -999 1010 0000 12 000 -999 -999 -999 -999 -999 -999
IBTr 31W KYLE      901015 0600 141N 1507E -99 -99 1004 1010 0090 12 009 -999 -999 -999 -999 -999 -999
IBTr 31W KYLE      901015 1200 144N 1499E -99 -99 1004 1010 0090 12 009 -999 -999 -999 -999 -999 -999
IBTr 31W KYLE      901015 1800 146N 1489E -99 -99 1004 1010 0090 12 009 -999 -999 -999 -999 -999 -999
IBTr 31W KYLE      901016 0000 147N 1480E -99 -99 1004 1010 0090 12 009 -999 -999 -999 -999 -999 -999
IBTr 31W KYLE      901016 0600 149N 1473E -99 -99 1002 1010 0090 15 009 -999 -999 -999 -999 -999 -999
IBTr 31W KYLE      901016 1200 152N 1470E -99 -99 0998 1010 0100 18 010 -999 -999 -999 -999 -999 -999
IBTr 31W KYLE      901016 1800 154N 1467E -99 -99 0996 1010 0100 20 010 -999 -999 -999 -999 -999 -999
IBTr 31W KYLE      901017 0000 157N 1465E -99 -99 0996 1010 0100 20 010 -999 -999 -999 -999 -999 -999
IBTr 31W KYLE      901017 0600 161N 1460E -99 -99 0996 1010 0100 20 010 -999 -999 -999 -999 -999 -999
IBTr 31W KYLE      901017 1200 167N 1456E -99 -99 0992 1010 0110 23 011 -999 -999 -999 -999 -999 -999
IBTr 31W KYLE      901017 1800 172N 1453E -99 -99 0990 1010 0110 23 011 -999 -999 -999 -999 -999 -999
IBTr 31W KYLE      901018 0000 177N 1450E -99 -99 0985 1010 0120 25 012 -999 -999 -999 -999 -999 -999
IBTr 31W KYLE      901018 0600 182N 1447E -99 -99 0985 1010 0120 25 012 -999 -999 -999 -999 -999 -999
IBTr 31W KYLE      901018 1200 188N 1443E -99 -99 0985 1010 0120 25 012 -999 -999 -999 -999 -999 -999
IBTr 31W KYLE      901018 1800 194N 1438E -99 -99 0985 1010 0120 25 012 -999 -999 -999 -999 -999 -999
IBTr 31W KYLE      901019 0000 198N 1436E -99 -99 0985 1010 0120 25 012 -999 -999 -999 -999 -999 -999
IBTr 31W KYLE      901019 0600 203N 1431E -99 -99 0980 1010 0130 28 013 -999 -999 -999 -999 -999 -999
IBTr 31W KYLE      901019 1200 208N 1426E -99 -99 0980 1010 0130 28 013 -999 -999 -999 -999 -999 -999
IBTr 31W KYLE      901019 1800 213N 1423E -99 -99 0975 1010 0130 30 013 -999 -999 -999 -999 -999 -999
IBTr 31W KYLE      901020 0000 218N 1422E -99 -99 0970 1010 0130 33 013 -999 -999 -999 -999 -999 -999
IBTr 31W KYLE      901020 0600 225N 1422E -99 -99 0965 1010 0140 36 014 -999 -999 -999 -999 -999 -999
IBTr 31W KYLE      901020 1200 230N 1425E -99 -99 0960 1010 0140 36 014 -999 -999 -999 -999 -999 -999
IBTr 31W KYLE      901020 1800 240N 1433E -99 -99 0955 1010 0140 38 014 -999 -999 -999 -999 -999 -999
IBTr 31W KYLE      901021 0000 251N 1444E -99 -99 0955 1010 0140 38 014 -999 -999 -999 -999 -999 -999
IBTr 31W KYLE      901021 0600 263N 1455E -99 -99 0955 1010 0140 38 014 -999 -999 -999 -999 -999 -999
IBTr 31W KYLE      901021 1200 279N 1470E -99 -99 0960 1010 0140 38 014 -999 -999 -999 -999 -999 -999
IBTr 31W KYLE      901021 1800 300N 1487E -99 -99 0965 1010 0140 36 014 -999 -999 -999 -999 -999 -999
IBTr 31W KYLE      901022 0000 322N 1504E -99 -99 0970 1010 0140 33 014 -999 -999 -999 -999 -999 -999
IBTr 31W KYLE      901022 0600 339N 1520E -99 -99 0975 1010 0140 30 014 -999 -999 -999 -999 -999 -999
IBTr 31W KYLE      901022 1200 357N 1538E -99 -99 0980 1010 0130 28 013 -999 -999 -999 -999 -999 -999
IBTr 31W KYLE      901022 1800 375N 1550E -99 -99 0986 1010 0130 28 013 -999 -999 -999 -999 -999 -999
IBTr 31W KYLE      901023 0000 390N 1559E -99 -99 0992 1010 0120 25 012 -999 -999 -999 -999 -999 -999
IBTr 31W KYLE      901023 0600 402N 1569E -99 -99 0992 1010 0120 23 012 -999 -999 -999 -999 -999 -999
IBTr 31W KYLE      901023 1200 419N 1578E -99 -99 0994 1010 0120 20 012 -999 -999 -999 -999 -999 -999
IBTr 31W KYLE      901023 1800 431N 1590E -99 -99 0994 1010 0120 18 012 -999 -999 -999 -999 -999 -999
IBTr 31W KYLE      901024 0000 447N 1608E -99 -99 0994 1010 0120 15 012 -999 -999 -999 -999 -999 -999
IBTr 31W KYLE      901024 0600 450N 1630E -99 -99 0996 1010 0120 -9 012 -999 -999 -999 -999 -999 -999
IBTr 31W KYLE      901024 1200 450N 1657E -99 -99 1000 1010 0110 -9 011 -999 -999 -999 -999 -999 -999
IBTr 31W KYLE      901024 1800 450N 1680E -99 -99 1004 1010 0100 -9 010 -999 -999 -999 -999 -999 -999
IBTr 31W KYLE      901025 0000 450N 1700E -99 -99 1008 1010 0100 -9 010 -999 -999 -999 -999 -999 -999
IBTr 31W KYLE      901025 0600 440N 1740E -99 -99 1012 1012 0090 -9 009 -999 -999 -999 -999 -999 -999
IBTr 31W KYLE      901025 1200 430N 1780E -99 -99 1016 1016 0090 -9 009 -999 -999 -999 -999 -999 -999
