IBTr 06E EUGENE    930715 1800 113N 1128W -99 -99 1010 1010 0080 15 008 -999 -999 -999 -999 -999 -999
IBTr 06E EUGENE    930716 0000 114N 1136W -99 -99 1009 1010 0080 15 008 -999 -999 -999 -999 -999 -999
IBTr 06E EUGENE    930716 0600 114N 1144W -99 -99 1006 1010 0090 15 009 -999 -999 -999 -999 -999 -999
IBTr 06E EUGENE    930716 1200 114N 1152W -99 -99 1003 1010 0090 18 009 -999 -999 -999 -999 -999 -999
IBTr 06E EUGENE    930716 1800 114N 1159W -99 -99 0998 1010 0100 23 010 -999 -999 -999 -999 -999 -999
IBTr 06E EUGENE    930717 0000 114N 1166W -99 -99 0992 1010 0110 28 011 -999 -999 -999 -999 -999 -999
IBTr 06E EUGENE    930717 0600 113N 1172W -99 -99 0986 1010 0110 33 011 -999 -999 -999 -999 -999 -999
IBTr 06E EUGENE    930717 1200 112N 1177W -99 -99 0978 1010 0120 38 012 -999 -999 -999 -999 -999 -999
IBTr 06E EUGENE    930717 1800 111N 1181W -99 -99 0970 1010 0130 43 013 -999 -999 -999 -999 -999 -999
IBTr 06E EUGENE    930718 0000 112N 1185W -99 -99 0960 1010 0130 51 013 -999 -999 -999 -999 -999 -999
IBTr 06E EUGENE    930718 0600 115N 1189W -99 -99 0959 1010 0130 54 013 -999 -999 -999 -999 -999 -999
IBTr 06E EUGENE    930718 1200 121N 1193W -99 -99 0960 1010 0130 51 013 -999 -999 -999 -999 -999 -999
IBTr 06E EUGENE    930718 1800 128N 1198W -99 -99 0960 1010 0130 51 013 -999 -999 -999 -999 -999 -999
IBTr 06E EUGENE    930719 0000 135N 1205W -99 -99 0958 1010 0130 51 013 -999 -999 -999 -999 -999 -999
IBTr 06E EUGENE    930719 0600 143N 1213W -99 -99 0956 1010 0130 51 013 -999 -999 -999 -999 -999 -999
IBTr 06E EUGENE    930719 1200 149N 1223W -99 -99 0951 1010 0130 56 013 -999 -999 -999 -999 -999 -999
IBTr 06E EUGENE    930719 1800 154N 1236W -99 -99 0948 1010 0130 56 013 -999 -999 -999 -999 -999 -999
IBTr 06E EUGENE    930720 0000 159N 1248W -99 -99 0950 1010 0130 54 013 -999 -999 -999 -999 -999 -999
IBTr 06E EUGENE    930720 0600 164N 1262W -99 -99 0955 1010 0130 51 013 -999 -999 -999 -999 -999 -999
IBTr 06E EUGENE    930720 1200 168N 1276W -99 -99 0959 1010 0130 51 013 -999 -999 -999 -999 -999 -999
IBTr 06E EUGENE    930720 1800 172N 1289W -99 -99 0961 1010 0130 48 013 -999 -999 -999 -999 -999 -999
IBTr 06E EUGENE    930721 0000 175N 1302W -99 -99 0962 1010 0130 48 013 -999 -999 -999 -999 -999 -999
IBTr 06E EUGENE    930721 0600 179N 1313W -99 -99 0964 1010 0130 46 013 -999 -999 -999 -999 -999 -999
IBTr 06E EUGENE    930721 1200 183N 1324W -99 -99 0970 1010 0130 46 013 -999 -999 -999 -999 -999 -999
IBTr 06E EUGENE    930721 1800 186N 1338W -99 -99 0977 1010 0130 43 013 -999 -999 -999 -999 -999 -999
IBTr 06E EUGENE    930722 0000 187N 1353W -99 -99 0981 1010 0120 38 012 -999 -999 -999 -999 -999 -999
IBTr 06E EUGENE    930722 0600 188N 1368W -99 -99 0987 1010 0120 30 012 -999 -999 -999 -999 -999 -999
IBTr 06E EUGENE    930722 1200 188N 1383W -99 -99 0994 1010 0110 23 011 -999 -999 -999 -999 -999 -999
IBTr 06E EUGENE    930722 1800 192N 1398W -99 -99 0997 1010 0100 20 010 -999 -999 -999 -999 -999 -999
IBTr 06E EUGENE    930723 0000 195N 1420W -99 -99 1000 1010 0100 18 010 -999 -999 -999 -999 -999 -999
IBTr 06E EUGENE    930723 0600 192N 1445W -99 -99 1002 1010 0100 18 010 -999 -999 -999 -999 -999 -999
IBTr 06E EUGENE    930723 1200 191N 1467W -99 -99 1004 1010 0090 18 009 -999 -999 -999 -999 -999 -999
IBTr 06E EUGENE    930723 1800 190N 1488W -99 -99 1005 1010 0090 15 009 -999 -999 -999 -999 -999 -999
IBTr 06E EUGENE    930724 0000 191N 1510W -99 -99 1007 1010 0090 15 009 -999 -999 -999 -999 -999 -999
IBTr 06E EUGENE    930724 0600 191N 1535W -99 -99 1008 1010 0090 15 009 -999 -999 -999 -999 -999 -999
IBTr 06E EUGENE    930724 1200 192N 1553W -99 -99 1009 1010 0080 15 008 -999 -999 -999 -999 -999 -999
IBTr 06E EUGENE    930724 1800 193N 1580W -99 -99 1010 1010 0080 12 008 -999 -999 -999 -999 -999 -999
IBTr 06E EUGENE    930725 0000 194N 1600W -99 -99 1010 1010 0080 12 008 -999 -999 -999 -999 -999 -999
