IBTr 09W LEWIS     930704 0600 91N  1370E -99 -99 -999 1010 0000 07 000 -999 -999 -999 -999 -999 -999
IBTr 09W LEWIS     930704 1200 88N  1360E -99 -99 -999 1010 0000 07 000 -999 -999 -999 -999 -999 -999
IBTr 09W LEWIS     930704 1800 86N  1350E -99 -99 -999 1010 0000 07 000 -999 -999 -999 -999 -999 -999
IBTr 09W LEWIS     930705 0000 84N  1342E -99 -99 -999 1010 0000 07 000 -999 -999 -999 -999 -999 -999
IBTr 09W LEWIS     930705 0600 82N  1335E -99 -99 -999 1010 0000 07 000 -999 -999 -999 -999 -999 -999
IBTr 09W LEWIS     930705 1200 81N  1328E -99 -99 -999 1010 0000 07 000 -999 -999 -999 -999 -999 -999
IBTr 09W LEWIS     930705 1800 80N  1321E -99 -99 -999 1010 0000 07 000 -999 -999 -999 -999 -999 -999
IBTr 09W LEWIS     930706 0000 79N  1312E -99 -99 -999 1010 0000 10 000 -999 -999 -999 -999 -999 -999
IBTr 09W LEWIS     930706 0600 81N  1303E -99 -99 -999 1010 0000 10 000 -999 -999 -999 -999 -999 -999
IBTr 09W LEWIS     930706 1200 85N  1294E -99 -99 -999 1010 0000 12 000 -999 -999 -999 -999 -999 -999
IBTr 09W LEWIS     930706 1800 92N  1287E -99 -99 -999 1010 0000 12 000 -999 -999 -999 -999 -999 -999
IBTr 09W LEWIS     930707 0000 97N  1282E -99 -99 1006 1010 0090 15 009 -999 -999 -999 -999 -999 -999
IBTr 09W LEWIS     930707 0600 103N 1276E -99 -99 1006 1010 0090 15 009 -999 -999 -999 -999 -999 -999
IBTr 09W LEWIS     930707 1200 109N 1270E -99 -99 1008 1010 0080 15 008 -999 -999 -999 -999 -999 -999
IBTr 09W LEWIS     930707 1800 114N 1263E -99 -99 1006 1010 0090 15 009 -999 -999 -999 -999 -999 -999
IBTr 09W LEWIS     930708 0000 120N 1252E -99 -99 1008 1010 0080 18 008 -999 -999 -999 -999 -999 -999
IBTr 09W LEWIS     930708 0600 127N 1240E -99 -99 1004 1010 0090 18 009 -999 -999 -999 -999 -999 -999
IBTr 09W LEWIS     930708 0900 129N 1236E -99 -99 1000 1010 0100 18 010 -999 -999 -999 -999 -999 -999
IBTr 09W LEWIS     930708 1200 132N 1227E -99 -99 0998 1010 0100 18 010 -999 -999 -999 -999 -999 -999
IBTr 09W LEWIS     930708 1800 136N 1216E -99 -99 0998 1010 0100 18 010 -999 -999 -999 -999 -999 -999
IBTr 09W LEWIS     930709 0000 143N 1199E -99 -99 0998 1010 0100 20 010 -999 -999 -999 -999 -999 -999
IBTr 09W LEWIS     930709 0600 152N 1183E -99 -99 0996 1010 0100 20 010 -999 -999 -999 -999 -999 -999
IBTr 09W LEWIS     930709 1200 160N 1167E -99 -99 0990 1010 0110 23 011 -999 -999 -999 -999 -999 -999
IBTr 09W LEWIS     930709 1800 167N 1151E -99 -99 0990 1010 0110 23 011 -999 -999 -999 -999 -999 -999
IBTr 09W LEWIS     930710 0000 174N 1135E -99 -99 0985 1010 0120 25 012 -999 -999 -999 -999 -999 -999
IBTr 09W LEWIS     930710 0600 180N 1119E -99 -99 0980 1010 0120 28 012 -999 -999 -999 -999 -999 -999
IBTr 09W LEWIS     930710 1200 183N 1106E -99 -99 0975 1010 0130 30 013 -999 -999 -999 -999 -999 -999
IBTr 09W LEWIS     930710 1800 184N 1093E -99 -99 0975 1010 0130 30 013 -999 -999 -999 -999 -999 -999
IBTr 09W LEWIS     930711 0000 186N 1081E -99 -99 0980 1010 0120 28 012 -999 -999 -999 -999 -999 -999
IBTr 09W LEWIS     930711 0600 188N 1073E -99 -99 0985 1010 0120 25 012 -999 -999 -999 -999 -999 -999
IBTr 09W LEWIS     930711 1200 189N 1067E -99 -99 0985 1010 0120 25 012 -999 -999 -999 -999 -999 -999
IBTr 09W LEWIS     930711 1800 190N 1062E -99 -99 0985 1010 0120 25 012 -999 -999 -999 -999 -999 -999
IBTr 09W LEWIS     930712 0000 191N 1056E -99 -99 0985 1010 0120 25 012 -999 -999 -999 -999 -999 -999
IBTr 09W LEWIS     930712 0600 192N 1045E -99 -99 0992 1010 0110 20 011 -999 -999 -999 -999 -999 -999
IBTr 09W LEWIS     930712 1200 192N 1033E -99 -99 0998 1010 0100 15 010 -999 -999 -999 -999 -999 -999
IBTr 09W LEWIS     930712 1800 193N 1027E -99 -99 0998 1010 0100 12 010 -999 -999 -999 -999 -999 -999
IBTr 09W LEWIS     930713 0000 194N 1022E -99 -99 0998 1010 0100 10 010 -999 -999 -999 -999 -999 -999
IBTr 09W LEWIS     930713 0600 195N 1020E -99 -99 1000 1010 0100 -9 010 -999 -999 -999 -999 -999 -999
IBTr 09W NOTNAMED  930812 0600 70N  1795E -99 -99 -999 1010 0000 10 000 -999 -999 -999 -999 -999 -999
IBTr 09W NOTNAMED  930812 1200 70N  1785E -99 -99 -999 1010 0000 10 000 -999 -999 -999 -999 -999 -999
IBTr 09W NOTNAMED  930812 1800 69N  1776E -99 -99 -999 1010 0000 10 000 -999 -999 -999 -999 -999 -999
IBTr 09W NOTNAMED  930813 0000 69N  1768E -99 -99 -999 1010 0000 12 000 -999 -999 -999 -999 -999 -999
IBTr 09W NOTNAMED  930813 0600 72N  1762E -99 -99 -999 1010 0000 12 000 -999 -999 -999 -999 -999 -999
IBTr 09W NOTNAMED  930813 1200 78N  1759E -99 -99 -999 1010 0000 12 000 -999 -999 -999 -999 -999 -999
IBTr 09W NOTNAMED  930813 1800 84N  1755E -99 -99 -999 1010 0000 12 000 -999 -999 -999 -999 -999 -999
IBTr 09W NOTNAMED  930814 0000 90N  1752E -99 -99 -999 1010 0000 12 000 -999 -999 -999 -999 -999 -999
IBTr 09W NOTNAMED  930814 0600 96N  1743E -99 -99 -999 1010 0000 12 000 -999 -999 -999 -999 -999 -999
IBTr 09W NOTNAMED  930814 1200 98N  1730E -99 -99 -999 1010 0000 12 000 -999 -999 -999 -999 -999 -999
IBTr 09W NOTNAMED  930814 1800 98N  1719E -99 -99 -999 1010 0000 10 000 -999 -999 -999 -999 -999 -999
IBTr 09W NOTNAMED  930815 0000 98N  1705E -99 -99 -999 1010 0000 10 000 -999 -999 -999 -999 -999 -999
IBTr 09W NOTNAMED  930815 0600 98N  1694E -99 -99 -999 1010 0000 10 000 -999 -999 -999 -999 -999 -999
