IBTr 04B NOTNAMED  931219 0000 85N  0835E -99 -99 1008 1010 0080 12 008 -999 -999 -999 -999 -999 -999
IBTr 04B NOTNAMED  931219 0300 85N  0835E -99 -99 1008 1010 0080 12 008 -999 -999 -999 -999 -999 -999
IBTr 04B NOTNAMED  931219 0600 90N  0825E -99 -99 1008 1010 0080 12 008 -999 -999 -999 -999 -999 -999
IBTr 04B NOTNAMED  931219 1200 95N  0820E -99 -99 1006 1010 0090 15 009 -999 -999 -999 -999 -999 -999
IBTr 04B NOTNAMED  931219 1800 100N 0810E -99 -99 1008 1010 0080 15 008 -999 -999 -999 -999 -999 -999
IBTr 04B NOTNAMED  931220 0000 105N 0805E -99 -99 1008 1010 0080 12 008 -999 -999 -999 -999 -999 -999
IBTr 04B NOTNAMED  931220 0300 110N 0805E -99 -99 1008 1010 0080 12 008 -999 -999 -999 -999 -999 -999
IBTr 04B NOTNAMED  931220 0600 110N 0805E -99 -99 1008 1010 0080 12 008 -999 -999 -999 -999 -999 -999
IBTr 04B NOTNAMED  931220 0900 110N 0805E -99 -99 1008 1010 0080 12 008 -999 -999 -999 -999 -999 -999
IBTr 04B NOTNAMED  931220 1200 110N 0800E -99 -99 1010 1010 0080 07 008 -999 -999 -999 -999 -999 -999
