IBTr 08W NOTNAMED  930615 0600 63N  1311E -99 -99 -999 1010 0000 07 000 -999 -999 -999 -999 -999 -999
IBTr 08W NOTNAMED  930615 1200 66N  1311E -99 -99 -999 1010 0000 07 000 -999 -999 -999 -999 -999 -999
IBTr 08W NOTNAMED  930615 1800 70N  1310E -99 -99 -999 1010 0000 07 000 -999 -999 -999 -999 -999 -999
IBTr 08W NOTNAMED  930616 0000 73N  1309E -99 -99 -999 1010 0000 10 000 -999 -999 -999 -999 -999 -999
IBTr 08W NOTNAMED  930616 0600 77N  1308E -99 -99 -999 1010 0000 10 000 -999 -999 -999 -999 -999 -999
IBTr 08W NOTNAMED  930616 1200 81N  1307E -99 -99 -999 1010 0000 10 000 -999 -999 -999 -999 -999 -999
IBTr 08W NOTNAMED  930616 1800 85N  1305E -99 -99 -999 1010 0000 10 000 -999 -999 -999 -999 -999 -999
IBTr 08W NOTNAMED  930617 0000 90N  1304E -99 -99 -999 1010 0000 12 000 -999 -999 -999 -999 -999 -999
IBTr 08W NOTNAMED  930617 0600 92N  1300E -99 -99 -999 1010 0000 12 000 -999 -999 -999 -999 -999 -999
IBTr 08W NOTNAMED  930617 1200 98N  1294E -99 -99 -999 1010 0000 12 000 -999 -999 -999 -999 -999 -999
IBTr 08W NOTNAMED  930617 1800 104N 1289E -99 -99 -999 1010 0000 12 000 -999 -999 -999 -999 -999 -999
IBTr 08W NOTNAMED  930618 0000 108N 1284E -99 -99 -999 1010 0000 12 000 -999 -999 -999 -999 -999 -999
IBTr 08W NOTNAMED  930618 0600 112N 1277E -99 -99 -999 1010 0000 15 000 -999 -999 -999 -999 -999 -999
IBTr 08W NOTNAMED  930618 1200 116N 1268E -99 -99 -999 1010 0000 15 000 -999 -999 -999 -999 -999 -999
IBTr 08W NOTNAMED  930618 1800 121N 1259E -99 -99 -999 1010 0000 15 000 -999 -999 -999 -999 -999 -999
IBTr 08W NOTNAMED  930619 0000 127N 1249E -99 -99 -999 1010 0000 12 000 -999 -999 -999 -999 -999 -999
IBTr 08W NOTNAMED  930619 0600 134N 1239E -99 -99 -999 1010 0000 12 000 -999 -999 -999 -999 -999 -999
IBTr 08W NOTNAMED  930619 1200 139N 1225E -99 -99 -999 1010 0000 12 000 -999 -999 -999 -999 -999 -999
IBTr 08W NOTNAMED  930619 1800 144N 1213E -99 -99 -999 1010 0000 10 000 -999 -999 -999 -999 -999 -999
IBTr 08W NOTNAMED  930620 0000 147N 1206E -99 -99 -999 1010 0000 10 000 -999 -999 -999 -999 -999 -999
IBTr 08W NOTNAMED  930620 0600 155N 1196E -99 -99 -999 1010 0000 10 000 -999 -999 -999 -999 -999 -999
