IBTr 07S EDWINA    930116 0000 63S  0905E -99 -99 -999 1010 0000 -9 000 -999 -999 -999 -999 -999 -999
IBTr 07S EDWINA    930116 0600 66S  0902E -99 -99 -999 1010 0000 -9 000 -999 -999 -999 -999 -999 -999
IBTr 07S EDWINA    930116 1200 69S  0898E -99 -99 -999 1010 0000 -9 000 -999 -999 -999 -999 -999 -999
IBTr 07S EDWINA    930116 1800 72S  0894E -99 -99 -999 1010 0000 -9 000 -999 -999 -999 -999 -999 -999
IBTr 07S EDWINA    930117 0000 74S  0889E -99 -99 -999 1010 0000 -9 000 -999 -999 -999 -999 -999 -999
IBTr 07S EDWINA    930117 0600 76S  0884E -99 -99 -999 1010 0000 -9 000 -999 -999 -999 -999 -999 -999
IBTr 07S EDWINA    930117 1200 78S  0880E -99 -99 -999 1010 0000 -9 000 -999 -999 -999 -999 -999 -999
IBTr 07S EDWINA    930117 1800 80S  0876E -99 -99 -999 1010 0000 -9 000 -999 -999 -999 -999 -999 -999
IBTr 07S EDWINA    930118 0000 82S  0872E -99 -99 -999 1010 0000 -9 000 -999 -999 -999 -999 -999 -999
IBTr 07S EDWINA    930118 0600 85S  0869E -99 -99 -999 1010 0000 -9 000 -999 -999 -999 -999 -999 -999
IBTr 07S EDWINA    930118 1200 88S  0866E -99 -99 -999 1010 0000 -9 000 -999 -999 -999 -999 -999 -999
IBTr 07S EDWINA    930118 1800 91S  0863E -99 -99 -999 1010 0000 -9 000 -999 -999 -999 -999 -999 -999
IBTr 07S EDWINA    930119 0000 94S  0860E -99 -99 -999 1010 0000 -9 000 -999 -999 -999 -999 -999 -999
IBTr 07S EDWINA    930119 0600 97S  0858E -99 -99 -999 1010 0000 -9 000 -999 -999 -999 -999 -999 -999
IBTr 07S EDWINA    930119 1200 99S  0855E -99 -99 0998 1010 0100 13 010 -999 -999 -999 -999 -999 -999
IBTr 07S EDWINA    930119 1800 102S 0853E -99 -99 0995 1010 0100 15 010 -999 -999 -999 -999 -999 -999
IBTr 07S EDWINA    930120 0000 106S 0852E -99 -99 0992 1010 0110 16 011 -999 -999 -999 -999 -999 -999
IBTr 07S EDWINA    930120 0600 110S 0853E -99 -99 0992 1010 0110 16 011 -999 -999 -999 -999 -999 -999
IBTr 07S EDWINA    930120 1200 115S 0852E -99 -99 0992 1010 0110 16 011 -999 -999 -999 -999 -999 -999
IBTr 07S EDWINA    930120 1800 120S 0848E -99 -99 0992 1010 0110 16 011 -999 -999 -999 -999 -999 -999
IBTr 07S EDWINA    930121 0000 123S 0842E -99 -99 0990 1010 0110 19 011 -999 -999 -999 -999 -999 -999
IBTr 07S EDWINA    930121 0600 127S 0834E -99 -99 0985 1010 0120 22 012 -999 -999 -999 -999 -999 -999
IBTr 07S EDWINA    930121 1200 130S 0827E -99 -99 0985 1010 0120 22 012 -999 -999 -999 -999 -999 -999
IBTr 07S EDWINA    930121 1800 131S 0819E -99 -99 0985 1010 0120 22 012 -999 -999 -999 -999 -999 -999
IBTr 07S EDWINA    930122 0000 132S 0809E -99 -99 0985 1010 0120 22 012 -999 -999 -999 -999 -999 -999
IBTr 07S EDWINA    930122 0600 133S 0799E -99 -99 0980 1010 0120 24 012 -999 -999 -999 -999 -999 -999
IBTr 07S EDWINA    930122 1200 134S 0789E -99 -99 0975 1010 0130 27 013 -999 -999 -999 -999 -999 -999
IBTr 07S EDWINA    930122 1800 134S 0777E -99 -99 0975 1010 0130 27 013 -999 -999 -999 -999 -999 -999
IBTr 07S EDWINA    930123 0000 135S 0766E -99 -99 0970 1010 0130 29 013 -999 -999 -999 -999 -999 -999
IBTr 07S EDWINA    930123 0600 136S 0754E -99 -99 0965 1010 0130 32 013 -999 -999 -999 -999 -999 -999
IBTr 07S EDWINA    930123 1200 137S 0743E -99 -99 0955 1010 0130 34 013 -999 -999 -999 -999 -999 -999
IBTr 07S EDWINA    930123 1800 140S 0731E -99 -99 0955 1010 0130 34 013 -999 -999 -999 -999 -999 -999
IBTr 07S EDWINA    930124 0000 142S 0719E -99 -99 0950 1010 0130 39 013 -999 -999 -999 -999 -999 -999
IBTr 07S EDWINA    930124 0600 145S 0707E -99 -99 0945 1010 0130 41 013 -999 -999 -999 -999 -999 -999
IBTr 07S EDWINA    930124 1200 148S 0696E -99 -99 0940 1010 0120 42 012 -999 -999 -999 -999 -999 -999
IBTr 07S EDWINA    930124 1800 150S 0684E -99 -99 0940 1010 0120 42 012 -999 -999 -999 -999 -999 -999
IBTr 07S EDWINA    930125 0000 152S 0672E -99 -99 0935 1010 0120 44 012 -999 -999 -999 -999 -999 -999
IBTr 07S EDWINA    930125 0600 155S 0661E -99 -99 0930 1010 0110 46 011 -999 -999 -999 -999 -999 -999
IBTr 07S EDWINA    930125 1200 157S 0651E -99 -99 0930 1010 0110 46 011 -999 -999 -999 -999 -999 -999
IBTr 07S EDWINA    930125 1800 160S 0641E -99 -99 0930 1010 0110 46 011 -999 -999 -999 -999 -999 -999
IBTr 07S EDWINA    930126 0000 165S 0633E -99 -99 0925 1010 0110 47 011 -999 -999 -999 -999 -999 -999
IBTr 07S EDWINA    930126 0600 171S 0625E -99 -99 0925 1010 0110 47 011 -999 -999 -999 -999 -999 -999
IBTr 07S EDWINA    930126 1200 177S 0616E -99 -99 0925 1010 0110 47 011 -999 -999 -999 -999 -999 -999
IBTr 07S EDWINA    930126 1800 184S 0610E -99 -99 0925 1010 0110 47 011 -999 -999 -999 -999 -999 -999
IBTr 07S EDWINA    930127 0000 191S 0604E -99 -99 0925 1010 0110 47 011 -999 -999 -999 -999 -999 -999
IBTr 07S EDWINA    930127 0600 200S 0599E -99 -99 0925 1010 0110 47 011 -999 -999 -999 -999 -999 -999
IBTr 07S EDWINA    930127 1200 209S 0598E -99 -99 0930 1010 0110 46 011 -999 -999 -999 -999 -999 -999
IBTr 07S EDWINA    930127 1800 220S 0596E -99 -99 0935 1010 0120 44 012 -999 -999 -999 -999 -999 -999
IBTr 07S EDWINA    930128 0000 232S 0595E -99 -99 0940 1010 0130 42 013 -999 -999 -999 -999 -999 -999
IBTr 07S EDWINA    930128 0600 246S 0594E -99 -99 0945 1010 0130 41 013 -999 -999 -999 -999 -999 -999
IBTr 07S EDWINA    930128 1200 262S 0593E -99 -99 0950 1010 0140 39 014 -999 -999 -999 -999 -999 -999
IBTr 07S EDWINA    930128 1800 280S 0594E -99 -99 0960 1010 0140 32 014 -999 -999 -999 -999 -999 -999
IBTr 07S EDWINA    930129 0000 298S 0592E -99 -99 0970 1010 0140 27 014 -999 -999 -999 -999 -999 -999
IBTr 07S EDWINA    930129 0600 317S 0590E -99 -99 -999 1010 0000 -9 000 -999 -999 -999 -999 -999 -999
IBTr 07S EDWINA    930129 1200 335S 0587E -99 -99 -999 1010 0000 -9 000 -999 -999 -999 -999 -999 -999
IBTr 07S EDWINA    930129 1800 353S 0588E -99 -99 -999 1010 0000 -9 000 -999 -999 -999 -999 -999 -999
IBTr 07S EDWINA    930130 0000 370S 0593E -99 -99 -999 1010 0000 -9 000 -999 -999 -999 -999 -999 -999
