IBTr 08P OLIVER    930203 0600 124S 1511E -99 -99 -999 1010 0000 -9 000 -999 -999 -999 -999 -999 -999
IBTr 08P OLIVER    930203 1200 129S 1510E -99 -99 -999 1010 0000 -9 000 -999 -999 -999 -999 -999 -999
IBTr 08P OLIVER    930203 1800 134S 1509E -99 -99 -999 1010 0000 -9 000 -999 -999 -999 -999 -999 -999
IBTr 08P OLIVER    930204 0000 139S 1508E -99 -99 -999 1010 0000 -9 000 -999 -999 -999 -999 -999 -999
IBTr 08P OLIVER    930204 0600 143S 1506E -99 -99 -999 1010 0000 -9 000 -999 -999 -999 -999 -999 -999
IBTr 08P OLIVER    930204 1200 147S 1503E -99 -99 -999 1010 0000 -9 000 -999 -999 -999 -999 -999 -999
IBTr 08P OLIVER    930204 1800 149S 1500E -99 -99 -999 1010 0000 -9 000 -999 -999 -999 -999 -999 -999
IBTr 08P OLIVER    930205 0000 147S 1497E -99 -99 0995 1010 0100 21 010 -999 -999 -999 -999 -999 -999
IBTr 08P OLIVER    930205 0600 146S 1500E -99 -99 0990 1010 0110 21 011 -999 -999 -999 -999 -999 -999
IBTr 08P OLIVER    930205 1200 149S 1502E -99 -99 0985 1010 0120 23 012 -999 -999 -999 -999 -999 -999
IBTr 08P OLIVER    930205 1800 152S 1506E -99 -99 0975 1010 0130 26 013 -999 -999 -999 -999 -999 -999
IBTr 08P OLIVER    930206 0000 154S 1510E -99 -99 0970 1010 0130 32 013 -999 -999 -999 -999 -999 -999
IBTr 08P OLIVER    930206 0600 156S 1513E -99 -99 0965 1010 0130 36 013 -999 -999 -999 -999 -999 -999
IBTr 08P OLIVER    930206 1200 158S 1518E -99 -99 0965 1010 0130 36 013 -999 -999 -999 -999 -999 -999
IBTr 08P OLIVER    930206 1800 161S 1521E -99 -99 0960 1010 0130 36 013 -999 -999 -999 -999 -999 -999
IBTr 08P OLIVER    930206 2050 163S 1523E -99 -99 0960 1010 0130 41 013 -999 -999 -999 -999 -999 -999
IBTr 08P OLIVER    930207 0000 165S 1522E -99 -99 0955 1010 0130 41 013 -999 -999 -999 -999 -999 -999
IBTr 08P OLIVER    930207 0600 168S 1522E -99 -99 0950 1010 0130 45 013 -999 -999 -999 -999 -999 -999
IBTr 08P OLIVER    930207 1200 171S 1520E -99 -99 0950 1010 0130 45 013 -999 -999 -999 -999 -999 -999
IBTr 08P OLIVER    930207 1800 174S 1519E -99 -99 0950 1010 0130 45 013 -999 -999 -999 -999 -999 -999
IBTr 08P OLIVER    930208 0000 177S 1519E -99 -99 0950 1010 0130 45 013 -999 -999 -999 -999 -999 -999
IBTr 08P OLIVER    930208 0600 181S 1519E -99 -99 0950 1010 0130 45 013 -999 -999 -999 -999 -999 -999
IBTr 08P OLIVER    930208 1200 183S 1519E -99 -99 0955 1010 0130 45 013 -999 -999 -999 -999 -999 -999
IBTr 08P OLIVER    930208 1800 186S 1519E -99 -99 0960 1010 0140 45 014 -999 -999 -999 -999 -999 -999
IBTr 08P OLIVER    930209 0000 191S 1522E -99 -99 0960 1010 0140 41 014 -999 -999 -999 -999 -999 -999
IBTr 08P OLIVER    930209 0600 194S 1526E -99 -99 0960 1010 0140 39 014 -999 -999 -999 -999 -999 -999
IBTr 08P OLIVER    930209 1200 196S 1532E -99 -99 0965 1010 0130 36 013 -999 -999 -999 -999 -999 -999
IBTr 08P OLIVER    930209 1800 196S 1536E -99 -99 0970 1010 0130 32 013 -999 -999 -999 -999 -999 -999
IBTr 08P OLIVER    930210 0000 198S 1539E -99 -99 0970 1010 0130 32 013 -999 -999 -999 -999 -999 -999
IBTr 08P OLIVER    930210 0600 200S 1543E -99 -99 0975 1010 0130 30 013 -999 -999 -999 -999 -999 -999
IBTr 08P OLIVER    930210 1200 202S 1547E -99 -99 0980 1010 0130 27 013 -999 -999 -999 -999 -999 -999
IBTr 08P OLIVER    930210 1800 206S 1548E -99 -99 0985 1010 0120 26 012 -999 -999 -999 -999 -999 -999
IBTr 08P OLIVER    930211 0000 208S 1550E -99 -99 0985 1010 0120 26 012 -999 -999 -999 -999 -999 -999
IBTr 08P OLIVER    930211 0600 210S 1554E -99 -99 0985 1010 0120 26 012 -999 -999 -999 -999 -999 -999
IBTr 08P OLIVER    930211 1200 213S 1557E -99 -99 0990 1010 0110 26 011 -999 -999 -999 -999 -999 -999
IBTr 08P OLIVER    930211 1800 216S 1557E -99 -99 0995 1010 0110 23 011 -999 -999 -999 -999 -999 -999
IBTr 08P OLIVER    930212 0000 220S 1554E -99 -99 -001 1010 0000 21 000 -999 -999 -999 -999 -999 -999
IBTr 08P OLIVER    930212 0600 225S 1551E -99 -99 -001 1010 0000 16 000 -999 -999 -999 -999 -999 -999
IBTr 08P OLIVER    930212 1200 226S 1546E -99 -99 -001 1010 0000 16 000 -999 -999 -999 -999 -999 -999
IBTr 08P OLIVER    930212 1800 225S 1542E -99 -99 -001 1010 0000 16 000 -999 -999 -999 -999 -999 -999
IBTr 08P OLIVER    930213 0000 223S 1536E -99 -99 -999 1010 0000 -9 000 -999 -999 -999 -999 -999 -999
IBTr 08P OLIVER    930213 0600 217S 1529E -99 -99 -999 1010 0000 -9 000 -999 -999 -999 -999 -999 -999
IBTr 08P OLIVER    930213 1200 208S 1522E -99 -99 -999 1010 0000 -9 000 -999 -999 -999 -999 -999 -999
IBTr 08P OLIVER    930213 1800 201S 1513E -99 -99 -999 1010 0000 -9 000 -999 -999 -999 -999 -999 -999
IBTr 08P OLIVER    930214 0000 192S 1503E -99 -99 -999 1010 0000 -9 000 -999 -999 -999 -999 -999 -999
