IBTr 09P MICK      930203 0000 138S 1692W -99 -99 -999 1010 0000 -9 000 -999 -999 -999 -999 -999 -999
IBTr 09P MICK      930203 0600 139S 1697W -99 -99 -999 1010 0000 -9 000 -999 -999 -999 -999 -999 -999
IBTr 09P MICK      930203 1200 141S 1702W -99 -99 -999 1010 0000 -9 000 -999 -999 -999 -999 -999 -999
IBTr 09P MICK      930203 1800 143S 1706W -99 -99 -999 1010 0000 -9 000 -999 -999 -999 -999 -999 -999
IBTr 09P MICK      930204 0000 145S 1709W -99 -99 -999 1010 0000 -9 000 -999 -999 -999 -999 -999 -999
IBTr 09P MICK      930204 0600 147S 1713W -99 -99 -999 1010 0000 -9 000 -999 -999 -999 -999 -999 -999
IBTr 09P MICK      930204 1200 150S 1717W -99 -99 -999 1010 0000 -9 000 -999 -999 -999 -999 -999 -999
IBTr 09P MICK      930204 1800 153S 1721W -99 -99 -999 1010 0000 -9 000 -999 -999 -999 -999 -999 -999
IBTr 09P MICK      930205 0000 157S 1724W -99 -99 -999 1010 0000 -9 000 -999 -999 -999 -999 -999 -999
IBTr 09P MICK      930205 0600 160S 1726W -99 -99 -999 1010 0000 -9 000 -999 -999 -999 -999 -999 -999
IBTr 09P MICK      930205 1200 165S 1726W -99 -99 -999 1010 0000 -9 000 -999 -999 -999 -999 -999 -999
IBTr 09P MICK      930205 1800 170S 1726W -99 -99 -999 1010 0000 -9 000 -999 -999 -999 -999 -999 -999
IBTr 09P MICK      930206 0000 177S 1728W -99 -99 -999 1010 0000 -9 000 -999 -999 -999 -999 -999 -999
IBTr 09P MICK      930206 0600 182S 1735W -99 -99 -999 1010 0000 -9 000 -999 -999 -999 -999 -999 -999
IBTr 09P MICK      930206 1200 185S 1744W -99 -99 -999 1010 0000 -9 000 -999 -999 -999 -999 -999 -999
IBTr 09P MICK      930206 1800 188S 1753W -99 -99 -999 1010 0000 -9 000 -999 -999 -999 -999 -999 -999
IBTr 09P MICK      930207 0000 190S 1762W -99 -99 -999 1010 0000 -9 000 -999 -999 -999 -999 -999 -999
IBTr 09P MICK      930207 0600 193S 1771W -99 -99 -999 1010 0000 -9 000 -999 -999 -999 -999 -999 -999
IBTr 09P MICK      930207 1200 197S 1779W -99 -99 -999 1010 0000 -9 000 -999 -999 -999 -999 -999 -999
IBTr 09P MICK      930207 1800 205S 1786W -99 -99 -999 1010 0000 -9 000 -999 -999 -999 -999 -999 -999
IBTr 09P MICK      930208 0000 214S 1791W -99 -99 -999 1010 0000 -9 000 -999 -999 -999 -999 -999 -999
IBTr 09P MICK      930208 0600 222S 1796W -99 -99 -999 1010 0000 -9 000 -999 -999 -999 -999 -999 -999
IBTr 09P MICK      930208 1200 232S 1799E -99 -99 -999 1010 0000 -9 000 -999 -999 -999 -999 -999 -999
IBTr 09P MICK      930208 1800 240S 1793E -99 -99 -999 1010 0000 -9 000 -999 -999 -999 -999 -999 -999
IBTr 09P MICK      930209 0000 249S 1788E -99 -99 0990 1010 0120 20 012 -999 -999 -999 -999 -999 -999
IBTr 09P MICK      930209 0600 259S 1785E -99 -99 0995 1010 0110 18 011 -999 -999 -999 -999 -999 -999
IBTr 09P MICK      930209 1200 270S 1784E -99 -99 0997 1010 0110 15 011 -999 -999 -999 -999 -999 -999
IBTr 09P MICK      930209 1800 285S 1785E -99 -99 0997 1010 0110 15 011 -999 -999 -999 -999 -999 -999
IBTr 09P MICK      930210 0000 305S 1785E -99 -99 0997 1010 0110 15 011 -999 -999 -999 -999 -999 -999
IBTr 09P MICK      930210 0600 308S 1780E -99 -99 0997 1010 0110 15 011 -999 -999 -999 -999 -999 -999
IBTr 09P MICK      930210 1200 320S 1779E -99 -99 0997 1010 0110 15 011 -999 -999 -999 -999 -999 -999
IBTr 09P MICK      930210 1800 333S 1777E -99 -99 -999 1010 0000 -9 000 -999 -999 -999 -999 -999 -999
IBTr 09P MICK      930211 0000 345S 1778E -99 -99 0997 1010 0110 15 011 -999 -999 -999 -999 -999 -999
IBTr 09P MICK      930211 0600 352S 1782E -99 -99 -999 1010 0000 -9 000 -999 -999 -999 -999 -999 -999
IBTr 09P MICK      930211 1200 360S 1790E -99 -99 0997 1010 0110 15 011 -999 -999 -999 -999 -999 -999
IBTr 09P MICK      930211 1800 370S 1800E -99 -99 0997 1010 0110 15 011 -999 -999 -999 -999 -999 -999
