IBTr 06L DENNIS    930823 1200 136N 0308W -99 -99 1010 1010 0080 12 008 -999 -999 -999 -999 -999 -999
IBTr 06L DENNIS    930823 1800 139N 0313W -99 -99 1009 1010 0080 15 008 -999 -999 -999 -999 -999 -999
IBTr 06L DENNIS    930824 0000 145N 0323W -99 -99 1007 1010 0090 15 009 -999 -999 -999 -999 -999 -999
IBTr 06L DENNIS    930824 0600 150N 0332W -99 -99 1005 1010 0090 15 009 -999 -999 -999 -999 -999 -999
IBTr 06L DENNIS    930824 1200 154N 0340W -99 -99 1003 1010 0090 18 009 -999 -999 -999 -999 -999 -999
IBTr 06L DENNIS    930824 1800 158N 0349W -99 -99 1002 1010 0090 20 009 -999 -999 -999 -999 -999 -999
IBTr 06L DENNIS    930825 0000 164N 0358W -99 -99 1000 1010 0100 23 010 -999 -999 -999 -999 -999 -999
IBTr 06L DENNIS    930825 0600 169N 0366W -99 -99 1000 1010 0100 23 010 -999 -999 -999 -999 -999 -999
IBTr 06L DENNIS    930825 1200 174N 0376W -99 -99 1000 1010 0100 23 010 -999 -999 -999 -999 -999 -999
IBTr 06L DENNIS    930825 1800 180N 0387W -99 -99 1000 1010 0100 23 010 -999 -999 -999 -999 -999 -999
IBTr 06L DENNIS    930826 0000 187N 0397W -99 -99 1000 1010 0100 23 010 -999 -999 -999 -999 -999 -999
IBTr 06L DENNIS    930826 0600 194N 0407W -99 -99 1000 1010 0100 23 010 -999 -999 -999 -999 -999 -999
IBTr 06L DENNIS    930826 1200 200N 0414W -99 -99 1000 1010 0100 23 010 -999 -999 -999 -999 -999 -999
IBTr 06L DENNIS    930826 1800 206N 0421W -99 -99 1001 1010 0100 20 010 -999 -999 -999 -999 -999 -999
IBTr 06L DENNIS    930827 0000 213N 0425W -99 -99 1002 1010 0100 20 010 -999 -999 -999 -999 -999 -999
IBTr 06L DENNIS    930827 0600 221N 0427W -99 -99 1005 1010 0090 18 009 -999 -999 -999 -999 -999 -999
IBTr 06L DENNIS    930827 1200 225N 0430W -99 -99 1006 1010 0090 15 009 -999 -999 -999 -999 -999 -999
IBTr 06L DENNIS    930827 1800 228N 0432W -99 -99 1009 1010 0090 12 009 -999 -999 -999 -999 -999 -999
IBTr 06L DENNIS    930828 0000 229N 0436W -99 -99 1009 1010 0090 12 009 -999 -999 -999 -999 -999 -999
IBTr 06L DENNIS    930828 0600 226N 0440W -99 -99 1009 1010 0090 12 009 -999 -999 -999 -999 -999 -999
IBTr 06L DENNIS    930828 1200 222N 0445W -99 -99 1010 1010 0080 12 008 -999 -999 -999 -999 -999 -999
