IBTr 03A NOTNAMED  931112 0000 110N 0695E -99 -99 1006 1010 0090 07 009 -999 -999 -999 -999 -999 -999
IBTr 03A NOTNAMED  931112 0300 115N 0690E -99 -99 1004 1010 0090 12 009 -999 -999 -999 -999 -999 -999
IBTr 03A NOTNAMED  931112 0600 120N 0685E -99 -99 1004 1010 0090 12 009 -999 -999 -999 -999 -999 -999
IBTr 03A NOTNAMED  931112 1200 140N 0675E -99 -99 1002 1010 0090 15 009 -999 -999 -999 -999 -999 -999
IBTr 03A NOTNAMED  931112 1800 140N 0665E -99 -99 1002 1010 0090 15 009 -999 -999 -999 -999 -999 -999
IBTr 03A NOTNAMED  931113 0000 150N 0655E -99 -99 1000 1010 0100 18 010 -999 -999 -999 -999 -999 -999
IBTr 03A NOTNAMED  931113 0300 160N 0650E -99 -99 1000 1010 0100 23 010 -999 -999 -999 -999 -999 -999
IBTr 03A NOTNAMED  931113 0600 165N 0645E -99 -99 1000 1010 0100 23 010 -999 -999 -999 -999 -999 -999
IBTr 03A NOTNAMED  931113 1200 175N 0645E -99 -99 0998 1010 0100 23 010 -999 -999 -999 -999 -999 -999
IBTr 03A NOTNAMED  931113 1800 185N 0645E -99 -99 1000 1010 0100 23 010 -999 -999 -999 -999 -999 -999
IBTr 03A NOTNAMED  931114 0000 195N 0645E -99 -99 1000 1010 0100 23 010 -999 -999 -999 -999 -999 -999
IBTr 03A NOTNAMED  931114 0300 200N 0645E -99 -99 0998 1010 0100 23 010 -999 -999 -999 -999 -999 -999
IBTr 03A NOTNAMED  931114 0600 200N 0644E -99 -99 0992 1010 0110 28 011 -999 -999 -999 -999 -999 -999
IBTr 03A NOTNAMED  931114 1200 205N 0644E -99 -99 0986 1010 0120 33 012 -999 -999 -999 -999 -999 -999
IBTr 03A NOTNAMED  931114 1800 215N 0653E -99 -99 0988 1010 0120 33 012 -999 -999 -999 -999 -999 -999
IBTr 03A NOTNAMED  931115 0000 224N 0664E -99 -99 0998 1010 0100 28 010 -999 -999 -999 -999 -999 -999
IBTr 03A NOTNAMED  931115 0300 235N 0675E -99 -99 1002 1010 0100 23 010 -999 -999 -999 -999 -999 -999
IBTr 03A NOTNAMED  931115 0600 232N 0670E -99 -99 1004 1010 0090 18 009 -999 -999 -999 -999 -999 -999
IBTr 03A NOTNAMED  931115 1200 232N 0672E -99 -99 1004 1010 0090 15 009 -999 -999 -999 -999 -999 -999
IBTr 03A NOTNAMED  931115 1800 232N 0675E -99 -99 1004 1010 0090 15 009 -999 -999 -999 -999 -999 -999
IBTr 03A NOTNAMED  931116 0000 231N 0676E -99 -99 1008 1010 0090 07 009 -999 -999 -999 -999 -999 -999
