IBTr 07E KEONI     930809 0000 121N 1440W -99 -99 0000 1010 0000 15 000 -999 -999 -999 -999 -999 -999
IBTr 07E KEONI     930809 0600 121N 1441W -99 -99 0000 1010 0000 15 000 -999 -999 -999 -999 -999 -999
IBTr 07E KEONI     930809 1200 122N 1442W -99 -99 0000 1010 0000 15 000 -999 -999 -999 -999 -999 -999
IBTr 07E KEONI     930809 1800 121N 1443W -99 -99 0000 1010 0000 15 000 -999 -999 -999 -999 -999 -999
IBTr 07E KEONI     930810 0000 122N 1443W -99 -99 0000 1010 0000 15 000 -999 -999 -999 -999 -999 -999
IBTr 07E KEONI     930810 0600 122N 1445W -99 -99 0000 1010 0000 15 000 -999 -999 -999 -999 -999 -999
IBTr 07E KEONI     930810 1200 123N 1447W -99 -99 0000 1010 0000 15 000 -999 -999 -999 -999 -999 -999
IBTr 07E KEONI     930810 1800 123N 1448W -99 -99 0000 1010 0000 15 000 -999 -999 -999 -999 -999 -999
IBTr 07E KEONI     930811 0000 123N 1449W -99 -99 0000 1010 0000 15 000 -999 -999 -999 -999 -999 -999
IBTr 07E KEONI     930811 0600 123N 1451W -99 -99 0000 1010 0000 15 000 -999 -999 -999 -999 -999 -999
IBTr 07E KEONI     930811 1200 123N 1453W -99 -99 0000 1010 0000 15 000 -999 -999 -999 -999 -999 -999
IBTr 07E KEONI     930811 1800 123N 1458W -99 -99 0000 1010 0000 15 000 -999 -999 -999 -999 -999 -999
IBTr 07E KEONI     930812 0000 122N 1468W -99 -99 0000 1010 0000 15 000 -999 -999 -999 -999 -999 -999
IBTr 07E KEONI     930812 0600 121N 1481W -99 -99 0000 1010 0000 15 000 -999 -999 -999 -999 -999 -999
IBTr 07E KEONI     930812 1200 119N 1496W -99 -99 0000 1010 0000 15 000 -999 -999 -999 -999 -999 -999
IBTr 07E KEONI     930812 1800 118N 1510W -99 -99 0000 1010 0000 25 000 -999 -999 -999 -999 -999 -999
IBTr 07E KEONI     930813 0000 118N 1523W -99 -99 0000 1010 0000 28 000 -999 -999 -999 -999 -999 -999
IBTr 07E KEONI     930813 0600 119N 1536W -99 -99 0000 1010 0000 28 000 -999 -999 -999 -999 -999 -999
IBTr 07E KEONI     930813 1200 120N 1547W -99 -99 0000 1010 0000 28 000 -999 -999 -999 -999 -999 -999
IBTr 07E KEONI     930813 1800 121N 1557W -99 -99 0000 1010 0000 30 000 -999 -999 -999 -999 -999 -999
IBTr 07E KEONI     930814 0000 123N 1571W -99 -99 0000 1010 0000 30 000 -999 -999 -999 -999 -999 -999
IBTr 07E KEONI     930814 0600 126N 1584W -99 -99 0000 1010 0000 30 000 -999 -999 -999 -999 -999 -999
IBTr 07E KEONI     930814 1200 129N 1597W -99 -99 0000 1010 0000 30 000 -999 -999 -999 -999 -999 -999
IBTr 07E KEONI     930814 1800 132N 1610W -99 -99 0000 1010 0000 36 000 -999 -999 -999 -999 -999 -999
IBTr 07E KEONI     930815 0000 135N 1625W -99 -99 0000 1010 0000 38 000 -999 -999 -999 -999 -999 -999
IBTr 07E KEONI     930815 0600 137N 1640W -99 -99 0000 1010 0000 41 000 -999 -999 -999 -999 -999 -999
IBTr 07E KEONI     930815 1200 139N 1654W -99 -99 0000 1010 0000 46 000 -999 -999 -999 -999 -999 -999
IBTr 07E KEONI     930815 1800 140N 1667W -99 -99 0000 1010 0000 46 000 -999 -999 -999 -999 -999 -999
IBTr 07E KEONI     930816 0000 141N 1681W -99 -99 0000 1010 0000 48 000 -999 -999 -999 -999 -999 -999
IBTr 07E KEONI     930816 0600 144N 1694W -99 -99 0000 1010 0000 54 000 -999 -999 -999 -999 -999 -999
IBTr 07E KEONI     930816 1200 147N 1706W -99 -99 0000 1010 0000 59 000 -999 -999 -999 -999 -999 -999
IBTr 07E KEONI     930816 1800 151N 1713W -99 -99 0000 1010 0000 59 000 -999 -999 -999 -999 -999 -999
IBTr 07E KEONI     930817 0000 155N 1720W -99 -99 0000 1010 0000 59 000 -999 -999 -999 -999 -999 -999
IBTr 07E KEONI     930817 0600 160N 1727W -99 -99 0000 1010 0000 59 000 -999 -999 -999 -999 -999 -999
IBTr 07E KEONI     930817 1200 165N 1734W -99 -99 0000 1010 0000 51 000 -999 -999 -999 -999 -999 -999
IBTr 07E KEONI     930817 1800 170N 1740W -99 -99 0000 1010 0000 48 000 -999 -999 -999 -999 -999 -999
IBTr 07E KEONI     930818 0000 173N 1745W -99 -99 0000 1010 0000 46 000 -999 -999 -999 -999 -999 -999
IBTr 07E KEONI     930818 0600 177N 1750W -99 -99 0000 1010 0000 43 000 -999 -999 -999 -999 -999 -999
IBTr 07E KEONI     930818 1200 181N 1756W -99 -99 0000 1010 0000 41 000 -999 -999 -999 -999 -999 -999
IBTr 07E KEONI     930818 1800 187N 1762W -99 -99 0000 1010 0000 38 000 -999 -999 -999 -999 -999 -999
IBTr 07E KEONI     930819 0000 193N 1770W -99 -99 0000 1010 0000 36 000 -999 -999 -999 -999 -999 -999
IBTr 07E KEONI     930819 0600 198N 1779W -99 -99 0000 1010 0000 36 000 -999 -999 -999 -999 -999 -999
IBTr 07E KEONI     930819 1200 200N 1788W -99 -99 0000 1010 0000 33 000 -999 -999 -999 -999 -999 -999
IBTr 07E KEONI     930819 1800 201N 1799W -99 -99 0975 1010 0130 30 013 -999 -999 -999 -999 -999 -999
