IBTr 07P LIN       930129 0000 110S 1781E -99 -99 -999 1010 0000 -9 000 -999 -999 -999 -999 -999 -999
IBTr 07P LIN       930129 0600 110S 1790E -99 -99 -999 1010 0000 -9 000 -999 -999 -999 -999 -999 -999
IBTr 07P LIN       930129 1200 111S 1800E -99 -99 -999 1010 0000 -9 000 -999 -999 -999 -999 -999 -999
IBTr 07P LIN       930129 1800 112S 1790W -99 -99 -999 1010 0000 -9 000 -999 -999 -999 -999 -999 -999
IBTr 07P LIN       930130 0000 113S 1780W -99 -99 -999 1010 0000 -9 000 -999 -999 -999 -999 -999 -999
IBTr 07P LIN       930130 0600 114S 1769W -99 -99 -999 1010 0000 -9 000 -999 -999 -999 -999 -999 -999
IBTr 07P LIN       930130 1200 117S 1759W -99 -99 -999 1010 0000 -9 000 -999 -999 -999 -999 -999 -999
IBTr 07P LIN       930130 1800 121S 1748W -99 -99 -999 1010 0000 -9 000 -999 -999 -999 -999 -999 -999
IBTr 07P LIN       930131 0000 125S 1738W -99 -99 -999 1010 0000 -9 000 -999 -999 -999 -999 -999 -999
IBTr 07P LIN       930131 0600 132S 1730W -99 -99 -999 1010 0000 -9 000 -999 -999 -999 -999 -999 -999
IBTr 07P LIN       930131 1200 138S 1721W -99 -99 -999 1010 0000 -9 000 -999 -999 -999 -999 -999 -999
IBTr 07P LIN       930131 1800 146S 1712W -99 -99 -999 1010 0000 -9 000 -999 -999 -999 -999 -999 -999
IBTr 07P LIN       930201 0000 155S 1705W -99 -99 -999 1010 0000 -9 000 -999 -999 -999 -999 -999 -999
IBTr 07P LIN       930201 0600 165S 1700W -99 -99 -999 1010 0000 -9 000 -999 -999 -999 -999 -999 -999
IBTr 07P LIN       930201 1200 175S 1693W -99 -99 -999 1010 0000 -9 000 -999 -999 -999 -999 -999 -999
IBTr 07P LIN       930201 1800 183S 1686W -99 -99 -999 1010 0000 -9 000 -999 -999 -999 -999 -999 -999
IBTr 07P LIN       930202 0000 192S 1679W -99 -99 -999 1010 0000 -9 000 -999 -999 -999 -999 -999 -999
IBTr 07P LIN       930202 0600 199S 1673W -99 -99 -999 1010 0000 -9 000 -999 -999 -999 -999 -999 -999
IBTr 07P LIN       930202 1200 205S 1667W -99 -99 -999 1010 0000 -9 000 -999 -999 -999 -999 -999 -999
IBTr 07P LIN       930202 1800 210S 1661W -99 -99 -999 1010 0000 -9 000 -999 -999 -999 -999 -999 -999
IBTr 07P LIN       930203 0000 214S 1656W -99 -99 -999 1010 0000 -9 000 -999 -999 -999 -999 -999 -999
IBTr 07P LIN       930203 0600 218S 1654W -99 -99 -999 1010 0000 -9 000 -999 -999 -999 -999 -999 -999
IBTr 07P LIN       930203 1200 223S 1654W -99 -99 -999 1010 0000 -9 000 -999 -999 -999 -999 -999 -999
IBTr 07P LIN       930203 1800 227S 1656W -99 -99 -999 1010 0000 -9 000 -999 -999 -999 -999 -999 -999
IBTr 07P LIN       930204 0000 232S 1659W -99 -99 -999 1010 0000 -9 000 -999 -999 -999 -999 -999 -999
IBTr 07P LIN       930204 0600 240S 1663W -99 -99 -999 1010 0000 -9 000 -999 -999 -999 -999 -999 -999
IBTr 07P LIN       930204 1200 248S 1664W -99 -99 -999 1010 0000 -9 000 -999 -999 -999 -999 -999 -999
IBTr 07P LIN       930204 1800 260S 1668W -99 -99 0995 1010 0110 18 011 -999 -999 -999 -999 -999 -999
IBTr 07P LIN       930205 0000 275S 1675W -99 -99 0997 1010 0110 15 011 -999 -999 -999 -999 -999 -999
