IBTr 04L CINDY     930814 1200 141N 0595W -99 -99 1012 1012 0080 15 008 -999 -999 -999 -999 -999 -999
IBTr 04L CINDY     930814 1800 145N 0609W -99 -99 1012 1012 0080 18 008 -999 -999 -999 -999 -999 -999
IBTr 04L CINDY     930815 0000 149N 0622W -99 -99 1011 1011 0080 18 008 -999 -999 -999 -999 -999 -999
IBTr 04L CINDY     930815 0600 152N 0635W -99 -99 1011 1011 0080 18 008 -999 -999 -999 -999 -999 -999
IBTr 04L CINDY     930815 1200 154N 0648W -99 -99 1013 1013 0080 18 008 -999 -999 -999 -999 -999 -999
IBTr 04L CINDY     930815 1800 158N 0660W -99 -99 1012 1012 0080 18 008 -999 -999 -999 -999 -999 -999
IBTr 04L CINDY     930816 0000 164N 0669W -99 -99 1010 1010 0080 18 008 -999 -999 -999 -999 -999 -999
IBTr 04L CINDY     930816 0600 170N 0680W -99 -99 1008 1010 0090 18 009 -999 -999 -999 -999 -999 -999
IBTr 04L CINDY     930816 1200 173N 0693W -99 -99 1007 1010 0090 20 009 -999 -999 -999 -999 -999 -999
IBTr 04L CINDY     930816 1800 179N 0706W -99 -99 1008 1010 0090 18 009 -999 -999 -999 -999 -999 -999
IBTr 04L CINDY     930816 2100 183N 0710W -99 -99 1009 1010 0080 15 008 -999 -999 -999 -999 -999 -999
IBTr 04L CINDY     930817 0000 188N 0713W -99 -99 1010 1010 0080 15 008 -999 -999 -999 -999 -999 -999
