IBTr 15P ADEL      930511 0600 42S  1581E -99 -99 -999 1010 0000 -9 000 -999 -999 -999 -999 -999 -999
IBTr 15P ADEL      930511 1200 44S  1578E -99 -99 -999 1010 0000 -9 000 -999 -999 -999 -999 -999 -999
IBTr 15P ADEL      930511 1800 46S  1575E -99 -99 -999 1010 0000 -9 000 -999 -999 -999 -999 -999 -999
IBTr 15P ADEL      930512 0000 48S  1572E -99 -99 -999 1010 0000 -9 000 -999 -999 -999 -999 -999 -999
IBTr 15P ADEL      930512 0600 50S  1569E -99 -99 -999 1010 0000 -9 000 -999 -999 -999 -999 -999 -999
IBTr 15P ADEL      930512 1200 53S  1566E -99 -99 -999 1010 0000 -9 000 -999 -999 -999 -999 -999 -999
IBTr 15P ADEL      930512 1800 55S  1563E -99 -99 -999 1010 0000 -9 000 -999 -999 -999 -999 -999 -999
IBTr 15P ADEL      930513 0000 58S  1560E -99 -99 -999 1010 0000 -9 000 -999 -999 -999 -999 -999 -999
IBTr 15P ADEL      930513 0600 62S  1555E -99 -99 1001 1010 0090 -9 009 -999 -999 -999 -999 -999 -999
IBTr 15P ADEL      930513 1200 68S  1548E -99 -99 0995 1010 0100 -9 010 -999 -999 -999 -999 -999 -999
IBTr 15P ADEL      930513 1800 77S  1539E -99 -99 0990 1010 0110 -9 011 -999 -999 -999 -999 -999 -999
IBTr 15P ADEL      930514 0000 84S  1528E -99 -99 0985 1010 0110 -9 011 -999 -999 -999 -999 -999 -999
IBTr 15P ADEL      930514 0600 88S  1516E -99 -99 0980 1010 0120 -9 012 -999 -999 -999 -999 -999 -999
IBTr 15P ADEL      930514 1200 91S  1507E -99 -99 0975 1010 0120 -9 012 -999 -999 -999 -999 -999 -999
IBTr 15P ADEL      930514 1800 95S  1500E -99 -99 0970 1010 0130 -9 013 -999 -999 -999 -999 -999 -999
IBTr 15P ADEL      930515 0000 98S  1494E -99 -99 0985 1010 0120 -9 012 -999 -999 -999 -999 -999 -999
IBTr 15P ADEL      930515 0600 101S 1489E -99 -99 -999 1010 0000 -9 000 -999 -999 -999 -999 -999 -999
IBTr 15P ADEL      930515 1200 104S 1483E -99 -99 -999 1010 0000 -9 000 -999 -999 -999 -999 -999 -999
IBTr 15P ADEL      930515 1800 104S 1471E -99 -99 -999 1010 0000 -9 000 -999 -999 -999 -999 -999 -999
IBTr 15P ADEL      930516 0000 99S  1456E -99 -99 -999 1010 0000 -9 000 -999 -999 -999 -999 -999 -999
IBTr 15P ADEL      930516 0600 90S  1438E -99 -99 -999 1010 0000 -9 000 -999 -999 -999 -999 -999 -999
IBTr 15P ADEL      930516 1200 79S  1426E -99 -99 -999 1010 0000 -9 000 -999 -999 -999 -999 -999 -999
