IBTr 16E MAX       930930 0000 105N 1146W -99 -99 1008 1010 0080 15 008 -999 -999 -999 -999 -999 -999
IBTr 16E MAX       930930 0600 108N 1148W -99 -99 1007 1010 0080 15 008 -999 -999 -999 -999 -999 -999
IBTr 16E MAX       930930 1200 112N 1149W -99 -99 1004 1010 0090 18 009 -999 -999 -999 -999 -999 -999
IBTr 16E MAX       930930 1800 113N 1151W -99 -99 1004 1010 0090 18 009 -999 -999 -999 -999 -999 -999
IBTr 16E MAX       931001 0000 114N 1154W -99 -99 1008 1010 0080 15 008 -999 -999 -999 -999 -999 -999
IBTr 16E MAX       931001 0600 114N 1157W -99 -99 1009 1010 0080 15 008 -999 -999 -999 -999 -999 -999
IBTr 16E MAX       931001 1200 114N 1160W -99 -99 1008 1010 0080 15 008 -999 -999 -999 -999 -999 -999
IBTr 16E MAX       931001 1800 113N 1164W -99 -99 1004 1010 0090 18 009 -999 -999 -999 -999 -999 -999
IBTr 16E MAX       931002 0000 110N 1167W -99 -99 1000 1010 0100 20 010 -999 -999 -999 -999 -999 -999
IBTr 16E MAX       931002 0600 107N 1170W -99 -99 1001 1010 0090 20 009 -999 -999 -999 -999 -999 -999
IBTr 16E MAX       931002 1200 105N 1170W -99 -99 1002 1010 0090 18 009 -999 -999 -999 -999 -999 -999
IBTr 16E MAX       931002 1800 106N 1170W -99 -99 1003 1010 0090 18 009 -999 -999 -999 -999 -999 -999
IBTr 16E MAX       931003 0000 102N 1169W -99 -99 1004 1010 0090 18 009 -999 -999 -999 -999 -999 -999
IBTr 16E MAX       931003 0600 105N 1166W -99 -99 1004 1010 0090 18 009 -999 -999 -999 -999 -999 -999
IBTr 16E MAX       931003 1200 117N 1170W -99 -99 1005 1010 0090 15 009 -999 -999 -999 -999 -999 -999
IBTr 16E MAX       931003 1800 125N 1168W -99 -99 1007 1010 0090 15 009 -999 -999 -999 -999 -999 -999
IBTr 16E MAX       931004 0000 139N 1167W -99 -99 1008 1010 0080 12 008 -999 -999 -999 -999 -999 -999
