IBTr 16W TASHA     930812 0000 70N  1527E -99 -99 -999 1010 0000 05 000 -999 -999 -999 -999 -999 -999
IBTr 16W TASHA     930812 0600 72N  1513E -99 -99 -999 1010 0000 05 000 -999 -999 -999 -999 -999 -999
IBTr 16W TASHA     930812 1200 75N  1499E -99 -99 -999 1010 0000 07 000 -999 -999 -999 -999 -999 -999
IBTr 16W TASHA     930812 1800 76N  1485E -99 -99 -999 1010 0000 07 000 -999 -999 -999 -999 -999 -999
IBTr 16W TASHA     930813 0000 78N  1471E -99 -99 -999 1010 0000 07 000 -999 -999 -999 -999 -999 -999
IBTr 16W TASHA     930813 0600 80N  1456E -99 -99 -999 1010 0000 10 000 -999 -999 -999 -999 -999 -999
IBTr 16W TASHA     930813 1200 81N  1441E -99 -99 -999 1010 0000 10 000 -999 -999 -999 -999 -999 -999
IBTr 16W TASHA     930813 1800 81N  1424E -99 -99 1008 1010 0080 10 008 -999 -999 -999 -999 -999 -999
IBTr 16W TASHA     930814 0000 86N  1407E -99 -99 1008 1010 0080 10 008 -999 -999 -999 -999 -999 -999
IBTr 16W TASHA     930814 0600 88N  1388E -99 -99 1008 1010 0080 10 008 -999 -999 -999 -999 -999 -999
IBTr 16W TASHA     930814 1200 87N  1367E -99 -99 1008 1010 0080 10 008 -999 -999 -999 -999 -999 -999
IBTr 16W TASHA     930814 1800 88N  1345E -99 -99 1008 1010 0080 10 008 -999 -999 -999 -999 -999 -999
IBTr 16W TASHA     930815 0000 94N  1325E -99 -99 1008 1010 0080 12 008 -999 -999 -999 -999 -999 -999
IBTr 16W TASHA     930815 0600 106N 1309E -99 -99 1008 1010 0080 12 008 -999 -999 -999 -999 -999 -999
IBTr 16W TASHA     930815 1200 123N 1297E -99 -99 1008 1010 0080 12 008 -999 -999 -999 -999 -999 -999
IBTr 16W TASHA     930815 1800 136N 1289E -99 -99 1008 1010 0080 12 008 -999 -999 -999 -999 -999 -999
IBTr 16W TASHA     930816 0000 148N 1283E -99 -99 1008 1010 0080 15 008 -999 -999 -999 -999 -999 -999
IBTr 16W TASHA     930816 0600 155N 1275E -99 -99 1008 1010 0080 15 008 -999 -999 -999 -999 -999 -999
IBTr 16W TASHA     930816 1200 162N 1267E -99 -99 1004 1010 0090 18 009 -999 -999 -999 -999 -999 -999
IBTr 16W TASHA     930816 1800 168N 1259E -99 -99 1000 1010 0100 18 010 -999 -999 -999 -999 -999 -999
IBTr 16W TASHA     930817 0000 174N 1252E -99 -99 0998 1010 0100 18 010 -999 -999 -999 -999 -999 -999
IBTr 16W TASHA     930817 0600 181N 1244E -99 -99 0996 1010 0100 18 010 -999 -999 -999 -999 -999 -999
IBTr 16W TASHA     930817 1200 185N 1235E -99 -99 0994 1010 0110 20 011 -999 -999 -999 -999 -999 -999
IBTr 16W TASHA     930817 1800 189N 1225E -99 -99 0990 1010 0110 23 011 -999 -999 -999 -999 -999 -999
IBTr 16W TASHA     930818 0000 191N 1214E -99 -99 0990 1010 0110 23 011 -999 -999 -999 -999 -999 -999
IBTr 16W TASHA     930818 0600 194N 1201E -99 -99 0990 1010 0110 23 011 -999 -999 -999 -999 -999 -999
IBTr 16W TASHA     930818 1200 197N 1189E -99 -99 0985 1010 0120 25 012 -999 -999 -999 -999 -999 -999
IBTr 16W TASHA     930818 1800 198N 1179E -99 -99 0985 1010 0120 25 012 -999 -999 -999 -999 -999 -999
IBTr 16W TASHA     930819 0000 197N 1169E -99 -99 0985 1010 0120 25 012 -999 -999 -999 -999 -999 -999
IBTr 16W TASHA     930819 0600 196N 1160E -99 -99 0980 1010 0130 28 013 -999 -999 -999 -999 -999 -999
IBTr 16W TASHA     930819 1200 196N 1151E -99 -99 0980 1010 0130 28 013 -999 -999 -999 -999 -999 -999
IBTr 16W TASHA     930819 1800 197N 1145E -99 -99 0980 1010 0130 28 013 -999 -999 -999 -999 -999 -999
IBTr 16W TASHA     930820 0000 200N 1139E -99 -99 0980 1010 0130 28 013 -999 -999 -999 -999 -999 -999
IBTr 16W TASHA     930820 0600 205N 1133E -99 -99 0975 1010 0130 30 013 -999 -999 -999 -999 -999 -999
IBTr 16W TASHA     930820 1200 208N 1126E -99 -99 0970 1010 0130 33 013 -999 -999 -999 -999 -999 -999
IBTr 16W TASHA     930820 1800 212N 1119E -99 -99 0970 1010 0130 33 013 -999 -999 -999 -999 -999 -999
IBTr 16W TASHA     930821 0000 217N 1110E -99 -99 0970 1010 0130 33 013 -999 -999 -999 -999 -999 -999
IBTr 16W TASHA     930821 0600 220N 1101E -99 -99 0980 1010 0130 28 013 -999 -999 -999 -999 -999 -999
IBTr 16W TASHA     930821 1200 227N 1092E -99 -99 0985 1010 0120 25 012 -999 -999 -999 -999 -999 -999
IBTr 16W TASHA     930821 1800 235N 1083E -99 -99 0990 1010 0120 23 012 -999 -999 -999 -999 -999 -999
IBTr 16W TASHA     930822 0000 240N 1073E -99 -99 0996 1010 0110 18 011 -999 -999 -999 -999 -999 -999
IBTr 16W TASHA     930822 0600 242N 1061E -99 -99 0998 1010 0100 12 010 -999 -999 -999 -999 -999 -999
IBTr 16W TASHA     930822 1200 240N 1065E -99 -99 1000 1010 0100 -9 010 -999 -999 -999 -999 -999 -999
