IBTr 14S IONIA     930302 0600 142S 0418E -99 -99 1000 1010 0100 11 010 -999 -999 -999 -999 -999 -999
IBTr 14S IONIA     930302 1200 148S 0414E -99 -99 0997 1010 0100 13 010 -999 -999 -999 -999 -999 -999
IBTr 14S IONIA     930302 1800 150S 0411E -99 -99 0998 1010 0100 13 010 -999 -999 -999 -999 -999 -999
IBTr 14S IONIA     930303 0000 154S 0414E -99 -99 1000 1010 0100 13 010 -999 -999 -999 -999 -999 -999
IBTr 14S IONIA     930303 0600 162S 0422E -99 -99 0999 1010 0100 13 010 -999 -999 -999 -999 -999 -999
IBTr 14S IONIA     930303 1200 171S 0434E -99 -99 0997 1010 0100 15 010 -999 -999 -999 -999 -999 -999
IBTr 14S IONIA     930303 1800 168S 0440E -99 -99 0995 1010 0110 17 011 -999 -999 -999 -999 -999 -999
IBTr 14S IONIA     930304 0000 175S 0440E -99 -99 0993 1010 0110 17 011 -999 -999 -999 -999 -999 -999
IBTr 14S IONIA     930304 0600 185S 0441E -99 -99 0995 1010 0110 17 011 -999 -999 -999 -999 -999 -999
IBTr 14S IONIA     930304 1200 196S 0446E -99 -99 0998 1010 0100 15 010 -999 -999 -999 -999 -999 -999
IBTr 14S IONIA     930304 1800 204S 0452E -99 -99 0000 1010 0000 -9 000 -999 -999 -999 -999 -999 -999
IBTr 14S IONIA     930305 0000 208S 0460E -99 -99 0000 1010 0000 -9 000 -999 -999 -999 -999 -999 -999
IBTr 14S IONIA     930305 0600 213S 0474E -99 -99 0000 1010 0000 -9 000 -999 -999 -999 -999 -999 -999
IBTr 14S IONIA     930305 1200 224S 0484E -99 -99 1000 1010 0100 10 010 -999 -999 -999 -999 -999 -999
IBTr 14S IONIA     930305 1800 244S 0489E -99 -99 0998 1010 0100 11 010 -999 -999 -999 -999 -999 -999
IBTr 14S IONIA     930306 0000 257S 0494E -99 -99 0996 1010 0110 15 011 -999 -999 -999 -999 -999 -999
IBTr 14S IONIA     930306 0600 267S 0499E -99 -99 0995 1010 0110 16 011 -999 -999 -999 -999 -999 -999
IBTr 14S IONIA     930306 1200 271S 0498E -99 -99 0995 1010 0110 16 011 -999 -999 -999 -999 -999 -999
IBTr 14S IONIA     930306 1800 279S 0502E -99 -99 0995 1010 0110 16 011 -999 -999 -999 -999 -999 -999
IBTr 14S IONIA     930307 0000 289S 0507E -99 -99 0997 1010 0110 15 011 -999 -999 -999 -999 -999 -999
IBTr 14S IONIA     930307 0600 295S 0510E -99 -99 0998 1010 0110 13 011 -999 -999 -999 -999 -999 -999
IBTr 14S IONIA     930307 1200 300S 0519E -99 -99 0000 1010 0000 -9 000 -999 -999 -999 -999 -999 -999
IBTr 14S IONIA     930307 1800 301S 0528E -99 -99 0000 1010 0000 -9 000 -999 -999 -999 -999 -999 -999
IBTr 14S IONIA     930308 0000 301S 0540E -99 -99 0000 1010 0000 -9 000 -999 -999 -999 -999 -999 -999
IBTr 14S IONIA     930308 0600 301S 0553E -99 -99 0000 1010 0000 -9 000 -999 -999 -999 -999 -999 -999
IBTr 14S IONIA     930308 1200 301S 0567E -99 -99 0000 1010 0000 -9 000 -999 -999 -999 -999 -999 -999
IBTr 14S IONIA     930308 1800 300S 0582E -99 -99 0000 1010 0000 -9 000 -999 -999 -999 -999 -999 -999
IBTr 14S IONIA     930309 0000 300S 0598E -99 -99 0000 1010 0000 -9 000 -999 -999 -999 -999 -999 -999
