IBTr 10S FINELLA   930210 0000 160S 0520E -99 -99 -999 1010 0000 -9 000 -999 -999 -999 -999 -999 -999
IBTr 10S FINELLA   930210 0600 165S 0514E -99 -99 -999 1010 0000 -9 000 -999 -999 -999 -999 -999 -999
IBTr 10S FINELLA   930210 1200 171S 0508E -99 -99 -999 1010 0000 -9 000 -999 -999 -999 -999 -999 -999
IBTr 10S FINELLA   930210 1800 176S 0503E -99 -99 -999 1010 0000 -9 000 -999 -999 -999 -999 -999 -999
IBTr 10S FINELLA   930211 0000 182S 0501E -99 -99 -999 1010 0000 -9 000 -999 -999 -999 -999 -999 -999
IBTr 10S FINELLA   930211 0600 187S 0500E -99 -99 -999 1010 0000 -9 000 -999 -999 -999 -999 -999 -999
IBTr 10S FINELLA   930211 1200 192S 0500E -99 -99 -999 1010 0000 -9 000 -999 -999 -999 -999 -999 -999
IBTr 10S FINELLA   930211 1800 198S 0501E -99 -99 -999 1010 0000 -9 000 -999 -999 -999 -999 -999 -999
IBTr 10S FINELLA   930212 0000 203S 0503E -99 -99 -999 1010 0000 -9 000 -999 -999 -999 -999 -999 -999
IBTr 10S FINELLA   930212 0600 206S 0504E -99 -99 1002 1010 0100 10 010 -999 -999 -999 -999 -999 -999
IBTr 10S FINELLA   930212 1200 210S 0505E -99 -99 1002 1010 0100 10 010 -999 -999 -999 -999 -999 -999
IBTr 10S FINELLA   930212 1800 214S 0507E -99 -99 1000 1010 0100 11 010 -999 -999 -999 -999 -999 -999
IBTr 10S FINELLA   930213 0000 221S 0508E -99 -99 0998 1010 0100 13 010 -999 -999 -999 -999 -999 -999
IBTr 10S FINELLA   930213 0600 229S 0512E -99 -99 0996 1010 0110 14 011 -999 -999 -999 -999 -999 -999
IBTr 10S FINELLA   930213 1200 235S 0518E -99 -99 0995 1010 0110 15 011 -999 -999 -999 -999 -999 -999
IBTr 10S FINELLA   930213 1800 245S 0526E -99 -99 0992 1010 0110 18 011 -999 -999 -999 -999 -999 -999
IBTr 10S FINELLA   930214 0000 253S 0537E -99 -99 0988 1010 0120 20 012 -999 -999 -999 -999 -999 -999
IBTr 10S FINELLA   930214 0600 262S 0548E -99 -99 0984 1010 0120 22 012 -999 -999 -999 -999 -999 -999
IBTr 10S FINELLA   930214 1200 272S 0558E -99 -99 0984 1010 0120 22 012 -999 -999 -999 -999 -999 -999
IBTr 10S FINELLA   930214 1800 280S 0567E -99 -99 0990 1010 0120 19 012 -999 -999 -999 -999 -999 -999
IBTr 10S FINELLA   930215 0000 290S 0570E -99 -99 0992 1010 0120 19 012 -999 -999 -999 -999 -999 -999
IBTr 10S FINELLA   930215 0600 299S 0574E -99 -99 0996 1010 0110 14 011 -999 -999 -999 -999 -999 -999
IBTr 10S FINELLA   930215 1200 305S 0580E -99 -99 0000 1010 0000 -9 000 -999 -999 -999 -999 -999 -999
IBTr 10S FINELLA   930215 1800 311S 0587E -99 -99 -999 1010 0000 -9 000 -999 -999 -999 -999 -999 -999
IBTr 10S FINELLA   930216 0000 322S 0595E -99 -99 -999 1010 0000 -9 000 -999 -999 -999 -999 -999 -999
IBTr 10S FINELLA   930216 0600 333S 0603E -99 -99 -999 1010 0000 -9 000 -999 -999 -999 -999 -999 -999
