IBTr 11E HILARY    930817 0600 134N 0949W -99 -99 1009 1010 0080 12 008 -999 -999 -999 -999 -999 -999
IBTr 11E HILARY    930817 1200 133N 0951W -99 -99 1008 1010 0080 15 008 -999 -999 -999 -999 -999 -999
IBTr 11E HILARY    930817 1800 133N 0954W -99 -99 1007 1010 0090 15 009 -999 -999 -999 -999 -999 -999
IBTr 11E HILARY    930818 0000 134N 0957W -99 -99 1006 1010 0090 18 009 -999 -999 -999 -999 -999 -999
IBTr 11E HILARY    930818 0600 135N 0966W -99 -99 1003 1010 0090 20 009 -999 -999 -999 -999 -999 -999
IBTr 11E HILARY    930818 1200 136N 0976W -99 -99 1000 1010 0100 23 010 -999 -999 -999 -999 -999 -999
IBTr 11E HILARY    930818 1800 138N 0988W -99 -99 0996 1010 0100 25 010 -999 -999 -999 -999 -999 -999
IBTr 11E HILARY    930819 0000 140N 1000W -99 -99 0993 1010 0110 28 011 -999 -999 -999 -999 -999 -999
IBTr 11E HILARY    930819 0600 143N 1012W -99 -99 0990 1010 0110 30 011 -999 -999 -999 -999 -999 -999
IBTr 11E HILARY    930819 1200 148N 1022W -99 -99 0987 1010 0120 33 012 -999 -999 -999 -999 -999 -999
IBTr 11E HILARY    930819 1800 153N 1031W -99 -99 0984 1010 0120 36 012 -999 -999 -999 -999 -999 -999
IBTr 11E HILARY    930820 0000 160N 1037W -99 -99 0981 1010 0120 38 012 -999 -999 -999 -999 -999 -999
IBTr 11E HILARY    930820 0600 166N 1045W -99 -99 0978 1010 0130 38 013 -999 -999 -999 -999 -999 -999
IBTr 11E HILARY    930820 1200 173N 1054W -99 -99 0975 1010 0130 41 013 -999 -999 -999 -999 -999 -999
IBTr 11E HILARY    930820 1800 177N 1063W -99 -99 0970 1010 0130 46 013 -999 -999 -999 -999 -999 -999
IBTr 11E HILARY    930821 0000 180N 1069W -99 -99 0965 1010 0130 48 013 -999 -999 -999 -999 -999 -999
IBTr 11E HILARY    930821 0600 183N 1074W -99 -99 0960 1010 0130 51 013 -999 -999 -999 -999 -999 -999
IBTr 11E HILARY    930821 1200 186N 1079W -99 -99 0957 1010 0130 54 013 -999 -999 -999 -999 -999 -999
IBTr 11E HILARY    930821 1800 189N 1086W -99 -99 0957 1010 0140 54 014 -999 -999 -999 -999 -999 -999
IBTr 11E HILARY    930822 0000 194N 1091W -99 -99 0960 1010 0140 51 014 -999 -999 -999 -999 -999 -999
IBTr 11E HILARY    930822 0600 201N 1097W -99 -99 0963 1010 0140 48 014 -999 -999 -999 -999 -999 -999
IBTr 11E HILARY    930822 1200 205N 1105W -99 -99 0973 1010 0130 43 013 -999 -999 -999 -999 -999 -999
IBTr 11E HILARY    930822 1800 200N 1107W -99 -99 0983 1010 0120 36 012 -999 -999 -999 -999 -999 -999
IBTr 11E HILARY    930823 0000 200N 1105W -99 -99 0990 1010 0110 30 011 -999 -999 -999 -999 -999 -999
IBTr 11E HILARY    930823 0600 201N 1107W -99 -99 0995 1010 0110 28 011 -999 -999 -999 -999 -999 -999
IBTr 11E HILARY    930823 1200 206N 1109W -99 -99 0998 1010 0100 25 010 -999 -999 -999 -999 -999 -999
IBTr 11E HILARY    930823 1800 212N 1106W -99 -99 0999 1010 0100 23 010 -999 -999 -999 -999 -999 -999
IBTr 11E HILARY    930824 0000 216N 1108W -99 -99 1000 1010 0100 20 010 -999 -999 -999 -999 -999 -999
IBTr 11E HILARY    930824 0600 220N 1110W -99 -99 1001 1010 0100 18 010 -999 -999 -999 -999 -999 -999
IBTr 11E HILARY    930824 1200 225N 1112W -99 -99 1000 1010 0100 18 010 -999 -999 -999 -999 -999 -999
IBTr 11E HILARY    930824 1800 228N 1115W -99 -99 0998 1010 0100 20 010 -999 -999 -999 -999 -999 -999
IBTr 11E HILARY    930825 0000 233N 1117W -99 -99 0996 1010 0110 23 011 -999 -999 -999 -999 -999 -999
IBTr 11E HILARY    930825 0600 239N 1121W -99 -99 0994 1010 0110 25 011 -999 -999 -999 -999 -999 -999
IBTr 11E HILARY    930825 1200 246N 1123W -99 -99 0993 1010 0110 25 011 -999 -999 -999 -999 -999 -999
IBTr 11E HILARY    930825 1300 248N 1123W -99 -99 0993 1010 0110 25 011 -999 -999 -999 -999 -999 -999
IBTr 11E HILARY    930825 1800 253N 1123W -99 -99 0991 1010 0110 28 011 -999 -999 -999 -999 -999 -999
IBTr 11E HILARY    930826 0000 259N 1122W -99 -99 0995 1010 0110 25 011 -999 -999 -999 -999 -999 -999
IBTr 11E HILARY    930826 0600 269N 1121W -99 -99 1005 1010 0090 18 009 -999 -999 -999 -999 -999 -999
IBTr 11E HILARY    930826 1200 279N 1121W -99 -99 1007 1010 0090 15 009 -999 -999 -999 -999 -999 -999
IBTr 11E HILARY    930826 1800 291N 1122W -99 -99 1008 1010 0090 15 009 -999 -999 -999 -999 -999 -999
IBTr 11E HILARY    930827 0000 297N 1125W -99 -99 1009 1010 0090 12 009 -999 -999 -999 -999 -999 -999
IBTr 11E HILARY    930827 0600 307N 1128W -99 -99 1011 1011 0090 10 009 -999 -999 -999 -999 -999 -999
