IBTr 16S MONTY     930406 0000 105S 1010E -99 -99 1006 1010 0090 -9 009 -999 -999 -999 -999 -999 -999
IBTr 16S MONTY     930406 0600 106S 1013E -99 -99 -999 1010 0000 -9 000 -999 -999 -999 -999 -999 -999
IBTr 16S MONTY     930406 1200 107S 1017E -99 -99 -999 1010 0000 -9 000 -999 -999 -999 -999 -999 -999
IBTr 16S MONTY     930406 1800 108S 1021E -99 -99 -999 1010 0000 -9 000 -999 -999 -999 -999 -999 -999
IBTr 16S MONTY     930407 0000 110S 1025E -99 -99 1005 1010 0090 09 009 -999 -999 -999 -999 -999 -999
IBTr 16S MONTY     930407 0600 111S 1028E -99 -99 -999 1010 0000 -9 000 -999 -999 -999 -999 -999 -999
IBTr 16S MONTY     930407 1200 112S 1032E -99 -99 -999 1010 0000 -9 000 -999 -999 -999 -999 -999 -999
IBTr 16S MONTY     930407 1800 113S 1036E -99 -99 -999 1010 0000 -9 000 -999 -999 -999 -999 -999 -999
IBTr 16S MONTY     930408 0000 115S 1040E -99 -99 1005 1010 0090 09 009 -999 -999 -999 -999 -999 -999
IBTr 16S MONTY     930408 0600 116S 1044E -99 -99 -999 1010 0000 -9 000 -999 -999 -999 -999 -999 -999
IBTr 16S MONTY     930408 1200 118S 1049E -99 -99 -999 1010 0000 -9 000 -999 -999 -999 -999 -999 -999
IBTr 16S MONTY     930408 1800 123S 1050E -99 -99 1004 1010 0090 10 009 -999 -999 -999 -999 -999 -999
IBTr 16S MONTY     930408 2100 126S 1054E -99 -99 1003 1010 0090 10 009 -999 -999 -999 -999 -999 -999
IBTr 16S MONTY     930409 0000 128S 1051E -99 -99 1002 1010 0090 11 009 -999 -999 -999 -999 -999 -999
IBTr 16S MONTY     930409 0300 131S 1057E -99 -99 1001 1010 0090 12 009 -999 -999 -999 -999 -999 -999
IBTr 16S MONTY     930409 0600 131S 1053E -99 -99 1000 1010 0100 13 010 -999 -999 -999 -999 -999 -999
IBTr 16S MONTY     930409 0900 135S 1059E -99 -99 0999 1010 0100 14 010 -999 -999 -999 -999 -999 -999
IBTr 16S MONTY     930409 1200 135S 1055E -99 -99 0998 1010 0100 14 010 -999 -999 -999 -999 -999 -999
IBTr 16S MONTY     930409 1500 138S 1060E -99 -99 0997 1010 0100 15 010 -999 -999 -999 -999 -999 -999
IBTr 16S MONTY     930409 1800 140S 1058E -99 -99 0995 1010 0100 18 010 -999 -999 -999 -999 -999 -999
IBTr 16S MONTY     930409 2100 143S 1061E -99 -99 0995 1010 0100 18 010 -999 -999 -999 -999 -999 -999
IBTr 16S MONTY     930410 0000 146S 1060E -99 -99 0995 1010 0100 18 010 -999 -999 -999 -999 -999 -999
IBTr 16S MONTY     930410 0300 150S 1059E -99 -99 0992 1010 0110 20 011 -999 -999 -999 -999 -999 -999
IBTr 16S MONTY     930410 0600 151S 1057E -99 -99 0992 1010 0110 20 011 -999 -999 -999 -999 -999 -999
IBTr 16S MONTY     930410 0900 156S 1055E -99 -99 0992 1010 0110 20 011 -999 -999 -999 -999 -999 -999
IBTr 16S MONTY     930410 1200 156S 1055E -99 -99 0995 1010 0100 18 010 -999 -999 -999 -999 -999 -999
IBTr 16S MONTY     930410 1500 162S 1055E -99 -99 0995 1010 0110 18 011 -999 -999 -999 -999 -999 -999
IBTr 16S MONTY     930410 1800 162S 1055E -99 -99 0995 1010 0110 18 011 -999 -999 -999 -999 -999 -999
IBTr 16S MONTY     930410 2100 167S 1056E -99 -99 0995 1010 0110 18 011 -999 -999 -999 -999 -999 -999
IBTr 16S MONTY     930411 0000 167S 1056E -99 -99 0992 1010 0110 20 011 -999 -999 -999 -999 -999 -999
IBTr 16S MONTY     930411 0300 171S 1056E -99 -99 0992 1010 0110 20 011 -999 -999 -999 -999 -999 -999
IBTr 16S MONTY     930411 0600 174S 1060E -99 -99 0995 1010 0110 18 011 -999 -999 -999 -999 -999 -999
IBTr 16S MONTY     930411 0900 175S 1064E -99 -99 0995 1010 0110 18 011 -999 -999 -999 -999 -999 -999
IBTr 16S MONTY     930411 1200 180S 1068E -99 -99 0995 1010 0110 18 011 -999 -999 -999 -999 -999 -999
IBTr 16S MONTY     930411 1500 181S 1073E -99 -99 0995 1010 0110 18 011 -999 -999 -999 -999 -999 -999
IBTr 16S MONTY     930411 1800 187S 1075E -99 -99 0995 1010 0110 18 011 -999 -999 -999 -999 -999 -999
IBTr 16S MONTY     930411 2100 188S 1079E -99 -99 0995 1010 0110 18 011 -999 -999 -999 -999 -999 -999
IBTr 16S MONTY     930412 0000 190S 1081E -99 -99 0995 1010 0110 18 011 -999 -999 -999 -999 -999 -999
IBTr 16S MONTY     930412 0300 193S 1083E -99 -99 0995 1010 0110 18 011 -999 -999 -999 -999 -999 -999
IBTr 16S MONTY     930412 0600 193S 1084E -99 -99 0995 1010 0110 18 011 -999 -999 -999 -999 -999 -999
IBTr 16S MONTY     930412 0900 194S 1085E -99 -99 0997 1010 0100 15 010 -999 -999 -999 -999 -999 -999
IBTr 16S MONTY     930412 1200 193S 1083E -99 -99 0997 1010 0100 15 010 -999 -999 -999 -999 -999 -999
IBTr 16S MONTY     930412 1500 190S 1082E -99 -99 0998 1010 0100 14 010 -999 -999 -999 -999 -999 -999
IBTr 16S MONTY     930412 1800 193S 1080E -99 -99 0998 1010 0100 14 010 -999 -999 -999 -999 -999 -999
IBTr 16S MONTY     930412 2100 190S 1078E -99 -99 0999 1010 0100 14 010 -999 -999 -999 -999 -999 -999
IBTr 16S MONTY     930413 0000 195S 1076E -99 -99 0999 1010 0100 14 010 -999 -999 -999 -999 -999 -999
IBTr 16S MONTY     930413 0300 193S 1076E -99 -99 1000 1010 0100 13 010 -999 -999 -999 -999 -999 -999
IBTr 16S MONTY     930413 0600 197S 1073E -99 -99 1002 1010 0100 11 010 -999 -999 -999 -999 -999 -999
IBTr 16S MONTY     930413 1200 202S 1071E -99 -99 -999 1010 0000 -9 000 -999 -999 -999 -999 -999 -999
IBTr 16S MONTY     930413 1800 206S 1070E -99 -99 -999 1010 0000 -9 000 -999 -999 -999 -999 -999 -999
IBTr 16S MONTY     930414 0000 210S 1070E -99 -99 -999 1010 0000 -9 000 -999 -999 -999 -999 -999 -999
IBTr 16S MONTY     930414 0600 214S 1070E -99 -99 -999 1010 0000 -9 000 -999 -999 -999 -999 -999 -999
IBTr 16S MONTY     930414 1200 218S 1071E -99 -99 -999 1010 0000 -9 000 -999 -999 -999 -999 -999 -999
IBTr 16S MONTY     930414 1800 224S 1073E -99 -99 -999 1010 0000 -9 000 -999 -999 -999 -999 -999 -999
IBTr 16S MONTY     930415 0000 229S 1076E -99 -99 -999 1010 0000 -9 000 -999 -999 -999 -999 -999 -999
