IBTr 13S HUTELLE   930227 1800 196S 0518E -99 -99 1003 1010 0090 10 009 -999 -999 -999 -999 -999 -999
IBTr 13S HUTELLE   930228 0000 194S 0516E -99 -99 1002 1010 0100 10 010 -999 -999 -999 -999 -999 -999
IBTr 13S HUTELLE   930228 0600 196S 0509E -99 -99 1002 1010 0100 10 010 -999 -999 -999 -999 -999 -999
IBTr 13S HUTELLE   930228 1200 202S 0500E -99 -99 1002 1010 0100 10 010 -999 -999 -999 -999 -999 -999
IBTr 13S HUTELLE   930228 1800 200S 0497E -99 -99 1001 1010 0100 10 010 -999 -999 -999 -999 -999 -999
IBTr 13S HUTELLE   930301 0000 197S 0496E -99 -99 1000 1010 0100 11 010 -999 -999 -999 -999 -999 -999
IBTr 13S HUTELLE   930301 0600 195S 0492E -99 -99 1000 1010 0100 11 010 -999 -999 -999 -999 -999 -999
IBTr 13S HUTELLE   930301 1200 196S 0491E -99 -99 0998 1010 0100 13 010 -999 -999 -999 -999 -999 -999
IBTr 13S HUTELLE   930301 1800 195S 0489E -99 -99 0998 1010 0100 13 010 -999 -999 -999 -999 -999 -999
IBTr 13S HUTELLE   930302 0000 191S 0486E -99 -99 0000 1010 0000 -9 000 -999 -999 -999 -999 -999 -999
