IBTr 15W STEVE     930803 0000 80N  1543E -99 -99 -999 1010 0000 05 000 -999 -999 -999 -999 -999 -999
IBTr 15W STEVE     930803 0600 84N  1543E -99 -99 -999 1010 0000 05 000 -999 -999 -999 -999 -999 -999
IBTr 15W STEVE     930803 1200 87N  1545E -99 -99 -999 1010 0000 05 000 -999 -999 -999 -999 -999 -999
IBTr 15W STEVE     930803 1800 90N  1547E -99 -99 -999 1010 0000 05 000 -999 -999 -999 -999 -999 -999
IBTr 15W STEVE     930804 0000 94N  1549E -99 -99 -999 1010 0000 07 000 -999 -999 -999 -999 -999 -999
IBTr 15W STEVE     930804 0600 99N  1550E -99 -99 -999 1010 0000 07 000 -999 -999 -999 -999 -999 -999
IBTr 15W STEVE     930804 1200 104N 1549E -99 -99 -999 1010 0000 07 000 -999 -999 -999 -999 -999 -999
IBTr 15W STEVE     930804 1800 108N 1545E -99 -99 -999 1010 0000 07 000 -999 -999 -999 -999 -999 -999
IBTr 15W STEVE     930805 0000 112N 1541E -99 -99 -999 1010 0000 07 000 -999 -999 -999 -999 -999 -999
IBTr 15W STEVE     930805 0600 116N 1536E -99 -99 -999 1010 0000 10 000 -999 -999 -999 -999 -999 -999
IBTr 15W STEVE     930805 1200 119N 1530E -99 -99 -999 1010 0000 12 000 -999 -999 -999 -999 -999 -999
IBTr 15W STEVE     930805 1800 123N 1525E -99 -99 1008 1010 0080 12 008 -999 -999 -999 -999 -999 -999
IBTr 15W STEVE     930806 0000 127N 1520E -99 -99 1008 1010 0080 12 008 -999 -999 -999 -999 -999 -999
IBTr 15W STEVE     930806 0600 132N 1513E -99 -99 1006 1010 0090 12 009 -999 -999 -999 -999 -999 -999
IBTr 15W STEVE     930806 1200 137N 1505E -99 -99 1006 1010 0090 15 009 -999 -999 -999 -999 -999 -999
IBTr 15W STEVE     930806 1800 140N 1497E -99 -99 1006 1010 0090 15 009 -999 -999 -999 -999 -999 -999
IBTr 15W STEVE     930807 0000 143N 1490E -99 -99 1004 1010 0090 18 009 -999 -999 -999 -999 -999 -999
IBTr 15W STEVE     930807 0600 147N 1482E -99 -99 1002 1010 0090 20 009 -999 -999 -999 -999 -999 -999
IBTr 15W STEVE     930807 1200 151N 1474E -99 -99 1000 1010 0100 20 010 -999 -999 -999 -999 -999 -999
IBTr 15W STEVE     930807 1800 154N 1464E -99 -99 1000 1010 0100 23 010 -999 -999 -999 -999 -999 -999
IBTr 15W STEVE     930808 0000 155N 1456E -99 -99 0996 1010 0100 18 010 -999 -999 -999 -999 -999 -999
IBTr 15W STEVE     930808 0600 155N 1447E -99 -99 0992 1010 0110 20 011 -999 -999 -999 -999 -999 -999
IBTr 15W STEVE     930808 1200 155N 1438E -99 -99 0990 1010 0110 23 011 -999 -999 -999 -999 -999 -999
IBTr 15W STEVE     930808 1800 155N 1428E -99 -99 0990 1010 0110 23 011 -999 -999 -999 -999 -999 -999
IBTr 15W STEVE     930809 0000 157N 1419E -99 -99 0985 1010 0120 25 012 -999 -999 -999 -999 -999 -999
IBTr 15W STEVE     930809 0600 160N 1410E -99 -99 0985 1010 0120 25 012 -999 -999 -999 -999 -999 -999
IBTr 15W STEVE     930809 1200 162N 1401E -99 -99 0985 1010 0120 25 012 -999 -999 -999 -999 -999 -999
IBTr 15W STEVE     930809 1800 163N 1393E -99 -99 0985 1010 0120 25 012 -999 -999 -999 -999 -999 -999
IBTr 15W STEVE     930810 0000 164N 1386E -99 -99 0980 1010 0120 28 012 -999 -999 -999 -999 -999 -999
IBTr 15W STEVE     930810 0600 168N 1377E -99 -99 0980 1010 0120 28 012 -999 -999 -999 -999 -999 -999
IBTr 15W STEVE     930810 1200 171N 1369E -99 -99 0980 1010 0120 28 012 -999 -999 -999 -999 -999 -999
IBTr 15W STEVE     930810 1800 175N 1361E -99 -99 0980 1010 0120 28 012 -999 -999 -999 -999 -999 -999
IBTr 15W STEVE     930811 0000 180N 1354E -99 -99 0985 1010 0120 25 012 -999 -999 -999 -999 -999 -999
IBTr 15W STEVE     930811 0600 187N 1347E -99 -99 0985 1010 0120 25 012 -999 -999 -999 -999 -999 -999
IBTr 15W STEVE     930811 1200 195N 1340E -99 -99 0990 1010 0110 20 011 -999 -999 -999 -999 -999 -999
IBTr 15W STEVE     930811 1800 204N 1333E -99 -99 0994 1010 0110 20 011 -999 -999 -999 -999 -999 -999
IBTr 15W STEVE     930812 0000 212N 1325E -99 -99 0998 1010 0100 20 010 -999 -999 -999 -999 -999 -999
IBTr 15W STEVE     930812 0600 222N 1315E -99 -99 1002 1010 0100 15 010 -999 -999 -999 -999 -999 -999
IBTr 15W STEVE     930812 1200 230N 1305E -99 -99 1004 1010 0090 12 009 -999 -999 -999 -999 -999 -999
IBTr 15W STEVE     930812 1800 238N 1295E -99 -99 1004 1010 0090 12 009 -999 -999 -999 -999 -999 -999
IBTr 15W STEVE     930813 0000 244N 1283E -99 -99 1004 1010 0090 10 009 -999 -999 -999 -999 -999 -999
IBTr 15W STEVE     930813 0600 249N 1273E -99 -99 1004 1010 0090 10 009 -999 -999 -999 -999 -999 -999
IBTr 15W STEVE     930813 1200 252N 1264E -99 -99 1006 1010 0090 10 009 -999 -999 -999 -999 -999 -999
IBTr 15W STEVE     930813 1800 254N 1257E -99 -99 1006 1010 0090 07 009 -999 -999 -999 -999 -999 -999
IBTr 15W STEVE     930814 0000 254N 1250E -99 -99 1006 1010 0090 07 009 -999 -999 -999 -999 -999 -999
