IBTr 10W MARIAN    930711 1200 81N  1439E -99 -99 -999 1010 0000 07 000 -999 -999 -999 -999 -999 -999
IBTr 10W MARIAN    930711 1800 81N  1430E -99 -99 -999 1010 0000 07 000 -999 -999 -999 -999 -999 -999
IBTr 10W MARIAN    930712 0000 81N  1421E -99 -99 -999 1010 0000 07 000 -999 -999 -999 -999 -999 -999
IBTr 10W MARIAN    930712 0600 81N  1413E -99 -99 -999 1010 0000 10 000 -999 -999 -999 -999 -999 -999
IBTr 10W MARIAN    930712 1200 80N  1405E -99 -99 -999 1010 0000 10 000 -999 -999 -999 -999 -999 -999
IBTr 10W MARIAN    930712 1800 79N  1397E -99 -99 -999 1010 0000 10 000 -999 -999 -999 -999 -999 -999
IBTr 10W MARIAN    930713 0000 80N  1389E -99 -99 -999 1010 0000 10 000 -999 -999 -999 -999 -999 -999
IBTr 10W MARIAN    930713 0600 81N  1381E -99 -99 -999 1010 0000 10 000 -999 -999 -999 -999 -999 -999
IBTr 10W MARIAN    930713 1200 83N  1373E -99 -99 -999 1010 0000 12 000 -999 -999 -999 -999 -999 -999
IBTr 10W MARIAN    930713 1800 87N  1359E -99 -99 -999 1010 0000 15 000 -999 -999 -999 -999 -999 -999
IBTr 10W MARIAN    930714 0000 95N  1343E -99 -99 -999 1010 0000 18 000 -999 -999 -999 -999 -999 -999
IBTr 10W MARIAN    930714 0600 104N 1330E -99 -99 -999 1010 0000 18 000 -999 -999 -999 -999 -999 -999
IBTr 10W MARIAN    930714 1200 113N 1318E -99 -99 -999 1010 0000 20 000 -999 -999 -999 -999 -999 -999
IBTr 10W MARIAN    930714 1800 124N 1307E -99 -99 -999 1010 0000 23 000 -999 -999 -999 -999 -999 -999
IBTr 10W MARIAN    930715 0000 134N 1297E -99 -99 -999 1010 0000 23 000 -999 -999 -999 -999 -999 -999
IBTr 10W MARIAN    930715 0600 142N 1286E -99 -99 -999 1010 0000 20 000 -999 -999 -999 -999 -999 -999
IBTr 10W MARIAN    930715 1200 147N 1276E -99 -99 -999 1010 0000 18 000 -999 -999 -999 -999 -999 -999
IBTr 10W MARIAN    930715 1800 154N 1265E -99 -99 -999 1010 0000 15 000 -999 -999 -999 -999 -999 -999
IBTr 10W MARIAN    930716 0000 159N 1254E -99 -99 -999 1010 0000 15 000 -999 -999 -999 -999 -999 -999
IBTr 10W MARIAN    930716 0600 166N 1244E -99 -99 -999 1010 0000 15 000 -999 -999 -999 -999 -999 -999
IBTr 10W MARIAN    930716 1200 173N 1238E -99 -99 -999 1010 0000 12 000 -999 -999 -999 -999 -999 -999
IBTr 10W MARIAN    930716 1800 179N 1231E -99 -99 -999 1010 0000 12 000 -999 -999 -999 -999 -999 -999
IBTr 10W MARIAN    930717 0000 188N 1225E -99 -99 -999 1010 0000 12 000 -999 -999 -999 -999 -999 -999
IBTr 10W MARIAN    930717 0600 201N 1236E -99 -99 -999 1010 0000 10 000 -999 -999 -999 -999 -999 -999
