IBTr 18W WINONA    930819 0600 90N  1340E -99 -99 -999 1010 0000 10 000 -999 -999 -999 -999 -999 -999
IBTr 18W WINONA    930819 1200 91N  1331E -99 -99 -999 1010 0000 10 000 -999 -999 -999 -999 -999 -999
IBTr 18W WINONA    930819 1800 92N  1323E -99 -99 -999 1010 0000 10 000 -999 -999 -999 -999 -999 -999
IBTr 18W WINONA    930820 0000 93N  1316E -99 -99 -999 1010 0000 10 000 -999 -999 -999 -999 -999 -999
IBTr 18W WINONA    930820 0600 94N  1309E -99 -99 -999 1010 0000 10 000 -999 -999 -999 -999 -999 -999
IBTr 18W WINONA    930820 1200 95N  1302E -99 -99 -999 1010 0000 10 000 -999 -999 -999 -999 -999 -999
IBTr 18W WINONA    930820 1800 96N  1297E -99 -99 -999 1010 0000 10 000 -999 -999 -999 -999 -999 -999
IBTr 18W WINONA    930821 0000 97N  1289E -99 -99 -999 1010 0000 10 000 -999 -999 -999 -999 -999 -999
IBTr 18W WINONA    930821 0600 99N  1283E -99 -99 -999 1010 0000 12 000 -999 -999 -999 -999 -999 -999
IBTr 18W WINONA    930821 1200 102N 1273E -99 -99 -999 1010 0000 12 000 -999 -999 -999 -999 -999 -999
IBTr 18W WINONA    930821 1800 107N 1261E -99 -99 -999 1010 0000 12 000 -999 -999 -999 -999 -999 -999
IBTr 18W WINONA    930822 0000 113N 1248E -99 -99 -999 1010 0000 12 000 -999 -999 -999 -999 -999 -999
IBTr 18W WINONA    930822 0600 116N 1242E -99 -99 1006 1010 0090 12 009 -999 -999 -999 -999 -999 -999
IBTr 18W WINONA    930822 1200 116N 1233E -99 -99 1006 1010 0090 12 009 -999 -999 -999 -999 -999 -999
IBTr 18W WINONA    930822 1800 116N 1221E -99 -99 1004 1010 0090 15 009 -999 -999 -999 -999 -999 -999
IBTr 18W WINONA    930823 0000 117N 1208E -99 -99 1004 1010 0090 15 009 -999 -999 -999 -999 -999 -999
IBTr 18W WINONA    930823 0600 118N 1199E -99 -99 1002 1010 0090 18 009 -999 -999 -999 -999 -999 -999
IBTr 18W WINONA    930823 1200 119N 1192E -99 -99 0998 1010 0100 18 010 -999 -999 -999 -999 -999 -999
IBTr 18W WINONA    930823 1800 123N 1181E -99 -99 0994 1010 0100 18 010 -999 -999 -999 -999 -999 -999
IBTr 18W WINONA    930824 0000 130N 1174E -99 -99 0990 1010 0110 20 011 -999 -999 -999 -999 -999 -999
IBTr 18W WINONA    930824 0600 141N 1169E -99 -99 0990 1010 0110 20 011 -999 -999 -999 -999 -999 -999
IBTr 18W WINONA    930824 1200 150N 1165E -99 -99 0990 1010 0110 20 011 -999 -999 -999 -999 -999 -999
IBTr 18W WINONA    930824 1800 156N 1163E -99 -99 0990 1010 0110 20 011 -999 -999 -999 -999 -999 -999
IBTr 18W WINONA    930825 0000 161N 1160E -99 -99 0990 1010 0110 20 011 -999 -999 -999 -999 -999 -999
IBTr 18W WINONA    930825 0600 168N 1158E -99 -99 0990 1010 0110 20 011 -999 -999 -999 -999 -999 -999
IBTr 18W WINONA    930825 1200 172N 1158E -99 -99 0990 1010 0110 20 011 -999 -999 -999 -999 -999 -999
IBTr 18W WINONA    930825 1800 174N 1158E -99 -99 0990 1010 0110 20 011 -999 -999 -999 -999 -999 -999
IBTr 18W WINONA    930826 0000 174N 1158E -99 -99 0992 1010 0110 20 011 -999 -999 -999 -999 -999 -999
IBTr 18W WINONA    930826 0600 176N 1157E -99 -99 0994 1010 0110 20 011 -999 -999 -999 -999 -999 -999
IBTr 18W WINONA    930826 1200 178N 1156E -99 -99 0994 1010 0110 20 011 -999 -999 -999 -999 -999 -999
IBTr 18W WINONA    930826 1800 179N 1152E -99 -99 0994 1010 0110 20 011 -999 -999 -999 -999 -999 -999
IBTr 18W WINONA    930827 0000 178N 1147E -99 -99 0994 1010 0110 20 011 -999 -999 -999 -999 -999 -999
IBTr 18W WINONA    930827 0600 177N 1140E -99 -99 0994 1010 0110 20 011 -999 -999 -999 -999 -999 -999
IBTr 18W WINONA    930827 1200 174N 1133E -99 -99 0994 1010 0110 20 011 -999 -999 -999 -999 -999 -999
IBTr 18W WINONA    930827 1800 173N 1126E -99 -99 0994 1010 0110 20 011 -999 -999 -999 -999 -999 -999
IBTr 18W WINONA    930828 0000 171N 1117E -99 -99 0996 1010 0100 20 010 -999 -999 -999 -999 -999 -999
IBTr 18W WINONA    930828 0600 168N 1107E -99 -99 0996 1010 0100 20 010 -999 -999 -999 -999 -999 -999
IBTr 18W WINONA    930828 1200 167N 1094E -99 -99 0996 1010 0100 20 010 -999 -999 -999 -999 -999 -999
IBTr 18W WINONA    930828 1800 168N 1084E -99 -99 0996 1010 0100 20 010 -999 -999 -999 -999 -999 -999
IBTr 18W WINONA    930829 0000 172N 1076E -99 -99 0998 1010 0100 18 010 -999 -999 -999 -999 -999 -999
IBTr 18W WINONA    930829 0600 176N 1066E -99 -99 1000 1010 0100 18 010 -999 -999 -999 -999 -999 -999
IBTr 18W WINONA    930829 1200 181N 1053E -99 -99 1004 1010 0090 15 009 -999 -999 -999 -999 -999 -999
IBTr 18W WINONA    930829 1800 180N 1035E -99 -99 1006 1010 0090 -9 009 -999 -999 -999 -999 -999 -999
IBTr 18W HATTIE    931015 1800 115N 1792E -99 -99 -999 1010 0000 07 000 -999 -999 -999 -999 -999 -999
IBTr 18W HATTIE    931016 0000 114N 1782E -99 -99 -999 1010 0000 07 000 -999 -999 -999 -999 -999 -999
IBTr 18W HATTIE    931016 0600 113N 1772E -99 -99 -999 1010 0000 07 000 -999 -999 -999 -999 -999 -999
IBTr 18W HATTIE    931016 1200 112N 1762E -99 -99 -999 1010 0000 07 000 -999 -999 -999 -999 -999 -999
IBTr 18W HATTIE    931016 1800 111N 1752E -99 -99 -999 1010 0000 07 000 -999 -999 -999 -999 -999 -999
IBTr 18W HATTIE    931017 0000 112N 1742E -99 -99 -999 1010 0000 10 000 -999 -999 -999 -999 -999 -999
IBTr 18W HATTIE    931017 0600 113N 1732E -99 -99 -999 1010 0000 10 000 -999 -999 -999 -999 -999 -999
IBTr 18W HATTIE    931017 1200 114N 1722E -99 -99 -999 1010 0000 10 000 -999 -999 -999 -999 -999 -999
IBTr 18W HATTIE    931017 1800 115N 1712E -99 -99 -999 1010 0000 10 000 -999 -999 -999 -999 -999 -999
IBTr 18W HATTIE    931018 0000 117N 1701E -99 -99 -999 1010 0000 12 000 -999 -999 -999 -999 -999 -999
IBTr 18W HATTIE    931018 0600 119N 1689E -99 -99 -999 1010 0000 12 000 -999 -999 -999 -999 -999 -999
IBTr 18W HATTIE    931018 1200 123N 1676E -99 -99 -999 1010 0000 12 000 -999 -999 -999 -999 -999 -999
IBTr 18W HATTIE    931018 1800 127N 1662E -99 -99 -999 1010 0000 12 000 -999 -999 -999 -999 -999 -999
IBTr 18W HATTIE    931019 0000 130N 1648E -99 -99 -999 1010 0000 12 000 -999 -999 -999 -999 -999 -999
IBTr 18W HATTIE    931019 0600 132N 1634E -99 -99 -999 1010 0000 12 000 -999 -999 -999 -999 -999 -999
IBTr 18W HATTIE    931019 1200 132N 1611E -99 -99 1000 1010 0100 12 010 -999 -999 -999 -999 -999 -999
IBTr 18W HATTIE    931019 1800 133N 1599E -99 -99 1000 1010 0100 15 010 -999 -999 -999 -999 -999 -999
IBTr 18W HATTIE    931020 0000 134N 1590E -99 -99 0998 1010 0100 15 010 -999 -999 -999 -999 -999 -999
IBTr 18W HATTIE    931020 0600 137N 1582E -99 -99 0996 1010 0100 15 010 -999 -999 -999 -999 -999 -999
IBTr 18W HATTIE    931020 1200 141N 1575E -99 -99 0996 1010 0100 15 010 -999 -999 -999 -999 -999 -999
IBTr 18W HATTIE    931020 1800 147N 1569E -99 -99 0996 1010 0100 18 010 -999 -999 -999 -999 -999 -999
IBTr 18W HATTIE    931021 0000 153N 1565E -99 -99 0996 1010 0100 18 010 -999 -999 -999 -999 -999 -999
IBTr 18W HATTIE    931021 0600 158N 1562E -99 -99 0996 1010 0100 18 010 -999 -999 -999 -999 -999 -999
IBTr 18W HATTIE    931021 1200 163N 1559E -99 -99 0996 1010 0100 18 010 -999 -999 -999 -999 -999 -999
IBTr 18W HATTIE    931021 1800 169N 1556E -99 -99 0996 1010 0100 20 010 -999 -999 -999 -999 -999 -999
IBTr 18W HATTIE    931022 0000 178N 1554E -99 -99 0996 1010 0100 20 010 -999 -999 -999 -999 -999 -999
IBTr 18W HATTIE    931022 0600 190N 1552E -99 -99 0994 1010 0110 18 011 -999 -999 -999 -999 -999 -999
IBTr 18W HATTIE    931022 1200 205N 1548E -99 -99 0990 1010 0110 20 011 -999 -999 -999 -999 -999 -999
IBTr 18W HATTIE    931022 1800 218N 1541E -99 -99 0985 1010 0120 23 012 -999 -999 -999 -999 -999 -999
IBTr 18W HATTIE    931023 0000 230N 1533E -99 -99 0985 1010 0120 23 012 -999 -999 -999 -999 -999 -999
IBTr 18W HATTIE    931023 0600 239N 1533E -99 -99 0985 1010 0120 23 012 -999 -999 -999 -999 -999 -999
IBTr 18W HATTIE    931023 1200 246N 1537E -99 -99 0985 1010 0120 23 012 -999 -999 -999 -999 -999 -999
IBTr 18W HATTIE    931023 1800 251N 1547E -99 -99 0985 1010 0120 23 012 -999 -999 -999 -999 -999 -999
IBTr 18W HATTIE    931024 0000 259N 1559E -99 -99 0980 1010 0130 23 013 -999 -999 -999 -999 -999 -999
IBTr 18W HATTIE    931024 0600 272N 1572E -99 -99 0980 1010 0130 25 013 -999 -999 -999 -999 -999 -999
IBTr 18W HATTIE    931024 1200 289N 1585E -99 -99 0980 1010 0130 25 013 -999 -999 -999 -999 -999 -999
IBTr 18W HATTIE    931024 1800 313N 1606E -99 -99 0985 1010 0130 23 013 -999 -999 -999 -999 -999 -999
IBTr 18W HATTIE    931025 0000 337N 1630E -99 -99 0985 1010 0130 23 013 -999 -999 -999 -999 -999 -999
IBTr 18W HATTIE    931025 0600 356N 1666E -99 -99 0990 1010 0120 20 012 -999 -999 -999 -999 -999 -999
IBTr 18W HATTIE    931025 1200 369N 1700E -99 -99 0996 1010 0110 20 011 -999 -999 -999 -999 -999 -999
IBTr 18W HATTIE    931025 1800 381N 1729E -99 -99 1000 1010 0110 20 011 -999 -999 -999 -999 -999 -999
IBTr 18W HATTIE    931026 0000 392N 1758E -99 -99 1002 1010 0100 20 010 -999 -999 -999 -999 -999 -999
IBTr 18W HATTIE    931026 0600 408N 1799W -99 -99 1004 1010 0100 20 010 -999 -999 -999 -999 -999 -999
