IBTr 11S GRACIA    930220 0600 137S 0458E -99 -99 1004 1010 0090 10 009 -999 -999 -999 -999 -999 -999
IBTr 11S GRACIA    930220 1200 140S 0454E -99 -99 1004 1010 0090 10 009 -999 -999 -999 -999 -999 -999
IBTr 11S GRACIA    930220 1800 143S 0451E -99 -99 1004 1010 0090 10 009 -999 -999 -999 -999 -999 -999
IBTr 11S GRACIA    930221 0000 145S 0447E -99 -99 1002 1010 0090 10 009 -999 -999 -999 -999 -999 -999
IBTr 11S GRACIA    930221 0600 148S 0442E -99 -99 1002 1010 0090 10 009 -999 -999 -999 -999 -999 -999
IBTr 11S GRACIA    930221 1200 151S 0435E -99 -99 1002 1010 0090 10 009 -999 -999 -999 -999 -999 -999
IBTr 11S GRACIA    930221 1800 157S 0435E -99 -99 1000 1010 0100 11 010 -999 -999 -999 -999 -999 -999
IBTr 11S GRACIA    930222 0000 162S 0434E -99 -99 1000 1010 0100 11 010 -999 -999 -999 -999 -999 -999
IBTr 11S GRACIA    930222 0600 164S 0436E -99 -99 0997 1010 0100 13 010 -999 -999 -999 -999 -999 -999
IBTr 11S GRACIA    930222 1200 166S 0437E -99 -99 0997 1010 0100 15 010 -999 -999 -999 -999 -999 -999
IBTr 11S GRACIA    930222 1800 167S 0441E -99 -99 0990 1010 0110 19 011 -999 -999 -999 -999 -999 -999
IBTr 11S GRACIA    930223 0000 168S 0444E -99 -99 0000 1010 0000 -9 000 -999 -999 -999 -999 -999 -999
