IBTr 21W ABE       930907 0600 173N 1192E -99 -99 -999 1010 0000 10 000 -999 -999 -999 -999 -999 -999
IBTr 21W ABE       930907 1200 176N 1194E -99 -99 -999 1010 0000 10 000 -999 -999 -999 -999 -999 -999
IBTr 21W ABE       930907 1800 178N 1199E -99 -99 -999 1010 0000 10 000 -999 -999 -999 -999 -999 -999
IBTr 21W ABE       930908 0000 177N 1196E -99 -99 -999 1010 0000 07 000 -999 -999 -999 -999 -999 -999
IBTr 21W ABE       930908 0600 178N 1199E -99 -99 -999 1010 0000 07 000 -999 -999 -999 -999 -999 -999
IBTr 21W ABE       930908 1200 179N 1207E -99 -99 -999 1010 0000 10 000 -999 -999 -999 -999 -999 -999
IBTr 21W ABE       930908 1800 181N 1221E -99 -99 -999 1010 0000 10 000 -999 -999 -999 -999 -999 -999
IBTr 21W ABE       930909 0000 186N 1236E -99 -99 1008 1010 0090 12 009 -999 -999 -999 -999 -999 -999
IBTr 21W ABE       930909 0600 191N 1239E -99 -99 1008 1010 0090 15 009 -999 -999 -999 -999 -999 -999
IBTr 21W ABE       930909 1200 192N 1239E -99 -99 1006 1010 0090 15 009 -999 -999 -999 -999 -999 -999
IBTr 21W ABE       930909 1800 195N 1239E -99 -99 1006 1010 0090 18 009 -999 -999 -999 -999 -999 -999
IBTr 21W ABE       930910 0000 196N 1240E -99 -99 1000 1010 0100 18 010 -999 -999 -999 -999 -999 -999
IBTr 21W ABE       930910 0600 198N 1240E -99 -99 0996 1010 0110 18 011 -999 -999 -999 -999 -999 -999
IBTr 21W ABE       930910 1200 199N 1238E -99 -99 0990 1010 0110 23 011 -999 -999 -999 -999 -999 -999
IBTr 21W ABE       930910 1800 200N 1234E -99 -99 0985 1010 0120 25 012 -999 -999 -999 -999 -999 -999
IBTr 21W ABE       930911 0000 203N 1231E -99 -99 0980 1010 0130 28 013 -999 -999 -999 -999 -999 -999
IBTr 21W ABE       930911 0600 206N 1225E -99 -99 0980 1010 0130 28 013 -999 -999 -999 -999 -999 -999
IBTr 21W ABE       930911 1200 207N 1220E -99 -99 0980 1010 0130 28 013 -999 -999 -999 -999 -999 -999
IBTr 21W ABE       930911 1800 208N 1213E -99 -99 0980 1010 0130 28 013 -999 -999 -999 -999 -999 -999
IBTr 21W ABE       930912 0000 209N 1205E -99 -99 0975 1010 0130 30 013 -999 -999 -999 -999 -999 -999
IBTr 21W ABE       930912 0600 210N 1197E -99 -99 0970 1010 0130 33 013 -999 -999 -999 -999 -999 -999
IBTr 21W ABE       930912 1200 212N 1192E -99 -99 0960 1010 0140 38 014 -999 -999 -999 -999 -999 -999
IBTr 21W ABE       930912 1800 215N 1187E -99 -99 0955 1010 0140 41 014 -999 -999 -999 -999 -999 -999
IBTr 21W ABE       930913 0000 218N 1183E -99 -99 0950 1010 0130 41 013 -999 -999 -999 -999 -999 -999
IBTr 21W ABE       930913 0600 221N 1179E -99 -99 0945 1010 0130 43 013 -999 -999 -999 -999 -999 -999
IBTr 21W ABE       930913 1200 223N 1175E -99 -99 0945 1010 0130 43 013 -999 -999 -999 -999 -999 -999
IBTr 21W ABE       930913 1800 226N 1170E -99 -99 0955 1010 0140 41 014 -999 -999 -999 -999 -999 -999
IBTr 21W ABE       930914 0000 231N 1163E -99 -99 0970 1010 0130 30 013 -999 -999 -999 -999 -999 -999
IBTr 21W ABE       930914 0600 234N 1152E -99 -99 0990 1010 0120 23 012 -999 -999 -999 -999 -999 -999
IBTr 21W ABE       930914 1200 238N 1140E -99 -99 1000 1010 0100 23 010 -999 -999 -999 -999 -999 -999
IBTr 21W ABE       930914 1800 242N 1134E -99 -99 1004 1010 0090 12 009 -999 -999 -999 -999 -999 -999
IBTr 21W ABE       930915 0000 245N 1124E -99 -99 1008 1010 0090 10 009 -999 -999 -999 -999 -999 -999
IBTr 21W ABE       930915 0600 250N 1110E -99 -99 1006 1010 0090 -9 009 -999 -999 -999 -999 -999 -999
