IBTr 22W BECKY     930909 1800 60N  1500E -99 -99 -999 1010 0000 07 000 -999 -999 -999 -999 -999 -999
IBTr 22W BECKY     930910 0000 64N  1477E -99 -99 -999 1010 0000 07 000 -999 -999 -999 -999 -999 -999
IBTr 22W BECKY     930910 0600 69N  1458E -99 -99 -999 1010 0000 07 000 -999 -999 -999 -999 -999 -999
IBTr 22W BECKY     930910 1200 73N  1444E -99 -99 -999 1010 0000 07 000 -999 -999 -999 -999 -999 -999
IBTr 22W BECKY     930910 1800 78N  1430E -99 -99 -999 1010 0000 07 000 -999 -999 -999 -999 -999 -999
IBTr 22W BECKY     930911 0000 81N  1418E -99 -99 -999 1010 0000 07 000 -999 -999 -999 -999 -999 -999
IBTr 22W BECKY     930911 0600 83N  1407E -99 -99 -999 1010 0000 07 000 -999 -999 -999 -999 -999 -999
IBTr 22W BECKY     930911 1200 86N  1400E -99 -99 -999 1010 0000 07 000 -999 -999 -999 -999 -999 -999
IBTr 22W BECKY     930911 1800 90N  1391E -99 -99 -999 1010 0000 07 000 -999 -999 -999 -999 -999 -999
IBTr 22W BECKY     930912 0000 93N  1382E -99 -99 -999 1010 0000 07 000 -999 -999 -999 -999 -999 -999
IBTr 22W BECKY     930912 0600 98N  1372E -99 -99 -999 1010 0000 07 000 -999 -999 -999 -999 -999 -999
IBTr 22W BECKY     930912 1200 105N 1358E -99 -99 -999 1010 0000 07 000 -999 -999 -999 -999 -999 -999
IBTr 22W BECKY     930912 1800 112N 1346E -99 -99 -999 1010 0000 10 000 -999 -999 -999 -999 -999 -999
IBTr 22W BECKY     930913 0000 118N 1333E -99 -99 -999 1010 0000 10 000 -999 -999 -999 -999 -999 -999
IBTr 22W BECKY     930913 0600 128N 1315E -99 -99 1006 1010 0090 10 009 -999 -999 -999 -999 -999 -999
IBTr 22W BECKY     930913 1200 136N 1302E -99 -99 1006 1010 0090 10 009 -999 -999 -999 -999 -999 -999
IBTr 22W BECKY     930913 1800 143N 1291E -99 -99 1004 1010 0090 10 009 -999 -999 -999 -999 -999 -999
IBTr 22W BECKY     930914 0000 150N 1281E -99 -99 1004 1010 0090 12 009 -999 -999 -999 -999 -999 -999
IBTr 22W BECKY     930914 0600 156N 1272E -99 -99 1004 1010 0090 12 009 -999 -999 -999 -999 -999 -999
IBTr 22W BECKY     930914 1200 163N 1264E -99 -99 1004 1010 0090 12 009 -999 -999 -999 -999 -999 -999
IBTr 22W BECKY     930914 1800 168N 1257E -99 -99 1004 1010 0090 12 009 -999 -999 -999 -999 -999 -999
IBTr 22W BECKY     930915 0000 174N 1245E -99 -99 1004 1010 0090 15 009 -999 -999 -999 -999 -999 -999
IBTr 22W BECKY     930915 0600 181N 1234E -99 -99 1004 1010 0090 18 009 -999 -999 -999 -999 -999 -999
IBTr 22W BECKY     930915 1200 186N 1225E -99 -99 1000 1010 0100 18 010 -999 -999 -999 -999 -999 -999
IBTr 22W BECKY     930915 1800 188N 1214E -99 -99 0998 1010 0100 18 010 -999 -999 -999 -999 -999 -999
IBTr 22W BECKY     930916 0000 188N 1198E -99 -99 0992 1010 0110 20 011 -999 -999 -999 -999 -999 -999
IBTr 22W BECKY     930916 0600 193N 1183E -99 -99 0985 1010 0120 25 012 -999 -999 -999 -999 -999 -999
IBTr 22W BECKY     930916 1200 201N 1167E -99 -99 0985 1010 0120 25 012 -999 -999 -999 -999 -999 -999
IBTr 22W BECKY     930916 1800 208N 1150E -99 -99 0980 1010 0130 28 013 -999 -999 -999 -999 -999 -999
IBTr 22W BECKY     930917 0000 216N 1136E -99 -99 0980 1010 0130 28 013 -999 -999 -999 -999 -999 -999
IBTr 22W BECKY     930917 0600 222N 1118E -99 -99 0985 1010 0120 25 012 -999 -999 -999 -999 -999 -999
IBTr 22W BECKY     930917 1200 226N 1106E -99 -99 0992 1010 0110 20 011 -999 -999 -999 -999 -999 -999
IBTr 22W BECKY     930917 1800 228N 1093E -99 -99 0996 1010 0110 18 011 -999 -999 -999 -999 -999 -999
IBTr 22W BECKY     930918 0000 231N 1081E -99 -99 1002 1010 0100 12 010 -999 -999 -999 -999 -999 -999
IBTr 22W BECKY     930918 0600 233N 1070E -99 -99 1004 1010 0090 10 009 -999 -999 -999 -999 -999 -999
IBTr 22W BECKY     930918 1200 234N 1061E -99 -99 1004 1010 0090 10 009 -999 -999 -999 -999 -999 -999
IBTr 22W BECKY     930918 1800 234N 1051E -99 -99 1006 1010 0090 10 009 -999 -999 -999 -999 -999 -999
