IBTr 28W TD        931006 0000 120N 1135E -99 -99 -999 1010 0000 07 000 -999 -999 -999 -999 -999 -999
IBTr 28W TD        931006 0600 122N 1144E -99 -99 -999 1010 0000 07 000 -999 -999 -999 -999 -999 -999
IBTr 28W TD        931006 1200 125N 1155E -99 -99 -999 1010 0000 07 000 -999 -999 -999 -999 -999 -999
IBTr 28W TD        931006 1800 129N 1169E -99 -99 -999 1010 0000 10 000 -999 -999 -999 -999 -999 -999
IBTr 28W TD        931007 0000 135N 1182E -99 -99 -999 1010 0000 10 000 -999 -999 -999 -999 -999 -999
IBTr 28W TD        931007 0600 142N 1195E -99 -99 -999 1010 0000 12 000 -999 -999 -999 -999 -999 -999
IBTr 28W TD        931007 1200 149N 1207E -99 -99 -999 1010 0000 12 000 -999 -999 -999 -999 -999 -999
IBTr 28W TD        931007 1800 155N 1219E -99 -99 -999 1010 0000 12 000 -999 -999 -999 -999 -999 -999
IBTr 28W TD        931008 0000 161N 1231E -99 -99 -999 1010 0000 12 000 -999 -999 -999 -999 -999 -999
IBTr 28W TD        931008 0600 164N 1240E -99 -99 -999 1010 0000 12 000 -999 -999 -999 -999 -999 -999
IBTr 28W TD        931008 1200 165N 1244E -99 -99 -999 1010 0000 12 000 -999 -999 -999 -999 -999 -999
IBTr 28W TD        931008 1800 165N 1245E -99 -99 -999 1010 0000 12 000 -999 -999 -999 -999 -999 -999
IBTr 28W TD        931009 0000 165N 1246E -99 -99 -999 1010 0000 12 000 -999 -999 -999 -999 -999 -999
IBTr 28W TD        931009 0600 165N 1247E -99 -99 -999 1010 0000 10 000 -999 -999 -999 -999 -999 -999
IBTr 28W TD        931009 1200 165N 1249E -99 -99 -999 1010 0000 10 000 -999 -999 -999 -999 -999 -999
IBTr 28W TD        931009 1800 166N 1251E -99 -99 -999 1010 0000 10 000 -999 -999 -999 -999 -999 -999
IBTr 28W TD        931010 0000 166N 1253E -99 -99 -999 1010 0000 10 000 -999 -999 -999 -999 -999 -999
IBTr 28W TD        931010 0600 169N 1254E -99 -99 -999 1010 0000 10 000 -999 -999 -999 -999 -999 -999
IBTr 28W TD        931010 1200 173N 1253E -99 -99 -999 1010 0000 10 000 -999 -999 -999 -999 -999 -999
IBTr 28W TD        931010 1800 177N 1248E -99 -99 -999 1010 0000 10 000 -999 -999 -999 -999 -999 -999
IBTr 28W TD        931011 0000 184N 1241E -99 -99 -999 1010 0000 10 000 -999 -999 -999 -999 -999 -999
IBTr 28W TD        931011 0600 192N 1228E -99 -99 -999 1010 0000 10 000 -999 -999 -999 -999 -999 -999
IBTr 28W TD        931011 1200 196N 1217E -99 -99 -999 1010 0000 10 000 -999 -999 -999 -999 -999 -999
IBTr 28W TD        931011 1800 199N 1203E -99 -99 -999 1010 0000 10 000 -999 -999 -999 -999 -999 -999
IBTr 28W TD        931012 0000 202N 1190E -99 -99 -999 1010 0000 12 000 -999 -999 -999 -999 -999 -999
IBTr 28W TD        931012 0600 205N 1179E -99 -99 -999 1010 0000 12 000 -999 -999 -999 -999 -999 -999
IBTr 28W TD        931012 1200 207N 1171E -99 -99 -999 1010 0000 12 000 -999 -999 -999 -999 -999 -999
IBTr 28W TD        931012 1800 209N 1164E -99 -99 -999 1010 0000 12 000 -999 -999 -999 -999 -999 -999
IBTr 28W TD        931013 0000 212N 1157E -99 -99 -999 1010 0000 12 000 -999 -999 -999 -999 -999 -999
IBTr 28W TD        931013 0600 216N 1150E -99 -99 -999 1010 0000 12 000 -999 -999 -999 -999 -999 -999
IBTr 28W TD        931013 1200 221N 1141E -99 -99 -999 1010 0000 10 000 -999 -999 -999 -999 -999 -999
IBTr 28W TD        931013 1800 230N 1140E -99 -99 -999 1010 0000 -9 000 -999 -999 -999 -999 -999 -999
