IBTr 23W DOT       930918 0600 110N 1305E -99 -99 -999 1010 0000 07 000 -999 -999 -999 -999 -999 -999
IBTr 23W DOT       930918 1200 118N 1297E -99 -99 -999 1010 0000 07 000 -999 -999 -999 -999 -999 -999
IBTr 23W DOT       930918 1800 126N 1288E -99 -99 -999 1010 0000 07 000 -999 -999 -999 -999 -999 -999
IBTr 23W DOT       930919 0000 134N 1279E -99 -99 -999 1010 0000 07 000 -999 -999 -999 -999 -999 -999
IBTr 23W DOT       930919 0600 143N 1267E -99 -99 -999 1010 0000 07 000 -999 -999 -999 -999 -999 -999
IBTr 23W DOT       930919 1200 152N 1254E -99 -99 -999 1010 0000 10 000 -999 -999 -999 -999 -999 -999
IBTr 23W DOT       930919 1800 159N 1238E -99 -99 1006 1010 0090 10 009 -999 -999 -999 -999 -999 -999
IBTr 23W DOT       930920 0000 165N 1225E -99 -99 1006 1010 0090 10 009 -999 -999 -999 -999 -999 -999
IBTr 23W DOT       930920 0600 171N 1210E -99 -99 1006 1010 0090 07 009 -999 -999 -999 -999 -999 -999
IBTr 23W DOT       930920 1200 175N 1196E -99 -99 1006 1010 0090 07 009 -999 -999 -999 -999 -999 -999
IBTr 23W DOT       930920 1800 177N 1181E -99 -99 1004 1010 0090 10 009 -999 -999 -999 -999 -999 -999
IBTr 23W DOT       930921 0000 179N 1172E -99 -99 1004 1010 0090 10 009 -999 -999 -999 -999 -999 -999
IBTr 23W DOT       930921 0600 180N 1163E -99 -99 1004 1010 0090 10 009 -999 -999 -999 -999 -999 -999
IBTr 23W DOT       930921 1200 181N 1156E -99 -99 1004 1010 0090 10 009 -999 -999 -999 -999 -999 -999
IBTr 23W DOT       930921 1800 181N 1152E -99 -99 1004 1010 0090 10 009 -999 -999 -999 -999 -999 -999
IBTr 23W DOT       930922 0000 181N 1148E -99 -99 1004 1010 0090 10 009 -999 -999 -999 -999 -999 -999
IBTr 23W DOT       930922 0600 181N 1144E -99 -99 1004 1010 0090 10 009 -999 -999 -999 -999 -999 -999
IBTr 23W DOT       930922 1200 182N 1137E -99 -99 1004 1010 0090 12 009 -999 -999 -999 -999 -999 -999
IBTr 23W DOT       930922 1800 182N 1131E -99 -99 1004 1010 0090 12 009 -999 -999 -999 -999 -999 -999
IBTr 23W DOT       930923 0000 183N 1127E -99 -99 1002 1010 0100 12 010 -999 -999 -999 -999 -999 -999
IBTr 23W DOT       930923 0600 183N 1124E -99 -99 1002 1010 0100 12 010 -999 -999 -999 -999 -999 -999
IBTr 23W DOT       930923 1200 185N 1120E -99 -99 1002 1010 0100 15 010 -999 -999 -999 -999 -999 -999
IBTr 23W DOT       930923 1800 185N 1118E -99 -99 1002 1010 0100 15 010 -999 -999 -999 -999 -999 -999
IBTr 23W DOT       930924 0000 185N 1116E -99 -99 1002 1010 0100 15 010 -999 -999 -999 -999 -999 -999
IBTr 23W DOT       930924 0600 188N 1113E -99 -99 1000 1010 0100 15 010 -999 -999 -999 -999 -999 -999
IBTr 23W DOT       930924 1200 191N 1114E -99 -99 0998 1010 0100 18 010 -999 -999 -999 -999 -999 -999
IBTr 23W DOT       930924 1800 193N 1116E -99 -99 0996 1010 0100 20 010 -999 -999 -999 -999 -999 -999
IBTr 23W DOT       930925 0000 197N 1119E -99 -99 0990 1010 0110 23 011 -999 -999 -999 -999 -999 -999
IBTr 23W DOT       930925 0600 201N 1122E -99 -99 0980 1010 0130 28 013 -999 -999 -999 -999 -999 -999
IBTr 23W DOT       930925 1200 205N 1124E -99 -99 0970 1010 0130 33 013 -999 -999 -999 -999 -999 -999
IBTr 23W DOT       930925 1800 208N 1124E -99 -99 0965 1010 0140 36 014 -999 -999 -999 -999 -999 -999
IBTr 23W DOT       930926 0000 210N 1124E -99 -99 0965 1010 0140 36 014 -999 -999 -999 -999 -999 -999
IBTr 23W DOT       930926 0600 216N 1124E -99 -99 0975 1010 0130 30 013 -999 -999 -999 -999 -999 -999
IBTr 23W DOT       930926 1200 222N 1124E -99 -99 0980 1010 0130 28 013 -999 -999 -999 -999 -999 -999
IBTr 23W DOT       930926 1800 227N 1125E -99 -99 0990 1010 0110 23 011 -999 -999 -999 -999 -999 -999
IBTr 23W DOT       930927 0000 232N 1126E -99 -99 1004 1010 0090 18 009 -999 -999 -999 -999 -999 -999
IBTr 23W DOT       930927 0600 237N 1128E -99 -99 1006 1010 0090 15 009 -999 -999 -999 -999 -999 -999
IBTr 23W DOT       930927 1200 244N 1137E -99 -99 -999 1010 0000 12 000 -999 -999 -999 -999 -999 -999
IBTr 23W DOT       930927 1800 250N 1152E -99 -99 -999 1010 0000 10 000 -999 -999 -999 -999 -999 -999
