IBTr 29W IRA       931025 0000 110N 1535E -99 -99 -999 1010 0000 07 000 -999 -999 -999 -999 -999 -999
IBTr 29W IRA       931025 0600 111N 1527E -99 -99 -999 1010 0000 07 000 -999 -999 -999 -999 -999 -999
IBTr 29W IRA       931025 1200 113N 1519E -99 -99 -999 1010 0000 07 000 -999 -999 -999 -999 -999 -999
IBTr 29W IRA       931025 1800 115N 1511E -99 -99 -999 1010 0000 07 000 -999 -999 -999 -999 -999 -999
IBTr 29W IRA       931026 0000 117N 1503E -99 -99 -999 1010 0000 07 000 -999 -999 -999 -999 -999 -999
IBTr 29W IRA       931026 0600 119N 1495E -99 -99 -999 1010 0000 07 000 -999 -999 -999 -999 -999 -999
IBTr 29W IRA       931026 1200 122N 1487E -99 -99 -999 1010 0000 07 000 -999 -999 -999 -999 -999 -999
IBTr 29W IRA       931026 1800 125N 1479E -99 -99 -999 1010 0000 07 000 -999 -999 -999 -999 -999 -999
IBTr 29W IRA       931027 0000 128N 1470E -99 -99 -999 1010 0000 07 000 -999 -999 -999 -999 -999 -999
IBTr 29W IRA       931027 0600 131N 1460E -99 -99 -999 1010 0000 07 000 -999 -999 -999 -999 -999 -999
IBTr 29W IRA       931027 1200 129N 1453E -99 -99 1006 1010 0090 12 009 -999 -999 -999 -999 -999 -999
IBTr 29W IRA       931027 1800 128N 1440E -99 -99 1004 1010 0090 12 009 -999 -999 -999 -999 -999 -999
IBTr 29W IRA       931028 0000 128N 1426E -99 -99 1002 1010 0090 15 009 -999 -999 -999 -999 -999 -999
IBTr 29W IRA       931028 0600 129N 1410E -99 -99 1000 1010 0100 18 010 -999 -999 -999 -999 -999 -999
IBTr 29W IRA       931028 1200 131N 1392E -99 -99 0996 1010 0100 18 010 -999 -999 -999 -999 -999 -999
IBTr 29W IRA       931028 1800 132N 1376E -99 -99 0992 1010 0110 20 011 -999 -999 -999 -999 -999 -999
IBTr 29W IRA       931029 0000 132N 1362E -99 -99 0990 1010 0110 23 011 -999 -999 -999 -999 -999 -999
IBTr 29W IRA       931029 0600 134N 1349E -99 -99 0985 1010 0120 25 012 -999 -999 -999 -999 -999 -999
IBTr 29W IRA       931029 1200 136N 1336E -99 -99 0980 1010 0120 28 012 -999 -999 -999 -999 -999 -999
IBTr 29W IRA       931029 1800 140N 1323E -99 -99 0975 1010 0130 30 013 -999 -999 -999 -999 -999 -999
IBTr 29W IRA       931030 0000 143N 1308E -99 -99 0970 1010 0130 33 013 -999 -999 -999 -999 -999 -999
IBTr 29W IRA       931030 0600 146N 1294E -99 -99 0965 1010 0130 36 013 -999 -999 -999 -999 -999 -999
IBTr 29W IRA       931030 1200 148N 1283E -99 -99 0960 1010 0130 38 013 -999 -999 -999 -999 -999 -999
IBTr 29W IRA       931030 1800 150N 1274E -99 -99 0955 1010 0130 38 013 -999 -999 -999 -999 -999 -999
IBTr 29W IRA       931031 0000 153N 1265E -99 -99 0950 1010 0130 41 013 -999 -999 -999 -999 -999 -999
IBTr 29W IRA       931031 0600 154N 1257E -99 -99 0950 1010 0130 41 013 -999 -999 -999 -999 -999 -999
IBTr 29W IRA       931031 1200 156N 1250E -99 -99 0950 1010 0130 41 013 -999 -999 -999 -999 -999 -999
IBTr 29W IRA       931031 1800 158N 1244E -99 -99 0950 1010 0130 41 013 -999 -999 -999 -999 -999 -999
IBTr 29W IRA       931101 0000 159N 1234E -99 -99 0955 1010 0130 38 013 -999 -999 -999 -999 -999 -999
IBTr 29W IRA       931101 0600 161N 1222E -99 -99 0960 1010 0130 36 013 -999 -999 -999 -999 -999 -999
IBTr 29W IRA       931101 1200 161N 1209E -99 -99 0975 1010 0130 30 013 -999 -999 -999 -999 -999 -999
IBTr 29W IRA       931101 1800 163N 1199E -99 -99 0985 1010 0120 28 012 -999 -999 -999 -999 -999 -999
IBTr 29W IRA       931102 0000 166N 1191E -99 -99 0985 1010 0120 28 012 -999 -999 -999 -999 -999 -999
IBTr 29W IRA       931102 0600 170N 1182E -99 -99 0985 1010 0120 28 012 -999 -999 -999 -999 -999 -999
IBTr 29W IRA       931102 1200 172N 1172E -99 -99 0985 1010 0120 28 012 -999 -999 -999 -999 -999 -999
IBTr 29W IRA       931102 1800 175N 1163E -99 -99 0990 1010 0110 25 011 -999 -999 -999 -999 -999 -999
IBTr 29W IRA       931103 0000 178N 1156E -99 -99 0990 1010 0110 25 011 -999 -999 -999 -999 -999 -999
IBTr 29W IRA       931103 0600 182N 1149E -99 -99 0990 1010 0110 25 011 -999 -999 -999 -999 -999 -999
IBTr 29W IRA       931103 1200 187N 1142E -99 -99 0990 1010 0110 25 011 -999 -999 -999 -999 -999 -999
IBTr 29W IRA       931103 1800 193N 1135E -99 -99 0990 1010 0110 25 011 -999 -999 -999 -999 -999 -999
IBTr 29W IRA       931104 0000 199N 1129E -99 -99 0992 1010 0110 23 011 -999 -999 -999 -999 -999 -999
IBTr 29W IRA       931104 0600 206N 1122E -99 -99 0996 1010 0110 20 011 -999 -999 -999 -999 -999 -999
IBTr 29W IRA       931104 1200 213N 1117E -99 -99 1000 1010 0100 18 010 -999 -999 -999 -999 -999 -999
IBTr 29W IRA       931104 1800 220N 1112E -99 -99 1004 1010 0090 18 009 -999 -999 -999 -999 -999 -999
IBTr 29W IRA       931105 0000 224N 1108E -99 -99 1008 1010 0090 12 009 -999 -999 -999 -999 -999 -999
