IBTr 26W FLO       930928 0000 138N 1340E -99 -99 -999 1010 0000 07 000 -999 -999 -999 -999 -999 -999
IBTr 26W FLO       930928 0600 140N 1335E -99 -99 -999 1010 0000 07 000 -999 -999 -999 -999 -999 -999
IBTr 26W FLO       930928 1200 142N 1330E -99 -99 -999 1010 0000 07 000 -999 -999 -999 -999 -999 -999
IBTr 26W FLO       930928 1800 143N 1327E -99 -99 -999 1010 0000 10 000 -999 -999 -999 -999 -999 -999
IBTr 26W FLO       930929 0000 144N 1324E -99 -99 -999 1010 0000 10 000 -999 -999 -999 -999 -999 -999
IBTr 26W FLO       930929 0600 145N 1322E -99 -99 -999 1010 0000 10 000 -999 -999 -999 -999 -999 -999
IBTr 26W FLO       930929 1200 147N 1321E -99 -99 -999 1010 0000 10 000 -999 -999 -999 -999 -999 -999
IBTr 26W FLO       930929 1800 149N 1320E -99 -99 -999 1010 0000 10 000 -999 -999 -999 -999 -999 -999
IBTr 26W FLO       930930 0000 151N 1317E -99 -99 -999 1010 0000 10 000 -999 -999 -999 -999 -999 -999
IBTr 26W FLO       930930 0600 152N 1313E -99 -99 -999 1010 0000 10 000 -999 -999 -999 -999 -999 -999
IBTr 26W FLO       930930 1200 154N 1308E -99 -99 -999 1010 0000 10 000 -999 -999 -999 -999 -999 -999
IBTr 26W FLO       930930 1800 157N 1301E -99 -99 -999 1010 0000 12 000 -999 -999 -999 -999 -999 -999
IBTr 26W FLO       931001 0000 161N 1296E -99 -99 1004 1010 0090 15 009 -999 -999 -999 -999 -999 -999
IBTr 26W FLO       931001 0600 164N 1292E -99 -99 1002 1010 0090 15 009 -999 -999 -999 -999 -999 -999
IBTr 26W FLO       931001 1200 166N 1285E -99 -99 1000 1010 0100 15 010 -999 -999 -999 -999 -999 -999
IBTr 26W FLO       931001 1800 166N 1277E -99 -99 1000 1010 0100 15 010 -999 -999 -999 -999 -999 -999
IBTr 26W FLO       931002 0000 167N 1269E -99 -99 0996 1010 0100 18 010 -999 -999 -999 -999 -999 -999
IBTr 26W FLO       931002 0600 167N 1264E -99 -99 0992 1010 0110 20 011 -999 -999 -999 -999 -999 -999
IBTr 26W FLO       931002 1200 168N 1259E -99 -99 0990 1010 0110 23 011 -999 -999 -999 -999 -999 -999
IBTr 26W FLO       931002 1800 168N 1255E -99 -99 0990 1010 0110 23 011 -999 -999 -999 -999 -999 -999
IBTr 26W FLO       931003 0000 167N 1251E -99 -99 0985 1010 0120 25 012 -999 -999 -999 -999 -999 -999
IBTr 26W FLO       931003 0600 167N 1247E -99 -99 0985 1010 0120 25 012 -999 -999 -999 -999 -999 -999
IBTr 26W FLO       931003 1200 167N 1242E -99 -99 0980 1010 0120 28 012 -999 -999 -999 -999 -999 -999
IBTr 26W FLO       931003 1800 167N 1236E -99 -99 0975 1010 0130 30 013 -999 -999 -999 -999 -999 -999
IBTr 26W FLO       931004 0000 166N 1227E -99 -99 0970 1010 0130 33 013 -999 -999 -999 -999 -999 -999
IBTr 26W FLO       931004 0600 164N 1219E -99 -99 0970 1010 0130 33 013 -999 -999 -999 -999 -999 -999
IBTr 26W FLO       931004 1200 162N 1211E -99 -99 0975 1010 0130 30 013 -999 -999 -999 -999 -999 -999
IBTr 26W FLO       931004 1800 163N 1203E -99 -99 0980 1010 0120 28 012 -999 -999 -999 -999 -999 -999
IBTr 26W FLO       931005 0000 162N 1196E -99 -99 0985 1010 0120 25 012 -999 -999 -999 -999 -999 -999
IBTr 26W FLO       931005 0600 160N 1199E -99 -99 0985 1010 0120 25 012 -999 -999 -999 -999 -999 -999
IBTr 26W FLO       931005 1200 163N 1202E -99 -99 0990 1010 0110 23 011 -999 -999 -999 -999 -999 -999
IBTr 26W FLO       931005 1800 169N 1206E -99 -99 0990 1010 0110 23 011 -999 -999 -999 -999 -999 -999
IBTr 26W FLO       931006 0000 178N 1213E -99 -99 0990 1010 0110 23 011 -999 -999 -999 -999 -999 -999
IBTr 26W FLO       931006 0600 190N 1223E -99 -99 0990 1010 0110 23 011 -999 -999 -999 -999 -999 -999
IBTr 26W FLO       931006 1200 198N 1236E -99 -99 0990 1010 0110 23 011 -999 -999 -999 -999 -999 -999
IBTr 26W FLO       931006 1800 207N 1249E -99 -99 0990 1010 0110 23 011 -999 -999 -999 -999 -999 -999
IBTr 26W FLO       931007 0000 217N 1260E -99 -99 0990 1010 0110 23 011 -999 -999 -999 -999 -999 -999
IBTr 26W FLO       931007 0600 229N 1275E -99 -99 0990 1010 0120 23 012 -999 -999 -999 -999 -999 -999
IBTr 26W FLO       931007 1200 246N 1291E -99 -99 0985 1010 0120 25 012 -999 -999 -999 -999 -999 -999
IBTr 26W FLO       931007 1800 267N 1308E -99 -99 0985 1010 0120 25 012 -999 -999 -999 -999 -999 -999
IBTr 26W FLO       931008 0000 291N 1332E -99 -99 0980 1010 0130 28 013 -999 -999 -999 -999 -999 -999
IBTr 26W FLO       931008 0600 314N 1366E -99 -99 0980 1010 0130 28 013 -999 -999 -999 -999 -999 -999
IBTr 26W FLO       931008 1200 339N 1408E -99 -99 0980 1010 0130 28 013 -999 -999 -999 -999 -999 -999
IBTr 26W FLO       931008 1800 359N 1460E -99 -99 0980 1010 0130 30 013 -999 -999 -999 -999 -999 -999
IBTr 26W FLO       931009 0000 384N 1530E -99 -99 0980 1010 0130 30 013 -999 -999 -999 -999 -999 -999
IBTr 26W FLO       931009 0600 401N 1585E -99 -99 0976 1010 0140 30 014 -999 -999 -999 -999 -999 -999
IBTr 26W FLO       931009 1200 410N 1620E -99 -99 0976 1010 0140 -9 014 -999 -999 -999 -999 -999 -999
IBTr 26W FLO       931009 1800 425N 1655E -99 -99 0976 1010 0140 -9 014 -999 -999 -999 -999 -999 -999
IBTr 26W FLO       931010 0000 435N 1685E -99 -99 0976 1010 0140 -9 014 -999 -999 -999 -999 -999 -999
IBTr 26W FLO       931010 0600 455N 1725E -99 -99 0976 1010 0140 -9 014 -999 -999 -999 -999 -999 -999
IBTr 26W FLO       931010 1200 475N 1755E -99 -99 0976 1010 0140 -9 014 -999 -999 -999 -999 -999 -999
IBTr 26W FLO       931010 1800 490N 1775E -99 -99 0976 1010 0140 -9 014 -999 -999 -999 -999 -999 -999
IBTr 26W FLO       931011 0000 510N 1795E -99 -99 0974 1010 0150 -9 015 -999 -999 -999 -999 -999 -999
