IBTr 20W ZOLA      930903 0600 160N 1287E -99 -99 -999 1010 0000 07 000 -999 -999 -999 -999 -999 -999
IBTr 20W ZOLA      930903 1200 160N 1294E -99 -99 -999 1010 0000 07 000 -999 -999 -999 -999 -999 -999
IBTr 20W ZOLA      930903 1800 162N 1300E -99 -99 -999 1010 0000 07 000 -999 -999 -999 -999 -999 -999
IBTr 20W ZOLA      930904 0000 165N 1304E -99 -99 -999 1010 0000 07 000 -999 -999 -999 -999 -999 -999
IBTr 20W ZOLA      930904 0600 169N 1307E -99 -99 -999 1010 0000 07 000 -999 -999 -999 -999 -999 -999
IBTr 20W ZOLA      930904 1200 174N 1309E -99 -99 -999 1010 0000 07 000 -999 -999 -999 -999 -999 -999
IBTr 20W ZOLA      930904 1800 179N 1310E -99 -99 -999 1010 0000 07 000 -999 -999 -999 -999 -999 -999
IBTr 20W ZOLA      930905 0000 189N 1309E -99 -99 1006 1010 0090 07 009 -999 -999 -999 -999 -999 -999
IBTr 20W ZOLA      930905 0600 194N 1306E -99 -99 1006 1010 0090 10 009 -999 -999 -999 -999 -999 -999
IBTr 20W ZOLA      930905 1200 197N 1301E -99 -99 1004 1010 0090 12 009 -999 -999 -999 -999 -999 -999
IBTr 20W ZOLA      930905 1800 200N 1295E -99 -99 1004 1010 0090 12 009 -999 -999 -999 -999 -999 -999
IBTr 20W ZOLA      930906 0000 203N 1289E -99 -99 1002 1010 0100 15 010 -999 -999 -999 -999 -999 -999
IBTr 20W ZOLA      930906 0600 207N 1283E -99 -99 1000 1010 0100 15 010 -999 -999 -999 -999 -999 -999
IBTr 20W ZOLA      930906 1200 214N 1280E -99 -99 0998 1010 0100 18 010 -999 -999 -999 -999 -999 -999
IBTr 20W ZOLA      930906 1800 222N 1281E -99 -99 0996 1010 0110 18 011 -999 -999 -999 -999 -999 -999
IBTr 20W ZOLA      930907 0000 232N 1285E -99 -99 0990 1010 0120 23 012 -999 -999 -999 -999 -999 -999
IBTr 20W ZOLA      930907 0300 241N 1289E -99 -99 0990 1010 0120 23 012 -999 -999 -999 -999 -999 -999
IBTr 20W ZOLA      930907 0600 245N 1292E -99 -99 0990 1010 0120 23 012 -999 -999 -999 -999 -999 -999
IBTr 20W ZOLA      930907 0900 251N 1295E -99 -99 0990 1010 0120 23 012 -999 -999 -999 -999 -999 -999
IBTr 20W ZOLA      930907 1200 255N 1299E -99 -99 0990 1010 0120 23 012 -999 -999 -999 -999 -999 -999
IBTr 20W ZOLA      930907 1500 261N 1302E -99 -99 0990 1010 0120 23 012 -999 -999 -999 -999 -999 -999
IBTr 20W ZOLA      930907 1800 267N 1307E -99 -99 0990 1010 0120 23 012 -999 -999 -999 -999 -999 -999
IBTr 20W ZOLA      930907 2100 274N 1310E -99 -99 0990 1010 0120 23 012 -999 -999 -999 -999 -999 -999
IBTr 20W ZOLA      930908 0000 281N 1316E -99 -99 0990 1010 0120 23 012 -999 -999 -999 -999 -999 -999
IBTr 20W ZOLA      930908 0300 289N 1319E -99 -99 0990 1010 0120 23 012 -999 -999 -999 -999 -999 -999
IBTr 20W ZOLA      930908 0600 296N 1324E -99 -99 0985 1010 0120 25 012 -999 -999 -999 -999 -999 -999
IBTr 20W ZOLA      930908 0900 304N 1329E -99 -99 0985 1010 0130 25 013 -999 -999 -999 -999 -999 -999
IBTr 20W ZOLA      930908 1200 312N 1333E -99 -99 0985 1010 0130 25 013 -999 -999 -999 -999 -999 -999
IBTr 20W ZOLA      930908 1500 320N 1338E -99 -99 0985 1010 0130 25 013 -999 -999 -999 -999 -999 -999
IBTr 20W ZOLA      930908 1800 327N 1343E -99 -99 0985 1010 0130 25 013 -999 -999 -999 -999 -999 -999
IBTr 20W ZOLA      930908 2100 335N 1353E -99 -99 0992 1010 0120 20 012 -999 -999 -999 -999 -999 -999
IBTr 20W ZOLA      930909 0000 344N 1363E -99 -99 0994 1010 0110 20 011 -999 -999 -999 -999 -999 -999
IBTr 20W ZOLA      930909 0300 353N 1370E -99 -99 1000 1010 0110 18 011 -999 -999 -999 -999 -999 -999
IBTr 20W ZOLA      930909 0600 359N 1381E -99 -99 1004 1010 0100 12 010 -999 -999 -999 -999 -999 -999
IBTr 20W ZOLA      930909 1200 375N 1416E -99 -99 1006 1010 0100 12 010 -999 -999 -999 -999 -999 -999
IBTr 20W ZOLA      930909 1800 384N 1435E -99 -99 1006 1010 0100 12 010 -999 -999 -999 -999 -999 -999
IBTr 20W ZOLA      930910 0000 394N 1457E -99 -99 1004 1010 0100 12 010 -999 -999 -999 -999 -999 -999
IBTr 20W ZOLA      930910 0600 403N 1475E -99 -99 1002 1010 0100 12 010 -999 -999 -999 -999 -999 -999
IBTr 20W ZOLA      930910 1200 409N 1495E -99 -99 1002 1010 0100 15 010 -999 -999 -999 -999 -999 -999
IBTr 20W ZOLA      930910 1800 420N 1510E -99 -99 1002 1010 0100 -9 010 -999 -999 -999 -999 -999 -999
IBTr 20W ZOLA      930911 0000 429N 1529E -99 -99 1000 1010 0110 -9 011 -999 -999 -999 -999 -999 -999
IBTr 20W ZOLA      930911 0600 430N 1550E -99 -99 0996 1010 0120 -9 012 -999 -999 -999 -999 -999 -999
IBTr 20W ZOLA      930911 1200 430N 1570E -99 -99 0996 1010 0120 -9 012 -999 -999 -999 -999 -999 -999
IBTr 20W ZOLA      930911 1800 430N 1605E -99 -99 0992 1010 0120 -9 012 -999 -999 -999 -999 -999 -999
IBTr 20W ZOLA      930912 0000 435N 1640E -99 -99 0992 1010 0120 -9 012 -999 -999 -999 -999 -999 -999
IBTr 20W ZOLA      930912 0600 450N 1680E -99 -99 0992 1010 0120 -9 012 -999 -999 -999 -999 -999 -999
IBTr 20W ZOLA      930912 1200 460N 1715E -99 -99 0992 1010 0120 -9 012 -999 -999 -999 -999 -999 -999
IBTr 20W ZOLA      930912 1800 480N 1740E -99 -99 0992 1010 0120 -9 012 -999 -999 -999 -999 -999 -999
IBTr 20W ZOLA      930913 0000 510N 1760E -99 -99 0992 1010 0130 -9 013 -999 -999 -999 -999 -999 -999
IBTr 20W ZOLA      930913 0600 530N 1770E -99 -99 0988 1010 0130 -9 013 -999 -999 -999 -999 -999 -999
IBTr 20W ZOLA      930913 1200 555N 1780E -99 -99 0988 1010 0130 -9 013 -999 -999 -999 -999 -999 -999
IBTr 20W ZOLA      930913 1800 575N 1790E -99 -99 0988 1010 0130 -9 013 -999 -999 -999 -999 -999 -999
