IBTr 35B NOTNAMED  931129 0000 79N  0991E -99 -99 -999 1010 0000 -9 000 -999 -999 -999 -999 -999 -999
IBTr 35B NOTNAMED  931129 0600 79N  0981E -99 -99 -999 1010 0000 -9 000 -999 -999 -999 -999 -999 -999
IBTr 35B NOTNAMED  931129 1200 79N  0970E -99 -99 -999 1010 0000 -9 000 -999 -999 -999 -999 -999 -999
IBTr 35B NOTNAMED  931129 1800 79N  0958E -99 -99 -999 1010 0000 -9 000 -999 -999 -999 -999 -999 -999
IBTr 35B NOTNAMED  931130 0000 76N  0945E -99 -99 -999 1010 0000 -9 000 -999 -999 -999 -999 -999 -999
IBTr 35B NOTNAMED  931130 0600 75N  0929E -99 -99 -999 1010 0000 -9 000 -999 -999 -999 -999 -999 -999
IBTr 35B NOTNAMED  931130 1200 76N  0918E -99 -99 -999 1010 0000 -9 000 -999 -999 -999 -999 -999 -999
IBTr 35B NOTNAMED  931130 1800 78N  0909E -99 -99 -999 1010 0000 -9 000 -999 -999 -999 -999 -999 -999
IBTr 35B NOTNAMED  931201 0000 80N  0899E -99 -99 -999 1010 0000 -9 000 -999 -999 -999 -999 -999 -999
IBTr 35B NOTNAMED  931201 0300 80N  0910E -99 -99 1004 1010 0090 07 009 -999 -999 -999 -999 -999 -999
IBTr 35B NOTNAMED  931201 0600 79N  0894E -99 -99 1002 1010 0090 12 009 -999 -999 -999 -999 -999 -999
IBTr 35B NOTNAMED  931201 1200 82N  0884E -99 -99 1000 1010 0090 15 009 -999 -999 -999 -999 -999 -999
IBTr 35B NOTNAMED  931201 1800 82N  0876E -99 -99 1002 1010 0090 15 009 -999 -999 -999 -999 -999 -999
IBTr 35B NOTNAMED  931202 0000 83N  0870E -99 -99 1002 1010 0090 15 009 -999 -999 -999 -999 -999 -999
IBTr 35B NOTNAMED  931202 0300 80N  0870E -99 -99 1000 1010 0090 15 009 -999 -999 -999 -999 -999 -999
IBTr 35B NOTNAMED  931202 0600 86N  0861E -99 -99 1002 1010 0090 15 009 -999 -999 -999 -999 -999 -999
IBTr 35B NOTNAMED  931202 1200 89N  0853E -99 -99 0996 1010 0100 23 010 -999 -999 -999 -999 -999 -999
IBTr 35B NOTNAMED  931202 1800 90N  0846E -99 -99 0996 1010 0100 23 010 -999 -999 -999 -999 -999 -999
IBTr 35B NOTNAMED  931203 0000 93N  0839E -99 -99 0994 1010 0100 23 010 -999 -999 -999 -999 -999 -999
IBTr 35B NOTNAMED  931203 0300 95N  0835E -99 -99 0988 1010 0110 28 011 -999 -999 -999 -999 -999 -999
IBTr 35B NOTNAMED  931203 0600 94N  0828E -99 -99 0988 1010 0110 28 011 -999 -999 -999 -999 -999 -999
IBTr 35B NOTNAMED  931203 1200 98N  0819E -99 -99 0982 1010 0120 33 012 -999 -999 -999 -999 -999 -999
IBTr 35B NOTNAMED  931203 1800 102N 0813E -99 -99 0982 1010 0120 33 012 -999 -999 -999 -999 -999 -999
IBTr 35B NOTNAMED  931204 0000 106N 0806E -99 -99 0976 1010 0120 39 012 -999 -999 -999 -999 -999 -999
IBTr 35B NOTNAMED  931204 0300 110N 0800E -99 -99 0976 1010 0120 39 012 -999 -999 -999 -999 -999 -999
IBTr 35B NOTNAMED  931204 0600 113N 0793E -99 -99 0968 1010 0130 46 013 -999 -999 -999 -999 -999 -999
IBTr 35B NOTNAMED  931204 1200 118N 0785E -99 -99 0998 1010 0100 15 010 -999 -999 -999 -999 -999 -999
