IBTr 33W KYLE      931117 1200 87N  1373E -99 -99 1006 1010 0090 07 009 -999 -999 -999 -999 -999 -999
IBTr 33W KYLE      931117 1800 88N  1364E -99 -99 1006 1010 0090 10 009 -999 -999 -999 -999 -999 -999
IBTr 33W KYLE      931118 0000 91N  1354E -99 -99 1006 1010 0090 10 009 -999 -999 -999 -999 -999 -999
IBTr 33W KYLE      931118 0600 91N  1342E -99 -99 1004 1010 0090 10 009 -999 -999 -999 -999 -999 -999
IBTr 33W KYLE      931118 1200 92N  1330E -99 -99 1004 1010 0090 10 009 -999 -999 -999 -999 -999 -999
IBTr 33W KYLE      931118 1800 94N  1317E -99 -99 1004 1010 0090 10 009 -999 -999 -999 -999 -999 -999
IBTr 33W KYLE      931119 0000 97N  1305E -99 -99 1004 1010 0090 12 009 -999 -999 -999 -999 -999 -999
IBTr 33W KYLE      931119 0600 101N 1295E -99 -99 1002 1010 0090 12 009 -999 -999 -999 -999 -999 -999
IBTr 33W KYLE      931119 1200 104N 1285E -99 -99 1002 1010 0090 15 009 -999 -999 -999 -999 -999 -999
IBTr 33W KYLE      931119 1800 106N 1273E -99 -99 1000 1010 0100 18 010 -999 -999 -999 -999 -999 -999
IBTr 33W KYLE      931120 0000 106N 1263E -99 -99 1000 1010 0100 18 010 -999 -999 -999 -999 -999 -999
IBTr 33W KYLE      931120 0600 108N 1253E -99 -99 0998 1010 0100 18 010 -999 -999 -999 -999 -999 -999
IBTr 33W KYLE      931120 1200 110N 1242E -99 -99 0998 1010 0100 18 010 -999 -999 -999 -999 -999 -999
IBTr 33W KYLE      931120 1800 114N 1230E -99 -99 0998 1010 0100 18 010 -999 -999 -999 -999 -999 -999
IBTr 33W KYLE      931121 0000 116N 1216E -99 -99 0998 1010 0100 18 010 -999 -999 -999 -999 -999 -999
IBTr 33W KYLE      931121 0600 117N 1205E -99 -99 0996 1010 0100 20 010 -999 -999 -999 -999 -999 -999
IBTr 33W KYLE      931121 1200 119N 1194E -99 -99 0996 1010 0100 20 010 -999 -999 -999 -999 -999 -999
IBTr 33W KYLE      931121 1800 120N 1182E -99 -99 0992 1010 0110 23 011 -999 -999 -999 -999 -999 -999
IBTr 33W KYLE      931122 0000 121N 1170E -99 -99 0990 1010 0110 23 011 -999 -999 -999 -999 -999 -999
IBTr 33W KYLE      931122 0600 124N 1157E -99 -99 0985 1010 0120 25 012 -999 -999 -999 -999 -999 -999
IBTr 33W KYLE      931122 1200 126N 1144E -99 -99 0975 1010 0130 30 013 -999 -999 -999 -999 -999 -999
IBTr 33W KYLE      931122 1800 128N 1130E -99 -99 0970 1010 0130 33 013 -999 -999 -999 -999 -999 -999
IBTr 33W KYLE      931123 0000 128N 1117E -99 -99 0965 1010 0130 36 013 -999 -999 -999 -999 -999 -999
IBTr 33W KYLE      931123 0600 129N 1104E -99 -99 0960 1010 0130 36 013 -999 -999 -999 -999 -999 -999
IBTr 33W KYLE      931123 1200 130N 1092E -99 -99 0970 1010 0130 33 013 -999 -999 -999 -999 -999 -999
IBTr 33W KYLE      931123 1800 131N 1078E -99 -99 0975 1010 0130 30 013 -999 -999 -999 -999 -999 -999
IBTr 33W KYLE      931124 0000 133N 1064E -99 -99 0990 1010 0110 20 011 -999 -999 -999 -999 -999 -999
IBTr 33W KYLE      931124 0300 134N 1060E -99 -99 0996 1010 0100 -9 010 -999 -999 -999 -999 -999 -999
IBTr 33W KYLE      931124 0600 138N 1052E -99 -99 1004 1010 0090 15 009 -999 -999 -999 -999 -999 -999
IBTr 33W KYLE      931124 1200 144N 1039E -99 -99 -999 1010 0000 12 000 -999 -999 -999 -999 -999 -999
