IBTr 36W MANNY     931201 1200 51N  1637E -99 -99 -999 1010 0000 10 000 -999 -999 -999 -999 -999 -999
IBTr 36W MANNY     931201 1800 50N  1624E -99 -99 -999 1010 0000 10 000 -999 -999 -999 -999 -999 -999
IBTr 36W MANNY     931202 0000 52N  1616E -99 -99 -999 1010 0000 10 000 -999 -999 -999 -999 -999 -999
IBTr 36W MANNY     931202 0600 56N  1604E -99 -99 -999 1010 0000 10 000 -999 -999 -999 -999 -999 -999
IBTr 36W MANNY     931202 1200 59N  1590E -99 -99 -999 1010 0000 10 000 -999 -999 -999 -999 -999 -999
IBTr 36W MANNY     931202 1800 64N  1576E -99 -99 -999 1010 0000 10 000 -999 -999 -999 -999 -999 -999
IBTr 36W MANNY     931203 0000 68N  1560E -99 -99 1004 1010 0090 12 009 -999 -999 -999 -999 -999 -999
IBTr 36W MANNY     931203 0600 70N  1541E -99 -99 1004 1010 0090 12 009 -999 -999 -999 -999 -999 -999
IBTr 36W MANNY     931203 1200 70N  1520E -99 -99 1004 1010 0090 12 009 -999 -999 -999 -999 -999 -999
IBTr 36W MANNY     931203 1800 71N  1500E -99 -99 1004 1010 0090 15 009 -999 -999 -999 -999 -999 -999
IBTr 36W MANNY     931204 0000 72N  1479E -99 -99 1004 1010 0090 15 009 -999 -999 -999 -999 -999 -999
IBTr 36W MANNY     931204 0600 75N  1459E -99 -99 1002 1010 0090 15 009 -999 -999 -999 -999 -999 -999
IBTr 36W MANNY     931204 1200 78N  1441E -99 -99 1000 1010 0090 18 009 -999 -999 -999 -999 -999 -999
IBTr 36W MANNY     931204 1800 82N  1424E -99 -99 1000 1010 0090 20 009 -999 -999 -999 -999 -999 -999
IBTr 36W MANNY     931205 0000 88N  1407E -99 -99 0996 1010 0100 18 010 -999 -999 -999 -999 -999 -999
IBTr 36W MANNY     931205 0600 94N  1390E -99 -99 0990 1010 0110 23 011 -999 -999 -999 -999 -999 -999
IBTr 36W MANNY     931205 1200 100N 1373E -99 -99 0985 1010 0120 28 012 -999 -999 -999 -999 -999 -999
IBTr 36W MANNY     931205 1800 106N 1356E -99 -99 0980 1010 0120 28 012 -999 -999 -999 -999 -999 -999
IBTr 36W MANNY     931206 0000 115N 1342E -99 -99 0980 1010 0120 28 012 -999 -999 -999 -999 -999 -999
IBTr 36W MANNY     931206 0600 125N 1333E -99 -99 0980 1010 0120 28 012 -999 -999 -999 -999 -999 -999
IBTr 36W MANNY     931206 1200 134N 1322E -99 -99 0980 1010 0120 28 012 -999 -999 -999 -999 -999 -999
IBTr 36W MANNY     931206 1800 141N 1311E -99 -99 0980 1010 0120 28 012 -999 -999 -999 -999 -999 -999
IBTr 36W MANNY     931207 0000 148N 1304E -99 -99 0980 1010 0120 28 012 -999 -999 -999 -999 -999 -999
IBTr 36W MANNY     931207 0600 154N 1299E -99 -99 0980 1010 0120 28 012 -999 -999 -999 -999 -999 -999
IBTr 36W MANNY     931207 1200 159N 1296E -99 -99 0980 1010 0120 28 012 -999 -999 -999 -999 -999 -999
IBTr 36W MANNY     931207 1800 164N 1296E -99 -99 0975 1010 0130 30 013 -999 -999 -999 -999 -999 -999
IBTr 36W MANNY     931208 0000 166N 1299E -99 -99 0975 1010 0130 30 013 -999 -999 -999 -999 -999 -999
IBTr 36W MANNY     931208 0600 163N 1301E -99 -99 0975 1010 0130 30 013 -999 -999 -999 -999 -999 -999
IBTr 36W MANNY     931208 1200 159N 1299E -99 -99 0975 1010 0130 30 013 -999 -999 -999 -999 -999 -999
IBTr 36W MANNY     931208 1800 153N 1294E -99 -99 0975 1010 0130 30 013 -999 -999 -999 -999 -999 -999
IBTr 36W MANNY     931209 0000 145N 1286E -99 -99 0970 1010 0130 33 013 -999 -999 -999 -999 -999 -999
IBTr 36W MANNY     931209 0600 139N 1276E -99 -99 0960 1010 0130 38 013 -999 -999 -999 -999 -999 -999
IBTr 36W MANNY     931209 1200 133N 1264E -99 -99 0955 1010 0130 38 013 -999 -999 -999 -999 -999 -999
IBTr 36W MANNY     931209 1800 128N 1251E -99 -99 0960 1010 0130 38 013 -999 -999 -999 -999 -999 -999
IBTr 36W MANNY     931210 0000 125N 1240E -99 -99 0970 1010 0130 33 013 -999 -999 -999 -999 -999 -999
IBTr 36W MANNY     931210 0600 125N 1229E -99 -99 0980 1010 0120 28 012 -999 -999 -999 -999 -999 -999
IBTr 36W MANNY     931210 1200 124N 1220E -99 -99 0985 1010 0120 25 012 -999 -999 -999 -999 -999 -999
IBTr 36W MANNY     931210 1800 122N 1212E -99 -99 0990 1010 0110 23 011 -999 -999 -999 -999 -999 -999
IBTr 36W MANNY     931211 0000 119N 1205E -99 -99 0994 1010 0100 20 010 -999 -999 -999 -999 -999 -999
IBTr 36W MANNY     931211 0600 116N 1196E -99 -99 0996 1010 0100 18 010 -999 -999 -999 -999 -999 -999
IBTr 36W MANNY     931211 1200 112N 1187E -99 -99 0996 1010 0100 18 010 -999 -999 -999 -999 -999 -999
IBTr 36W MANNY     931211 1800 109N 1179E -99 -99 0996 1010 0100 18 010 -999 -999 -999 -999 -999 -999
IBTr 36W MANNY     931212 0000 108N 1171E -99 -99 0996 1010 0100 18 010 -999 -999 -999 -999 -999 -999
IBTr 36W MANNY     931212 0600 108N 1164E -99 -99 0998 1010 0100 15 010 -999 -999 -999 -999 -999 -999
IBTr 36W MANNY     931212 1200 109N 1157E -99 -99 0998 1010 0100 15 010 -999 -999 -999 -999 -999 -999
IBTr 36W MANNY     931212 1800 109N 1150E -99 -99 0998 1010 0100 15 010 -999 -999 -999 -999 -999 -999
IBTr 36W MANNY     931213 0000 109N 1142E -99 -99 0998 1010 0100 15 010 -999 -999 -999 -999 -999 -999
IBTr 36W MANNY     931213 0600 108N 1134E -99 -99 0996 1010 0100 18 010 -999 -999 -999 -999 -999 -999
IBTr 36W MANNY     931213 1200 107N 1125E -99 -99 0996 1010 0100 18 010 -999 -999 -999 -999 -999 -999
IBTr 36W MANNY     931213 1800 105N 1116E -99 -99 0996 1010 0100 18 010 -999 -999 -999 -999 -999 -999
IBTr 36W MANNY     931214 0000 101N 1104E -99 -99 0996 1010 0100 18 010 -999 -999 -999 -999 -999 -999
IBTr 36W MANNY     931214 0600 93N  1092E -99 -99 0998 1010 0100 18 010 -999 -999 -999 -999 -999 -999
IBTr 36W MANNY     931214 1200 82N  1078E -99 -99 1002 1010 0090 18 009 -999 -999 -999 -999 -999 -999
IBTr 36W MANNY     931214 1800 74N  1062E -99 -99 1004 1010 0090 18 009 -999 -999 -999 -999 -999 -999
IBTr 36W MANNY     931215 0000 71N  1049E -99 -99 1004 1010 0090 15 009 -999 -999 -999 -999 -999 -999
IBTr 36W MANNY     931215 0600 70N  1036E -99 -99 1006 1010 0080 15 008 -999 -999 -999 -999 -999 -999
IBTr 36W MANNY     931215 1200 71N  1023E -99 -99 1006 1010 0080 12 008 -999 -999 -999 -999 -999 -999
IBTr 36W MANNY     931215 1800 72N  1011E -99 -99 1008 1010 0080 12 008 -999 -999 -999 -999 -999 -999
IBTr 36W MANNY     931216 0000 73N  1000E -99 -99 1008 1010 0080 12 008 -999 -999 -999 -999 -999 -999
