IBTr 31W NOTNAMED  931112 0600 85N  1770E -99 -99 -999 1010 0000 07 000 -999 -999 -999 -999 -999 -999
IBTr 31W NOTNAMED  931112 1200 85N  1766E -99 -99 -999 1010 0000 07 000 -999 -999 -999 -999 -999 -999
IBTr 31W NOTNAMED  931112 1800 84N  1762E -99 -99 -999 1010 0000 07 000 -999 -999 -999 -999 -999 -999
IBTr 31W NOTNAMED  931113 0000 83N  1757E -99 -99 -999 1010 0000 07 000 -999 -999 -999 -999 -999 -999
IBTr 31W NOTNAMED  931113 0600 83N  1751E -99 -99 -999 1010 0000 07 000 -999 -999 -999 -999 -999 -999
IBTr 31W NOTNAMED  931113 1200 83N  1750E -99 -99 -999 1010 0000 07 000 -999 -999 -999 -999 -999 -999
IBTr 31W NOTNAMED  931113 1800 83N  1749E -99 -99 -999 1010 0000 07 000 -999 -999 -999 -999 -999 -999
IBTr 31W NOTNAMED  931114 0000 83N  1748E -99 -99 -999 1010 0000 07 000 -999 -999 -999 -999 -999 -999
IBTr 31W NOTNAMED  931114 0600 83N  1747E -99 -99 -999 1010 0000 07 000 -999 -999 -999 -999 -999 -999
IBTr 31W NOTNAMED  931114 1200 84N  1745E -99 -99 -999 1010 0000 07 000 -999 -999 -999 -999 -999 -999
IBTr 31W NOTNAMED  931114 1800 85N  1743E -99 -99 -999 1010 0000 07 000 -999 -999 -999 -999 -999 -999
IBTr 31W NOTNAMED  931115 0000 87N  1741E -99 -99 -999 1010 0000 07 000 -999 -999 -999 -999 -999 -999
IBTr 31W NOTNAMED  931115 0600 89N  1739E -99 -99 -999 1010 0000 07 000 -999 -999 -999 -999 -999 -999
IBTr 31W NOTNAMED  931115 1200 92N  1733E -99 -99 -999 1010 0000 07 000 -999 -999 -999 -999 -999 -999
IBTr 31W NOTNAMED  931115 1800 95N  1723E -99 -99 -999 1010 0000 07 000 -999 -999 -999 -999 -999 -999
IBTr 31W NOTNAMED  931116 0000 98N  1710E -99 -99 -999 1010 0000 07 000 -999 -999 -999 -999 -999 -999
IBTr 31W NOTNAMED  931116 0600 101N 1696E -99 -99 -999 1010 0000 10 000 -999 -999 -999 -999 -999 -999
IBTr 31W NOTNAMED  931116 1200 106N 1681E -99 -99 -999 1010 0000 10 000 -999 -999 -999 -999 -999 -999
IBTr 31W NOTNAMED  931116 1800 111N 1668E -99 -99 -999 1010 0000 10 000 -999 -999 -999 -999 -999 -999
IBTr 31W NOTNAMED  931117 0000 112N 1658E -99 -99 -999 1010 0000 10 000 -999 -999 -999 -999 -999 -999
IBTr 31W NOTNAMED  931117 0600 114N 1645E -99 -99 -999 1010 0000 10 000 -999 -999 -999 -999 -999 -999
IBTr 31W NOTNAMED  931117 1200 118N 1634E -99 -99 -999 1010 0000 10 000 -999 -999 -999 -999 -999 -999
IBTr 31W NOTNAMED  931117 1800 127N 1624E -99 -99 -999 1010 0000 10 000 -999 -999 -999 -999 -999 -999
IBTr 31W NOTNAMED  931118 0000 138N 1618E -99 -99 -999 1010 0000 10 000 -999 -999 -999 -999 -999 -999
IBTr 31W NOTNAMED  931118 0600 145N 1614E -99 -99 -999 1010 0000 12 000 -999 -999 -999 -999 -999 -999
IBTr 31W NOTNAMED  931118 1200 148N 1607E -99 -99 -999 1010 0000 12 000 -999 -999 -999 -999 -999 -999
IBTr 31W NOTNAMED  931118 1800 151N 1596E -99 -99 -999 1010 0000 12 000 -999 -999 -999 -999 -999 -999
IBTr 31W NOTNAMED  931119 0000 152N 1582E -99 -99 -999 1010 0000 12 000 -999 -999 -999 -999 -999 -999
IBTr 31W NOTNAMED  931119 0600 153N 1568E -99 -99 -999 1010 0000 10 000 -999 -999 -999 -999 -999 -999
