IBTr 34W LOLA      931127 0600 50N  1716E -99 -99 -999 1010 0000 05 000 -999 -999 -999 -999 -999 -999
IBTr 34W LOLA      931127 1200 51N  1702E -99 -99 -999 1010 0000 05 000 -999 -999 -999 -999 -999 -999
IBTr 34W LOLA      931127 1800 53N  1688E -99 -99 -999 1010 0000 05 000 -999 -999 -999 -999 -999 -999
IBTr 34W LOLA      931128 0000 55N  1676E -99 -99 -999 1010 0000 05 000 -999 -999 -999 -999 -999 -999
IBTr 34W LOLA      931128 0600 57N  1666E -99 -99 -999 1010 0000 05 000 -999 -999 -999 -999 -999 -999
IBTr 34W LOLA      931128 1200 59N  1656E -99 -99 -999 1010 0000 05 000 -999 -999 -999 -999 -999 -999
IBTr 34W LOLA      931128 1800 61N  1645E -99 -99 -999 1010 0000 07 000 -999 -999 -999 -999 -999 -999
IBTr 34W LOLA      931129 0000 63N  1633E -99 -99 -999 1010 0000 07 000 -999 -999 -999 -999 -999 -999
IBTr 34W LOLA      931129 0600 65N  1618E -99 -99 -999 1010 0000 07 000 -999 -999 -999 -999 -999 -999
IBTr 34W LOLA      931129 1200 67N  1602E -99 -99 -999 1010 0000 07 000 -999 -999 -999 -999 -999 -999
IBTr 34W LOLA      931129 1800 68N  1585E -99 -99 -999 1010 0000 07 000 -999 -999 -999 -999 -999 -999
IBTr 34W LOLA      931130 0000 69N  1567E -99 -99 -999 1010 0000 10 000 -999 -999 -999 -999 -999 -999
IBTr 34W LOLA      931130 0600 69N  1550E -99 -99 -999 1010 0000 10 000 -999 -999 -999 -999 -999 -999
IBTr 34W LOLA      931130 1200 70N  1534E -99 -99 -999 1010 0000 10 000 -999 -999 -999 -999 -999 -999
IBTr 34W LOLA      931130 1800 70N  1518E -99 -99 -999 1010 0000 10 000 -999 -999 -999 -999 -999 -999
IBTr 34W LOLA      931201 0000 72N  1502E -99 -99 -999 1010 0000 10 000 -999 -999 -999 -999 -999 -999
IBTr 34W LOLA      931201 0600 69N  1486E -99 -99 1004 1010 0090 12 009 -999 -999 -999 -999 -999 -999
IBTr 34W LOLA      931201 1200 71N  1470E -99 -99 1004 1010 0090 12 009 -999 -999 -999 -999 -999 -999
IBTr 34W LOLA      931201 1800 75N  1453E -99 -99 1004 1010 0090 12 009 -999 -999 -999 -999 -999 -999
IBTr 34W LOLA      931202 0000 82N  1437E -99 -99 1004 1010 0090 15 009 -999 -999 -999 -999 -999 -999
IBTr 34W LOLA      931202 0600 89N  1420E -99 -99 1004 1010 0090 15 009 -999 -999 -999 -999 -999 -999
IBTr 34W LOLA      931202 1200 98N  1403E -99 -99 1002 1010 0090 15 009 -999 -999 -999 -999 -999 -999
IBTr 34W LOLA      931202 1800 104N 1384E -99 -99 1000 1010 0100 18 010 -999 -999 -999 -999 -999 -999
IBTr 34W LOLA      931203 0000 111N 1362E -99 -99 0996 1010 0100 20 010 -999 -999 -999 -999 -999 -999
IBTr 34W LOLA      931203 0600 116N 1341E -99 -99 0990 1010 0110 23 011 -999 -999 -999 -999 -999 -999
IBTr 34W LOLA      931203 1200 121N 1324E -99 -99 0985 1010 0120 25 012 -999 -999 -999 -999 -999 -999
IBTr 34W LOLA      931203 1800 127N 1308E -99 -99 0985 1010 0120 25 012 -999 -999 -999 -999 -999 -999
IBTr 34W LOLA      931204 0000 134N 1294E -99 -99 0980 1010 0120 28 012 -999 -999 -999 -999 -999 -999
IBTr 34W LOLA      931204 0600 138N 1280E -99 -99 0975 1010 0130 30 013 -999 -999 -999 -999 -999 -999
IBTr 34W LOLA      931204 1200 141N 1268E -99 -99 0970 1010 0130 33 013 -999 -999 -999 -999 -999 -999
IBTr 34W LOLA      931204 1800 142N 1258E -99 -99 0965 1010 0130 36 013 -999 -999 -999 -999 -999 -999
IBTr 34W LOLA      931205 0000 143N 1248E -99 -99 0960 1010 0130 38 013 -999 -999 -999 -999 -999 -999
IBTr 34W LOLA      931205 0600 143N 1238E -99 -99 0955 1010 0130 41 013 -999 -999 -999 -999 -999 -999
IBTr 34W LOLA      931205 1200 141N 1230E -99 -99 0960 1010 0130 38 013 -999 -999 -999 -999 -999 -999
IBTr 34W LOLA      931205 1800 139N 1222E -99 -99 0965 1010 0130 36 013 -999 -999 -999 -999 -999 -999
IBTr 34W LOLA      931206 0000 137N 1210E -99 -99 0975 1010 0130 30 013 -999 -999 -999 -999 -999 -999
IBTr 34W LOLA      931206 0600 134N 1200E -99 -99 0980 1010 0120 28 012 -999 -999 -999 -999 -999 -999
IBTr 34W LOLA      931206 1200 131N 1191E -99 -99 0980 1010 0120 28 012 -999 -999 -999 -999 -999 -999
IBTr 34W LOLA      931206 1800 127N 1183E -99 -99 0980 1010 0120 28 012 -999 -999 -999 -999 -999 -999
IBTr 34W LOLA      931207 0000 123N 1175E -99 -99 0980 1010 0120 28 012 -999 -999 -999 -999 -999 -999
IBTr 34W LOLA      931207 0600 120N 1167E -99 -99 0980 1010 0120 28 012 -999 -999 -999 -999 -999 -999
IBTr 34W LOLA      931207 1200 117N 1156E -99 -99 0980 1010 0120 28 012 -999 -999 -999 -999 -999 -999
IBTr 34W LOLA      931207 1800 114N 1147E -99 -99 0975 1010 0130 30 013 -999 -999 -999 -999 -999 -999
IBTr 34W LOLA      931208 0000 112N 1134E -99 -99 0970 1010 0130 33 013 -999 -999 -999 -999 -999 -999
IBTr 34W LOLA      931208 0600 112N 1119E -99 -99 0965 1010 0130 36 013 -999 -999 -999 -999 -999 -999
IBTr 34W LOLA      931208 1200 114N 1104E -99 -99 0960 1010 0130 38 013 -999 -999 -999 -999 -999 -999
IBTr 34W LOLA      931208 1800 119N 1090E -99 -99 0970 1010 0130 33 013 -999 -999 -999 -999 -999 -999
IBTr 34W LOLA      931209 0000 126N 1075E -99 -99 0985 1010 0120 25 012 -999 -999 -999 -999 -999 -999
IBTr 34W LOLA      931209 0600 133N 1060E -99 -99 1000 1010 0100 18 010 -999 -999 -999 -999 -999 -999
IBTr 34W LOLA      931209 1200 139N 1050E -99 -99 1004 1010 0090 12 009 -999 -999 -999 -999 -999 -999
IBTr 34W LOLA      931209 1800 135N 1050E -99 -99 1006 1010 0090 -9 009 -999 -999 -999 -999 -999 -999
