NHC  01E ONE       170509 1800 092N 0911W 300 026 1006 1010 0278 15 093 -999 -999 -999 -999 -999 -999
NHC  01E ONE       170510 0000 094N 0921W 285 041 1005 1010 0278 18 046 -999 0056 0056 00569 -999 -999 -999
NHC  01E ADRIAN    170510 0600 098N 0925W 295 036 1005 1010 0278 18 046 -999 -999 0074 00749 -999 -999 -999
NHC  01E ADRIAN    170510 1200 101N 0925W 310 031 1004 1009 0222 21 046 -999 -999 0111 00939 -999 -999 -999
NHC  01E ADRIAN    170510 1800 104N 0926W 315 026 1005 1009 0222 18 046 -999 -999 0111 00939 -999 -999 -999
NHC  01E ADRIAN    170511 0000 104N 0929W 305 015 1005 1009 0222 15 056 -999 -999 -999 -999 -999 -999
NHC  01E ADRIAN    170511 0600 107N 0933W 310 021 1008 1010 0222 13 056 -999 -999 -999 -999 -999 -999
NHC  01E ADRIAN    170511 1200 111N 0936W 315 026 1008 1010 0222 13 056 -999 -999 -999 -999 -999 -999
NHC  01E ADRIAN    170511 1800 115N 0937W 325 021 1009 1011 0222 10 056 -999 -999 -999 -999 -999 -999
NHC  01E ADRIAN    170512 0000 118N 0939W 325 021 1009 1011 0222 10 074 -999 -999 -999 -999 -999 -999
