JTWC 03B THREE     171129 1800 066N 0788E 285 047 1003 1007 0333 18 074 -999 0130 0148 0111
JTWC 03B THREE     171130 0000 075N 0773E 290 057 1003 1009 0333 20 074 0093 0130 0148 0111
JTWC 03B THREE     171130 0600 078N 0766E 295 057 0985 1009 0352 26 074 0111 0130 0148 0111
JTWC 03B OCKHI     171130 1200 084N 0756E 300 062 0995 1009 0352 28 074 0167 0121 0185 0121
JTWC 03B OCKHI     171130 1800 085N 0747E 295 057 0990 1007 0389 31 074 0167 0130 0111 0158
JTWC 03B OCKHI     171201 0000 087N 0742E 290 042 0988 1007 0324 31 074 0222 0167 0148 0195
JTWC 03B OCKHI     171201 0600 088N 0735E 285 042 0976 1008 0333 36 027 0121 0148 0167 0111
JTWC 03B OCKHI     171201 1200 089N 0726E 285 042 0972 1006 0352 36 018 0222 0167 0139 0204
JTWC 03B OCKHI     171201 1800 092N 0720E 285 037 0975 1007 0343 41 027 0148 0195 0185 0158
JTWC 03B OCKHI     171202 0000 094N 0715E 290 032 0970 1007 0370 43 037 0241 0185 0176 0204
JTWC 03B OCKHI     171202 0600 099N 0710E 300 032 0971 1008 0370 43 022 0241 0185 0176 0204
JTWC 03B OCKHI     171202 1200 106N 0704E 310 037 0964 1008 0389 48 027 0241 0185 0176 0204
JTWC 03B OCKHI     171202 1800 113N 0698E 320 042 0961 1009 0398 51 027 0250 0204 0176 0185
JTWC 03B OCKHI     171203 0000 117N 0693E 315 042 0965 1009 0398 48 027 0259 0222 0204 0222
JTWC 03B OCKHI     171203 0600 120N 0688E 310 037 0975 1008 0333 41 027 0259 0222 0204 0222
JTWC 03B OCKHI     171203 1200 128N 0687E 325 032 0977 1007 0333 38 027 0278 0204 0241 0278
JTWC 03B OCKHI     171203 1800 137N 0686E 340 037 0979 1008 0333 38 027 0241 0204 0204 0204
JTWC 03B OCKHI     171204 0000 143N 0687E 000 042 0980 1006 0352 36 027 0287 0250 0167 0250
JTWC 03B OCKHI     171204 0600 148N 0687E 000 037 0983 1008 0352 36 027 0195 0176 0176 0222
JTWC 03B OCKHI     171204 1200 154N 0689E 010 032 0984 1007 0352 33 037 0232 0241 0158 0195
JTWC 03B OCKHI     171204 1800 165N 0696E 025 042 0990 1009 0370 31 037 0241 0232 0158 0195
JTWC 03B OCKHI     171205 0000 179N 0708E 035 062 0990 1008 0370 31 046 0222 0241 0158 0167
JTWC 03B OCKHI     171205 0600 182N 0706E 030 052 0999 1008 0370 23 046 0167 0185 0130 0148
