JTWC 03W THREE     170424 1800 124N 1364E 280 052 1007 1009 0315 13 092 -999 -999 -999 -999
JTWC 03W THREE     170425 0000 124N 1356E 275 047 1004 1010 0315 15 074 -999 -999 -999 -999
JTWC 03W THREE     170425 0600 130N 1360E 295 026 1005 1010 0315 15 074 -999 -999 -999 -999
JTWC 03W THREE     170425 1200 130N 1356E 290 021 1005 1010 0315 15 074 -999 -999 -999 -999
JTWC 03W THREE     170425 1800 130N 1351E 285 021 1003 1009 0315 18 074 0121 0093 -999 -999
JTWC 03W THREE     170426 0000 131N 1348E 285 021 1002 1009 0324 20 046 0093 0111 -999 0074
JTWC 03W MUIFA     170426 0600 135N 1343E 295 026 1002 1009 0324 20 046 0093 0111 -999 0074
JTWC 03W MUIFA     170426 1200 142N 1341E 320 026 1002 1009 0139 20 046 0093 0084 0056 0074
JTWC 03W MUIFA     170426 1800 146N 1343E 340 026 1002 1009 0269 20 046 0074 0065 -999 -999
JTWC 03W MUIFA     170427 0000 150N 1345E 005 026 1002 1009 0269 20 046 0102 0093 -999 0084
JTWC 03W MUIFA     170427 0600 159N 1347E 015 037 1005 1009 0269 18 046 0102 0093 -999 0084
JTWC 03W MUIFA     170427 1200 170N 1348E 010 042 1005 1009 0269 15 046 -999 -999 -999 -999
JTWC 03W MUIFA     170427 1800 179N 1347E 005 047 1007 1009 0269 13 046 -999 -999 -999 -999
JTWC 03W MUIFA     170428 0000 185N 1353E 010 047 1007 1009 0269 10 046 -999 -999 -999 -999
