JTWC 04S FOUR      170204 1200 167S 0565E 175 037 0996 1010 0352 18 055 -999 -999 -999 -999
JTWC 04S CARLOS    170204 1800 171S 0563E 195 032 1000 1011 0315 18 037 0047 0056 0056 0047
JTWC 04S CARLOS    170205 0000 174S 0566E 185 026 0998 1010 0296 18 037 0047 0056 0056 0047
JTWC 04S CARLOS    170205 0600 174S 0568E 160 016 0996 1010 0296 18 037 0047 0056 0056 0047
JTWC 04S CARLOS    170205 1200 175S 0570E 130 011 0989 1010 0296 23 037 0065 0065 0065 0065
JTWC 04S CARLOS    170205 1800 177S 0577E 110 021 0990 1010 0315 28 037 0074 0111 0093 0084
JTWC 04S CARLOS    170206 0000 178S 0579E 110 021 0990 1009 0324 28 037 0074 0111 0093 0084
JTWC 04S CARLOS    170206 0600 178S 0575E 120 011 0982 1009 0324 28 037 0074 0111 0093 0084
JTWC 04S CARLOS    170206 1200 181S 0572E 200 011 0982 1009 0324 28 037 0074 0111 0093 0084
JTWC 04S CARLOS    170206 1800 185S 0571E 210 016 0991 1008 0306 28 037 0158 0167 0139 0139
JTWC 04S CARLOS    170207 0000 190S 0567E 210 026 0997 1008 0306 23 037 0158 0167 0139 0139
JTWC 04S CARLOS    170207 0600 195S 0554E 230 037 0999 1008 0306 23 037 0084 0167 0167 0084
JTWC 04S CARLOS    170207 1200 200S 0544E 240 052 1000 1006 0315 23 055 0084 0167 0167 0084
JTWC 04S CARLOS    170207 1800 206S 0538E 235 047 1002 1008 0315 23 055 0084 0167 0167 0084
JTWC 04S CARLOS    170208 0000 211S 0534E 230 042 1001 1008 0315 20 055 0084 0167 0167 0084
JTWC 04S CARLOS    170208 0600 220S 0529E 215 042 1000 1008 0407 20 055 0130 0167 0167 0111
JTWC 04S CARLOS    170208 1200 225S 0525E 210 042 0999 1007 0343 20 055 0130 0167 0167 0111
JTWC 04S CARLOS    170208 1800 230S 0525E 200 032 0990 1009 0352 23 055 0130 0167 0167 0111
JTWC 04S CARLOS    170209 0000 236S 0532E 170 026 0990 1007 0315 28 037 0130 0167 0130 0093
JTWC 04S CARLOS    170209 0600 239S 0535E 155 032 0978 1007 0315 31 037 0130 0167 0130 0093
JTWC 04S CARLOS    170209 1200 245S 0544E 140 037 0978 1007 0315 31 037 0130 0167 0130 0093
JTWC 04S CARLOS    170209 1800 252S 0551E 135 047 0988 1009 0333 31 037 0130 0167 0130 0093
JTWC 04S CARLOS    170210 0000 264S 0564E 135 062 0986 1007 0333 31 037 0130 0167 0130 0093
JTWC 04S CARLOS    170210 0600 273S 0578E 135 072 0982 1007 0333 28 037 0213 0167 0130 0111
JTWC 04S CARLOS    170210 1200 281S 0600E 125 093 0989 1007 0333 23 037 0176 0158 0130 0111
JTWC 04S CARLOS    170210 1800 287S 0606E 125 083 0995 1007 0333 23 037 0176 0158 0130 0111
JTWC 04S CARLOS    170211 0000 293S 0627E 120 088 0998 1009 0417 20 037 0213 0185 0148 0185
JTWC 04S CARLOS    170211 0600 299S 0642E 115 083 0998 1009 0417 20 037 0213 0185 0148 0185
JTWC 04S CARLOS    170211 1200 305S 0652E 120 072 0994 1009 0417 23 037 0213 0185 0148 0185
