JTWC 07W SEVEN     170720 1800 277N 1581E 295 032 1006 1011 0296 13 092 -999 -999 -999 -999
JTWC 07W SEVEN     170721 0000 282N 1574E 295 037 1004 1012 0278 15 074 -999 -999 -999 -999
JTWC 07W NORU      170721 0600 282N 1557E 285 052 1003 1010 0278 15 074 -999 -999 -999 -999
JTWC 07W NORU      170721 1200 279N 1551E 275 047 1000 1010 0278 18 074 0232 0306 0111 0185
JTWC 07W NORU      170721 1800 285N 1538E 280 047 0999 1010 0315 18 111 0232 0306 0111 0185
JTWC 07W NORU      170722 0000 287N 1537E 290 037 0996 1010 0315 20 111 0232 0306 0148 0185
JTWC 07W NORU      170722 0600 282N 1531E 270 026 0993 1010 0343 23 111 0232 0306 0148 0185
JTWC 07W NORU      170722 1200 281N 1524E 265 032 0995 1010 0343 23 064 0232 0195 0111 0158
JTWC 07W NORU      170722 1800 283N 1522E 275 021 0991 1007 0352 26 064 0232 0195 0111 0158
JTWC 07W NORU      170723 0600 279N 1512E 260 021 0985 1007 0352 28 055 0213 0158 0111 0158
JTWC 07W NORU      170723 1200 280N 1514E 245 016 0964 1007 0370 43 018 0167 0167 0139 0167
JTWC 07W NORU      170723 1800 275N 1515E 165 016 0959 1006 0370 43 012 0167 0167 0139 0167
JTWC 07W NORU      170724 0000 272N 1523E 130 021 0956 1005 0352 46 018 0167 0167 0139 0167
JTWC 07W NORU      170724 0600 268N 1532E 125 037 0967 1005 0370 41 018 0176 0176 0176 0176
JTWC 07W NORU      170724 1200 263N 1544E 115 052 0969 1005 0370 41 018 0176 0176 0176 0176
JTWC 07W NORU      170724 1800 256N 1557E 115 057 0969 1005 0370 41 018 0176 0176 0176 0176
JTWC 07W NORU      170725 0000 256N 1566E 110 057 0964 1004 0370 43 018 0176 0176 0176 0176
JTWC 07W NORU      170725 0600 259N 1576E 095 052 0961 1003 0407 43 027 0241 0241 0213 0213
JTWC 07W NORU      170725 1200 262N 1582E 075 042 0965 1003 0407 41 027 0241 0241 0222 0185
JTWC 07W NORU      170725 1800 270N 1584E 050 037 0968 1003 0407 38 018 0269 0232 0204 0176
JTWC 07W NORU      170726 0000 281N 1579E 005 037 0967 1003 0407 38 022 0269 0232 0204 0176
JTWC 07W NORU      170726 0600 290N 1569E 340 052 0963 1003 0389 41 018 0333 0296 0213 0241
JTWC 07W NORU      170726 1200 298N 1556E 320 062 0963 1003 0352 41 022 0352 0232 0213 0241
JTWC 07W NORU      170726 1800 304N 1539E 305 072 0974 1003 0352 33 022 0352 0232 0213 0241
JTWC 07W NORU      170727 0000 306N 1520E 290 077 0976 1003 0324 33 027 0250 0148 0130 0213
JTWC 07W NORU      170727 0600 309N 1505E 285 077 0971 1005 0333 38 018 0250 0148 0130 0213
JTWC 07W NORU      170727 1200 307N 1484E 275 083 0971 1005 0352 38 018 0250 0148 0130 0213
JTWC 07W NORU      170727 1800 303N 1468E 265 077 0975 1003 0278 33 018 0315 0204 0130 0259
JTWC 07W NORU      170728 0000 295N 1453E 255 083 0975 1002 0306 33 018 0315 0204 0130 0259
JTWC 07W NORU      170728 0600 289N 1445E 245 067 0975 1003 0333 33 018 0315 0204 0130 0259
JTWC 07W NORU      170728 1200 283N 1437E 235 057 0975 1003 0352 33 018 0315 0204 0130 0259
JTWC 07W NORU      170728 1800 277N 1431E 230 047 0975 1001 0352 33 018 0111 0102 0139 0176
JTWC 07W NORU      170729 0000 267N 1428E 215 047 0976 1001 0361 33 018 0111 0102 0139 0176
JTWC 07W NORU      170729 0600 262N 1422E 215 042 0976 1001 0370 33 027 0102 0093 0130 0167
JTWC 07W NORU      170729 1200 253N 1419E 205 047 0973 1001 0370 36 027 0102 0093 0139 0167
JTWC 07W NORU      170729 1800 245N 1416E 200 047 0980 1001 0370 31 027 0130 0130 0167 0158
JTWC 07W NORU      170730 0000 238N 1415E 195 042 0980 1001 0370 31 027 0130 0130 0167 0158
JTWC 07W NORU      170730 0600 233N 1415E 190 037 0973 1001 0370 36 027 0158 0158 0185 0195
JTWC 07W NORU      170730 1200 229N 1414E 195 026 0954 1003 0407 48 022 0185 0185 0185 0195
JTWC 07W NORU      170730 1800 228N 1409E 215 021 0912 1003 0426 71 022 0250 0222 0241 0259
JTWC 07W NORU      170731 0000 228N 1405E 240 016 0922 1003 0426 66 022 0250 0222 0241 0259
JTWC 07W NORU      170731 0600 229N 1398E 270 026 0924 1003 0389 66 022 0204 0222 0222 0204
JTWC 07W NORU      170731 1200 230N 1392E 280 026 0931 1005 0407 64 022 0204 0222 0222 0204
JTWC 07W NORU      170731 1800 233N 1388E 290 026 0941 1003 0389 56 022 0232 0269 0250 0259
JTWC 07W NORU      170801 0000 236N 1383E 295 026 0946 1004 0398 54 022 0259 0259 0222 0259
JTWC 07W NORU      170801 0600 240N 1377E 305 032 0950 1004 0398 51 022 0259 0259 0222 0259
JTWC 07W NORU      170801 1200 245N 1372E 310 032 0959 1005 0398 46 040 0241 0241 0204 0241
JTWC 07W NORU      170801 1800 250N 1366E 310 037 0959 1005 0380 46 055 0232 0241 0213 0222
JTWC 07W NORU      170802 0000 254N 1363E 320 032 0943 1002 0380 54 027 0232 0222 0204 0222
JTWC 07W NORU      170802 0600 259N 1359E 320 032 0947 1002 0380 51 046 0250 0241 0222 0241
JTWC 07W NORU      170802 1200 262N 1357E 325 026 0945 1001 0380 51 049 0250 0241 0222 0241
JTWC 07W NORU      170802 1800 267N 1355E 330 026 0949 1001 0380 48 064 0250 0241 0222 0241
JTWC 07W NORU      170803 0000 275N 1348E 330 032 0953 1001 0380 46 064 0250 0241 0222 0241
JTWC 07W NORU      170803 0600 280N 1341E 320 042 0956 1000 0352 43 055 0315 0232 0185 0232
JTWC 07W NORU      170803 1200 283N 1332E 310 047 0964 1000 0352 38 055 0315 0232 0185 0232
JTWC 07W NORU      170803 1800 284N 1324E 295 042 0964 1000 0352 38 055 0296 0232 0185 0232
JTWC 07W NORU      170804 0000 285N 1316E 285 042 0966 1002 0361 38 055 0296 0232 0185 0232
JTWC 07W NORU      170804 0600 287N 1311E 285 032 0964 1002 0370 38 046 0296 0232 0232 0278
JTWC 07W NORU      170804 1800 292N 1304E 305 021 0961 1002 0370 41 055 0222 0222 0167 0185
JTWC 07W NORU      170805 0000 297N 1303E 325 021 0962 1003 0343 41 046 0259 0213 0195 0222
JTWC 07W NORU      170805 0600 300N 1302E 340 021 0962 1003 0343 41 046 0222 0195 0167 0195
JTWC 07W NORU      170805 1200 299N 1299E 330 016 0964 1001 0352 38 037 0222 0195 0167 0195
JTWC 07W NORU      170805 1800 302N 1304E 010 011 0969 1000 0343 33 037 0204 0195 0213 0195
JTWC 07W NORU      170806 0000 307N 1309E 040 016 0971 1000 0333 33 037 0204 0195 0213 0195
JTWC 07W NORU      170806 0600 311N 1315E 045 026 0968 0998 0370 33 012 0204 0195 0213 0195
JTWC 07W NORU      170806 1200 317N 1324E 050 042 0968 0998 0370 33 031 0204 0195 0213 0195
JTWC 07W NORU      170806 1800 324N 1330E 045 042 0968 0998 0370 33 022 0204 0195 0213 0195
JTWC 07W NORU      170807 0000 332N 1340E 045 052 0968 0998 0370 33 022 0204 0195 0213 0195
JTWC 07W NORU      170807 0600 340N 1351E 045 057 0968 0998 0370 33 022 0204 0195 0213 0195
JTWC 07W NORU      170807 1200 349N 1367E 050 067 0977 1000 0370 28 022 0204 0195 0213 0195
JTWC 07W NORU      170807 1800 361N 1371E 040 067 0985 0996 0370 15 055 -999 -999 -999 -999
JTWC 07W NORU      170808 0000 372N 1377E 035 067 0988 0996 0370 13 055 -999 -999 -999 -999
JTWC 07W NORU      170808 0600 380N 1382E 030 052 0984 0996 0389 15 083 -999 -999 -999 -999
JTWC 07W NORU      170808 1200 384N 1391E 035 047 0986 0996 0389 13 083 -999 -999 -999 -999
JTWC 07W NORU      170808 1800 391N 1397E 045 042 0988 0996 0389 10 083 -999 -999 -999 -999
JTWC 07W NORU      170809 0000 391N 1396E 045 026 0988 0996 0389 10 083 -999 -999 -999 -999
