JTWC 08W EIGHT     170721 0600 177N 1140E 320 047 1004 1008 0185 15 064 -999 -999 -999 -999
JTWC 08W EIGHT     170721 1200 180N 1131E 305 047 1004 1008 0185 15 064 -999 -999 -999 -999
JTWC 08W EIGHT     170721 1800 181N 1126E 295 037 1004 1008 0185 13 064 -999 -999 -999 -999
JTWC 08W EIGHT     170722 0000 182N 1122E 285 026 1004 1008 0185 13 064 -999 -999 -999 -999
JTWC 08W EIGHT     170722 0600 179N 1120E 280 026 1003 1008 0185 15 064 -999 -999 -999 -999
JTWC 08W EIGHT     170722 1200 177N 1117E 270 026 1003 1008 0185 15 064 -999 -999 -999 -999
JTWC 08W EIGHT     170722 1800 178N 1112E 275 021 1003 1006 0185 15 064 -999 -999 -999 -999
JTWC 08W EIGHT     170723 0600 176N 1113E 270 016 1000 1005 0241 18 064 -999 0065 0065 -999
JTWC 08W SONCA     170723 1200 174N 1116E 235 006 0998 1004 0250 18 064 -999 0065 0065 -999
JTWC 08W SONCA     170723 1800 169N 1116E 180 011 0996 1004 0250 18 064 -999 0065 0065 -999
JTWC 08W SONCA     170724 0000 170N 1114E 180 011 0993 1003 0250 20 064 0074 0084 0084 0074
JTWC 08W SONCA     170724 0600 170N 1109E 240 016 0995 1004 0259 20 037 0074 0084 0084 0074
JTWC 08W SONCA     170724 1200 168N 1106E 265 016 0995 1002 0259 20 037 0074 0084 0084 0074
JTWC 08W SONCA     170724 1800 167N 1098E 260 026 0993 1002 0259 23 037 0074 0084 0084 0093
JTWC 08W SONCA     170725 0000 167N 1086E 265 037 0993 1002 0259 23 037 0074 0084 0084 0093
