NHC  09E NINE      170721 1200 090N 0932W 280 093 1008 1011 0334 15 167 -999 -999 -999 -999 -999 -999
NHC  09E NINE      170721 1800 089N 0941W 280 082 1008 1011 0334 15 167 -999 -999 -999 -999 -999 -999
NHC  09E NINE      170722 0000 092N 0951W 280 062 1006 1010 0334 15 056 -999 -999 -999 -999 -999 -999
NHC  09E NINE      170722 0600 094N 0961W 285 057 1006 1010 0334 15 056 -999 -999 -999 -999 -999 -999
NHC  09E NINE      170722 1200 098N 0974W 280 057 1006 1010 0334 15 056 -999 -999 -999 -999 -999 -999
NHC  09E NINE      170722 1800 103N 0988W 285 067 1006 1010 0334 15 056 -999 -999 -999 -999 -999 -999
NHC  09E NINE      170723 0000 112N 0997W 300 067 1006 1010 0334 15 056 -999 -999 -999 -999 -999 -999
NHC  09E HILARY    170723 0600 123N 1010W 300 072 1005 1009 0278 18 056 0111 -999 -999 00569 -999 -999 -999
NHC  09E HILARY    170723 1200 125N 1019W 295 051 1003 1009 0334 21 037 0130 0056 0056 00939 -999 -999 -999
NHC  09E HILARY    170723 1800 130N 1025W 300 041 1001 1009 0334 23 019 0093 0037 0037 01309 -999 -999 -999
NHC  09E HILARY    170724 0000 134N 1032W 295 041 0999 1009 0334 28 019 0093 0074 0056 01307 0037 0019 0037
NHC  09E HILARY    170724 0600 138N 1035W 300 036 0990 1010 0278 33 019 0093 0074 0056 00937 0037 0019 0037
NHC  09E HILARY    170724 1200 141N 1041W 300 036 0990 1010 0278 33 019 0093 0074 0056 00937 0037 0019 0037
NHC  09E HILARY    170724 1800 143N 1046W 300 036 0986 1010 0278 39 019 0111 0074 0056 00937 0037 0028 0037
NHC  09E HILARY    170725 0000 148N 1053W 300 036 0982 1010 0278 41 009 0111 0093 0074 01116 0037 0037 0056
NHC  09E HILARY    170725 0600 151N 1062W 290 046 0975 1010 0278 46 009 0111 0111 0074 01116 0037 0037 0056
NHC  09E HILARY    170725 1200 152N 1073W 285 046 0975 1010 0278 46 009 0111 0111 0074 01116 0037 0037 0056
NHC  09E HILARY    170725 1800 154N 1083W 285 051 0974 1010 0278 46 009 0148 0093 0093 01306 0056 0037 0056
NHC  09E HILARY    170726 0000 159N 1093W 285 051 0973 1010 0278 46 009 0148 0093 0093 01306 0056 0037 0056
NHC  09E HILARY    170726 0600 162N 1105W 285 057 0973 1010 0278 46 009 0148 0093 0093 01306 0056 0037 0056
NHC  09E HILARY    170726 1200 163N 1117W 285 057 0973 1010 0278 46 009 0148 0093 0093 01306 0056 0037 0056
NHC  09E HILARY    170726 1800 166N 1127W 280 057 0972 1010 0297 46 019 0167 0148 0111 01483 0074 0056 0074
NHC  09E HILARY    170727 0000 169N 1137W 285 051 0976 1010 0297 44 019 0167 0148 0111 01483 0074 0056 0074
NHC  09E HILARY    170727 0600 172N 1147W 290 051 0981 1010 0297 39 028 0167 0148 0093 01303 0074 0037 0074
NHC  09E HILARY    170727 1200 174N 1156W 285 046 0986 1010 0297 36 028 0167 0148 0093 01303 0074 0037 0074
NHC  09E HILARY    170727 1800 177N 1163W 290 046 0989 1010 0297 33 028 0167 0148 0093 01303 0074 0037 0074
NHC  09E HILARY    170728 0000 181N 1169W 295 036 0989 1010 0297 33 028 0167 0148 0111 01483 0074 0037 0056
NHC  09E HILARY    170728 0600 185N 1175W 300 036 0992 1010 0297 31 028 0167 0148 0111 01483 0074 0037 0056
NHC  09E HILARY    170728 1200 189N 1181W 305 036 0996 1010 0297 28 028 0167 0148 0111 01483 0074 0037 0056
NHC  09E HILARY    170728 1800 194N 1188W 305 036 0996 1010 0297 28 028 0167 0148 0111 01483 0074 0037 0056
NHC  09E HILARY    170729 0000 200N 1197W 305 046 0996 1010 0297 28 028 0167 0148 0111 01483 0074 0037 0056
NHC  09E HILARY    170729 0600 205N 1204W 305 046 0996 1010 0297 28 028 0111 0111 0093 01117 -999 -999 0037
NHC  09E HILARY    170729 1200 211N 1212W 305 046 0996 1010 0297 28 028 0111 0111 0093 01117 -999 -999 0037
NHC  09E HILARY    170729 1800 219N 1221W 310 051 0996 1010 0297 28 037 0111 0111 0074 01117 -999 -999 0037
NHC  09E HILARY    170730 0000 226N 1231W 310 062 0999 1010 0297 26 037 0130 0111 0074 01119 -999 -999 0037
NHC  09E HILARY    170730 0600 232N 1241W 305 062 1001 1011 0259 23 037 0111 0093 0074 00939 -999 -999 -999
NHC  09E HILARY    170730 1200 237N 1252W 300 057 1005 1011 0259 18 074 0111 0093 -999 00939 -999 -999 -999
NHC  09E HILARY    170730 1800 248N 1266W 305 072 1005 1011 0259 18 074 0093 0074 -999 00749 -999 -999 -999
NHC  09E HILARY    170731 0000 253N 1279W 295 067 1007 1011 0259 15 074 -999 -999 -999 -999 -999 -999
