NHC  09L INVEST    170817 1200 131N 0533W 265 072 1008 1012 0222 15 130 -999 -999 -999 -999 -999 -999
NHC  09L NINE      170817 1800 130N 0550W 265 072 1006 1012 0222 18 056 0056 -999 -999 00569 -999 -999 -999
NHC  09L HARVEY    170818 0000 130N 0566W 270 082 1005 1010 0222 18 056 0093 -999 -999 00939 -999 -999 -999
NHC  09L HARVEY    170818 0600 130N 0583W 270 082 1004 1010 0222 18 056 0093 -999 -999 00939 -999 -999 -999
NHC  09L HARVEY    170818 1200 130N 0603W 270 093 1005 1010 0222 18 074 0111 -999 -999 01119 -999 -999 -999
NHC  09L HARVEY    170818 1800 133N 0621W 275 098 1005 1010 0222 18 111 0111 -999 -999 01119 -999 -999 -999
NHC  09L HARVEY    170819 0000 137N 0632W 280 077 1005 1009 0222 18 111 0111 -999 -999 01119 -999 -999 -999
NHC  09L HARVEY    170819 0600 137N 0650W 275 088 1005 1008 0222 18 111 0111 -999 -999 01119 -999 -999 -999
NHC  09L HARVEY    170819 1200 138N 0670W 275 098 1007 1009 0185 18 111 -999 -999 -999 01119 -999 -999 -999
NHC  09L HARVEY    170819 1800 140N 0690W 275 098 1007 1009 0185 15 111 -999 -999 -999 -999 -999 -999
NHC  09L HARVEY    170820 0000 142N 0708W 275 098 1007 1008 0334 15 111 -999 -999 -999 -999 -999 -999
NHC  09L HARVEY    170820 0600 145N 0733W 275 103 1007 1008 0334 15 111 -999 -999 -999 -999 -999 -999
NHC  09L HARVEY    170820 1200 147N 0755W 275 108 1006 1009 0278 15 111 -999 -999 -999 -999 -999 -999
NHC  09L HARVEY    170820 1800 138N 0767W 270 088 1007 1010 0222 15 111 -999 -999 -999 -999 -999 -999
NHC  09L HARVEY    170821 0000 149N 0784W 280 088 1007 1010 0222 13 167 -999 -999 -999 -999 -999 -999
NHC  09L HARVEY    170821 0600 155N 0804W 285 093 1008 1010 0222 13 167 -999 -999 -999 -999 -999 -999
NHC  09L HARVEY    170821 1200 163N 0823W 290 093 1008 1012 0222 13 167 -999 -999 -999 -999 -999 -999
NHC  09L HARVEY    170821 1800 170N 0845W 290 098 1008 1012 0222 13 167 -999 -999 -999 -999 -999 -999
NHC  09L HARVEY    170822 0000 182N 0870W 295 118 1008 1012 0222 13 167 -999 -999 -999 -999 -999 -999
NHC  09L HARVEY    170822 0600 186N 0878W 295 093 1009 1012 0222 13 167 -999 -999 -999 -999 -999 -999
NHC  09L HARVEY    170822 1200 194N 0892W 295 082 1010 1013 0222 13 167 -999 -999 -999 -999 -999 -999
NHC  09L HARVEY    170822 1800 203N 0898W 305 067 1010 1013 0222 13 167 -999 -999 -999 -999 -999 -999
NHC  09L HARVEY    170823 0000 208N 0910W 305 062 1009 1011 0222 13 167 -999 -999 -999 -999 -999 -999
NHC  09L HARVEY    170823 0600 208N 0915W 300 046 1009 1012 0259 13 167 -999 -999 -999 -999 -999 -999
NHC  09L HARVEY    170823 1200 214N 0925W 305 057 1006 1011 0278 15 185 -999 -999 -999 -999 -999 -999
NHC  09L HARVEY    170823 1800 215N 0925W 360 000 1005 1011 0278 15 185 -999 -999 -999 -999 -999 -999
NHC  09L HARVEY    170824 0000 217N 0924W 360 010 1003 1009 0278 15 111 -999 -999 -999 -999 -999 -999
NHC  09L HARVEY    170824 0600 226N 0926W 350 021 0999 1009 0278 21 111 0185 -999 -999 -999 -999 -999
NHC  09L HARVEY    170824 1200 238N 0930W 345 046 0986 1008 0334 28 056 0185 0056 -999 00936 -999 -999 -999
NHC  09L HARVEY    170824 1800 244N 0936W 335 051 0979 1008 0334 39 028 0148 0074 0056 01116 0037 0037 0056
NHC  09L HARVEY    170825 0000 249N 0943W 315 046 0974 1008 0352 39 019 0167 0093 0074 01116 0037 0037 0056
NHC  09L HARVEY    170825 0600 256N 0951W 315 046 0967 1008 0352 46 019 0222 0093 0074 01676 0056 0037 0056
NHC  09L HARVEY    170825 1200 264N 0959W 315 046 0950 1007 0389 49 019 0222 0167 0148 01853 0074 0074 0056
NHC  09L HARVEY    170825 1800 271N 0963W 325 046 0944 1008 0334 54 028 0222 0167 0148 01853 0074 0074 0074
NHC  09L HARVEY    170826 0000 278N 0968W 325 036 0941 1009 0334 59 028 0222 0167 0148 01301 0074 0074 0074
NHC  09L HARVEY    170826 0600 282N 0971W 325 026 0950 1010 0334 51 019 0222 0185 0130 01303 0093 0056 0074
NHC  09L HARVEY    170826 1200 287N 0972W 335 031 0975 1010 0334 36 019 0222 0185 0130 01303 0093 0056 0074
NHC  09L HARVEY    170826 1800 291N 0976W 330 026 0987 1010 0334 31 019 0139 0185 0056 00933 0093 0037 0074
NHC  09L HARVEY    170827 0000 292N 0974W 060 010 0992 1008 0334 26 037 0093 0185 0056 00936 -999 -999 0056
NHC  09L HARVEY    170827 0600 293N 0975W 360 000 0998 1010 0334 23 037 0093 0185 0056 00939 -999 -999 -999
NHC  09L HARVEY    170827 1200 290N 0975W 160 010 1000 1010 0334 18 185 0278 0185 -999 -999 -999 -999
NHC  09L HARVEY    170827 1800 290N 0972W 120 010 1000 1010 0334 18 167 0222 -999 -999 -999 -999 -999
NHC  09L HARVEY    170828 0000 289N 0968W 120 015 1000 1010 0389 18 167 0222 -999 -999 -999 -999 -999
NHC  09L HARVEY    170828 0600 287N 0964W 120 021 0999 1008 0334 18 167 0278 0278 -999 -999 -999 -999
NHC  09L HARVEY    170828 1200 285N 0961W 125 021 0997 1008 0334 18 167 0278 0278 -999 -999 -999 -999
NHC  09L HARVEY    170828 1800 286N 0959W 110 015 0997 1009 0334 18 111 0278 0278 0111 -999 -999 -999
NHC  09L HARVEY    170829 0000 282N 0954W 120 021 0997 1008 0371 21 111 0278 0278 0111 01119 -999 -999 -999
NHC  09L HARVEY    170829 0600 280N 0950W 120 021 0997 1008 0371 21 111 0278 0278 0111 01119 -999 -999 -999
NHC  09L HARVEY    170829 1200 282N 0946W 105 021 0997 1008 0371 21 111 0259 0259 0111 01119 -999 -999 -999
NHC  09L HARVEY    170829 1800 291N 0944W 045 021 0993 1008 0371 23 111 0185 0259 0111 01119 -999 -999 -999
NHC  09L HARVEY    170830 0000 287N 0939W 055 026 0994 1008 0371 23 111 0185 0259 0111 01119 -999 -999 -999
NHC  09L HARVEY    170830 0600 293N 0935W 030 031 0994 1010 0371 21 093 0130 0130 0130 01309 -999 -999 -999
NHC  09L HARVEY    170830 1200 302N 0935W 010 041 0992 1010 0371 21 074 0074 0130 0130 00749 -999 -999 -999
NHC  09L HARVEY    170830 1800 306N 0933W 020 036 0996 1012 0371 18 130 -999 0222 0130 -999 -999 -999
NHC  09L HARVEY    170831 0000 313N 0926W 030 036 0998 1010 0408 15 148 -999 -999 -999 -999 -999 -999
