NHC  10E TEN       170722 1200 147N 1125W 295 051 1006 1010 0278 15 074 -999 -999 -999 -999 -999 -999
NHC  10E TEN       170722 1800 144N 1132W 280 036 1006 1012 0334 15 074 -999 -999 -999 -999 -999 -999
NHC  10E TEN       170723 0000 145N 1139W 280 041 1006 1012 0334 15 074 -999 -999 -999 -999 -999 -999
NHC  10E TEN       170723 0600 146N 1148W 275 041 1005 1012 0334 18 046 0056 -999 -999 -999 -999 -999
NHC  10E IRWIN     170723 1200 149N 1155W 280 036 1004 1009 0278 18 046 0056 -999 -999 -999 -999 -999
NHC  10E IRWIN     170723 1800 149N 1163W 275 036 1003 1009 0278 21 065 0130 -999 -999 00939 -999 -999 -999
NHC  10E IRWIN     170724 0000 149N 1170W 270 036 1001 1009 0278 23 056 0130 0056 -999 00939 -999 -999 -999
NHC  10E IRWIN     170724 0600 148N 1172W 270 026 1001 1009 0278 23 056 0130 0056 -999 00569 -999 -999 -999
NHC  10E IRWIN     170724 1200 148N 1173W 260 015 0999 1009 0278 26 037 0130 0056 0037 00567 -999 -999 -999
NHC  10E IRWIN     170724 1800 150N 1176W 280 015 0997 1009 0278 28 037 0130 0074 0056 00747 -999 -999 0037
NHC  10E IRWIN     170725 0000 152N 1180W 285 015 0993 1009 0278 31 037 0130 0074 0056 00746 0037 -999 0056
NHC  10E IRWIN     170725 0600 154N 1184W 300 021 0993 1009 0278 31 037 0130 0074 0056 00746 0037 -999 0056
NHC  10E IRWIN     170725 1200 156N 1191W 295 026 0986 1009 0278 36 028 0148 0093 0074 00936 0037 0037 0056
NHC  10E IRWIN     170725 1800 157N 1198W 285 031 0983 1009 0278 39 028 0148 0074 0056 01486 0037 -999 0056
NHC  10E IRWIN     170726 0000 160N 1206W 285 036 0980 1009 0278 41 019 0111 0074 0056 01116 0037 0019 0056
NHC  10E IRWIN     170726 0600 159N 1212W 280 031 0987 1009 0278 36 019 0111 0074 0056 01116 0037 0019 0056
NHC  10E IRWIN     170726 1200 156N 1218W 265 031 0994 1009 0278 28 019 0111 0074 0056 01116 0037 0019 0056
NHC  10E IRWIN     170726 1800 152N 1225W 245 036 0996 1009 0278 26 019 0093 0056 0037 00936 0037 -999 0056
NHC  10E IRWIN     170727 0000 150N 1228W 235 026 0995 1009 0278 26 028 0093 0056 0037 00939 -999 -999 0028
NHC  10E IRWIN     170727 0600 148N 1236W 245 031 0997 1009 0278 26 028 0130 0093 0093 01309 -999 -999 0037
NHC  10E IRWIN     170727 1200 151N 1242W 265 031 1000 1009 0278 23 028 0130 0093 0093 01309 -999 -999 -999
NHC  10E IRWIN     170727 1800 150N 1242W 270 021 1000 1009 0278 26 028 0130 0093 0093 01309 -999 -999 0037
NHC  10E IRWIN     170728 0000 149N 1245W 265 015 1002 1009 0278 23 037 0111 0093 0093 01119 -999 -999 -999
NHC  10E IRWIN     170728 0600 149N 1247W 270 015 1001 1009 0278 23 037 0111 0111 0056 00569 -999 -999 -999
NHC  10E IRWIN     170728 1200 148N 1253W 265 021 0998 1009 0278 26 037 0111 0111 0056 00567 -999 -999 0037
NHC  10E IRWIN     170728 1800 148N 1250W 260 010 0998 1009 0278 26 037 0111 0111 0056 00567 0037 -999 -999
NHC  10E IRWIN     170729 0000 147N 1247W 220 005 0998 1009 0278 26 037 0111 0111 0056 00567 0037 -999 -999
NHC  10E IRWIN     170729 0600 149N 1249W 305 010 0998 1009 0278 26 037 0111 0111 0056 00567 0037 -999 -999
NHC  10E IRWIN     170729 1200 150N 1249W 315 005 0998 1009 0278 26 037 0111 0111 -999 -999 -999 -999
NHC  10E IRWIN     170729 1800 153N 1245W 020 010 0998 1009 0278 26 037 0111 0111 -999 -999 -999 -999
NHC  10E IRWIN     170730 0000 160N 1245W 360 031 1002 1010 0278 23 056 0074 0093 0056 00569 -999 -999 -999
NHC  10E IRWIN     170730 0600 168N 1248W 345 046 1002 1011 0259 23 056 0074 0093 0056 00569 -999 -999 -999
NHC  10E IRWIN     170730 1200 175N 1251W 345 041 0996 1011 0259 28 056 0093 0111 0074 00566 0056 -999 -999
NHC  10E IRWIN     170730 1800 182N 1254W 335 041 0996 1011 0259 28 056 0093 0111 0074 00566 0056 -999 -999
NHC  10E IRWIN     170731 0000 192N 1260W 330 051 1000 1012 0278 28 056 0093 0111 0074 00566 0056 -999 -999
NHC  10E IRWIN     170731 0600 201N 1265W 330 051 1000 1012 0278 26 056 0093 0111 0074 00566 0056 -999 -999
NHC  10E IRWIN     170731 1200 213N 1270W 335 062 1004 1012 0278 23 056 0093 0093 0074 00569 -999 -999 -999
NHC  10E IRWIN     170731 1800 222N 1275W 335 057 1006 1013 0278 21 037 0074 0074 0056 00569 -999 -999 -999
NHC  10E IRWIN     170801 0000 233N 1281W 335 062 1007 1013 0278 21 037 0074 0074 0056 00569 -999 -999 -999
NHC  10E IRWIN     170801 0600 244N 1285W 335 057 1008 1014 0185 18 037 0056 0056 -999 -999 -999 -999
NHC  10E IRWIN     170801 1200 255N 1290W 340 062 1007 1014 0185 18 037 0056 0056 -999 -999 -999 -999
NHC  10E IRWIN     170801 1800 263N 1295W 335 057 1007 1014 0185 15 037 -999 -999 -999 -999 -999 -999
