NHC  11L IRMA      170830 1200 164N 0298W 280 082 1006 1012 0334 21 037 0037 -999 -999 00569 -999 -999 -999
NHC  11L IRMA      170830 1800 163N 0307W 275 067 1004 1011 0371 23 028 0056 0056 -999 00569 -999 -999 -999
NHC  11L IRMA      170831 0000 163N 0318W 270 051 0999 1012 0334 28 028 0093 0074 0056 00747 0037 -999 -999
NHC  11L IRMA      170831 0600 164N 0324W 275 051 0997 1012 0334 31 028 0093 0074 0056 00747 0037 -999 -999
NHC  11L IRMA      170831 1200 167N 0335W 280 051 0990 1012 0334 36 019 0130 0093 0074 01116 0037 0037 0056
NHC  11L IRMA      170831 1800 171N 0343W 290 046 0967 1012 0334 51 009 0130 0093 0074 01116 0037 0037 0056
NHC  11L IRMA      170901 0000 175N 0351W 295 046 0967 1012 0334 51 009 0130 0093 0074 01116 0037 0037 0056
NHC  11L IRMA      170901 0600 180N 0360W 300 051 0967 1012 0334 51 009 0148 0111 0074 01114 0056 0037 0056
NHC  11L IRMA      170901 1200 183N 0372W 295 051 0972 1013 0334 49 019 0148 0111 0074 01114 0056 0037 0056
NHC  11L IRMA      170901 1800 188N 0385W 290 062 0967 1013 0334 51 028 0167 0111 0074 01304 0056 0037 0056
NHC  11L IRMA      170902 0000 191N 0398W 290 062 0964 1013 0334 54 028 0167 0111 0074 01304 0056 0037 0056
NHC  11L IRMA      170902 0600 191N 0411W 270 062 0967 1013 0334 51 028 0111 0093 0074 01114 0056 0037 0056
NHC  11L IRMA      170902 1200 189N 0425W 265 067 0973 1014 0371 49 028 0111 0093 0074 01114 0056 0037 0056
NHC  11L IRMA      170902 1800 187N 0440W 265 072 0973 1014 0371 49 028 0111 0093 0074 01114 0056 0037 0056
NHC  11L IRMA      170903 0000 184N 0456W 260 072 0973 1014 0371 49 028 0111 0093 0074 01114 0056 0037 0056
NHC  11L IRMA      170903 0600 182N 0469W 260 067 0973 1013 0371 49 028 0111 0111 0074 01304 0037 0037 0056
NHC  11L IRMA      170903 1200 178N 0479W 255 062 0969 1013 0408 51 028 0130 0111 0074 01304 0037 0037 0056
NHC  11L IRMA      170903 1800 178N 0492W 260 062 0969 1012 0445 51 028 0222 0148 0093 02221 0074 0056 0093
NHC  11L IRMA      170904 0000 173N 0504W 255 062 0959 1012 0445 51 028 0222 0148 0093 02221 0074 0056 0093
NHC  11L IRMA      170904 0600 170N 0517W 255 062 0961 1011 0389 51 028 0222 0148 0093 01674 0074 0056 0074
NHC  11L IRMA      170904 1200 168N 0526W 255 057 0944 1012 0445 54 028 0222 0167 0111 01853 0074 0056 0093
NHC  11L IRMA      170904 1800 167N 0539W 260 057 0944 1011 0463 59 028 0222 0185 0130 02041 0093 0074 0093
NHC  11L IRMA      170905 0000 167N 0551W 270 057 0943 1011 0408 62 028 0222 0185 0148 02040 0111 0093 0111
NHC  11L IRMA      170905 0600 166N 0564W 265 062 0939 1011 0408 64 028 0222 0185 0148 02220 0111 0093 0111
NHC  11L IRMA      170905 1200 167N 0578W 270 067 0929 1010 0556 80 028 0259 0204 0148 02418 0130 0093 0130
NHC  11L IRMA      170905 1800 169N 0592W 275 067 0926 1010 0556 82 028 0278 0204 0185 02597 0130 0093 0148
NHC  11L IRMA      170906 0000 172N 0604W 280 062 0916 1009 0371 82 028 0278 0204 0167 02788 0111 0074 0130
NHC  11L IRMA      170906 0600 177N 0619W 285 072 0914 1009 0371 82 028 0278 0204 0167 02788 0111 0093 0130
NHC  11L IRMA      170906 1200 181N 0633W 290 072 0918 1009 0371 82 028 0297 0222 0167 02788 0111 0093 0130
NHC  11L IRMA      170906 1800 185N 0647W 285 072 0918 1009 0371 82 028 0297 0222 0148 02785 0130 0093 0130
NHC  11L IRMA      170907 0000 191N 0660W 290 072 0916 1009 0371 82 028 0297 0222 0148 02785 0130 0093 0130
NHC  11L IRMA      170907 0600 197N 0677W 290 077 0921 1009 0371 80 028 0297 0222 0148 02785 0130 0093 0130
NHC  11L IRMA      170907 1200 201N 0690W 290 077 0921 1009 0371 77 028 0297 0222 0148 02785 0130 0093 0130
NHC  11L IRMA      170907 1800 207N 0704W 290 077 0922 1009 0371 77 028 0297 0222 0148 02785 0130 0093 0130
NHC  11L IRMA      170908 0000 211N 0718W 290 072 0919 1008 0334 77 028 0297 0222 0148 02785 0130 0093 0148
NHC  11L IRMA      170908 0600 215N 0732W 285 072 0925 1008 0334 72 056 0297 0222 0148 02785 0130 0093 0148
NHC  11L IRMA      170908 1200 218N 0747W 285 072 0927 1008 0334 67 056 0297 0222 0148 02785 0167 0093 0148
NHC  11L IRMA      170908 1800 220N 0760W 280 067 0925 1008 0334 69 056 0297 0222 0148 02785 0167 0093 0148
NHC  11L IRMA      170909 0000 221N 0772W 280 062 0924 1007 0445 72 037 0297 0222 0148 02785 0167 0093 0148
NHC  11L IRMA      170909 0600 223N 0783W 280 057 0930 1008 0445 72 028 0297 0297 0222 03155 0167 0093 0148
NHC  11L IRMA      170909 1200 227N 0793W 280 051 0941 1008 0445 59 028 0297 0297 0222 03155 0167 0093 0148
NHC  11L IRMA      170909 1800 231N 0802W 285 051 0941 1008 0445 59 028 0297 0297 0222 03155 0167 0093 0148
NHC  11L IRMA      170910 0000 234N 0809W 295 036 0932 1007 0500 54 028 0315 0315 0222 03345 0185 0093 0148
NHC  11L IRMA      170910 0600 237N 0813W 310 031 0930 1007 0500 59 019 0352 0315 0259 03524 0204 0130 0185
NHC  11L IRMA      170910 1200 245N 0815W 330 041 0931 1008 0556 59 019 0352 0315 0259 03524 0204 0130 0185
NHC  11L IRMA      170910 1800 256N 0817W 350 057 0936 1008 0612 54 028 0352 0315 0259 03525 0185 0130 0185
NHC  11L IRMA      170911 0000 268N 0817W 355 057 0942 1008 0649 46 028 0667 0371 0278 04459 0259 0167 0222
NHC  11L IRMA      170911 0600 282N 0822W 345 077 0961 1008 0649 39 028 0667 0426 0278 04459 0259 0167 0222
NHC  11L IRMA      170911 1200 296N 0827W 340 077 0970 1008 0649 31 074 0667 0426 0278 04459 0259 0167 0222
NHC  11L IRMA      170911 1800 309N 0835W 340 077 0980 1008 0649 23 111 0667 0426 0278 04459 -999 -999 -999
NHC  11L IRMA      170912 0000 319N 0844W 330 072 0986 1008 0649 21 278 0667 0556 -999 -999 -999 -999
