NHC  12L JOSE      170905 1200 121N 0386W 290 057 1008 1013 0222 18 056 -999 0074 -999 -999 -999 -999
NHC  12L JOSE      170905 1800 123N 0400W 280 051 1006 1012 0278 21 056 0074 0074 -999 -999 -999 -999
NHC  12L JOSE      170906 0000 124N 0411W 275 062 1004 1012 0278 23 056 0093 0074 -999 00749 -999 -999 -999
NHC  12L JOSE      170906 0600 124N 0423W 275 057 1004 1012 0278 23 046 0093 0074 -999 00749 -999 -999 -999
NHC  12L JOSE      170906 1200 129N 0438W 280 067 0998 1012 0278 28 046 0093 0074 0056 00746 -999 -999 -999
NHC  12L JOSE      170906 1800 137N 0451W 290 072 0994 1012 0278 33 028 0111 0093 0056 01116 0037 0037 0056
NHC  12L JOSE      170907 0000 142N 0467W 290 077 0994 1013 0278 36 028 0111 0093 0056 01116 0037 0037 0056
NHC  12L JOSE      170907 0600 146N 0483W 290 077 0986 1013 0278 41 028 0130 0111 0074 01116 0056 0037 0056
NHC  12L JOSE      170907 1200 148N 0498W 285 082 0986 1013 0278 41 028 0130 0111 0074 01116 0056 0037 0056
NHC  12L JOSE      170907 1800 153N 0516W 285 082 0969 1013 0278 51 028 0185 0130 0093 01853 0056 0056 0093
NHC  12L JOSE      170908 0000 155N 0532W 285 082 0966 1012 0278 54 028 0185 0130 0093 01853 0056 0056 0093
NHC  12L JOSE      170908 0600 159N 0547W 285 082 0966 1012 0278 54 028 0185 0130 0093 01853 0056 0056 0093
NHC  12L JOSE      170908 1200 161N 0564W 280 082 0942 1012 0278 67 028 0185 0130 0093 01853 0056 0056 0093
NHC  12L JOSE      170908 1800 164N 0578W 280 077 0940 1012 0278 67 028 0222 0148 0093 02223 0093 0056 0093
NHC  12L JOSE      170909 0000 167N 0588W 285 062 0938 1010 0278 67 028 0222 0148 0093 02223 0093 0056 0093
NHC  12L JOSE      170909 0600 172N 0598W 290 057 0940 1010 0278 67 028 0222 0148 0093 02223 0093 0056 0093
NHC  12L JOSE      170909 1200 179N 0607W 305 057 0944 1010 0278 64 019 0222 0185 0093 02223 0093 0056 0093
NHC  12L JOSE      170909 1800 188N 0619W 305 067 0945 1010 0278 64 019 0241 0185 0093 02221 0093 0056 0111
NHC  12L JOSE      170910 0000 194N 0629W 305 062 0946 1010 0297 62 019 0241 0185 0093 02220 0093 0056 0111
NHC  12L JOSE      170910 0600 204N 0640W 310 067 0944 1010 0259 59 019 0259 0259 0093 02220 0111 0056 0111
NHC  12L JOSE      170910 1200 212N 0653W 305 067 0944 1010 0278 59 019 0259 0259 0093 02220 0111 0056 0111
NHC  12L JOSE      170910 1800 223N 0664W 310 077 0956 1010 0278 54 019 0259 0259 0093 02220 0111 0056 0111
NHC  12L JOSE      170911 0000 233N 0676W 310 077 0962 1011 0278 51 019 0259 0259 0093 01850 0111 0056 0111
NHC  12L JOSE      170911 0600 241N 0684W 315 072 0968 1010 0259 46 019 0241 0222 0130 01674 0074 0037 0056
NHC  12L JOSE      170911 1200 251N 0691W 320 062 0968 1010 0259 46 019 0222 0185 0130 01674 0074 0037 0056
NHC  12L JOSE      170911 1800 261N 0693W 330 057 0973 1010 0259 44 019 0222 0185 0130 01674 0074 0037 0056
NHC  12L JOSE      170912 0000 269N 0697W 360 046 0982 1010 0334 39 019 0222 0185 0130 01674 0074 0037 0056
NHC  12L JOSE      170912 0600 275N 0693W 035 031 0987 1010 0334 33 019 0222 0185 0130 01674 0074 0037 0056
NHC  12L JOSE      170912 1200 275N 0685W 090 021 0987 1010 0334 33 019 0222 0185 0130 01674 0074 0037 0056
NHC  12L JOSE      170912 1800 276N 0677W 100 031 0987 1010 0334 33 019 0222 0185 0130 01674 0074 0037 0056
NHC  12L JOSE      170913 0000 273N 0669W 105 036 0985 1011 0371 33 028 0222 0185 0130 01674 0074 0037 0056
NHC  12L JOSE      170913 0600 263N 0662W 135 041 0985 1011 0371 33 028 0222 0185 0130 01674 0074 0037 0056
NHC  12L JOSE      170913 1200 257N 0657W 135 036 0985 1012 0445 33 028 0222 0185 0130 01674 0074 0037 0056
NHC  12L JOSE      170913 1800 254N 0656W 155 021 0985 1010 0334 33 028 0222 0185 0148 00934 0074 0056 0056
NHC  12L JOSE      170914 0000 252N 0658W 225 015 0985 1011 0371 36 028 0185 0185 0148 00934 0074 0056 0056
NHC  12L JOSE      170914 0600 250N 0662W 205 015 0986 1011 0371 33 028 0185 0185 0148 00934 0074 0056 0056
NHC  12L JOSE      170914 1200 248N 0662W 220 015 0989 1011 0371 31 037 0185 0185 0148 00934 0074 0056 0056
NHC  12L JOSE      170914 1800 251N 0669W 285 031 0989 1011 0371 31 037 0185 0185 0148 00934 0074 0056 0056
NHC  12L JOSE      170915 0000 253N 0676W 285 036 0989 1011 0371 31 037 0222 0204 0148 01853 0074 0056 0056
NHC  12L JOSE      170915 0600 257N 0683W 290 036 0989 1011 0371 31 037 0222 0204 0148 01853 0074 0056 0056
NHC  12L JOSE      170915 1200 263N 0690W 305 041 0989 1011 0371 31 037 0222 0204 0148 01853 0074 0056 0056
NHC  12L JOSE      170915 1800 268N 0699W 305 041 0983 1011 0371 33 028 0222 0204 0093 01850 0111 0037 0056
NHC  12L JOSE      170916 0000 273N 0706W 305 041 0983 1011 0371 33 028 0222 0204 0093 01850 0111 0037 0056
NHC  12L JOSE      170916 0600 276N 0716W 300 046 0983 1011 0371 36 028 0241 0222 0093 01670 0111 0037 0056
NHC  12L JOSE      170916 1200 285N 0721W 315 046 0982 1012 0334 36 028 0241 0222 0093 01670 0111 0037 0056
NHC  12L JOSE      170916 1800 286N 0720W 330 026 0973 1012 0334 36 028 0278 0297 0167 01857 0185 0056 0130
NHC  12L JOSE      170917 0000 289N 0718W 360 021 0973 1012 0389 36 028 0278 0297 0222 01857 0185 0056 0130
NHC  12L JOSE      170917 0600 296N 0717W 005 026 0973 1012 0389 36 028 0278 0297 0148 01857 0185 0056 0130
NHC  12L JOSE      170917 1200 306N 0719W 360 041 0967 1012 0445 41 028 0278 0297 0167 02227 0185 0074 0130
NHC  12L JOSE      170917 1800 312N 0718W 360 041 0967 1012 0445 41 028 0315 0334 0185 02418 0148 0093 0130
NHC  12L JOSE      170918 0000 319N 0716W 005 041 0972 1012 0482 41 056 0315 0334 0185 02418 0111 0093 0148
NHC  12L JOSE      170918 0600 326N 0714W 010 036 0974 1012 0482 39 056 0315 0334 0185 02418 0111 0093 0148
NHC  12L JOSE      170918 1200 335N 0712W 010 041 0976 1012 0482 36 074 0352 0371 0204 02598 0111 0111 0148
NHC  12L JOSE      170918 1800 344N 0710W 010 041 0977 1012 0556 33 074 0352 0371 0204 02598 0111 0111 0148
NHC  12L JOSE      170919 0000 348N 0714W 350 036 0972 1012 0556 33 074 0352 0371 0204 02597 0111 0111 0148
NHC  12L JOSE      170919 0600 356N 0714W 355 036 0971 1012 0556 33 074 0500 0334 0259 03342 0130 0167 0241
NHC  12L JOSE      170919 1200 364N 0716W 350 036 0973 1012 0556 33 093 0500 0334 0334 03342 0130 0167 0241
NHC  12L JOSE      170919 1800 369N 0715W 010 031 0976 1012 0556 33 093 0500 0334 0352 03712 0130 0167 0241
NHC  12L JOSE      170920 0000 376N 0711W 010 031 0973 1012 0556 31 093 0334 0334 0352 03712 0130 0167 0241
NHC  12L JOSE      170920 0600 381N 0706W 025 031 0975 1012 0556 28 093 0334 0334 0334 03711 0111 0130 0130
NHC  12L JOSE      170920 1200 388N 0702W 035 036 0976 1012 0556 28 093 0334 0334 0297 02971 0111 0111 0111
NHC  12L JOSE      170920 1800 392N 0694W 040 036 0976 1012 0556 31 093 0315 0371 0334 02591 0148 0148 0093
NHC  12L JOSE      170921 0000 394N 0685W 060 036 0979 1012 0519 28 111 0315 0371 0334 02599 0148 0148 -999
NHC  12L JOSE      170921 0600 398N 0679W 060 031 0982 1012 0519 26 185 0315 0371 0371 02975 0185 0185 0185
NHC  12L JOSE      170921 1200 396N 0681W 220 005 0984 1012 0519 26 167 0297 0334 0334 02979 -999 0167 0167
NHC  12L JOSE      170921 1800 395N 0679W 180 010 0984 1012 0445 26 185 0241 0278 0297 03349 -999 0185 0185
NHC  12L JOSE      170922 0000 396N 0682W 270 005 0987 1012 0445 23 185 0241 0278 0297 03349 -999 -999 -999
NHC  12L JOSE      170922 0600 397N 0686W 280 010 0987 1012 0445 23 185 0352 0241 0297 03529 -999 -999 -999
NHC  12L JOSE      170922 1200 397N 0692W 280 015 0993 1012 0445 21 167 0222 0222 0222 02599 -999 -999 -999
NHC  12L JOSE      170922 1800 394N 0692W 180 010 0996 1013 0445 21 148 -999 -999 0204 02229 -999 -999 -999
