JTWC 13P THIRTEEN  170324 1800 172S 1520E 160 026 0999 1008 0509 20 064 -999 0222 0148 -999
JTWC 13P THIRTEEN  170325 0000 175S 1521E 160 026 0998 1008 0509 23 064 0074 0222 0148 0065
JTWC 13P DEBBIE    170325 0600 177S 1521E 160 016 0991 1006 0463 26 064 0259 0204 0158 0204
JTWC 13P DEBBIE    170325 1200 179S 1521E 170 011 0982 1007 0426 33 055 0278 0306 0250 0232
JTWC 13P DEBBIE    170325 1800 181S 1520E 190 011 0982 1007 0426 33 055 0278 0306 0250 0232
JTWC 13P DEBBIE    170326 0000 181S 1513E 240 016 0982 1007 0426 33 055 0278 0306 0250 0232
JTWC 13P DEBBIE    170326 0600 183S 1512E 240 016 0976 1005 0398 36 055 0296 0333 0333 0232
JTWC 13P DEBBIE    170326 1200 184S 1509E 250 016 0978 1007 0398 36 055 0296 0333 0333 0232
JTWC 13P DEBBIE    170326 1800 186S 1503E 250 021 0979 1007 0398 36 055 0296 0333 0333 0232
JTWC 13P DEBBIE    170327 0000 192S 1504E 220 021 0978 1007 0398 36 055 0296 0333 0333 0232
JTWC 13P DEBBIE    170327 0600 195S 1502E 210 021 0956 1004 0370 46 022 0278 0315 0315 0278
JTWC 13P DEBBIE    170327 1200 196S 1498E 215 021 0944 1005 0352 54 027 0278 0315 0315 0278
JTWC 13P DEBBIE    170327 1800 199S 1492E 240 021 0953 1005 0361 51 027 0278 0315 0315 0278
JTWC 13P DEBBIE    170328 0000 201S 1489E 245 026 0960 1005 0343 54 018 0232 0241 0204 0167
JTWC 13P DEBBIE    170328 0600 204S 1485E 235 026 0977 1005 0343 38 018 0065 0084 0074 0065
