NHC  15E FIFTEEN   170911 1800 164N 1117W 270 067 1006 1009 0222 13 056 -999 -999 -999 -999 -999 -999
NHC  15E FIFTEEN   170912 0000 163N 1130W 265 067 1006 1009 0315 13 056 -999 -999 -999 -999 -999 -999
NHC  15E FIFTEEN   170912 0600 160N 1144W 265 077 1006 1009 0315 13 056 -999 -999 -999 -999 -999 -999
NHC  15E FIFTEEN   170912 1200 157N 1157W 260 067 1004 1008 0278 15 056 -999 -999 -999 -999 -999 -999
NHC  15E FIFTEEN   170912 1800 157N 1170W 265 062 1004 1008 0278 15 056 -999 -999 -999 -999 -999 -999
NHC  15E FIFTEEN   170913 0000 155N 1181W 265 062 1004 1008 0278 15 056 -999 -999 -999 -999 -999 -999
NHC  15E FIFTEEN   170913 0600 149N 1190W 255 057 1004 1008 0278 15 056 -999 -999 -999 -999 -999 -999
NHC  15E FIFTEEN   170913 1200 149N 1202W 260 057 1005 1008 0278 15 056 -999 -999 -999 -999 -999 -999
NHC  15E FIFTEEN   170913 1800 150N 1210W 265 051 1005 1008 0278 15 056 -999 -999 -999 -999 -999 -999
NHC  15E FIFTEEN   170914 0000 151N 1212W 275 010 1005 1008 0278 15 056 -999 -999 -999 -999 -999 -999
NHC  15E FIFTEEN   170914 0600 152N 1220W 280 031 1005 1008 0278 15 056 -999 -999 -999 -999 -999 -999
NHC  15E FIFTEEN   170914 1200 153N 1226W 280 026 1005 1008 0278 15 056 -999 -999 -999 -999 -999 -999
NHC  15E FIFTEEN   170914 1800 155N 1233W 280 036 1005 1008 0278 15 056 -999 -999 -999 -999 -999 -999
NHC  15E FIFTEEN   170915 0000 157N 1239W 285 031 1005 1008 0278 15 056 -999 -999 -999 -999 -999 -999
NHC  15E FIFTEEN   170915 0600 159N 1243W 285 031 1005 1008 0278 15 056 -999 -999 -999 -999 -999 -999
NHC  15E FIFTEEN   170915 1200 159N 1248W 285 026 1006 1011 0334 15 056 -999 -999 -999 -999 -999 -999
NHC  15E FIFTEEN   170915 1800 160N 1252W 280 021 1006 1011 0334 15 074 -999 -999 -999 -999 -999 -999
NHC  15E FIFTEEN   170916 0000 160N 1253W 270 010 1006 1011 0334 15 074 -999 -999 -999 -999 -999 -999
NHC  15E FIFTEEN   170916 0600 159N 1256W 260 010 1006 1011 0334 15 074 -999 -999 -999 -999 -999 -999
NHC  15E FIFTEEN   170916 1200 158N 1264W 265 021 1006 1011 0334 13 074 -999 -999 -999 -999 -999 -999
NHC  15E FIFTEEN   170916 1800 158N 1268W 270 021 1006 1011 0334 15 074 -999 -999 -999 -999 -999 -999
NHC  15E OTIS      170917 0000 159N 1272W 275 021 1004 1011 0334 18 056 0056 0056 -999 00569 -999 -999 -999
NHC  15E OTIS      170917 0600 160N 1274W 290 010 1001 1011 0334 23 056 0074 0074 0056 00749 -999 -999 -999
NHC  15E OTIS      170917 1200 163N 1273W 360 015 1001 1011 0334 26 037 0074 0074 0056 00747 -999 -999 -999
NHC  15E OTIS      170917 1800 168N 1273W 360 021 0994 1011 0334 31 037 0111 0111 0074 00936 0056 0037 0037
NHC  15E OTIS      170918 0000 176N 1272W 355 031 0965 1011 0334 51 019 0111 0111 0074 00934 0056 0037 0037
NHC  15E OTIS      170918 0600 183N 1273W 355 036 0973 1011 0334 46 019 0111 0111 0074 00934 0056 0037 0037
NHC  15E OTIS      170918 1200 189N 1274W 350 031 0993 1011 0334 31 019 0111 0111 0074 00934 0056 -999 -999
NHC  15E OTIS      170918 1800 191N 1274W 355 010 1003 1011 0334 23 019 0111 0111 -999 00939 -999 -999 -999
NHC  15E OTIS      170919 0000 194N 1275W 350 021 1005 1011 0334 18 019 0111 0111 -999 00939 -999 -999 -999
NHC  15E OTIS      170919 0600 191N 1277W 305 005 1005 1011 0334 18 019 0111 -999 -999 01119 -999 -999 -999
NHC  15E OTIS      170919 1200 191N 1282W 270 026 1006 1011 0278 15 028 -999 -999 -999 -999 -999 -999
