NHC  15L FIFTEEN   170916 1800 122N 0517W 270 088 1004 1012 0278 21 074 0074 -999 -999 00749 -999 -999 -999
NHC  15L MARIA     170917 0000 123N 0531W 275 088 1004 1012 0278 21 056 0074 0056 -999 00749 -999 -999 -999
NHC  15L MARIA     170917 0600 128N 0543W 285 067 0994 1010 0278 28 037 0093 0074 -999 00937 0037 -999 0037
NHC  15L MARIA     170917 1200 133N 0557W 290 072 0994 1011 0334 28 037 0111 0074 0056 00936 0037 -999 0037
NHC  15L MARIA     170917 1800 136N 0570W 285 067 0986 1010 0334 33 028 0130 0111 0074 01116 0037 -999 0037
NHC  15L MARIA     170918 0000 140N 0580W 290 062 0979 1009 0334 39 019 0167 0111 0074 01306 0037 0037 0037
NHC  15L MARIA     170918 0600 144N 0590W 290 057 0977 1010 0334 41 019 0167 0111 0074 01306 0037 0037 0056
NHC  15L MARIA     170918 1200 145N 0597W 285 046 0967 1010 0334 51 019 0204 0167 0130 01676 0056 0056 0056
NHC  15L MARIA     170918 1800 149N 0604W 290 041 0956 1010 0334 57 019 0204 0167 0148 01676 0056 0056 0056
NHC  15L MARIA     170919 0000 153N 0611W 300 041 0924 1010 0334 72 019 0204 0204 0148 01674 0074 0056 0074
NHC  15L MARIA     170919 0600 158N 0619W 300 041 0940 1010 0334 69 019 0204 0204 0130 01853 0093 0056 0093
NHC  15L MARIA     170919 1200 161N 0627W 300 046 0931 1010 0334 72 009 0222 0204 0148 01858 0093 0074 0148
NHC  15L MARIA     170919 1800 166N 0636W 300 051 0920 1010 0334 75 009 0222 0204 0148 01858 0111 0111 0148
NHC  15L MARIA     170920 0000 170N 0643W 300 046 0909 1010 0334 77 009 0241 0204 0185 02048 0130 0111 0148
NHC  15L MARIA     170920 0600 176N 0651W 300 046 0913 1010 0334 72 028 0241 0204 0185 02048 0130 0111 0148
NHC  15L MARIA     170920 1200 182N 0661W 305 057 0927 1009 0334 64 028 0241 0204 0185 02048 0130 0111 0148
NHC  15L MARIA     170920 1800 186N 0670W 300 051 0959 1008 0334 49 037 0241 0204 0185 02040 0130 0111 0130
NHC  15L MARIA     170921 0000 189N 0676W 300 046 0958 1008 0334 49 037 0241 0139 0241 02040 0074 0111 0130
NHC  15L MARIA     170921 0600 194N 0681W 310 041 0959 1008 0334 51 037 0241 0139 0241 02040 0074 0111 0130
NHC  15L MARIA     170921 1200 199N 0688W 310 041 0959 1008 0334 51 046 0241 0204 0204 02048 0148 0111 0148
NHC  15L MARIA     170921 1800 205N 0695W 310 046 0960 1008 0334 54 046 0259 0241 0204 02047 0148 0111 0148
NHC  15L MARIA     170922 0000 208N 0700W 310 041 0953 1008 0334 57 046 0259 0222 0185 02227 0148 0111 0148
NHC  15L MARIA     170922 0600 212N 0704W 310 031 0959 1007 0334 57 037 0259 0222 0185 02417 0148 0111 0148
NHC  15L MARIA     170922 1200 219N 0709W 320 036 0959 1008 0334 54 046 0259 0222 0185 02417 0148 0111 0167
NHC  15L MARIA     170922 1800 228N 0712W 335 046 0959 1008 0334 57 046 0259 0241 0167 02228 0111 0093 0130
NHC  15L MARIA     170923 0000 237N 0716W 340 046 0953 1008 0334 57 046 0297 0241 0167 02228 0111 0093 0130
NHC  15L MARIA     170923 0600 244N 0719W 340 041 0952 1008 0334 54 037 0315 0315 0185 02227 0167 0111 0130
NHC  15L MARIA     170923 1200 250N 0722W 335 036 0952 1008 0389 54 037 0315 0315 0185 02787 0167 0111 0130
NHC  15L MARIA     170923 1800 259N 0724W 345 041 0952 1008 0389 51 037 0389 0371 0185 02787 0148 0111 0148
NHC  15L MARIA     170924 0000 266N 0724W 350 036 0945 1008 0389 51 037 0389 0371 0185 02785 0148 0111 0148
NHC  15L MARIA     170924 0600 275N 0725W 355 041 0942 1008 0389 51 037 0389 0371 0222 02975 0148 0111 0148
NHC  15L MARIA     170924 1200 284N 0728W 350 041 0947 1008 0389 49 037 0389 0371 0222 02975 0148 0111 0148
NHC  15L MARIA     170924 1800 291N 0730W 345 041 0943 1010 0445 46 037 0371 0371 0259 02975 0185 0130 0167
NHC  15L MARIA     170925 0000 297N 0729W 360 036 0947 1010 0445 44 037 0371 0371 0259 02975 0185 0130 0167
NHC  15L MARIA     170925 0600 303N 0730W 360 031 0954 1010 0445 39 037 0371 0371 0297 03155 0185 0167 0167
NHC  15L MARIA     170925 1200 308N 0730W 355 031 0961 1010 0463 36 130 0371 0371 0297 02972 0222 0167 0167
NHC  15L MARIA     170925 1800 314N 0731W 355 031 0966 1010 0463 36 130 0334 0334 0297 02972 0222 0167 0167
NHC  15L MARIA     170926 0000 320N 0730W 360 031 0966 1010 0463 36 130 0334 0334 0297 02972 0222 0167 0167
NHC  15L MARIA     170926 0600 326N 0731W 360 031 0970 1010 0463 33 130 0371 0389 0297 02972 0222 0167 0167
NHC  15L MARIA     170926 1200 333N 0731W 360 031 0970 1012 0556 33 148 0371 0389 0297 02972 0222 0167 0167
NHC  15L MARIA     170926 1800 339N 0731W 360 031 0975 1010 0510 31 148 0371 0371 0297 02972 0222 0148 0167
NHC  15L MARIA     170927 0000 346N 0729W 005 031 0975 1010 0510 31 148 0371 0371 0297 02972 0222 0148 0167
NHC  15L MARIA     170927 0600 349N 0730W 360 026 0976 1011 0593 31 130 0371 0371 0334 02782 0222 -999 0204
NHC  15L MARIA     170927 1200 354N 0728W 005 026 0977 1010 0519 31 130 0371 0371 0297 02782 0222 -999 0185
NHC  15L MARIA     170927 1800 360N 0724W 025 031 0979 1009 0519 33 130 0371 0371 0278 02782 0222 -999 0167
NHC  15L MARIA     170928 0000 365N 0718W 035 031 0979 1009 0519 33 130 0371 0371 0278 02782 0222 -999 0167
NHC  15L MARIA     170928 0600 368N 0713W 050 031 0982 1006 0389 31 130 0334 0389 0297 02787 0167 0130 0148
NHC  15L MARIA     170928 1200 368N 0700W 085 051 0982 1006 0389 31 130 0334 0389 0297 02787 0167 0130 0148
NHC  15L MARIA     170928 1800 368N 0686W 090 057 0985 1006 0389 28 130 0334 0389 0297 02787 0167 0130 0148
NHC  15L MARIA     170929 0000 369N 0668W 085 067 0985 1004 0389 28 130 0334 0371 0297 02787 0167 0130 0148
NHC  15L MARIA     170929 0600 370N 0647W 085 082 0987 1001 0278 26 167 0185 0389 0408 03349 0167 0185 -999
NHC  15L MARIA     170929 1200 372N 0617W 085 093 0988 1001 0278 26 167 0185 0389 0408 03349 0167 0185 -999
NHC  15L MARIA     170929 1800 374N 0590W 085 108 0988 1001 0278 26 167 0185 0408 0408 03349 0185 0185 -999
NHC  15L MARIA     170930 0000 381N 0556W 075 139 0988 1001 0278 26 167 0185 0408 0408 03349 0185 0185 -999
NHC  15L MARIA     170930 0600 391N 0522W 070 144 0988 1004 0278 26 167 0204 0371 0371 03349 0185 0185 -999
NHC  15L MARIA     170930 1200 400N 0488W 070 144 0988 1004 0278 26 167 0204 0371 0371 03349 0185 0185 -999
NHC  15L MARIA     170930 1800 414N 0455W 065 144 0991 1006 0278 23 167 0204 0371 0371 02789 -999 -999 -999
