JTWC 16P SIXTEEN   170408 0000 150S 1681E 230 032 0997 1004 0333 18 074 -999 -999 -999 -999
JTWC 16P SIXTEEN   170408 0600 158S 1678E 215 032 0993 1006 0333 20 074 0158 0185 0158 0074
JTWC 16P SIXTEEN   170408 1200 164S 1676E 210 032 0985 1008 0352 26 064 0222 0176 0185 0111
JTWC 16P COOK      170408 1800 171S 1676E 195 037 0988 1006 0333 28 064 0241 0185 0204 0111
JTWC 16P COOK      170409 0000 175S 1676E 185 032 0985 1007 0333 31 055 0241 0185 0204 0111
JTWC 16P COOK      170409 0600 180S 1673E 190 026 0974 1007 0324 33 046 0176 0185 0139 0139
JTWC 16P COOK      170409 1200 184S 1667E 215 026 0970 1007 0315 36 037 0213 0269 0287 0139
JTWC 16P COOK      170409 1800 193S 1662E 215 037 0974 1007 0352 41 031 0241 0269 0204 0139
JTWC 16P COOK      170410 0000 203S 1658E 210 047 0969 1005 0370 43 027 0213 0250 0148 0176
JTWC 16P COOK      170410 0600 216S 1657E 200 057 0959 1005 0370 43 027 0232 0269 0176 0167
JTWC 16P COOK      170410 1200 228S 1657E 190 062 0967 1005 0352 38 037 0250 0250 0213 0121
JTWC 16P COOK      170410 1800 238S 1660E 175 062 0980 1005 0352 33 037 0250 0250 0213 0121
JTWC 16P COOK      170411 0000 249S 1666E 165 057 0985 1005 0352 28 037 0250 0250 0213 0121
JTWC 16P COOK      170411 0600 258S 1670E 160 057 0991 1008 0352 26 037 0250 0250 0213 0121
JTWC 16P COOK      170411 1200 266S 1682E 145 057 0994 1009 0352 23 055 0250 0250 0213 0130
