JTWC 16W SIXTEEN   170824 1200 156N 1261E 270 077 1003 1006 0333 15 055 -999 -999 -999 -999
JTWC 16W SIXTEEN   170824 1800 151N 1252E 260 067 1005 1008 0352 18 037 0037 -999 -999 -999
JTWC 16W PAKHAR    170825 0000 149N 1239E 260 088 1004 1008 0296 20 037 0074 0056 0056 0065
JTWC 16W PAKHAR    170825 0600 155N 1232E 275 052 1005 1008 0296 18 037 0047 0047 0056 0065
JTWC 16W PAKHAR    170825 1200 160N 1222E 290 052 1002 1008 0296 20 037 0047 0056 0065 0065
JTWC 16W PAKHAR    170825 1800 167N 1213E 300 052 1000 1005 0278 18 037 0047 0056 0065 0065
JTWC 16W PAKHAR    170826 0000 175N 1198E 300 067 0997 1005 0259 23 037 0139 0084 0148 0167
JTWC 16W PAKHAR    170826 0600 183N 1183E 300 077 0999 1005 0259 20 046 0121 0102 0148 0167
JTWC 16W PAKHAR    170826 1200 191N 1167E 300 088 0995 1004 0278 23 046 0213 0213 0121 0185
JTWC 16W PAKHAR    170826 1800 204N 1153E 305 088 0994 1003 0259 23 046 0222 0185 0130 0195
