JTWC 18P EIGHTEEN  170502 1800 130S 1719E 100 021 0998 1009 0370 18 055 -999 -999 0074 -999
JTWC 18P EIGHTEEN  170503 0000 127S 1717E 080 016 0995 1009 0370 26 046 0047 -999 0074 -999
JTWC 18P EIGHTEEN  170503 0600 127S 1712E 000 006 0991 1008 0417 28 046 0130 0148 0130 0093
JTWC 18P DONNA     170503 1200 126S 1706E 295 016 0992 1007 0398 28 037 0130 0176 0130 0084
JTWC 18P DONNA     170503 1800 131S 1696E 260 037 0984 1007 0343 33 037 0130 0176 0130 0084
JTWC 18P DONNA     170504 0000 125S 1686E 275 042 0978 1008 0361 38 027 0121 0139 0130 0121
JTWC 18P DONNA     170504 0600 124S 1681E 280 042 0977 1008 0361 41 027 0121 0139 0130 0121
JTWC 18P DONNA     170504 1200 125S 1676E 280 037 0973 1008 0361 43 027 0121 0139 0130 0121
JTWC 18P DONNA     170504 1800 130S 1668E 255 032 0968 1008 0380 43 027 0148 0222 0213 0167
JTWC 18P DONNA     170505 0000 131S 1662E 250 032 0973 1009 0361 43 027 0148 0222 0213 0167
JTWC 18P DONNA     170505 0600 136S 1656E 245 037 0969 1009 0361 46 027 0148 0222 0213 0167
JTWC 18P DONNA     170505 1200 138S 1650E 245 037 0969 1009 0361 46 027 0148 0222 0213 0167
JTWC 18P DONNA     170505 1800 135S 1643E 255 032 0968 1009 0361 46 037 0259 0222 0213 0185
JTWC 18P DONNA     170506 0000 131S 1639E 280 032 0975 1009 0361 41 037 0259 0222 0352 0232
JTWC 18P DONNA     170506 0600 134S 1641E 290 016 0971 1006 0352 41 037 0259 0222 0352 0232
JTWC 18P DONNA     170506 1200 135S 1641E 245 006 0963 1008 0389 46 018 0259 0315 0352 0269
JTWC 18P DONNA     170506 1800 134S 1641E 290 016 0964 1007 0407 46 027 0296 0306 0306 0232
JTWC 18P DONNA     170507 0000 138S 1641E 190 011 0968 1008 0407 43 027 0296 0287 0296 0232
JTWC 18P DONNA     170507 0600 146S 1646E 160 026 0970 1008 0398 43 022 0296 0287 0296 0232
JTWC 18P DONNA     170507 1200 155S 1648E 160 037 0963 1008 0389 48 027 0241 0352 0315 0241
JTWC 18P DONNA     170507 1800 165S 1648E 170 047 0939 1006 0389 61 031 0296 0352 0296 0259
JTWC 18P DONNA     170508 0000 169S 1648E 175 042 0946 1008 0389 59 037 0259 0333 0296 0204
JTWC 18P DONNA     170508 0600 175S 1651E 170 037 0940 1008 0389 61 027 0259 0333 0296 0204
JTWC 18P DONNA     170508 1200 180S 1657E 150 032 0954 1008 0389 54 027 0259 0333 0296 0204
JTWC 18P DONNA     170508 1800 187S 1661E 145 037 0948 1009 0389 51 027 0241 0324 0278 0195
JTWC 18P DONNA     170509 0000 195S 1666E 145 042 0964 1009 0389 48 027 0241 0324 0278 0195
JTWC 18P DONNA     170509 0600 201S 1673E 145 047 0969 1010 0343 46 027 0241 0324 0278 0195
JTWC 18P DONNA     170509 1200 208S 1679E 140 047 0976 1010 0324 41 046 0241 0324 0278 0195
JTWC 18P DONNA     170509 1800 211S 1668E 175 026 0978 1010 0296 31 046 0241 0296 0250 0195
JTWC 18P DONNA     170510 0000 214S 1679E 145 032 1001 1011 0287 20 055 0204 0269 0222 0176
JTWC 18P DONNA     170510 0600 229S 1680E 150 047 1000 1010 0287 18 074 0204 0269 0222 0176
