JTWC 20W TWENTY    170908 1800 134N 1469E 290 083 1006 1008 0222 10 074 -999 -999 -999 -999
JTWC 20W TWENTY    170909 0000 136N 1451E 280 088 1005 1009 0222 13 074 -999 -999 -999 -999
JTWC 20W TWENTY    170909 0600 149N 1435E 290 093 1003 1009 0241 15 074 -999 -999 -999 -999
JTWC 20W TWENTY    170909 1200 152N 1427E 290 072 1003 1009 0241 15 074 -999 -999 -999 -999
JTWC 20W TALIM     170909 1800 157N 1413E 285 062 1001 1007 0343 20 074 0158 0158 -999 -999
JTWC 20W TALIM     170910 0000 161N 1402E 290 062 1000 1008 0343 20 074 0148 0158 0121 0074
JTWC 20W TALIM     170910 0600 162N 1391E 285 062 1000 1008 0343 20 074 0148 0176 0315 0139
JTWC 20W TALIM     170910 1800 174N 1372E 300 057 0997 1006 0324 23 064 0204 0204 0111 0111
JTWC 20W TALIM     170911 0000 180N 1364E 300 052 0991 1006 0324 28 055 0232 0222 0158 0176
JTWC 20W TALIM     170911 0600 189N 1347E 300 067 0988 1006 0324 31 055 0259 0232 0102 0195
JTWC 20W TALIM     170911 1200 193N 1337E 295 067 0988 1006 0324 31 055 0259 0204 0121 0250
JTWC 20W TALIM     170911 1800 207N 1313E 300 093 0989 1006 0315 31 055 0232 0185 0084 0195
JTWC 20W TALIM     170912 0000 215N 1306E 305 077 0986 1008 0352 33 027 0259 0204 0148 0195
JTWC 20W TALIM     170912 0600 223N 1287E 305 088 0987 1008 0352 33 027 0269 0148 0130 0158
JTWC 20W TALIM     170912 1200 229N 1277E 300 077 0981 1008 0352 36 027 0287 0204 0148 0232
JTWC 20W TALIM     170912 1800 238N 1268E 305 072 0980 1008 0352 36 027 0287 0204 0148 0232
JTWC 20W TALIM     170913 0000 244N 1263E 315 052 0973 1008 0370 38 046 0370 0333 0213 0259
JTWC 20W TALIM     170913 0600 250N 1257E 320 047 0972 1008 0370 38 037 0352 0306 0241 0306
JTWC 20W TALIM     170913 1200 255N 1253E 320 042 0959 1008 0380 46 040 0352 0333 0269 0324
JTWC 20W TALIM     170913 1800 260N 1249E 320 037 0946 1008 0380 54 040 0324 0306 0315 0389
JTWC 20W TALIM     170914 0000 266N 1246E 330 032 0937 1008 0370 59 040 0352 0333 0296 0333
JTWC 20W TALIM     170914 0600 271N 1243E 330 032 0931 1008 0380 61 064 0361 0370 0333 0361
JTWC 20W TALIM     170914 1200 272N 1244E 340 021 0939 1007 0361 56 068 0361 0352 0315 0343
JTWC 20W TALIM     170915 0000 278N 1245E 015 011 0949 1005 0361 48 046 0370 0306 0296 0324
JTWC 20W TALIM     170915 0600 280N 1251E 040 016 0963 1006 0352 41 037 0269 0287 0269 0259
JTWC 20W TALIM     170915 1200 283N 1255E 050 021 0968 1006 0333 38 046 0241 0250 0250 0213
JTWC 20W TALIM     170915 1800 284N 1252E 045 016 0969 1005 0343 36 083 0315 0315 0296 0278
JTWC 20W TALIM     170916 0000 285N 1259E 065 021 0975 1005 0352 31 092 0324 0324 0306 0287
JTWC 20W TALIM     170916 0600 289N 1267E 065 026 0975 1003 0352 28 101 0407 0324 0361 0370
JTWC 20W TALIM     170916 1200 294N 1277E 060 042 0977 1004 0370 28 092 0407 0324 0361 0370
JTWC 20W TALIM     170916 1800 302N 1285E 050 047 0979 1004 0370 28 092 0278 0333 0306 0250
JTWC 20W TALIM     170917 0000 311N 1297E 050 057 0979 1004 0370 28 092 0278 0315 0296 0296
JTWC 20W TALIM     170917 0600 324N 1320E 050 083 0979 1004 0407 28 083 0287 0380 0306 0241
JTWC 20W TALIM     170917 1200 341N 1344E 050 108 0977 1002 0417 28 083 0333 0398 0287 0250
JTWC 20W TALIM     170917 1800 376N 1382E 045 159 0979 1005 0481 28 083 0370 0472 0315 0306
JTWC 20W TALIM     170918 0000 417N 1410E 035 200 0975 1005 0481 28 101 0592 0685 0352 0333
