JTWC 24W TWENTY-FO 171012 1200 178N 1233E 280 037 0995 1003 0528 18 092 0352 0167 0167 0352
JTWC 24W KHANUN    171012 1800 182N 1221E 285 047 0996 1005 0537 18 074 0185 0111 -999 0241
JTWC 24W KHANUN    171013 0000 181N 1210E 280 052 0992 1005 0555 18 074 0361 -999 -999 0250
JTWC 24W KHANUN    171013 0600 174N 1190E 260 067 0991 1001 0500 23 055 0296 0074 0167 0296
JTWC 24W KHANUN    171013 1200 171N 1188E 245 052 0984 1001 0491 28 046 0259 0185 0232 0463
JTWC 24W KHANUN    171013 1800 170N 1186E 250 037 0988 1001 0491 26 046 0111 0130 0204 0278
JTWC 24W KHANUN    171014 0000 171N 1184E 260 021 0984 1001 0491 28 055 0176 0158 0213 0278
JTWC 24W KHANUN    171014 0600 177N 1179E 295 026 0983 1001 0491 31 055 0158 0121 0074 0074
JTWC 24W KHANUN    171014 1200 184N 1172E 310 037 0983 1005 0740 31 055 0158 0148 0084 0084
JTWC 24W KHANUN    171014 1800 194N 1165E 320 052 0976 1003 0648 36 055 0352 0287 0241 0324
JTWC 24W KHANUN    171015 0000 199N 1149E 305 062 0972 1003 0555 38 055 0426 0315 0287 0407
JTWC 24W KHANUN    171015 0600 207N 1133E 300 077 0966 1007 0648 46 055 0352 0269 0213 0315
JTWC 24W KHANUN    171015 1200 210N 1113E 290 088 0969 1006 0629 43 055 0352 0269 0213 0315
JTWC 24W KHANUN    171015 1800 210N 1098E 285 083 0984 1006 0629 33 055 0296 0213 0158 0259
JTWC 24W KHANUN    171016 0000 204N 1092E 265 067 1000 1004 0370 18 055 0139 0121 0139 0139
JTWC 24W KHANUN    171016 0600 203N 1093E 250 037 1002 1004 0370 13 055 -999 -999 -999 -999
