JTWC 25W TWENTY-FI 171015 1200 093N 1368E 315 037 1002 1004 0296 13 055 -999 -999 -999 -999
JTWC 25W TWENTY-FI 171015 1800 101N 1364E 315 037 1002 1006 0241 15 055 -999 -999 -999 -999
JTWC 25W LAN       171016 0000 106N 1357E 315 037 1001 1005 0370 18 037 0084 0056 0056 0056
JTWC 25W LAN       171016 0600 110N 1347E 310 047 1001 1005 0370 18 037 0102 0195 0074 0093
JTWC 25W LAN       171016 1200 107N 1333E 280 052 1000 1004 0454 18 037 0102 0195 0074 0093
JTWC 25W LAN       171016 1800 107N 1326E 270 052 0995 1003 0500 20 055 0259 0139 0139 0259
JTWC 25W LAN       171017 0000 109N 1318E 275 047 0990 1003 0500 26 046 0259 0139 0139 0259
JTWC 25W LAN       171017 0600 100N 1322E 235 021 0992 1005 0537 26 046 0148 0121 0121 0167
JTWC 25W LAN       171017 1200 102N 1324E 195 006 0987 1005 0537 28 046 0148 0176 0195 0185
JTWC 25W LAN       171017 1800 106N 1324E 045 006 0978 1002 0537 31 046 0241 0370 0370 0241
JTWC 25W LAN       171018 0000 121N 1323E 005 037 0977 1002 0537 33 046 0306 0352 0380 0232
JTWC 25W LAN       171018 0600 129N 1323E 000 042 0978 1003 0565 33 037 0333 0398 0380 0250
JTWC 25W LAN       171018 1200 139N 1322E 000 047 0981 1005 0592 33 037 0333 0398 0380 0232
JTWC 25W LAN       171018 1800 147N 1314E 345 052 0982 1005 0592 33 037 0306 0306 0176 0296
JTWC 25W LAN       171019 0000 154N 1306E 325 052 0984 1006 0648 33 037 0259 0259 0222 0185
JTWC 25W LAN       171019 0600 163N 1301E 325 047 0975 1006 0740 38 037 0407 0426 0324 0306
JTWC 25W LAN       171019 1200 169N 1300E 330 047 0971 1006 0740 38 037 0602 0676 0620 0389
JTWC 25W LAN       171019 1800 180N 1299E 345 047 0971 1005 0740 38 037 0602 0629 0592 0398
JTWC 25W LAN       171020 0000 188N 1300E 000 042 0962 1005 0740 43 074 0602 0648 0602 0426
JTWC 25W LAN       171020 0600 197N 1301E 000 047 0963 1005 0888 46 059 0352 0352 0296 0278
JTWC 25W LAN       171020 1200 204N 1302E 005 042 0950 1005 0888 51 059 0481 0528 0444 0417
JTWC 25W LAN       171020 1800 207N 1307E 020 037 0921 1005 0888 66 055 0481 0500 0407 0481
JTWC 25W LAN       171021 0000 214N 1312E 030 037 0915 1005 0888 69 055 0481 0500 0407 0481
JTWC 25W LAN       171021 0600 223N 1319E 035 047 0917 1004 0814 66 055 0500 0500 0537 0555
JTWC 25W LAN       171021 1200 238N 1326E 030 062 0919 1007 0870 66 049 0500 0555 0528 0491
JTWC 25W LAN       171021 1800 255N 1333E 025 077 0914 1007 0870 69 046 0500 0518 0463 0537
JTWC 25W LAN       171022 0000 278N 1338E 015 098 0925 1007 0870 64 037 0500 0518 0463 0537
JTWC 25W LAN       171022 0600 299N 1346E 015 108 0925 1006 0833 59 055 0592 0722 0851 0824
JTWC 25W LAN       171022 1200 321N 1363E 020 123 0934 1006 0833 54 055 0611 0796 0851 0750
JTWC 25W LAN       171022 1800 346N 1386E 030 134 0947 1006 0833 46 064 0629 0777 0777 0750
JTWC 25W LAN       171023 0000 373N 1416E 035 159 0975 1006 0833 33 064 0343 0500 0306 0232
