JTWC 27W TWENTY-SE 171020 0000 113N 1518E 140 047 1005 1009 0278 18 037 0102 0056 0121 0148
JTWC 27W TWENTY-SE 171020 0600 117N 1517E 165 011 1006 1009 0204 18 037 -999 -999 0084 -999
JTWC 27W TWENTY-SE 171020 1200 119N 1514E 225 006 1003 1009 0204 15 037 -999 -999 -999 -999
JTWC 27W TWENTY-SE 171020 1800 121N 1499E 285 037 1004 1008 0278 15 037 -999 -999 -999 -999
JTWC 27W TWENTY-SE 171021 0000 121N 1496E 285 032 1002 1007 0315 15 055 -999 -999 -999 -999
JTWC 27W TWENTY-SE 171021 0600 121N 1489E 275 032 1002 1006 0278 15 083 -999 -999 -999 -999
JTWC 27W TWENTY-SE 171021 1200 118N 1484E 260 032 1003 1008 0315 15 083 -999 -999 -999 -999
JTWC 27W TWENTY-SE 171021 1800 113N 1476E 240 037 1004 1008 0315 15 083 -999 -999 -999 -999
JTWC 27W TWENTY-SE 171022 0000 103N 1475E 215 037 1004 1008 0315 15 083 -999 -999 -999 -999
JTWC 27W TWENTY-SE 171022 0600 090N 1482E 180 047 1001 1005 0315 15 083 -999 -999 -999 -999
JTWC 27W TWENTY-SE 171022 1200 091N 1486E 160 042 1003 1007 0315 15 083 -999 -999 -999 -999
JTWC 27W TWENTY-SE 171022 1800 090N 1478E 165 021 1001 1006 0296 15 083 -999 -999 -999 -999
JTWC 27W TWENTY-SE 171023 0000 091N 1474E 275 016 1001 1006 0296 15 083 -999 -999 -999 -999
JTWC 27W TWENTY-SE 171023 0600 092N 1470E 280 026 1002 1007 0352 15 083 -999 -999 -999 -999
JTWC 27W TWENTY-SE 171023 1200 096N 1459E 290 037 0999 1009 0389 20 111 -999 0259 0241 -999
JTWC 27W TWENTY-SE 171023 1800 098N 1448E 285 047 1002 1009 0407 18 111 -999 0222 0204 -999
JTWC 27W TWENTY-SE 171024 0000 115N 1438E 310 062 1000 1009 0407 20 111 0259 0213 0296 0148
JTWC 27W TWENTY-SE 171024 0600 131N 1419E 310 093 1000 1008 0463 20 120 0278 0213 0306 0167
JTWC 27W SAOLA     171024 1200 150N 1398E 310 118 1003 1010 0481 20 101 0250 0232 0269 0195
JTWC 27W SAOLA     171024 1800 135N 1366E 285 123 1002 1006 0463 18 111 0296 0167 0185 0148
JTWC 27W SAOLA     171025 0000 143N 1355E 285 108 0999 1007 0463 20 111 0361 0306 0250 0185
JTWC 27W SAOLA     171025 0600 152N 1351E 300 072 0999 1008 0463 20 101 0370 0315 0250 0185
JTWC 27W SAOLA     171025 1200 165N 1343E 315 072 0997 1008 0454 23 101 0370 0315 0269 0176
JTWC 27W SAOLA     171025 1800 172N 1334E 320 067 0992 1006 0454 26 074 0167 0278 0324 0296
JTWC 27W SAOLA     171026 0000 177N 1325E 310 062 0995 1006 0491 23 074 0250 0278 0222 0185
JTWC 27W SAOLA     171026 0600 185N 1320E 310 052 0996 1007 0537 23 074 0241 0222 0204 0176
JTWC 27W SAOLA     171026 1200 194N 1312E 315 052 0997 1007 0546 23 074 0213 0158 0130 0185
JTWC 27W SAOLA     171026 1800 205N 1306E 325 057 0996 1007 0546 23 074 0250 0195 0158 0232
JTWC 27W SAOLA     171027 0000 217N 1297E 325 067 0991 1005 0518 26 064 0278 0167 0167 0259
JTWC 27W SAOLA     171027 0600 224N 1289E 320 062 0991 1006 0537 26 064 0259 0204 0185 0241
JTWC 27W SAOLA     171027 1200 237N 1282E 325 067 0989 1007 0481 28 055 0259 0222 0139 0185
JTWC 27W SAOLA     171027 1800 240N 1281E 330 052 0986 1009 0537 28 055 0306 0315 0370 0324
JTWC 27W SAOLA     171028 0000 255N 1280E 345 057 0980 1009 0574 33 055 0315 0296 0250 0287
JTWC 27W SAOLA     171028 0600 271N 1284E 005 067 0979 1008 0518 33 046 0315 0296 0259 0287
JTWC 27W SAOLA     171028 1200 285N 1297E 020 077 0975 1008 0518 36 046 0315 0315 0278 0315
JTWC 27W SAOLA     171028 1800 302N 1314E 030 098 0972 1008 0537 38 037 0333 0352 0287 0278
JTWC 27W SAOLA     171029 0000 314N 1328E 040 098 0977 1008 0518 33 037 0407 0352 0324 0269
JTWC 27W SAOLA     171029 0600 326N 1358E 050 113 0978 1006 0417 31 046 0389 0352 0333 0278
JTWC 27W SAOLA     171029 1200 344N 1404E 060 154 0982 1005 0343 28 046 0370 0343 0333 0241
