JTWC 28W TWENTY-EI 171101 1800 125N 1176E 285 062 1003 1007 0352 15 092 -999 -999 -999 -999
JTWC 28W TWENTY-EI 171102 0000 128N 1169E 290 052 0996 1007 0370 18 092 0148 -999 -999 -999
JTWC 28W DAMREY    171102 0600 126N 1162E 285 042 1000 1006 0389 20 083 0158 -999 -999 0084
JTWC 28W DAMREY    171102 1200 130N 1147E 280 057 0995 1006 0380 26 055 0167 0102 0074 0121
JTWC 28W DAMREY    171102 1800 127N 1143E 275 047 0990 1006 0380 28 055 0176 0121 0102 0167
JTWC 28W DAMREY    171103 0000 126N 1136E 270 042 0985 1006 0370 33 046 0176 0121 0148 0195
JTWC 28W DAMREY    171103 0600 127N 1128E 270 042 0978 1006 0333 38 046 0185 0130 0167 0213
JTWC 28W DAMREY    171103 1200 128N 1116E 275 047 0975 1006 0324 41 046 0195 0139 0148 0204
JTWC 28W DAMREY    171103 1800 129N 1104E 275 052 0967 1006 0324 46 046 0232 0167 0176 0232
JTWC 28W DAMREY    171104 0000 126N 1092E 270 062 0979 1006 0306 38 046 0232 0195 0148 0185
