JTWC 32W THIRTYTWO 171213 1800 113N 1273E 275 037 1003 1005 0343 13 064 -999 -999 -999 -999
JTWC 32W THIRTYTWO 171214 0000 112N 1273E 270 026 1000 1005 0306 15 074 -999 -999 -999 -999
JTWC 32W KAI-TAK   171214 0600 111N 1269E 270 016 0999 1004 0333 15 074 -999 -999 -999 -999
JTWC 32W KAI-TAK   171214 1200 115N 1277E 290 011 0997 1004 0333 18 074 0232 0084 0139 0241
JTWC 32W KAI-TAK   171214 1800 115N 1275E 290 011 0995 1006 0333 20 074 0343 0148 0148 0343
JTWC 32W KAI-TAK   171215 0000 117N 1277E 325 006 0993 1007 0352 23 074 0250 0167 0241 0315
JTWC 32W KAI-TAK   171215 0600 117N 1276E 335 006 0994 1007 0352 23 074 0195 0148 0195 0241
JTWC 32W KAI-TAK   171215 1200 116N 1278E 090 001 0992 1006 0352 23 083 0204 0195 0195 0204
JTWC 32W KAI-TAK   171215 1800 121N 1271E 305 011 0994 1006 0352 23 083 0158 0139 0204 0195
JTWC 32W KAI-TAK   171216 0000 125N 1263E 295 026 0992 1006 0352 26 083 0148 0148 0204 0222
JTWC 32W KAI-TAK   171216 0600 124N 1258E 290 037 0994 1005 0315 23 083 0093 0204 0204 0185
JTWC 32W KAI-TAK   171216 1200 121N 1254E 270 032 0998 1007 0333 20 083 0148 0185 0195 0232
JTWC 32W KAI-TAK   171216 1800 120N 1249E 255 032 1003 1007 0333 18 083 0084 -999 -999 0111
JTWC 32W KAI-TAK   171217 0000 122N 1242E 265 026 1002 1007 0333 15 083 -999 -999 -999 -999
JTWC 32W KAI-TAK   171217 0600 122N 1227E 270 047 1004 1007 0315 13 083 -999 -999 -999 -999
JTWC 32W KAI-TAK   171217 1200 115N 1217E 260 057 1005 1008 0287 13 083 -999 -999 -999 -999
JTWC 32W KAI-TAK   171218 0000 106N 1196E 245 057 1006 1008 0287 13 083 -999 -999 -999 -999
JTWC 32W KAI-TAK   171218 0600 104N 1189E 250 052 1005 1007 0306 13 083 -999 -999 -999 -999
JTWC 32W KAI-TAK   171218 1200 103N 1180E 255 042 1005 1007 0315 13 074 -999 -999 -999 -999
JTWC 32W KAI-TAK   171218 1800 103N 1167E 265 052 1000 1008 0333 18 101 0185 -999 0287 0315
JTWC 32W KAI-TAK   171219 0000 097N 1159E 255 052 1000 1008 0333 18 101 0195 -999 0287 0315
JTWC 32W KAI-TAK   171219 0600 085N 1153E 235 057 0999 1007 0296 18 120 0195 -999 0259 0370
JTWC 32W KAI-TAK   171219 1200 084N 1146E 235 042 1000 1007 0278 18 101 0121 0121 0296 0361
JTWC 32W KAI-TAK   171219 1800 083N 1134E 250 042 0997 1007 0278 18 101 0222 -999 0389 0620
JTWC 32W KAI-TAK   171220 0000 083N 1124E 260 052 0999 1007 0278 18 101 0167 -999 0306 0555
JTWC 32W KAI-TAK   171220 0600 073N 1122E 240 047 1000 1008 0296 18 092 0167 -999 0278 0500
JTWC 32W KAI-TAK   171220 1200 069N 1119E 235 037 1000 1008 0296 18 092 0167 -999 0278 0500
JTWC 32W KAI-TAK   171220 1800 065N 1115E 225 032 1003 1008 0296 15 092 -999 -999 -999 -999
JTWC 32W KAI-TAK   171221 0000 068N 1095E 260 052 1004 1008 0296 15 092 -999 -999 -999 -999
JTWC 32W KAI-TAK   171221 0600 065N 1088E 260 047 1004 1008 0269 15 083 -999 -999 -999 -999
JTWC 32W KAI-TAK   171221 1200 063N 1084E 250 037 1004 1008 0259 15 064 -999 -999 -999 -999
JTWC 32W KAI-TAK   171221 1800 059N 1073E 250 042 1006 1008 0250 13 064 -999 -999 -999 -999
JTWC 32W KAI-TAK   171222 0000 054N 1068E 240 042 1006 1008 0222 13 064 -999 -999 -999 -999
JTWC 32W KAI-TAK   171222 0600 051N 1061E 240 047 1006 1008 0222 13 064 -999 -999 -999 -999
JTWC 32W KAI-TAK   171222 1200 048N 1053E 240 042 1008 1008 0222 10 064 -999 -999 -999 -999
JTWC 32W KAI-TAK   171222 1800 039N 1048E 235 042 1006 1008 0222 10 064 -999 -999 -999 -999
JTWC 32W KAI-TAK   171223 0000 035N 1046E 225 037 1006 1008 0222 10 064 -999 -999 -999 -999
JTWC 32W KAI-TAK   171223 0600 030N 1046E 200 032 1006 1008 0222 10 064 -999 -999 -999 -999
JTWC 32W KAI-TAK   171223 1200 027N 1047E 185 021 1006 1008 0222 10 064 -999 -999 -999 -999
JTWC 32W KAI-TAK   171223 1800 024N 1051E 155 021 1006 1008 0222 10 064 -999 -999 -999 -999
JTWC 32W KAI-TAK   171224 0000 022N 1054E 130 021 1006 1008 0204 10 046 -999 -999 -999 -999
