NHC  82L TESTING   161212 1800 200N 0600W 295 206 1009 1010 0278 08 000 -999 -999 -999 -999 -999 -999
NHC  82L TEST      170118 1800 150N 0800W 090 000 0970 1008 0334 41 037 0334 0287 0259 03341 0167 0120 0232
NHC  82L TEST      170119 1200 152N 0800W 360 005 0963 1008 0334 44 037 0334 0287 0259 03341 0167 0120 0232
NHC  82L TEST      170120 1200 154N 0807W 280 010 0976 1008 0334 39 037 0334 0287 0259 03341 0167 0120 0232
NHC  82L TEST      170120 1800 153N 0809W 260 010 0972 1008 0334 41 037 0334 0287 0259 03341 0167 0120 0232
NHC  82L TEST      170124 1200 153N 0809W 260 010 0972 1008 0334 41 037 0334 0287 0259 03341 0167 0120 0232
NHC  82L TEST      170124 1800 152N 0809W 180 000 0972 1008 0334 41 037 0334 0287 0259 03341 0167 0120 0232
NHC  82L TEST      170125 1200 147N 0806W 150 010 0972 1008 0334 41 037 0334 0287 0259 03341 0167 0120 0232
NHC  82L TEST      170125 1800 146N 0804W 135 010 0970 1008 0334 44 037 0334 0287 0259 03341 0167 0120 0232
NHC  82L TEST      170126 1800 150N 0796W 055 010 0970 1008 0334 49 037 0334 0287 0259 03341 0167 0120 0232
NHC  82L TEST      170131 1200 153N 0791W 020 015 0970 1008 0334 49 037 0334 0287 0259 03341 0167 0120 0232
NHC  82L TEST      170131 1800 157N 0793W 355 015 0970 1008 0334 49 037 0334 0287 0259 03341 0167 0120 0232
NHC  82L TEST      170201 1800 161N 0808W 280 021 0970 1008 0334 49 037 0334 0287 0259 03341 0167 0120 0232
NHC  82L TEST      170202 1200 156N 0816W 235 015 0970 1008 0334 49 037 0334 0287 0259 03341 0167 0120 0232
NHC  82L TEST      170203 1800 142N 0812W 145 015 0970 1008 0334 49 037 0334 0287 0259 03341 0167 0120 0232
NHC  82L TEST      170206 1200 153N 0788W 010 015 0970 1008 0334 49 037 0334 0287 0259 03341 0167 0120 0232
NHC  82L TEST      170206 1800 156N 0789W 355 015 0970 1008 0334 49 037 0334 0287 0259 03341 0167 0120 0232
NHC  82L TEST      170523 1200 244N 0840W 030 062 0942 1014 0389 62 028 0334 0334 0297 02974 0204 0167 0167
NHC  82L TEST      170523 1800 253N 0831W 035 062 0942 1014 0389 62 028 0334 0334 0297 02974 0204 0167 0167
