NHC  90L INVEST    170326 1800 235N 0690W 355 046 1009 1013 0334 18 278 0278 -999 -999 -999 -999 -999
NHC  90L INVEST    170803 1200 122N 0646W 275 082 1012 1013 0278 13 000 -999 -999 -999 -999 -999 -999
NHC  90L INVEST    170803 1800 122N 0658W 275 077 1011 1014 0278 15 167 -999 -999 -999 -999 -999 -999
NHC  90L INVEST    170804 0000 123N 0673W 275 077 1011 1014 0278 15 167 -999 -999 -999 -999 -999 -999
NHC  90L INVEST    170804 1200 129N 0698W 285 067 1011 1014 0278 13 167 -999 -999 -999 -999 -999 -999
NHC  90L INVEST    170804 1800 132N 0714W 285 072 1011 1014 0278 13 167 -999 -999 -999 -999 -999 -999
NHC  90L INVEST    170805 0000 132N 0731W 280 072 1009 1011 0278 13 167 -999 -999 -999 -999 -999 -999
NHC  90L INVEST    170805 1200 138N 0763W 280 082 1008 1011 0278 15 167 -999 -999 -999 -999 -999 -999
NHC  90L INVEST    170805 1800 141N 0771W 285 062 1008 1011 0222 15 167 -999 -999 -999 -999 -999 -999
NHC  90L INVEST    170806 0000 141N 0778W 280 051 1008 1011 0222 15 167 -999 -999 -999 -999 -999 -999
NHC  90L INVEST    170806 0600 140N 0786W 280 041 1008 1011 0222 15 167 -999 -999 -999 -999 -999 -999
NHC  90L INVEST    170806 1200 150N 0811W 290 067 1008 1011 0222 15 167 -999 -999 -999 -999 -999 -999
NHC  90L INVEST    170806 1800 152N 0815W 290 051 1008 1011 0222 15 167 -999 -999 -999 -999 -999 -999
NHC  90L INVEST    171003 1800 120N 0810W 285 041 1008 1010 0278 13 111 -999 -999 -999 -999 -999 -999
NHC  90L INVEST    171004 0000 114N 0812W 340 021 1007 1010 0278 13 093 -999 -999 -999 -999 -999 -999
NHC  90L INVEST    171004 0600 118N 0813W 335 021 1007 1008 0278 13 093 -999 -999 -999 -999 -999 -999
NHC  90L INVEST    171004 1200 120N 0816W 315 021 1005 1008 0278 13 093 -999 -999 -999 -999 -999 -999
