JTWC 90P INVEST    170125 1200 158S 1269E 275 032 1002 1006 0352 13 092 -999 -999 -999 -999
JTWC 90P INVEST    170125 1800 160S 1261E 265 032 1004 1006 0352 13 092 -999 -999 -999 -999
JTWC 90P INVEST    170126 0000 165S 1253E 250 037 1004 1006 0352 13 046 -999 -999 -999 -999
JTWC 90P INVEST    170126 0600 176S 1228E 245 072 0998 1005 0370 13 055 -999 -999 -999 -999
JTWC 90P INVEST    170126 1200 171S 1219E 255 067 0998 1004 0389 13 055 -999 -999 -999 -999
JTWC 90P INVEST    170126 1800 174S 1207E 260 067 0999 1004 0389 13 055 -999 -999 -999 -999
JTWC 90P INVEST    170127 0000 178S 1207E 255 042 0998 1002 0352 15 055 -999 -999 -999 -999
JTWC 90P INVEST    170127 0600 187S 1190E 240 057 0994 1001 0417 18 055 -999 -999 -999 -999
JTWC 90P INVEST    170217 0600 207S 1450W 145 062 1000 1006 0278 13 074 -999 -999 -999 -999
JTWC 90P INVEST    170217 1800 235S 1437W 155 077 1000 1006 0278 15 074 -999 -999 -999 -999
JTWC 90P INVEST    170218 0600 257S 1434W 160 067 1000 1007 0315 15 083 -999 -999 -999 -999
