JTWC 90W INVEST    170810 1800 163N 1709E 295 057 1008 1008 0278 10 000 -999 -999 -999 -999
JTWC 90W INVEST    170920 1800 069N 1354E 270 042 1010 1011 0426 08 027 -999 -999 -999 -999
JTWC 90W INVEST    170921 0000 075N 1330E 280 067 1011 1011 0426 08 027 -999 -999 -999 -999
JTWC 90W INVEST    170922 0600 143N 1272E 320 088 1009 1009 0426 08 027 -999 -999 -999 -999
JTWC 90W INVEST    170922 1200 155N 1251E 315 098 1009 1009 0426 08 027 -999 -999 -999 -999
JTWC 90W INVEST    170923 0600 174N 1184E 285 113 1007 1009 0389 10 101 -999 -999 -999 -999
JTWC 90W INVEST    170923 1200 183N 1160E 290 113 1007 1009 0352 10 092 -999 -999 -999 -999
JTWC 90W INVEST    171115 1800 060N 1288E 285 062 1006 1008 0315 10 101 -999 -999 -999 -999
JTWC 90W INVEST    171116 0000 068N 1270E 290 072 1006 1008 0315 10 101 -999 -999 -999 -999
JTWC 90W INVEST    171116 0600 071N 1260E 290 062 1007 1008 0315 08 101 -999 -999 -999 -999
JTWC 90W INVEST    171116 1200 070N 1235E 280 083 1006 1008 0315 08 101 -999 -999 -999 -999
JTWC 90W INVEST    171116 1800 077N 1218E 280 088 1006 1008 0315 10 101 -999 -999 -999 -999
JTWC 90W INVEST    171117 0000 087N 1201E 285 103 1005 1008 0333 10 101 -999 -999 -999 -999
JTWC 90W INVEST    171117 0600 092N 1194E 300 077 1006 1008 0333 10 101 -999 -999 -999 -999
