NHC  91C INVEST    170815 1800 100N 1479W 285 005 1008 1010 0185 13 111 -999 -999 -999 -999 -999 -999
NHC  91C INVEST    170816 0000 105N 1486W 300 021 1007 1009 0185 13 111 -999 -999 -999 -999 -999 -999
NHC  91C INVEST    170816 0600 105N 1487W 310 021 1008 1010 0185 13 093 -999 -999 -999 -999 -999 -999
NHC  91C INVEST    170816 1200 113N 1478W 015 031 1008 1010 0185 13 093 -999 -999 -999 -999 -999 -999
NHC  91C INVEST    170816 1800 111N 1487W 350 015 1009 1011 0185 13 093 -999 -999 -999 -999 -999 -999
NHC  91C INVEST    170817 0000 116N 1487W 355 021 1007 1009 0167 13 093 -999 -999 -999 -999 -999 -999
NHC  91C INVEST    170817 0600 119N 1486W 005 021 1007 1009 0167 13 093 -999 -999 -999 -999 -999 -999
NHC  91C INVEST    170817 1200 122N 1486W 010 015 1007 1009 0185 13 083 -999 -999 -999 -999 -999 -999
NHC  91C INVEST    170817 1800 124N 1488W 355 015 1009 1011 0222 13 111 -999 -999 -999 -999 -999 -999
NHC  91C INVEST    170818 0000 125N 1490W 325 010 1010 1011 0222 10 111 -999 -999 -999 -999 -999 -999
NHC  91C INVEST    170818 0600 128N 1492W 320 015 1010 1011 0222 10 111 -999 -999 -999 -999 -999 -999
NHC  91C INVEST    170818 1200 133N 1493W 330 015 1010 1011 0222 10 111 -999 -999 -999 -999 -999 -999
NHC  91C INVEST    170818 1800 131N 1492W 325 021 1007 1010 0185 13 074 -999 -999 -999 -999 -999 -999
NHC  91C INVEST    170819 0000 137N 1495W 325 021 1007 1010 0185 13 074 -999 -999 -999 -999 -999 -999
NHC  91C INVEST    170819 0600 140N 1494W 340 021 1007 1010 0185 13 074 -999 -999 -999 -999 -999 -999
NHC  91C INVEST    170819 1200 143N 1500W 325 026 1007 1010 0185 13 074 -999 -999 -999 -999 -999 -999
