NHC  91E INVEST    170529 1200 115N 0992W 360 005 1010 1012 0278 10 185 -999 -999 -999 -999 -999 -999
NHC  91E INVEST    170529 1800 116N 0991W 010 005 1009 1012 0278 10 185 -999 -999 -999 -999 -999 -999
NHC  91E INVEST    170530 0000 117N 0988W 060 010 1008 1009 0278 10 185 -999 -999 -999 -999 -999 -999
NHC  91E INVEST    170530 1200 130N 0985W 025 021 1008 1010 0278 10 185 -999 -999 -999 -999 -999 -999
NHC  91E INVEST    170530 1800 135N 0982W 025 026 1008 1010 0278 13 185 -999 -999 -999 -999 -999 -999
NHC  91E INVEST    170531 0000 137N 0979W 025 026 1007 1008 0371 13 185 -999 -999 -999 -999 -999 -999
NHC  91E INVEST    170531 0600 137N 0980W 035 015 1008 1010 0324 13 204 -999 -999 -999 -999 -999 -999
NHC  91E INVEST    170531 1200 138N 0979W 035 015 1007 1010 0324 13 167 -999 -999 -999 -999 -999 -999
NHC  91E INVEST    170731 1800 095N 0900W 295 021 1009 1011 0222 13 167 -999 -999 -999 -999 -999 -999
NHC  91E INVEST    170801 0000 100N 0915W 290 041 1009 1011 0222 13 167 -999 -999 -999 -999 -999 -999
NHC  91E INVEST    170801 0600 098N 0922W 280 046 1009 1011 0222 13 167 -999 -999 -999 -999 -999 -999
NHC  91E INVEST    170802 0000 097N 0962W 275 057 1009 1011 0278 13 167 -999 -999 -999 -999 -999 -999
NHC  91E INVEST    170802 1800 125N 0992W 305 062 1009 1011 0278 13 167 -999 -999 -999 -999 -999 -999
NHC  91E INVEST    170803 0000 130N 1003W 310 067 1009 1011 0278 13 167 -999 -999 -999 -999 -999 -999
NHC  91E INVEST    170803 1200 138N 1031W 290 067 1009 1011 0278 13 167 -999 -999 -999 -999 -999 -999
NHC  91E INVEST    170803 1800 151N 1045W 300 077 1009 1011 0241 13 167 -999 -999 -999 -999 -999 -999
NHC  91E INVEST    170804 0000 159N 1055W 300 072 1009 1011 0278 13 167 -999 -999 -999 -999 -999 -999
NHC  91E INVEST    170804 0600 165N 1073W 295 077 1009 1011 0278 13 167 -999 -999 -999 -999 -999 -999
NHC  91E INVEST    170804 1200 172N 1085W 300 072 1009 1011 0278 13 167 -999 -999 -999 -999 -999 -999
NHC  91E INVEST    171013 1800 121N 1107W 270 005 1007 1010 0371 10 093 -999 -999 -999 -999 -999 -999
NHC  91E INVEST    171014 0000 123N 1112W 285 015 1007 1010 0371 13 139 -999 -999 -999 -999 -999 -999
NHC  91E INVEST    171014 0600 118N 1116W 285 021 1007 1010 0371 13 083 -999 -999 -999 -999 -999 -999
NHC  91E INVEST    171014 1200 132N 1127W 315 041 1007 1010 0371 13 083 -999 -999 -999 -999 -999 -999
NHC  91E INVEST    171014 1800 148N 1136W 315 057 1007 1010 0371 13 083 -999 -999 -999 -999 -999 -999
NHC  91E INVEST    171015 0000 150N 1151W 300 062 1007 1010 0371 13 083 -999 -999 -999 -999 -999 -999
NHC  91E INVEST    171015 0600 157N 1164W 295 072 1007 1010 0371 13 083 -999 -999 -999 -999 -999 -999
NHC  91E INVEST    171015 1200 154N 1176W 295 067 1007 1010 0371 13 083 -999 -999 -999 -999 -999 -999
NHC  91E INVEST    171015 1800 160N 1200W 285 082 1007 1009 0278 13 130 -999 -999 -999 -999 -999 -999
NHC  91E INVEST    171016 0000 182N 1211W 305 088 1006 1008 0278 13 130 -999 -999 -999 -999 -999 -999
NHC  91E INVEST    171016 0600 193N 1222W 315 072 1006 1008 0278 13 111 -999 -999 -999 -999 -999 -999
NHC  91E INVEST    171016 1200 199N 1230W 315 072 1006 1008 0278 15 111 -999 -999 -999 -999 -999 -999
NHC  91E INVEST    171016 1800 213N 1242W 315 072 1008 1012 0278 15 111 -999 -999 -999 -999 -999 -999
NHC  91E INVEST    171017 0000 221N 1255W 310 077 1008 1011 0185 15 093 -999 -999 -999 -999 -999 -999
