NHC  94E INVEST    170702 1800 116N 1062W 285 021 1010 1012 0334 10 167 -999 -999 -999 -999 -999 -999
NHC  94E INVEST    170703 0000 117N 1068W 280 026 1010 1012 0334 10 167 -999 -999 -999 -999 -999 -999
NHC  94E INVEST    170703 0600 116N 1073W 280 026 1009 1012 0334 13 167 -999 -999 -999 -999 -999 -999
NHC  94E INVEST    170703 1200 121N 1088W 290 031 1009 1011 0334 13 185 -999 -999 -999 -999 -999 -999
NHC  94E INVEST    170703 1800 134N 1100W 305 041 1009 1011 0334 13 167 -999 -999 -999 -999 -999 -999
NHC  94E INVEST    170704 0000 139N 1110W 305 046 1009 1011 0334 13 167 -999 -999 -999 -999 -999 -999
NHC  94E INVEST    170704 0600 144N 1120W 305 051 1008 1011 0334 13 130 -999 -999 -999 -999 -999 -999
NHC  94E INVEST    170704 1200 160N 1117W 330 051 1008 1011 0334 13 130 -999 -999 -999 -999 -999 -999
NHC  94E INVEST    170704 1800 167N 1135W 315 062 1007 1010 0334 15 130 -999 -999 -999 -999 -999 -999
NHC  94E INVEST    170705 0000 168N 1149W 300 067 1007 1010 0334 15 130 -999 -999 -999 -999 -999 -999
NHC  94E INVEST    170705 1200 176N 1177W 285 072 1007 1010 0334 15 130 -999 -999 -999 -999 -999 -999
NHC  94E INVEST    170705 1800 181N 1182W 290 057 1007 1010 0278 15 130 -999 -999 -999 -999 -999 -999
NHC  94E INVEST    170706 0000 182N 1196W 290 057 1008 1011 0324 13 130 -999 -999 -999 -999 -999 -999
NHC  94E INVEST    170828 0600 160N 1030W 300 041 1007 1009 0222 13 167 -999 -999 -999 -999 -999 -999
NHC  94E INVEST    170828 1200 160N 1030W 300 041 1006 1009 0222 13 167 -999 -999 -999 -999 -999 -999
NHC  94E INVEST    170828 1800 155N 1030W 300 021 1006 1009 0232 13 222 -999 -999 -999 -999 -999 -999
NHC  94E INVEST    170829 0000 158N 1038W 295 031 1006 1009 0232 13 222 -999 -999 -999 -999 -999 -999
NHC  94E INVEST    170829 1200 170N 1050W 310 041 1006 1009 0278 13 222 -999 -999 -999 -999 -999 -999
NHC  94E INVEST    170829 1800 172N 1068W 295 057 1006 1009 0334 13 222 -999 -999 -999 -999 -999 -999
NHC  94E INVEST    171111 1800 118N 1189W 280 093 1009 1011 0185 10 074 -999 -999 -999 -999 -999 -999
NHC  94E INVEST    171112 0000 117N 1204W 275 088 1007 1011 0185 15 093 -999 -999 -999 -999 -999 -999
NHC  94E INVEST    171112 0600 120N 1215W 280 067 1007 1011 0185 15 093 -999 -999 -999 -999 -999 -999
NHC  94E INVEST    171112 1200 131N 1230W 300 077 1007 1011 0185 15 093 -999 -999 -999 -999 -999 -999
NHC  94E INVEST    171112 1800 148N 1250W 305 093 1007 1011 0185 15 093 -999 -999 -999 -999 -999 -999
NHC  94E INVEST    171113 0000 157N 1272W 305 103 1005 1011 0185 18 093 0093 -999 -999 00939 -999 -999 -999
NHC  94E INVEST    171113 0600 160N 1295W 290 103 1007 1011 0185 15 093 -999 -999 -999 -999 -999 -999
NHC  94E INVEST    171113 1200 178N 1272W 340 057 1007 1011 0185 15 093 -999 -999 -999 -999 -999 -999
NHC  94E INVEST    171113 1800 177N 1293W 290 057 1007 1011 0185 15 130 -999 -999 -999 -999 -999 -999
NHC  94E INVEST    171114 0000 181N 1303W 295 057 1007 1011 0185 15 130 -999 -999 -999 -999 -999 -999
