JTWC 94S INVEST    170103 0000 142S 1298E 265 042 0998 1003 0444 10 074 -999 -999 -999 -999
JTWC 94S INVEST    170103 0600 139S 1294E 265 037 1002 1008 0444 13 074 -999 -999 -999 -999
JTWC 94S INVEST    170103 1200 151S 1284E 240 047 1001 1008 0444 13 074 -999 -999 -999 -999
JTWC 94S INVEST    170103 1800 156S 1281E 230 037 0997 1001 0370 13 074 -999 -999 -999 -999
JTWC 94S INVEST    170104 0000 159S 1278E 215 026 0998 1002 0333 10 074 -999 -999 -999 -999
JTWC 94S INVEST    170104 0600 162S 1275E 220 026 1002 1008 0333 10 074 -999 -999 -999 -999
JTWC 94S INVEST    170104 1200 165S 1269E 230 026 1003 1008 0333 10 074 -999 -999 -999 -999
JTWC 94S INVEST    170104 1800 165S 1259E 250 032 0997 1001 0315 10 074 -999 -999 -999 -999
JTWC 94S INVEST    170105 0000 172S 1251E 240 042 0998 1001 0269 10 074 -999 -999 -999 -999
JTWC 94S INVEST    170105 0600 178S 1246E 230 042 0998 1001 0269 10 074 -999 -999 -999 -999
JTWC 94S INVEST    170105 1200 186S 1236E 225 052 0996 1000 0333 13 074 -999 -999 -999 -999
JTWC 94S INVEST    170105 1800 195S 1227E 225 057 0996 0999 0259 13 074 -999 -999 -999 -999
JTWC 94S INVEST    170106 0000 197S 1224E 225 042 0997 0999 0185 10 074 -999 -999 -999 -999
JTWC 94S INVEST    170405 1800 126S 1104E 250 052 1003 1007 0278 13 074 -999 -999 -999 -999
JTWC 94S INVEST    170406 0000 129S 1110E 230 026 1000 1007 0333 15 074 -999 -999 -999 -999
JTWC 94S INVEST    171228 0600 110S 0680E 260 052 1007 1009 0296 10 000 -999 -999 -999 -999
JTWC 94S INVEST    171230 1800 119S 0634E 275 037 1008 1010 0352 13 129 -999 -999 -999 -999
JTWC 94S INVEST    171231 0000 120S 0629E 270 032 1005 1008 0370 13 101 -999 -999 -999 -999
JTWC 94S INVEST    171231 1800 146S 0608E 235 047 1007 1009 0361 13 101 -999 -999 -999 -999
