NHC  95E INVEST    170706 0000 106N 1045W 275 041 1009 1010 0278 10 167 -999 -999 -999 -999 -999 -999
NHC  95E INVEST    170706 0600 111N 1052W 285 041 1009 1011 0334 10 167 -999 -999 -999 -999 -999 -999
NHC  95E INVEST    170706 1200 112N 1058W 285 036 1009 1011 0334 10 167 -999 -999 -999 -999 -999 -999
NHC  95E INVEST    170706 1800 114N 1075W 280 057 1008 1011 0334 13 167 -999 -999 -999 -999 -999 -999
NHC  95E INVEST    170707 0000 112N 1082W 275 051 1008 1010 0334 13 148 -999 -999 -999 -999 -999 -999
NHC  95E INVEST    170707 0600 113N 1093W 275 051 1008 1010 0334 13 148 -999 -999 -999 -999 -999 -999
NHC  95E INVEST    170707 1200 112N 1103W 270 051 1008 1010 0334 13 148 -999 -999 -999 -999 -999 -999
NHC  95E INVEST    170707 1800 116N 1109W 280 046 1006 1012 0334 18 111 0111 -999 -999 -999 -999 -999
NHC  95E INVEST    170910 1800 164N 1065W 250 072 1009 1012 0222 10 056 -999 -999 -999 -999 -999 -999
NHC  95E INVEST    170911 0000 162N 1077W 255 067 1009 1012 0222 10 056 -999 -999 -999 -999 -999 -999
NHC  95E INVEST    170911 1200 166N 1098W 275 057 1007 1010 0278 13 056 -999 -999 -999 -999 -999 -999
NHC  95E INVEST    170911 1800 164N 1117W 270 067 1006 1009 0222 13 056 -999 -999 -999 -999 -999 -999
