NHC  95L INVEST    170716 0600 107N 0434W 270 072 1011 1013 0259 10 111 -999 -999 -999 -999 -999 -999
NHC  95L INVEST    170716 1200 106N 0440W 270 062 1011 1013 0259 10 111 -999 -999 -999 -999 -999 -999
NHC  95L INVEST    170716 1800 105N 0460W 269 072 1011 1013 0259 13 111 -999 -999 -999 -999 -999 -999
NHC  95L INVEST    170717 0000 104N 0478W 270 082 1011 1013 0259 13 111 -999 -999 -999 -999 -999 -999
NHC  95L INVEST    170717 0600 105N 0491W 270 077 1010 1013 0259 13 083 -999 -999 -999 -999 -999 -999
NHC  95L INVEST    170717 1200 104N 0506W 270 077 1011 1013 0259 13 083 -999 -999 -999 -999 -999 -999
NHC  95L INVEST    170717 1800 110N 0523W 275 082 1010 1013 0167 15 028 -999 -999 -999 -999 -999 -999
NHC  95L INVEST    170905 0000 217N 0962W 290 026 1010 1012 0334 13 130 -999 -999 -999 -999 -999 -999
NHC  95L INVEST    170905 0600 217N 0970W 285 031 1010 1012 0334 13 130 -999 -999 -999 -999 -999 -999
NHC  95L INVEST    170905 1200 220N 0970W 295 021 1010 1012 0334 13 130 -999 -999 -999 -999 -999 -999
NHC  95L INVEST    170905 1800 224N 0968W 025 015 1008 1012 0222 15 056 -999 -999 -999 -999 -999 -999
NHC  95L INVEST    171104 0000 235N 0530W 010 046 1010 1012 0185 10 111 -999 -999 -999 -999 -999 -999
NHC  95L INVEST    171104 0600 237N 0530W 010 036 1010 1012 0185 13 111 -999 -999 -999 -999 -999 -999
NHC  95L INVEST    171104 1200 250N 0525W 010 041 1011 1013 0185 13 167 -999 -999 -999 -999 -999 -999
NHC  95L INVEST    171104 1800 270N 0515W 020 077 1011 1013 0222 13 167 -999 -999 -999 -999 -999 -999
NHC  95L INVEST    171105 0000 277N 0514W 020 062 1011 1013 0222 13 167 -999 -999 -999 -999 -999 -999
NHC  95L INVEST    171105 0600 285N 0520W 005 051 1011 1014 0278 13 167 -999 -999 -999 -999 -999 -999
NHC  95L INVEST    171105 1200 292N 0519W 005 041 1011 1014 0278 13 111 -999 -999 -999 -999 -999 -999
NHC  95L INVEST    171105 1800 292N 0518W 015 010 1011 1015 0278 15 056 -999 -999 -999 -999 -999 -999
NHC  95L INVEST    171106 0000 293N 0512W 040 021 1011 1015 0278 13 056 -999 -999 -999 -999 -999 -999
NHC  95L INVEST    171106 0600 290N 0506W 090 026 1013 1017 0278 15 056 -999 -999 -999 -999 -999 -999
