JTWC 95S INVEST    170106 0600 121S 1017E 225 016 1003 1006 0343 13 083 -999 -999 -999 -999
JTWC 95S INVEST    170106 1200 122S 1002E 255 037 1002 1005 0306 13 083 -999 -999 -999 -999
JTWC 95S INVEST    170301 0600 094S 0683E 235 037 1006 1008 0222 08 037 -999 -999 -999 -999
JTWC 95S INVEST    170301 1200 096S 0679E 230 032 1006 1008 0222 08 037 -999 -999 -999 -999
JTWC 95S INVEST    170301 1800 107S 0666E 230 047 1005 1008 0463 08 138 -999 -999 -999 -999
JTWC 95S INVEST    170302 0600 110S 0634E 255 072 1006 1009 0444 10 111 -999 -999 -999 -999
JTWC 95S INVEST    170302 1200 112S 0617E 260 083 1004 1006 0444 10 111 -999 -999 -999 -999
JTWC 95S INVEST    170302 1800 115S 0585E 265 103 1003 1007 0537 10 092 -999 -999 -999 -999
JTWC 95S INVEST    170303 0000 122S 0577E 255 083 1000 1008 0565 15 074 -999 -999 -999 -999
JTWC 95S INVEST    171120 1800 087S 1119E 190 032 1007 1008 0278 08 000 -999 -999 -999 -999
JTWC 95S INVEST    171121 0000 103S 1117E 185 047 1006 1008 0278 10 000 -999 -999 -999 -999
JTWC 95S INVEST    171126 1800 092S 1096E 025 006 1005 1008 0315 13 064 -999 -999 -999 -999
JTWC 95S INVEST    171127 0000 089S 1098E 070 011 1000 1008 0315 15 046 -999 -999 -999 -999
JTWC 95S INVEST    171127 0600 087S 1103E 065 016 1000 1006 0296 15 046 -999 -999 -999 -999
JTWC 95S INVEST    171127 1200 088S 1108E 075 021 1000 1006 0296 15 046 -999 -999 -999 -999
JTWC 95S INVEST    171127 1800 085S 1113E 075 026 1001 1006 0296 15 046 -999 -999 -999 -999
JTWC 95S INVEST    171128 0000 086S 1114E 085 016 1001 1006 0259 15 046 -999 -999 -999 -999
JTWC 95S INVEST    171128 0600 086S 1116E 075 016 1001 1006 0259 15 046 -999 -999 -999 -999
JTWC 95S INVEST    171128 1200 085S 1110E 000 006 1000 1006 0259 15 046 -999 -999 -999 -999
JTWC 95S INVEST    171128 1800 086S 1114E 085 016 1000 1007 0259 15 037 -999 -999 -999 -999
JTWC 95S INVEST    171129 0600 102S 1110E 190 026 1005 1007 0259 10 074 -999 -999 -999 -999
