JTWC 95W INVEST    170101 1200 020N 1490E 270 047 1008 1008 0278 08 000 -999 -999 -999 -999
JTWC 95W INVEST    170719 0600 277N 1613E 305 037 1006 1008 0278 08 000 -999 -999 -999 -999
JTWC 95W INVEST    170719 1200 263N 1598E 270 037 1006 1008 0278 10 000 -999 -999 -999 -999
JTWC 95W INVEST    170719 1800 263N 1598E 270 037 1011 1013 0278 10 055 -999 -999 -999 -999
JTWC 95W INVEST    170720 0000 271N 1599E 320 016 1010 1013 0278 10 055 -999 -999 -999 -999
JTWC 95W INVEST    170720 0600 273N 1597E 335 016 1009 1012 0333 10 092 -999 -999 -999 -999
JTWC 95W INVEST    170720 1200 275N 1594E 325 016 1009 1012 0333 10 092 -999 -999 -999 -999
JTWC 95W INVEST    170729 0600 282N 1614E 015 016 1001 1005 0167 10 111 -999 -999 -999 -999
JTWC 95W INVEST    170729 1200 291N 1637E 040 047 1004 1006 0167 10 111 -999 -999 -999 -999
JTWC 95W INVEST    171007 0000 140N 1281E 285 047 1006 1008 0370 10 111 -999 -999 -999 -999
JTWC 95W INVEST    171007 0600 128N 1257E 280 062 1005 1007 0426 10 111 -999 -999 -999 -999
JTWC 95W INVEST    171007 1200 139N 1248E 295 057 1005 1007 0426 10 111 -999 -999 -999 -999
JTWC 95W INVEST    171007 1800 134N 1256E 295 032 1006 1008 0426 10 111 -999 -999 -999 -999
JTWC 95W INVEST    171008 0000 140N 1242E 295 047 1007 1009 0426 10 111 -999 -999 -999 -999
JTWC 95W INVEST    171008 0600 155N 1229E 305 067 1004 1006 0426 10 111 -999 -999 -999 -999
JTWC 95W INVEST    171008 1200 154N 1229E 310 052 1005 1007 0278 10 111 -999 -999 -999 -999
JTWC 95W INVEST    171027 1800 082N 1138E 105 016 1008 1008 0278 08 000 -999 -999 -999 -999
JTWC 95W INVEST    171028 0000 088N 1139E 060 021 1008 1008 0278 08 000 -999 -999 -999 -999
JTWC 95W INVEST    171031 0000 079N 1102E 295 037 1007 1009 0278 10 092 -999 -999 -999 -999
JTWC 95W INVEST    171031 0600 074N 1084E 275 057 1007 1009 0278 10 092 -999 -999 -999 -999
JTWC 95W INVEST    171031 1200 077N 1078E 280 047 1005 1008 0296 10 092 -999 -999 -999 -999
JTWC 95W INVEST    171031 1800 077N 1069E 280 047 1006 1008 0296 10 092 -999 -999 -999 -999
JTWC 95W INVEST    171101 0000 071N 1073E 260 026 1007 1009 0278 10 092 -999 -999 -999 -999
JTWC 95W INVEST    171101 0600 076N 1068E 280 021 1007 1009 0278 10 092 -999 -999 -999 -999
JTWC 95W INVEST    171101 1200 081N 1063E 300 026 1007 1009 0278 10 092 -999 -999 -999 -999
JTWC 95W INVEST    171101 1800 084N 1059E 305 026 1007 1009 0250 10 083 -999 -999 -999 -999
JTWC 95W INVEST    171102 0000 089N 1055E 315 032 1009 1009 0250 08 083 -999 -999 -999 -999
JTWC 95W INVEST    171104 1800 055N 1003E 225 016 1004 1006 0259 13 083 -999 -999 -999 -999
JTWC 95W INVEST    171105 0000 053N 1009E 150 011 1004 1006 0259 13 083 -999 -999 -999 -999
JTWC 95W INVEST    171105 0600 052N 1013E 110 021 1005 1007 0259 10 083 -999 -999 -999 -999
JTWC 95W INVEST    171105 1200 056N 1017E 075 026 1005 1007 0259 10 083 -999 -999 -999 -999
JTWC 95W INVEST    171105 1800 067N 1024E 045 042 1006 1008 0241 10 129 -999 -999 -999 -999
JTWC 95W INVEST    171106 0000 071N 1027E 035 042 1006 1008 0241 10 111 -999 -999 -999 -999
