JTWC 96S INVEST    170303 0000 080S 1338E 230 021 1003 1005 0407 10 111 -999 -999 -999 -999
JTWC 96S INVEST    170303 0600 082S 1332E 240 026 1002 1005 0407 10 111 -999 -999 -999 -999
JTWC 96S INVEST    170303 1200 084S 1326E 250 032 1003 1005 0407 10 111 -999 -999 -999 -999
JTWC 96S INVEST    170303 1800 086S 1320E 250 032 1004 1005 0370 10 111 -999 -999 -999 -999
JTWC 96S INVEST    170304 0000 091S 1316E 240 032 1002 1003 0259 10 111 -999 -999 -999 -999
JTWC 96S INVEST    170304 0600 097S 1313E 225 032 1003 1005 0278 10 111 -999 -999 -999 -999
JTWC 96S INVEST    170304 1200 104S 1312E 205 037 1002 1006 0278 10 111 -999 -999 -999 -999
JTWC 96S INVEST    170304 1800 116S 1311E 190 042 1002 1004 0241 13 111 -999 -999 -999 -999
JTWC 96S INVEST    170305 0000 120S 1300E 210 047 0995 1004 0333 15 092 -999 -999 -999 -999
JTWC 96S INVEST    170408 0600 074S 1324E 250 021 1004 1007 0343 13 120 -999 -999 -999 -999
JTWC 96S INVEST    170408 1200 075S 1320E 255 021 1004 1007 0324 13 111 -999 -999 -999 -999
JTWC 96S INVEST    170408 1800 076S 1317E 255 021 1004 1007 0278 13 111 -999 -999 -999 -999
JTWC 96S INVEST    170409 0000 076S 1320E 245 006 1004 1007 0278 13 111 -999 -999 -999 -999
JTWC 96S INVEST    170409 0600 077S 1323E 125 006 1004 1006 0296 13 111 -999 -999 -999 -999
JTWC 96S INVEST    170409 1200 079S 1327E 120 016 1004 1007 0315 13 092 -999 -999 -999 -999
JTWC 96S INVEST    170409 1800 083S 1330E 130 021 1004 1007 0333 13 064 -999 -999 -999 -999
JTWC 96S INVEST    170410 0000 088S 1331E 150 021 1001 1005 0361 15 055 -999 -999 -999 -999
JTWC 96S INVEST    170410 0600 095S 1323E 200 026 1000 1005 0343 15 055 -999 -999 -999 -999
JTWC 96S INVEST    170410 1200 100S 1317E 220 037 1000 1006 0315 15 055 -999 -999 -999 -999
JTWC 96S INVEST    170410 1800 103S 1313E 230 032 1001 1006 0315 15 055 -999 -999 -999 -999
JTWC 96S INVEST    170411 0000 108S 1310E 225 032 1003 1006 0315 13 055 -999 -999 -999 -999
JTWC 96S INVEST    170411 0600 112S 1306E 220 026 1003 1006 0324 13 055 -999 -999 -999 -999
JTWC 96S INVEST    170411 1200 120S 1304E 210 032 1005 1008 0333 13 055 -999 -999 -999 -999
JTWC 96S INVEST    170411 1800 122S 1315E 165 026 1005 1008 0333 10 055 -999 -999 -999 -999
JTWC 96S INVEST    171125 1200 067S 0931E 220 042 1004 1008 0315 13 101 -999 -999 -999 -999
JTWC 96S INVEST    171125 1800 065S 0940E 175 021 1005 1009 0315 13 101 -999 -999 -999 -999
JTWC 96S INVEST    171126 0000 069S 0935E 180 016 1005 1009 0333 13 101 -999 -999 -999 -999
JTWC 96S INVEST    171126 0600 064S 0933E 190 011 1004 1009 0343 13 101 -999 -999 -999 -999
JTWC 96S INVEST    171126 1200 067S 0938E 155 016 1005 1008 0324 10 101 -999 -999 -999 -999
JTWC 96S INVEST    171126 1800 063S 0941E 100 011 1005 1008 0361 10 074 -999 -999 -999 -999
JTWC 96S INVEST    171127 0000 055S 0956E 070 026 1005 1008 0343 10 074 -999 -999 -999 -999
JTWC 96S INVEST    171127 0600 060S 0960E 100 026 1005 1007 0343 10 074 -999 -999 -999 -999
JTWC 96S INVEST    171127 1200 066S 0967E 125 032 1004 1007 0343 10 074 -999 -999 -999 -999
JTWC 96S INVEST    171127 1800 074S 0978E 130 052 1005 1007 0324 13 074 -999 -999 -999 -999
JTWC 96S INVEST    171128 0000 076S 0986E 120 052 1004 1007 0324 13 074 -999 -999 -999 -999
JTWC 96S INVEST    171128 0600 082S 0995E 120 057 1005 1007 0324 13 074 -999 -999 -999 -999
JTWC 96S INVEST    171128 1200 083S 0998E 115 037 1004 1007 0324 13 074 -999 -999 -999 -999
JTWC 96S INVEST    171128 1800 084S 1005E 110 037 1004 1007 0361 13 083 -999 -999 -999 -999
JTWC 96S INVEST    171129 0000 084S 1012E 100 037 1004 1008 0380 13 083 -999 -999 -999 -999
JTWC 96S INVEST    171129 0600 086S 1015E 105 032 1003 1008 0380 15 083 -999 -999 -999 -999
JTWC 96S INVEST    171129 1200 091S 1027E 105 042 1003 1007 0352 15 083 -999 -999 -999 -999
JTWC 96S INVEST    171129 1800 089S 1034E 100 042 1002 1006 0278 15 138 -999 -999 -999 -999
