JTWC 96W INVEST    170107 0600 065N 1293E 315 042 1004 1008 0278 08 000 -999 -999 -999 -999
JTWC 96W INVEST    170107 1800 081N 1273E 305 052 1003 1005 0296 10 083 -999 -999 -999 -999
JTWC 96W INVEST    170610 0000 133N 1193E 320 042 1008 1008 0204 08 111 -999 -999 -999 -999
JTWC 96W INVEST    170610 0600 140N 1186E 320 052 1008 1008 0278 08 111 -999 -999 -999 -999
JTWC 96W INVEST    170610 1200 150N 1180E 320 052 1011 1011 0278 08 111 -999 -999 -999 -999
JTWC 96W INVEST    170610 1800 156N 1171E 315 052 1008 1011 0278 10 111 -999 -999 -999 -999
JTWC 96W INVEST    170824 0000 157N 1291E 270 083 1008 1008 0278 10 000 -999 -999 -999 -999
JTWC 96W INVEST    170824 0600 158N 1273E 270 083 1007 1008 0333 10 055 -999 -999 -999 -999
JTWC 96W INVEST    170909 0600 109N 1376E 240 067 1008 1008 0278 08 000 -999 -999 -999 -999
JTWC 96W INVEST    171008 0000 065N 1529E 270 037 1007 1008 0278 08 101 -999 -999 -999 -999
JTWC 96W INVEST    171031 0600 099N 1246E 280 047 1008 1009 0333 08 083 -999 -999 -999 -999
JTWC 96W INVEST    171031 1200 110N 1229E 290 072 1006 1009 0333 08 083 -999 -999 -999 -999
JTWC 96W INVEST    171031 1800 115N 1214E 290 077 1006 1008 0333 10 092 -999 -999 -999 -999
JTWC 96W INVEST    171101 0000 111N 1208E 280 062 1007 1009 0315 10 092 -999 -999 -999 -999
JTWC 96W INVEST    171101 0600 118N 1199E 285 052 1005 1008 0315 10 092 -999 -999 -999 -999
JTWC 96W INVEST    171101 1200 120N 1187E 280 057 1005 1008 0315 10 092 -999 -999 -999 -999
JTWC 96W INVEST    171211 0600 077N 1319E 280 067 1004 1006 0333 10 083 -999 -999 -999 -999
JTWC 96W INVEST    171211 1200 082N 1320E 295 047 1004 1006 0333 10 083 -999 -999 -999 -999
JTWC 96W INVEST    171211 1800 085N 1318E 310 037 1004 1006 0333 10 083 -999 -999 -999 -999
JTWC 96W INVEST    171212 0000 085N 1319E 320 021 1004 1006 0370 10 083 -999 -999 -999 -999
JTWC 96W INVEST    171212 0600 093N 1313E 330 021 1006 1006 0370 08 083 -999 -999 -999 -999
JTWC 96W INVEST    171212 1200 098N 1308E 320 032 1007 1008 0352 10 083 -999 -999 -999 -999
JTWC 96W INVEST    171212 1800 114N 1300E 330 052 1005 1008 0352 08 083 -999 -999 -999 -999
JTWC 96W INVEST    171213 0000 114N 1291E 310 042 1004 1008 0407 10 083 -999 -999 -999 -999
JTWC 96W INVEST    171213 0600 117N 1284E 300 037 1007 1008 0407 10 083 -999 -999 -999 -999
JTWC 96W INVEST    171213 1200 115N 1279E 285 032 1007 1008 0398 10 083 -999 -999 -999 -999
