NHC  97E INVEST    170714 1800 125N 0970W 280 067 1009 1012 0222 13 167 -999 -999 -999 -999 -999 -999
NHC  97E INVEST    170715 0000 131N 0981W 285 062 1009 1012 0222 13 167 -999 -999 -999 -999 -999 -999
NHC  97E INVEST    170715 0600 139N 0989W 300 057 1009 1012 0222 13 167 -999 -999 -999 -999 -999 -999
NHC  97E INVEST    170715 1200 140N 1000W 290 051 1009 1012 0222 13 167 -999 -999 -999 -999 -999 -999
NHC  97E INVEST    170715 1800 143N 1005W 290 046 1009 1012 0222 13 167 -999 -999 -999 -999 -999 -999
NHC  97E INVEST    170716 0000 140N 1013W 280 041 1009 1012 0222 13 167 -999 -999 -999 -999 -999 -999
NHC  97E INVEST    170716 0600 137N 1015W 275 021 1009 1012 0222 13 167 -999 -999 -999 -999 -999 -999
NHC  97E INVEST    170716 1200 141N 1029W 275 041 1009 1012 0222 13 167 -999 -999 -999 -999 -999 -999
NHC  97E INVEST    170716 1800 141N 1036W 275 036 1009 1012 0278 13 167 -999 -999 -999 -999 -999 -999
NHC  97E INVEST    170717 0000 140N 1040W 270 031 1009 1011 0278 13 111 -999 -999 -999 -999 -999 -999
NHC  97E INVEST    170717 0600 140N 1044W 270 021 1008 1011 0278 13 065 -999 -999 -999 -999 -999 -999
NHC  97E INVEST    170717 1200 142N 1048W 275 021 1007 1012 0278 15 065 -999 -999 -999 -999 -999 -999
NHC  97E INVEST    170913 1800 150N 1100W 285 036 1008 1010 0222 13 111 -999 -999 -999 -999 -999 -999
NHC  97E INVEST    170914 0000 157N 1103W 305 031 1007 1010 0222 15 111 -999 -999 -999 -999 -999 -999
NHC  97E INVEST    170914 0600 165N 1095W 360 026 1007 1010 0222 15 111 -999 -999 -999 -999 -999 -999
NHC  97E INVEST    170914 1200 170N 1095W 005 026 1004 1009 0297 18 074 0074 0111 0111 -999 -999 -999
