JTWC 97W INVEST    170624 0600 130N 1478E 295 067 1006 1008 0278 10 074 -999 -999 -999 -999
JTWC 97W INVEST    170624 1200 132N 1467E 290 057 1006 1008 0278 10 074 -999 -999 -999 -999
JTWC 97W INVEST    170624 1800 128N 1465E 275 037 1007 1008 0278 10 074 -999 -999 -999 -999
JTWC 97W INVEST    170625 0000 137N 1458E 295 037 1007 1008 0278 10 074 -999 -999 -999 -999
JTWC 97W INVEST    170625 0600 140N 1444E 290 052 1005 1008 0278 10 074 -999 -999 -999 -999
JTWC 97W INVEST    170625 1200 140N 1434E 280 052 1005 1008 0278 10 074 -999 -999 -999 -999
JTWC 97W INVEST    170625 1800 140N 1426E 275 052 1008 1009 0278 10 074 -999 -999 -999 -999
JTWC 97W INVEST    170626 0000 141N 1416E 270 047 1008 1009 0278 10 074 -999 -999 -999 -999
JTWC 97W INVEST    170626 1200 159N 1397E 305 057 1009 1009 0278 08 074 -999 -999 -999 -999
JTWC 97W INVEST    170720 1200 232N 1776E 330 016 1008 1012 0333 13 185 -999 -999 -999 -999
JTWC 97W INVEST    170720 1800 246N 1773E 345 037 1005 1011 0324 15 185 -999 -999 -999 -999
JTWC 97W INVEST    170721 0000 253N 1770E 345 042 1008 1012 0333 18 055 0056 -999 -999 -999
JTWC 97W INVEST    170721 0600 265N 1771E 355 047 1003 1012 0333 18 055 0259 0204 0084 0204
JTWC 97W INVEST    170731 1200 267N 1594E 090 021 1004 1007 0222 10 111 -999 -999 -999 -999
JTWC 97W INVEST    170731 1800 269N 1606E 085 032 1005 1007 0222 10 111 -999 -999 -999 -999
JTWC 97W INVEST    170801 0000 266N 1624E 090 052 1005 1007 0222 10 111 -999 -999 -999 -999
JTWC 97W INVEST    170825 0000 097N 1529E 270 072 1008 1008 0278 08 000 -999 -999 -999 -999
JTWC 97W INVEST    170825 0600 097N 1514E 270 072 1008 1008 0278 08 000 -999 -999 -999 -999
JTWC 97W INVEST    170825 1200 097N 1506E 270 062 1008 1008 0278 08 000 -999 -999 -999 -999
JTWC 97W INVEST    170910 0600 140N 1283E 275 057 1007 1007 0158 10 055 -999 -999 -999 -999
JTWC 97W INVEST    170910 1200 149N 1267E 290 067 1007 1007 0158 10 055 -999 -999 -999 -999
JTWC 97W INVEST    170910 1800 145N 1267E 290 047 1006 1006 0167 10 055 -999 -999 -999 -999
JTWC 97W INVEST    170911 0000 146N 1262E 285 026 1006 1007 0167 10 083 -999 -999 -999 -999
JTWC 97W INVEST    170911 0600 148N 1250E 280 037 1006 1007 0167 10 083 -999 -999 -999 -999
JTWC 97W INVEST    170911 1200 148N 1237E 275 052 1007 1007 0167 10 083 -999 -999 -999 -999
JTWC 97W INVEST    170911 1800 148N 1228E 275 057 1004 1006 0241 13 055 -999 -999 -999 -999
JTWC 97W INVEST    171007 1800 160N 1189E 285 032 1007 1009 0278 08 111 -999 -999 -999 -999
JTWC 97W INVEST    171008 0000 153N 1179E 280 037 1007 1009 0278 10 111 -999 -999 -999 -999
JTWC 97W INVEST    171008 0600 156N 1165E 280 047 1003 1005 0278 10 111 -999 -999 -999 -999
JTWC 97W INVEST    171008 1200 159N 1150E 280 062 1003 1005 0315 10 111 -999 -999 -999 -999
JTWC 97W INVEST    171008 1800 164N 1131E 285 083 1004 1006 0324 13 092 -999 -999 -999 -999
JTWC 97W INVEST    171215 0600 032N 1498E 295 042 1005 1008 0315 08 083 -999 -999 -999 -999
JTWC 97W INVEST    171215 1200 023N 1489E 290 037 1004 1007 0315 10 083 -999 -999 -999 -999
JTWC 97W INVEST    171216 0000 052N 1452E 305 077 1007 1007 0315 10 083 -999 -999 -999 -999
JTWC 97W INVEST    171216 0600 052N 1449E 310 067 1004 1006 0278 10 092 -999 -999 -999 -999
JTWC 97W INVEST    171216 1200 053N 1437E 300 062 1004 1006 0259 10 083 -999 -999 -999 -999
JTWC 97W INVEST    171216 1800 054N 1425E 285 062 1006 1006 0259 10 083 -999 -999 -999 -999
JTWC 97W INVEST    171217 0000 061N 1415E 285 062 1006 1006 0259 10 083 -999 -999 -999 -999
JTWC 97W INVEST    171220 0600 072N 1335E 285 021 1005 1008 0296 10 083 -999 -999 -999 -999
JTWC 97W INVEST    171220 1200 078N 1321E 290 042 1005 1008 0296 10 083 -999 -999 -999 -999
