JTWC 99W INVEST    170630 0000 119N 1356E 305 057 1008 1010 0232 10 037 -999 -999 -999 -999
JTWC 99W INVEST    170630 0600 120N 1350E 310 042 1008 1010 0278 10 046 -999 -999 -999 -999
JTWC 99W INVEST    170630 1200 120N 1344E 300 032 1006 1008 0306 10 055 -999 -999 -999 -999
JTWC 99W INVEST    170630 1800 127N 1331E 295 042 1006 1008 0315 10 074 -999 -999 -999 -999
JTWC 99W INVEST    170701 0000 139N 1327E 315 052 1007 1009 0352 10 074 -999 -999 -999 -999
JTWC 99W INVEST    170701 0600 159N 1311E 320 077 1006 1008 0333 10 074 -999 -999 -999 -999
JTWC 99W INVEST    170701 1200 167N 1301E 320 083 1006 1008 0333 10 074 -999 -999 -999 -999
JTWC 99W INVEST    170701 1800 190N 1279E 320 108 1006 1008 0333 10 074 -999 -999 -999 -999
JTWC 99W INVEST    170721 0600 065N 1353E 315 042 1007 1009 0232 08 092 -999 -999 -999 -999
JTWC 99W INVEST    170721 1200 073N 1344E 310 047 1008 1010 0232 08 092 -999 -999 -999 -999
JTWC 99W INVEST    170721 1800 075N 1340E 305 042 1007 1010 0232 08 092 -999 -999 -999 -999
JTWC 99W INVEST    170722 0000 080N 1337E 315 037 1007 1010 0232 08 092 -999 -999 -999 -999
JTWC 99W INVEST    170722 0600 085N 1331E 315 032 1007 1010 0333 08 092 -999 -999 -999 -999
JTWC 99W INVEST    170722 1200 091N 1324E 315 042 1008 1010 0333 08 092 -999 -999 -999 -999
JTWC 99W INVEST    170722 1800 103N 1299E 300 077 1008 1010 0333 08 092 -999 -999 -999 -999
JTWC 99W INVEST    170723 1800 109N 1310E 290 037 1005 1007 0333 08 092 -999 -999 -999 -999
JTWC 99W INVEST    170724 1200 113N 1306E 315 011 1004 1006 0296 10 074 -999 -999 -999 -999
JTWC 99W INVEST    170724 1800 122N 1298E 325 026 1005 1006 0296 10 074 -999 -999 -999 -999
JTWC 99W INVEST    170725 0000 130N 1292E 325 037 1005 1006 0296 10 074 -999 -999 -999 -999
JTWC 99W INVEST    170725 0600 135N 1289E 325 037 1004 1007 0259 10 074 -999 -999 -999 -999
JTWC 99W INVEST    170725 1200 139N 1286E 325 037 1004 1006 0259 10 074 -999 -999 -999 -999
JTWC 99W INVEST    170725 1800 145N 1281E 325 032 1003 1004 0306 10 074 -999 -999 -999 -999
JTWC 99W INVEST    170826 0600 154N 1489E 310 047 1006 1008 0333 08 092 -999 -999 -999 -999
JTWC 99W INVEST    170826 1200 161N 1483E 320 047 1007 1009 0407 08 092 -999 -999 -999 -999
JTWC 99W INVEST    170826 1800 170N 1470E 290 021 1006 1008 0426 08 092 -999 -999 -999 -999
JTWC 99W INVEST    170827 0000 183N 1477E 300 026 1006 1009 0444 10 092 -999 -999 -999 -999
JTWC 99W INVEST    170827 0600 189N 1456E 325 047 1004 1008 0444 10 092 -999 -999 -999 -999
JTWC 99W INVEST    170827 1200 192N 1456E 330 037 1004 1008 0444 10 092 -999 -999 -999 -999
JTWC 99W INVEST    170827 1800 197N 1455E 345 026 1002 1007 0509 10 092 -999 -999 -999 -999
JTWC 99W INVEST    170828 0000 199N 1460E 015 026 1002 1007 0518 10 092 -999 -999 -999 -999
JTWC 99W INVEST    170828 0600 200N 1455E 350 016 1002 1007 0518 15 092 -999 -999 -999 -999
JTWC 99W INVEST    171108 0600 111N 1283E 280 057 1008 1008 0278 08 000 -999 -999 -999 -999
JTWC 99W INVEST    171108 1200 113N 1268E 280 072 1006 1008 0278 10 000 -999 -999 -999 -999
JTWC 99W INVEST    171108 1800 121N 1256E 290 077 1005 1007 0278 10 027 -999 -999 -999 -999
JTWC 99W INVEST    171231 0000 096N 1337E 290 047 1008 1008 0241 10 083 -999 -999 -999 -999
JTWC 99W INVEST    171231 0600 099N 1331E 290 047 1008 1008 0241 10 083 -999 -999 -999 -999
JTWC 99W INVEST    171231 1200 100N 1322E 285 047 1008 1008 0241 10 083 -999 -999 -999 -999
JTWC 99W INVEST    171231 1800 100N 1316E 280 037 1007 1008 0259 10 083 -999 -999 -999 -999
