JTWC 02A TWO       100519 1200 113N 0535E 290 031 0996 1008 0296 18 093 -999 -999 -999 -999
JTWC 02A TWO       100519 1800 115N 0529E 290 026 0996 1006 0287 18 056 -999 -999 -999 -999
JTWC 02A TWO       100520 0000 118N 0526E 295 026 0993 1007 0269 21 056 0083 0074 0074 0074
JTWC 02A TWO       100520 0600 124N 0521E 310 031 0993 1007 0269 21 056 0083 0074 0074 0074
JTWC 02A TWO       100520 1200 126N 0515E 310 031 0989 1007 0124 23 056 0083 0074 0074 0083
JTWC 02A TWO       100520 1800 125N 0524E 335 010 0989 1003 0194 23 056 0083 0074 0074 0083
JTWC 02A TWO       100521 0000 126N 0521E 315 010 0993 1003 0148 21 065 0093 0102 0083 0083
JTWC 02A TWO       100521 0600 128N 0517E 305 015 0982 1003 0185 28 065 0130 0120 0111 0111
JTWC 02A TWO       100521 1200 126N 0515E 310 031 0982 1003 0185 28 065 0130 0120 0111 0111
JTWC 02A BANDU     100521 1800 125N 0512E 265 015 0985 1002 0185 26 065 0120 0111 0102 0102
JTWC 02A BANDU     100522 0000 124N 0510E 255 015 0989 1003 0167 23 065 0111 0102 0093 0093
JTWC 02A BANDU     100522 0600 126N 0511E 270 015 0989 1003 0185 23 065 0102 0093 0093 0102
