JTWC 02S TWO       101030 1800 081S 0953E 245 015 1000 1007 0324 15 074 -999 -999 -999 -999
JTWC 02S TWO       101031 0000 083S 0955E 205 010 0993 1007 0324 21 046 0046 0046 0046 0046
JTWC 02S ANGGREK   101031 0600 087S 0964E 140 015 0993 1007 0343 21 046 0074 0074 0083 0083
JTWC 02S ANGGREK   101031 1200 092S 0967E 140 021 0993 1006 0343 21 046 0074 0074 0083 0083
JTWC 02S ANGGREK   101031 1800 098S 0971E 145 031 0993 1006 0370 21 046 0074 0093 0093 0074
JTWC 02S ANGGREK   101101 0000 099S 0974E 140 026 0985 1006 0370 26 046 0074 0093 0093 0074
JTWC 02S ANGGREK   101101 0600 106S 0975E 155 031 0985 1004 0343 26 037 0120 0120 0120 0102
JTWC 02S ANGGREK   101101 1200 111S 0980E 150 036 0985 1004 0343 26 046 0120 0120 0120 0102
JTWC 02S ANGGREK   101101 1800 119S 0978E 170 036 0982 1003 0361 28 046 0102 0120 0120 0120
JTWC 02S ANGGREK   101102 0000 124S 0977E 180 031 0982 1003 0352 28 046 0111 0130 0130 0130
JTWC 02S ANGGREK   101102 0600 129S 0978E 185 026 0982 1003 0333 28 037 0111 0120 0120 0120
JTWC 02S ANGGREK   101102 1200 136S 0978E 185 031 0982 1003 0333 28 037 0111 0120 0120 0120
JTWC 02S ANGGREK   101102 1800 134S 0978E 185 021 0985 1003 0333 26 037 0102 0111 0111 0111
JTWC 02S ANGGREK   101103 0000 140S 0975E 195 026 0985 1004 0352 26 037 0120 0130 0130 0130
JTWC 02S ANGGREK   101103 0600 144S 0972E 205 026 0989 1004 0333 23 037 0130 0130 0130 0120
JTWC 02S ANGGREK   101103 1200 147S 0970E 215 026 0989 1004 0333 23 037 0120 0120 0120 0111
JTWC 02S ANGGREK   101103 1800 151S 0962E 230 031 0993 1004 0333 21 037 0120 0120 0120 0111
JTWC 02S ANGGREK   101104 0000 155S 0954E 235 041 0996 1004 0333 18 037 0120 0130 0130 0120
JTWC 02S ANGGREK   101104 0600 152S 0945E 260 041 1000 1006 0333 15 046 -999 -999 -999 -999
