JTWC 02W TWO       100321 1800 066N 1434E 310 051 1004 1008 0315 13 056 -999 -999 -999 -999
JTWC 02W TWO       100322 0000 075N 1422E 310 067 1000 1008 0315 15 056 -999 -999 -999 -999
JTWC 02W TWO       100322 0600 079N 1426E 320 051 1000 1006 0296 15 046 -999 -999 -999 -999
JTWC 02W TWO       100322 1200 084N 1419E 320 041 1000 1006 0296 15 056 -999 -999 -999 -999
JTWC 02W TWO       100322 1800 091N 1404E 310 051 0996 1007 0333 18 056 -999 -999 -999 -999
JTWC 02W TWO       100323 0000 097N 1395E 300 062 0996 1005 0333 18 056 -999 -999 -999 -999
JTWC 02W TWO       100323 0600 102N 1387E 300 057 0996 1005 0333 18 056 -999 -999 -999 -999
JTWC 02W TWO       100323 1200 107N 1376E 300 051 0996 1005 0333 18 056 -999 -999 -999 -999
JTWC 02W TWO       100323 1800 109N 1365E 290 057 0996 1006 0315 18 056 -999 -999 -999 -999
JTWC 02W TWO       100324 0000 111N 1353E 285 057 0996 1005 0315 18 056 -999 -999 -999 -999
JTWC 02W TWO       100324 0600 122N 1346E 295 057 0996 1005 0315 18 056 -999 -999 -999 -999
JTWC 02W TWO       100324 1200 133N 1335E 310 057 0993 1005 0315 21 037 0037 -999 -999 0037
JTWC 02W OMAIS     100324 1800 141N 1321E 305 067 0985 1005 0315 26 046 0056 0056 0046 0046
JTWC 02W OMAIS     100325 0000 152N 1319E 320 067 0982 1006 0296 28 028 0083 0065 0056 0065
JTWC 02W OMAIS     100325 0600 153N 1315E 315 046 0989 1007 0324 23 065 0120 0083 0083 0111
JTWC 02W OMAIS     100325 1200 157N 1317E 345 031 0996 1007 0306 18 065 -999 -999 -999 -999
JTWC 02W OMAIS     100325 1800 160N 1312E 335 021 1000 1007 0287 15 065 -999 -999 -999 -999
JTWC 02W OMAIS     100326 0000 175N 1315E   0 036 1000 1007 0278 15 065 -999 -999 -999 -999
