NHC  03E THREE     100617 1200 152N 1053W 025 005 1006 1008 0278 15 056 -999 -999 -999 -999 -999 -999
NHC  03E BLAS      100617 1800 151N 1057W 335 015 0999 1008 0278 21 065 0083 0083 0083 00839 -999 -999 -999
NHC  03E BLAS      100618 0000 154N 1062W 300 026 0999 1008 0297 21 065 0083 0083 0083 00839 -999 -999 -999
NHC  03E BLAS      100618 0600 157N 1065W 310 026 1000 1008 0297 18 065 0111 0111 0111 01119 -999 -999 -999
NHC  03E BLAS      100618 1200 159N 1071W 300 026 1000 1008 0297 18 065 0111 0111 0111 01119 -999 -999 -999
NHC  03E BLAS      100618 1800 160N 1076W 290 026 0999 1008 0297 21 065 0111 0111 0111 01119 -999 -999 -999
NHC  03E BLAS      100619 0000 162N 1082W 285 031 0997 1008 0297 23 065 0111 0111 0111 01119 -999 -999 -999
NHC  03E BLAS      100619 0600 164N 1088W 285 031 0997 1008 0297 23 065 0111 0111 0111 01119 -999 -999 -999
NHC  03E BLAS      100619 1200 165N 1094W 285 031 0992 1012 0445 28 028 0111 0111 0111 01118 0028 0028 0028
NHC  03E BLAS      100619 1800 166N 1101W 280 031 0992 1008 0278 28 028 0111 0111 0111 01118 0028 0028 0028
NHC  03E BLAS      100620 0000 169N 1109W 285 036 0995 1008 0278 26 028 0111 0111 0111 01118 0028 0028 0028
NHC  03E BLAS      100620 0600 173N 1118W 290 041 0997 1008 0278 23 028 0111 0111 0111 01119 -999 -999 -999
NHC  03E BLAS      100620 1200 175N 1129W 285 051 1001 1008 0278 21 028 0093 0093 0074 00939 -999 -999 -999
NHC  03E BLAS      100620 1800 178N 1143W 285 057 1006 1008 0278 15 028 -999 -999 -999 -999 -999 -999
NHC  03E BLAS      100621 0000 179N 1155W 280 062 1007 1010 0278 15 111 -999 -999 -999 -999 -999 -999
NHC  03E BLAS      100621 0600 180N 1166W 280 057 1007 1009 0278 15 093 -999 -999 -999 -999 -999 -999
NHC  03E BLAS      100621 1200 180N 1178W 275 057 1007 1009 0278 15 093 -999 -999 -999 -999 -999 -999
NHC  03E BLAS      100621 1800 175N 1193W 265 062 1008 1009 0278 13 093 -999 -999 -999 -999 -999 -999
