JTWC 03W THREE     100711 1200 134N 1329E 290 051 1004 1009 0259 13 065 -999 -999 -999 -999
JTWC 03W THREE     100711 1800 139N 1318E 295 057 0996 1004 0222 18 065 -999 -999 -999 -999
JTWC 03W CONSON    100712 0600 141N 1291E 280 067 0978 1011 0222 31 028 0083 0065 0046 0056
JTWC 03W CONSON    100712 1200 143N 1277E 275 062 0978 1011 0259 31 037 0093 0074 0056 0074
JTWC 03W CONSON    100712 1800 142N 1264E 270 062 0974 1011 0278 33 037 0093 0083 0074 0102
JTWC 03W CONSON    100713 0000 142N 1246E 270 077 0970 1011 0296 36 019 0102 0093 0074 0111
JTWC 03W CONSON    100713 0600 143N 1235E 270 072 0974 1008 0306 33 037 0120 0102 0083 0120
JTWC 03W CONSON    100713 1200 145N 1222E 275 072 0978 1008 0306 31 028 0120 0102 0083 0120
JTWC 03W CONSON    100713 1800 144N 1213E 275 062 0985 1008 0287 26 028 0065 0056 0056 0074
JTWC 03W CONSON    100714 0000 146N 1197E 275 067 0982 1008 0306 28 019 0074 0065 0065 0083
JTWC 03W CONSON    100714 0600 154N 1184E 285 067 0985 1008 0306 26 037 0083 0065 0065 0083
JTWC 03W CONSON    100714 1200 161N 1174E 295 072 0985 1008 0306 26 037 0083 0065 0065 0083
JTWC 03W CONSON    100714 1800 165N 1159E 295 067 0985 1008 0306 26 037 0083 0065 0065 0083
JTWC 03W CONSON    100715 0000 163N 1151E 285 057 0985 1008 0306 26 037 0083 0065 0065 0083
JTWC 03W CONSON    100715 0600 164N 1138E 280 057 0985 1008 0306 26 046 0139 0120 0065 0083
JTWC 03W CONSON    100715 1200 167N 1130E 280 051 0978 1008 0306 31 046 0139 0120 0065 0102
JTWC 03W CONSON    100715 1800 171N 1119E 285 051 0970 1005 0333 36 019 0148 0120 0111 0139
JTWC 03W CONSON    100716 0000 169N 1109E 280 051 0967 1003 0333 39 019 0167 0120 0130 0157
JTWC 03W CONSON    100716 0600 177N 1101E 290 046 0967 1003 0333 39 037 0167 0157 0130 0139
JTWC 03W CONSON    100716 1200 181N 1095E 300 041 0970 1004 0306 36 037 0167 0157 0139 0148
JTWC 03W CONSON    100716 1800 186N 1084E 305 046 0978 1004 0296 31 037 0111 0148 0139 0167
JTWC 03W CONSON    100717 0000 190N 1074E 295 051 0982 1004 0278 28 037 0102 0139 0130 0157
JTWC 03W CONSON    100717 0600 202N 1074E 315 051 0985 1008 0278 26 028 0111 0093 0093 0111
JTWC 03W CONSON    100717 1200 208N 1067E 325 046 0989 1008 0278 23 028 0102 0093 0074 0083
JTWC 03W CONSON    100717 1800 210N 1061E 315 041 0996 1008 0241 15 028 -999 -999 -999 -999
