NHC  04E INVEST    100619 0600 131N 0966W 270 026 1009 1012 0278 13 074 -999 -999 -999 -999 -999 -999
NHC  04E FOUR      100619 1200 128N 0970W 255 026 1007 1012 0278 15 037 -999 -999 -999 -999 -999 -999
NHC  04E CELIA     100619 1800 124N 0976W 255 031 1002 1012 0278 21 037 -999 -999 0074 00749 -999 -999 -999
NHC  04E CELIA     100620 0000 122N 0983W 255 036 0997 1012 0278 26 019 0083 0083 0083 00839 -999 -999 0019
NHC  04E CELIA     100620 0600 121N 0990W 260 036 0992 1008 0278 31 019 0093 0083 0083 00939 -999 -999 0019
NHC  04E CELIA     100620 1200 119N 0997W 255 036 0994 1012 0297 28 019 0083 0083 0083 00839 -999 -999 0019
NHC  04E CELIA     100620 1800 117N 1000W 260 031 0990 1008 0408 33 019 0093 0093 0093 00936 0056 0056 0056
NHC  04E CELIA     100621 0000 116N 1006W 270 031 0986 1008 0408 36 019 0130 0111 0093 00936 0056 0056 0056
NHC  04E CELIA     100621 0600 118N 1017W 280 041 0986 1008 0408 36 019 0111 0111 0093 00936 0056 0056 0056
NHC  04E CELIA     100621 1200 118N 1020W 275 036 0987 1008 0408 33 019 0111 0111 0093 00936 0056 0056 0056
NHC  04E CELIA     100621 1800 116N 1029W 275 041 0979 1008 0371 39 019 0130 0111 0093 01115 0056 0056 0065
NHC  04E CELIA     100622 0000 117N 1036W 275 041 0974 1008 0408 44 019 0148 0130 0130 01483 0056 0056 0083
NHC  04E CELIA     100622 0600 117N 1043W 275 036 0970 1008 0408 46 019 0148 0130 0130 01483 0056 0056 0083
NHC  04E CELIA     100622 1200 115N 1050W 270 036 0970 1008 0408 46 019 0148 0130 0130 01483 0056 0056 0083
NHC  04E CELIA     100622 1800 117N 1059W 275 041 0972 1008 0408 44 019 0148 0148 0130 01483 0056 0056 0083
NHC  04E CELIA     100623 0000 118N 1068W 275 041 0972 1008 0408 41 019 0148 0148 0130 01483 0056 0056 0083
NHC  04E CELIA     100623 0600 118N 1075W 275 041 0980 1008 0371 39 019 0148 0148 0130 01483 0056 0056 0083
NHC  04E CELIA     100623 1200 121N 1086W 280 051 0974 1008 0371 44 019 0167 0167 0139 01673 0074 0065 0093
NHC  04E CELIA     100623 1800 122N 1098W 280 057 0963 1008 0463 51 019 0185 0185 0158 01852 0083 0074 0102
NHC  04E CELIA     100624 0000 123N 1110W 280 062 0971 1008 0463 46 019 0158 0176 0158 01763 0102 0056 0083
NHC  04E CELIA     100624 0600 124N 1122W 275 062 0967 1008 0463 49 019 0176 0176 0158 01763 0102 0065 0083
NHC  04E CELIA     100624 1200 123N 1133W 275 057 0963 1008 0463 51 019 0185 0185 0167 01853 0111 0074 0093
NHC  04E CELIA     100624 1800 126N 1142W 280 051 0948 1008 0510 59 019 0185 0185 0167 01853 0111 0074 0093
NHC  04E CELIA     100625 0000 129N 1154W 285 057 0932 1008 0510 69 028 0185 0185 0139 01673 0093 0074 0093
NHC  04E CELIA     100625 0600 132N 1165W 285 057 0926 1008 0510 72 028 0222 0222 0139 01679 0111 0083 0093
NHC  04E CELIA     100625 1200 136N 1176W 290 057 0935 1008 0510 67 028 0222 0222 0139 01679 0111 0083 0093
NHC  04E CELIA     100625 1800 140N 1185W 290 057 0948 1008 0510 59 028 0204 0204 0139 01673 0093 0074 0074
NHC  04E CELIA     100626 0000 146N 1193W 300 051 0957 1008 0371 54 028 0204 0204 0139 01673 0093 0074 0074
NHC  04E CELIA     100626 0600 151N 1203W 300 051 0971 1008 0371 46 028 0204 0204 0139 01673 0093 0074 0074
NHC  04E CELIA     100626 1200 155N 1211W 300 051 0974 1008 0371 44 028 0204 0204 0139 01673 0093 0074 0074
NHC  04E CELIA     100626 1800 156N 1219W 290 046 0987 1008 0371 36 028 0185 0185 0139 01673 0083 0074 0074
NHC  04E CELIA     100627 0000 157N 1224W 280 036 0994 1008 0315 28 028 0167 0148 0111 01676 0037 -999 0056
NHC  04E CELIA     100627 0600 159N 1232W 285 036 1000 1008 0315 23 028 0148 0130 0093 01489 -999 -999 -999
NHC  04E CELIA     100627 1200 159N 1236W 270 021 1000 1010 0315 23 028 0093 0111 0093 00939 -999 -999 -999
NHC  04E CELIA     100627 1800 157N 1239W 255 021 1004 1008 0250 18 028 0056 0056 0056 00569 -999 -999 -999
NHC  04E CELIA     100628 0000 156N 1240W 255 015 1004 1008 0278 18 028 0074 0074 0074 00749 -999 -999 -999
NHC  04E CELIA     100628 0600 153N 1242W 220 010 1005 1008 0278 18 056 0093 -999 -999 00939 -999 -999 -999
NHC  04E CELIA     100628 1200 153N 1243W 225 010 1005 1012 0352 18 056 0074 0074 0074 00749 -999 -999 -999
NHC  04E CELIA     100628 1800 151N 1239W 155 005 1006 1009 0278 15 056 -999 -999 -999 -999 -999 -999
NHC  04E CELIA     100629 0000 152N 1236W 090 010 1006 1010 0278 15 056 -999 -999 -999 -999 -999 -999
