NHC  04L FOUR      100802 1800 128N 0418W 290 072 1006 1010 0278 15 056 -999 -999 -999 -999 -999 -999
NHC  04L FOUR      100803 0000 134N 0441W 285 093 1007 1010 0222 15 065 -999 -999 -999 -999 -999 -999
NHC  04L FOUR      100803 0600 137N 0462W 285 098 1006 1011 0185 18 046 0056 0046 0046 00569 -999 -999 -999
NHC  04L COLIN     100803 1200 140N 0485W 280 108 1006 1011 0185 18 046 0056 0046 0046 00569 -999 -999 -999
NHC  04L COLIN     100803 1800 154N 0524W 285 154 1006 1011 0139 18 046 0056 -999 -999 00569 -999 -999 -999
NHC  04L COLIN     100804 0000 163N 0547W 290 144 1008 1011 0185 15 074 -999 -999 -999 -999 -999 -999
NHC  04L COLIN     100804 0600 170N 0570W 290 118 1008 1011 0232 15 074 -999 -999 -999 -999 -999 -999
NHC  04L COLIN     100804 1200 178N 0595W 290 124 1008 1011 0232 15 056 -999 -999 -999 -999 -999 -999
NHC  04L COLIN     100804 1800 194N 0612W 300 118 1010 1012 0232 18 056 0056 -999 -999 -999 -999 -999
NHC  04L COLIN     100805 0000 202N 0628W 300 108 1009 1012 0232 18 056 0056 -999 -999 -999 -999 -999
NHC  04L COLIN     100805 0600 217N 0634W 315 082 1008 1012 0232 18 111 0167 -999 -999 -999 -999 -999
NHC  04L COLIN     100805 1200 230N 0650W 315 093 1008 1012 0232 18 111 0167 -999 -999 -999 -999 -999
NHC  04L COLIN     100805 1800 244N 0658W 320 088 1009 1013 0232 18 065 0167 -999 -999 -999 -999 -999
NHC  04L COLIN     100806 0000 256N 0663W 335 072 1005 1013 0259 26 046 0167 0111 -999 -999 -999 -999
NHC  04L COLIN     100806 0600 264N 0673W 325 062 1007 1012 0259 21 130 0167 0167 -999 -999 -999 -999
NHC  04L COLIN     100806 1200 269N 0671W 340 036 1007 1012 0324 21 130 0167 0167 -999 -999 -999 -999
NHC  04L COLIN     100806 1800 279N 0669W 015 041 1008 1012 0324 21 130 0167 0167 -999 -999 -999 -999
NHC  04L COLIN     100807 0000 287N 0666W 015 041 1009 1012 0324 21 130 0185 0167 -999 -999 -999 -999
NHC  04L COLIN     100807 0600 289N 0666W 010 031 1008 1012 0241 21 148 0185 0204 -999 -999 -999 -999
NHC  04L COLIN     100807 1200 292N 0665W 010 015 1008 1012 0241 18 148 0185 0204 -999 -999 -999 -999
NHC  04L COLIN     100807 1800 291N 0658W 090 005 1012 1015 0241 18 148 0167 0167 -999 -999 -999 -999
NHC  04L COLIN     100808 0000 295N 0656W 020 021 1012 1015 0241 18 148 0167 0167 -999 -999 -999 -999
NHC  04L COLIN     100808 0600 303N 0657W 005 026 1013 1015 0204 15 130 -999 -999 -999 -999 -999 -999
NHC  04L COLIN     100808 1200 314N 0656W 360 051 1013 1016 0232 15 111 -999 -999 -999 -999 -999 -999
NHC  04L COLIN     100808 1800 324N 0657W 360 051 1015 1017 0139 13 093 -999 -999 -999 -999 -999 -999
