JTWC 04W FOUR      100718 1200 154N 1204E 275 036 1000 1008 0278 15 083 -999 -999 -999 -999
JTWC 04W FOUR      100718 1800 153N 1193E 270 041 1004 1008 0259 13 083 -999 -999 -999 -999
JTWC 04W FOUR      100719 0000 153N 1181E 270 051 1000 1008 0278 15 083 -999 -999 -999 -999
JTWC 04W FOUR      100719 0600 155N 1172E 270 051 1000 1008 0278 15 083 -999 -999 -999 -999
JTWC 04W FOUR      100719 1200 157N 1162E 280 051 1000 1008 0278 15 083 -999 -999 -999 -999
JTWC 04W CHANTHU   100719 1800 164N 1165E 305 036 0996 1008 0278 18 065 -999 -999 -999 -999
JTWC 04W CHANTHU   100720 0000 173N 1160E 330 041 0996 1007 0278 18 065 -999 -999 -999 -999
JTWC 04W CHANTHU   100720 0600 178N 1151E 330 041 0996 1007 0278 18 065 -999 -999 -999 -999
JTWC 04W CHANTHU   100720 1200 183N 1146E 315 041 0993 1007 0278 21 056 0083 0074 0065 0074
JTWC 04W CHANTHU   100720 1800 184N 1135E 295 041 0989 1006 0278 23 056 0083 0074 0083 0083
JTWC 04W CHANTHU   100721 0000 183N 1130E 280 036 0982 1005 0278 28 028 0120 0139 0139 0139
JTWC 04W CHANTHU   100721 0600 189N 1128E 295 031 0989 1005 0287 23 074 0167 0130 0148 0148
JTWC 04W CHANTHU   100721 1200 192N 1124E 310 026 0982 1005 0287 28 046 0148 0111 0130 0130
JTWC 04W CHANTHU   100721 1800 198N 1122E 330 026 0978 1005 0296 31 046 0176 0139 0157 0157
JTWC 04W CHANTHU   100722 0000 207N 1114E 325 036 0970 1005 0315 36 028 0194 0176 0139 0176
JTWC 04W CHANTHU   100722 0600 215N 1104E 320 051 0967 1005 0315 39 028 0194 0176 0139 0176
JTWC 04W CHANTHU   100722 1200 219N 1097E 315 051 0974 1005 0235 33 028 0157 0139 0139 0157
