NHC  05E FIVE      100623 0000 108N 0930W 315 026 1006 1010 0334 15 111 -999 -999 -999 -999 -999 -999
NHC  05E FIVE      100623 0600 114N 0936W 310 041 1005 1010 0334 18 083 -999 -999 0083 00839 -999 -999 -999
NHC  05E DARBY     100623 1200 117N 0944W 310 041 1000 1010 0334 23 065 0065 0065 0083 00839 -999 -999 -999
NHC  05E DARBY     100623 1800 119N 0956W 290 051 0995 1010 0334 28 028 0093 0093 0093 01117 0037 0037 0037
NHC  05E DARBY     100624 0000 122N 0966W 285 051 0995 1010 0334 28 028 0093 0093 0093 01117 0037 0037 0037
NHC  05E DARBY     100624 0600 125N 0975W 285 051 0994 1010 0278 31 028 0083 0056 0056 00837 0028 0028 0037
NHC  05E DARBY     100624 1200 127N 0983W 285 041 0994 1010 0278 33 019 0083 0056 0056 00837 0028 0028 0037
NHC  05E DARBY     100624 1800 128N 0990W 285 036 0980 1010 0278 36 019 0093 0074 0074 00936 0046 0046 0046
NHC  05E DARBY     100625 0000 131N 0997W 285 036 0978 1010 0278 41 019 0093 0074 0074 00936 0046 0046 0046
NHC  05E DARBY     100625 0600 132N 1004W 285 036 0967 1009 0334 46 019 0111 0083 0083 01116 0056 0056 0056
NHC  05E DARBY     100625 1200 135N 1009W 290 036 0966 1009 0334 49 019 0111 0083 0083 01116 0056 0056 0056
NHC  05E DARBY     100625 1800 135N 1013W 285 026 0966 1011 0334 51 019 0139 0111 0111 01394 0065 0065 0074
NHC  05E DARBY     100626 0000 138N 1019W 290 026 0964 1009 0334 51 019 0093 0074 0074 00935 0056 0056 0065
NHC  05E DARBY     100626 0600 135N 1024W 270 026 0964 1008 0334 51 019 0065 0065 0065 00656 0037 0037 0037
NHC  05E DARBY     100626 1200 134N 1027W 260 026 0967 1008 0334 49 019 0065 0065 0065 00656 0037 0037 0037
NHC  05E DARBY     100626 1800 135N 1027W 255 015 0978 1008 0334 41 019 0065 0065 0065 00656 0037 0037 0037
NHC  05E DARBY     100627 0000 135N 1029W 270 010 0992 1007 0334 31 019 0056 0056 0056 00567 0028 0028 0037
NHC  05E DARBY     100627 0600 135N 1032W 270 010 0997 1007 0334 26 019 0056 0056 0056 00567 0028 0028 0037
NHC  05E DARBY     100627 1200 137N 1031W 360 000 0999 1007 0334 23 019 0056 0056 0056 00569 -999 -999 -999
NHC  05E DARBY     100627 1800 136N 1024W 090 021 1002 1004 0343 21 019 0056 0056 0056 00569 -999 -999 -999
NHC  05E DARBY     100628 0000 138N 1023W 070 015 1002 1004 0343 21 019 0056 0056 0056 00569 -999 -999 -999
NHC  05E DARBY     100628 0600 142N 1016W 060 026 1004 1008 0278 21 056 0074 0074 0074 -999 -999 -999
NHC  05E DARBY     100628 1200 142N 1006W 080 041 1005 1007 0232 18 056 0056 0056 0056 -999 -999 -999
NHC  05E DARBY     100628 1800 143N 0989W 080 057 1004 1006 0167 15 056 -999 -999 -999 -999 -999 -999
NHC  05E DARBY     100629 0000 146N 0977W 085 062 1005 1006 0167 13 056 -999 -999 -999 -999 -999 -999
