NHC  05L FIVE      100811 0000 260N 0840W 315 015 1007 1012 0278 15 111 -999 -999 -999 -999 -999 -999
NHC  05L FIVE      100811 0600 264N 0845W 310 031 1008 1012 0278 15 111 -999 -999 -999 -999 -999 -999
NHC  05L FIVE      100811 1200 275N 0864W 305 051 1008 1009 0324 13 139 -999 -999 -999 -999 -999 -999
NHC  05L FIVE      100811 1800 280N 0873W 305 051 1009 1010 0222 13 167 -999 -999 -999 -999 -999 -999
NHC  05L FIVE      100812 1800 298N 0891W 360 000 1008 1010 0185 13 167 -999 -999 -999 -999 -999 -999
NHC  05L FIVE      100813 0600 304N 0889W 360 010 1007 1010 0185 13 167 -999 -999 -999 -999 -999 -999
NHC  05L FIVE      100813 1200 307N 0888W 010 015 1008 1010 0195 13 185 -999 -999 -999 -999 -999 -999
NHC  05L FIVE      100815 0600 325N 0855W 180 015 1013 1014 0195 08 167 -999 -999 -999 -999 -999 -999
NHC  05L FIVE      100815 1200 318N 0849W 160 021 1013 1014 0195 10 167 -999 -999 -999 -999 -999 -999
NHC  05L FIVE      100815 1800 313N 0849W 180 026 1013 1015 0222 10 167 -999 -999 -999 -999 -999 -999
NHC  05L FIVE      100816 0000 307N 0853W 190 026 1011 1013 0222 10 167 -999 -999 -999 -999 -999 -999
NHC  05L FIVE      100816 0600 297N 0858W 205 046 1010 1013 0278 10 139 -999 -999 -999 -999 -999 -999
NHC  05L FIVE      100816 1200 294N 0861W 230 036 1009 1013 0278 10 139 -999 -999 -999 -999 -999 -999
NHC  05L FIVE      100816 1800 290N 0868W 250 036 1009 1013 0278 13 139 -999 -999 -999 -999 -999 -999
NHC  05L FIVE      100817 0000 294N 0875W 275 036 1007 1011 0278 13 093 -999 -999 -999 -999 -999 -999
NHC  05L FIVE      100817 0600 299N 0888W 285 041 1008 1011 0167 10 083 -999 -999 -999 -999 -999 -999
