JTWC 05W FIVE      100808 0000 222N 1247E  25 026 1002 1006 0185 13 037 -999 -999 -999 -999
JTWC 05W FIVE      100808 0600 229N 1253E  35 036 1000 1004 0185 13 037 -999 -999 -999 -999
JTWC 05W FIVE      100808 1200 234N 1254E  30 036 0998 1004 0185 15 037 -999 -999 -999 -999
JTWC 05W FIVE      100808 1800 242N 1253E  15 036 0996 1002 0185 18 037 -999 -999 -999 -999
JTWC 05W DIANMU    100809 0000 257N 1256E  10 051 0992 1000 0185 18 037 -999 -999 -999 -999
JTWC 05W DIANMU    100809 0600 269N 1256E   5 057 0992 1002 0222 21 056 0111 0111 0111 0056
JTWC 05W DIANMU    100809 1200 286N 1254E   0 067 0989 1002 0241 23 037 0167 0167 0120 0093
JTWC 05W DIANMU    100809 1800 298N 1252E 355 067 0989 1002 0291 23 056 0185 0194 0148 0130
JTWC 05W DIANMU    100810 0000 311N 1251E 355 067 0985 1002 0291 26 065 0204 0213 0157 0139
JTWC 05W DIANMU    100810 0600 323N 1253E   0 062 0985 1004 0333 26 056 0204 0204 0157 0157
JTWC 05W DIANMU    100810 1200 330N 1257E   5 057 0982 1004 0333 28 056 0204 0204 0157 0157
JTWC 05W DIANMU    100810 1800 338N 1262E  20 051 0989 1004 0296 23 056 0157 0157 0120 0120
JTWC 05W DIANMU    100811 0000 352N 1279E  35 062 0993 1004 0278 21 056 0083 0083 0065 0065
JTWC 05W DIANMU    100811 0600 360N 1300E  50 077 0989 1004 0278 23 083 0139 0185 0185 0120
JTWC 05W DIANMU    100811 1200 367N 1319E  60 088 0993 1004 0278 21 083 0139 0185 0185 0111
JTWC 05W DIANMU    100811 1800 378N 1339E  55 098 0996 1004 0296 18 093 -999 -999 -999 -999
JTWC 05W DIANMU    100812 0000 382N 1358E  65 088 1000 1004 0296 15 093 -999 -999 -999 -999
