NHC  06L SIX       100821 1800 108N 0318W 280 036 1008 1012 0556 13 139 -999 -999 -999 -999 -999 -999
NHC  06L SIX       100822 0000 112N 0323W 290 036 1008 1012 0556 13 139 -999 -999 -999 -999 -999 -999
NHC  06L SIX       100822 0600 118N 0330W 295 041 1007 1012 0510 15 139 -999 -999 -999 -999 -999 -999
NHC  06L SIX       100822 1200 122N 0339W 300 046 1007 1012 0510 15 139 -999 -999 -999 -999 -999 -999
NHC  06L SIX       100822 1800 132N 0346W 315 057 1007 1012 0463 15 139 -999 -999 -999 -999 -999 -999
NHC  06L DANIELLE  100823 0000 140N 0353W 315 057 1003 1012 0408 21 083 -999 -999 0083 00839 -999 -999 -999
NHC  06L DANIELLE  100823 0600 148N 0362W 315 062 1000 1010 0278 23 083 0093 0093 0111 01399 -999 -999 -999
NHC  06L DANIELLE  100823 1200 148N 0387W 290 072 0994 1012 0445 26 028 0083 0083 0111 01118 -999 -999 0028
NHC  06L DANIELLE  100823 1800 152N 0407W 285 082 0991 1012 0500 31 028 0111 0083 0083 01117 0037 -999 0037
NHC  06L DANIELLE  100824 0000 155N 0423W 285 088 0982 1011 0371 39 028 0139 0111 0111 01394 0056 0028 0074
NHC  06L DANIELLE  100824 0600 157N 0440W 280 088 0973 1008 0278 44 028 0185 0148 0111 01853 0065 0046 0074
NHC  06L DANIELLE  100824 1200 162N 0458W 285 088 0983 1011 0445 39 037 0222 0167 0139 02221 0083 0056 0111
NHC  06L DANIELLE  100824 1800 171N 0475W 295 093 0990 1011 0445 33 037 0222 0167 0111 01671 0083 0056 0083
NHC  06L DANIELLE  100825 0000 179N 0491W 295 088 0990 1011 0445 33 037 0222 0167 0111 01671 0083 0056 0083
NHC  06L DANIELLE  100825 0600 185N 0503W 295 077 0982 1010 0445 39 037 0222 0167 0111 01671 0083 0056 0083
NHC  06L DANIELLE  100825 1200 193N 0517W 300 077 0982 1010 0445 39 037 0222 0167 0111 01671 0083 0056 0083
NHC  06L DANIELLE  100825 1800 206N 0527W 315 077 0982 1010 0445 39 037 0222 0167 0111 01671 0083 0056 0083
NHC  06L DANIELLE  100826 0000 220N 0536W 319 082 0975 1010 0445 44 037 0278 0195 0167 02229 0093 0074 0111
NHC  06L DANIELLE  100826 0600 230N 0544W 325 072 0973 1010 0371 44 037 0278 0195 0167 02229 0093 0074 0111
NHC  06L DANIELLE  100826 1200 240N 0554W 320 067 0970 1012 0417 46 037 0278 0195 0167 02229 0093 0074 0111
NHC  06L DANIELLE  100826 1800 248N 0564W 315 067 0970 1012 0417 46 028 0278 0195 0167 02229 0093 0074 0111
NHC  06L DANIELLE  100827 0000 255N 0572W 315 051 0965 1012 0445 49 037 0334 0222 0195 02507 0111 0093 0139
NHC  06L DANIELLE  100827 0600 262N 0583W 305 057 0951 1012 0408 57 037 0334 0222 0195 02507 0111 0111 0167
NHC  06L DANIELLE  100827 1200 266N 0594W 300 051 0951 1014 0510 57 028 0334 0222 0195 02507 0111 0111 0167
NHC  06L DANIELLE  100827 1800 271N 0601W 300 046 0942 1014 0510 59 019 0334 0278 0241 02787 0167 0139 0167
NHC  06L DANIELLE  100828 0000 277N 0604W 320 041 0942 1014 0510 59 019 0334 0278 0241 02787 0167 0139 0167
NHC  06L DANIELLE  100828 0600 283N 0611W 320 041 0950 1014 0510 49 056 0334 0278 0278 02787 0130 0130 0148
NHC  06L DANIELLE  100828 1200 289N 0608W 340 031 0950 1014 0510 49 056 0334 0278 0278 02787 0148 0139 0148
NHC  06L DANIELLE  100828 1800 296N 0602W 010 031 0970 1014 0510 46 074 0297 0259 0259 02418 0130 0139 0111
NHC  06L DANIELLE  100829 0000 309N 0592W 030 082 0958 1013 0556 46 074 0297 0259 0259 02418 0130 0139 0111
NHC  06L DANIELLE  100829 0600 323N 0579W 035 093 0966 1012 0510 44 074 0297 0259 0297 02978 0130 0167 0148
NHC  06L DANIELLE  100829 1200 347N 0561W 035 118 0973 1014 0649 41 093 0334 0445 0334 03347 0222 0167 0167
NHC  06L DANIELLE  100829 1800 373N 0550W 025 139 0976 1013 0741 39 111 0389 0500 0334 03892 0278 0167 0167
NHC  06L DANIELLE  100830 0000 388N 0537W 025 113 0980 1013 0741 36 111 0389 0500 0334 03892 0278 0167 0167
NHC  06L DANIELLE  100830 0600 400N 0525W 030 082 0984 1013 0741 33 111 0445 0500 0334 04452 0278 0167 0167
NHC  06L DANIELLE  100830 1200 406N 0517W 040 067 0979 1010 0649 33 111 0445 0500 0334 03892 0278 0167 0167
NHC  06L DANIELLE  100830 1800 410N 0501W 060 057 0973 1009 0556 31 111 0334 0445 0445 03897 0222 0167 0167
NHC  06L DANIELLE  100831 0000 413N 0480W 070 062 0975 1008 0510 31 111 0334 0445 0445 03897 0222 0167 0167
