JTWC 06W SIX       100822 0600 160N 1142E 270 041 1000 1005 0204 15 046 -999 -999 -999 -999
JTWC 06W SIX       100822 1200 159N 1134E 270 046 1000 1005 0204 15 046 -999 -999 -999 -999
JTWC 06W SIX       100822 1800 159N 1121E 270 051 1000 1004 0222 15 046 -999 -999 -999 -999
JTWC 06W SIX       100823 0000 162N 1110E 275 057 0996 1004 0222 18 046 -999 -999 -999 -999
JTWC 06W MINDULLE  100823 0600 161N 1098E 275 057 0993 1003 0259 21 046 0093 0111 0111 0074
JTWC 06W MINDULLE  100823 1200 165N 1089E 280 051 0985 1003 0259 26 074 0093 0111 0111 0074
JTWC 06W MINDULLE  100823 1800 173N 1085E 300 046 0982 1002 0333 28 046 0130 0111 0093 0111
JTWC 06W MINDULLE  100824 0000 180N 1072E 300 057 0978 1002 0333 31 046 0120 0120 0093 0111
JTWC 06W MINDULLE  100824 0600 186N 1062E 300 062 0982 1002 0315 28 046 0102 0093 0065 0083
JTWC 06W MINDULLE  100824 1200 190N 1055E 300 051 0993 1002 0259 21 046 0046 -999 -999 0056
