NHC  07E SEVEN     100806 0000 158N 1017W 290 046 1004 1007 0185 15 056 -999 -999 -999 -999 -999 -999
NHC  07E SEVEN     100806 0600 161N 1027W 290 051 1004 1007 0185 15 056 -999 -999 -999 -999 -999 -999
NHC  07E SEVEN     100806 1200 164N 1036W 290 046 1004 1007 0167 15 046 -999 -999 -999 -999 -999 -999
NHC  07E SEVEN     100806 1800 170N 1045W 290 051 1003 1008 0185 18 046 0083 0083 -999 -999 -999 -999
NHC  07E ESTELLE   100807 0000 172N 1058W 285 057 1000 1007 0185 23 046 0083 0083 -999 00839 -999 -999 -999
NHC  07E ESTELLE   100807 0600 167N 1064W 270 046 1000 1007 0185 23 046 0083 0083 -999 00839 -999 -999 -999
NHC  07E ESTELLE   100807 1200 170N 1072W 275 041 1000 1007 0185 23 046 0083 0083 -999 00839 -999 -999 -999
NHC  07E ESTELLE   100807 1800 170N 1083W 270 051 0998 1008 0222 26 046 0111 0093 0065 00936 -999 -999 0056
NHC  07E ESTELLE   100808 0000 172N 1090W 280 041 0994 1008 0241 28 046 0130 0111 0074 01116 -999 -999 0056
NHC  07E ESTELLE   100808 0600 177N 1100W 290 046 0994 1008 0241 28 028 0139 0111 0093 01117 0037 0037 0037
NHC  07E ESTELLE   100808 1200 179N 1107W 285 036 0996 1008 0241 26 028 0139 0111 0093 01117 0037 -999 0037
NHC  07E ESTELLE   100808 1800 179N 1109W 285 031 0999 1008 0222 23 028 0083 0056 0037 00749 -999 -999 -999
NHC  07E ESTELLE   100809 0000 179N 1114W 270 021 1001 1007 0278 21 037 0083 0056 0037 00749 -999 -999 -999
NHC  07E ESTELLE   100809 0600 177N 1118W 255 021 1001 1007 0278 21 037 0056 0056 0074 00749 -999 -999 -999
NHC  07E ESTELLE   100809 1200 177N 1121W 260 021 1004 1007 0278 18 037 0056 0056 0074 00749 -999 -999 -999
NHC  07E ESTELLE   100809 1800 177N 1123W 260 015 1004 1007 0278 18 037 0056 0056 0056 00569 -999 -999 -999
NHC  07E ESTELLE   100810 0000 177N 1129W 265 026 1005 1007 0278 15 037 -999 -999 -999 -999 -999 -999
NHC  07E ESTELLE   100810 0600 175N 1133W 240 021 1005 1008 0232 15 037 -999 -999 -999 -999 -999 -999
NHC  07E ESTELLE   100810 1200 173N 1130W 240 015 1005 1008 0232 13 037 -999 -999 -999 -999 -999 -999
