NHC  07L SEVEN     100825 1200 142N 0303W 270 103 1007 1010 0371 15 074 -999 -999 -999 -999 -999 -999
NHC  07L EARL      100825 1800 143N 0315W 275 072 1006 1010 0371 18 074 0093 -999 -999 00939 -999 -999 -999
NHC  07L EARL      100826 0000 146N 0328W 275 072 1006 1011 0371 18 074 0093 -999 -999 00939 -999 -999 -999
NHC  07L EARL      100826 0600 150N 0341W 285 067 1004 1011 0371 21 074 0093 -999 -999 00939 -999 -999 -999
NHC  07L EARL      100826 1200 148N 0363W 275 077 1004 1011 0371 21 074 0093 -999 -999 00939 -999 -999 -999
NHC  07L EARL      100826 1800 151N 0380W 280 082 1003 1012 0417 21 111 0139 0111 -999 01399 -999 -999 -999
NHC  07L EARL      100827 0000 156N 0396W 280 082 1003 1012 0417 21 111 0139 0111 -999 01399 -999 -999 -999
NHC  07L EARL      100827 0600 156N 0409W 275 072 1003 1011 0556 21 111 0139 0111 -999 01399 -999 -999 -999
NHC  07L EARL      100827 1200 157N 0426W 270 077 1003 1011 0556 21 111 0139 0111 -999 01399 -999 -999 -999
NHC  07L EARL      100827 1800 157N 0451W 270 093 1003 1011 0556 21 111 0185 0139 -999 01859 -999 -999 -999
NHC  07L EARL      100828 0000 159N 0470W 275 098 1002 1011 0445 23 083 0139 0083 0083 01399 -999 -999 -999
NHC  07L EARL      100828 0600 156N 0492W 270 093 0999 1010 0371 26 056 0139 0083 0083 01396 -999 -999 0056
NHC  07L EARL      100828 1200 158N 0510W 270 093 0999 1010 0371 26 056 0139 0083 -999 01396 -999 -999 0056
NHC  07L EARL      100828 1800 162N 0533W 275 108 0999 1010 0371 26 046 0139 -999 -999 00936 -999 -999 0046
NHC  07L EARL      100829 0000 165N 0546W 280 093 0989 1010 0417 28 046 0259 -999 -999 01675 -999 -999 0056
NHC  07L EARL      100829 0600 167N 0562W 280 088 0989 1010 0463 28 046 0259 0148 -999 01675 -999 -999 0056
NHC  07L EARL      100829 1200 171N 0577W 280 077 0985 1011 0463 33 028 0259 0185 0074 01855 0065 0037 0056
NHC  07L EARL      100829 1800 174N 0589W 285 062 0978 1010 0389 36 037 0278 0222 0167 02229 0130 0056 0111
NHC  07L EARL      100830 0000 177N 0604W 285 067 0972 1010 0371 39 037 0278 0222 0167 02229 0130 0056 0111
NHC  07L EARL      100830 0600 181N 0618W 285 067 0969 1010 0445 44 056 0278 0259 0167 02228 0148 0074 0111
NHC  07L EARL      100830 1200 185N 0630W 285 067 0965 1011 0463 51 046 0278 0259 0167 02228 0148 0074 0111
NHC  07L EARL      100830 1800 190N 0642W 290 067 0954 1010 0463 59 037 0324 0297 0222 02975 0185 0093 0139
NHC  07L EARL      100831 0000 196N 0652W 295 062 0938 1010 0463 59 037 0324 0297 0222 02975 0185 0093 0139
NHC  07L EARL      100831 0600 200N 0663W 295 057 0931 1009 0510 59 037 0324 0297 0222 02975 0185 0111 0139
NHC  07L EARL      100831 1200 208N 0674W 301 062 0935 1009 0510 59 037 0324 0297 0222 02975 0185 0111 0139
NHC  07L EARL      100831 1800 215N 0683W 300 062 0940 1009 0510 59 037 0324 0324 0167 03242 0222 0111 0167
NHC  07L EARL      100901 0000 226N 0692W 315 062 0940 1008 0371 59 037 0324 0324 0167 03242 0222 0111 0167
NHC  07L EARL      100901 0600 235N 0706W 310 077 0942 1008 0417 59 037 0324 0324 0222 03242 0222 0139 0167
NHC  07L EARL      100901 1200 245N 0716W 315 072 0943 1008 0417 57 037 0324 0324 0222 03242 0222 0139 0167
NHC  07L EARL      100901 1800 257N 0727W 315 077 0941 1008 0417 57 037 0324 0324 0222 03242 0222 0167 0185
NHC  07L EARL      100902 0000 271N 0734W 330 082 0932 1008 0371 62 037 0371 0334 0222 03342 0222 0167 0185
NHC  07L EARL      100902 0600 286N 0744W 330 082 0931 1008 0371 62 028 0371 0334 0222 03342 0222 0167 0185
NHC  07L EARL      100902 1200 301N 0748W 345 082 0932 1008 0371 62 028 0371 0334 0222 03342 0222 0167 0139
NHC  07L EARL      100902 1800 317N 0752W 350 082 0943 1008 0371 57 028 0334 0222 0222 02785 0148 0148 0148
NHC  07L EARL      100903 0000 330N 0747W 015 072 0949 1012 0445 49 056 0334 0222 0222 02785 0167 0213 0185
NHC  07L EARL      100903 0600 346N 0744W 015 082 0955 1012 0445 46 046 0334 0334 0278 02785 0167 0222 0185
NHC  07L EARL      100903 1200 362N 0735W 020 082 0960 1012 0445 44 046 0334 0334 0278 02785 0167 0222 0185
NHC  07L EARL      100903 1800 375N 0725W 020 088 0961 1012 0445 36 046 0334 0334 0278 02222 0222 0185 0111
NHC  07L EARL      100904 0000 389N 0709W 040 108 0961 1004 0352 31 111 0297 0334 0278 02225 0222 0185 0148
NHC  07L EARL      100904 0600 408N 0683W 045 134 0965 1003 0408 31 111 0297 0334 0278 02225 0222 0185 0148
NHC  07L EARL      100904 1200 430N 0657W 040 139 0965 1003 0408 31 111 0297 0334 0278 02225 0222 0185 0148
NHC  07L EARL      100904 1800 460N 0633W 035 180 0966 1003 0408 31 111 0371 0371 0185 01115 0185 -999 -999
NHC  07L EARL      100905 0000 497N 0603W 030 232 0968 0988 0250 28 130 0334 0389 0297 -999 -999 -999
