JTWC 07S SEVEN     100106 0600 127S 0827E 245 051 0996 1006 0648 18 065 -999 -999 -999 -999
JTWC 07S SEVEN     100106 1200 131S 0818E 250 057 0996 1006 0648 18 065 -999 -999 -999 -999
JTWC 07S EDZANI    100106 1800 136S 0808E 250 057 0993 1004 0463 21 056 0074 0083 0083 0074
JTWC 07S EDZANI    100107 0000 138S 0802E 250 046 0985 1006 0444 26 056 0074 0083 0083 0065
JTWC 07S EDZANI    100107 0600 141S 0800E 245 036 0967 1006 0444 39 037 0102 0111 0111 0093
JTWC 07S EDZANI    100107 1200 144S 0797E 235 026 0948 1006 0852 51 037 0139 0157 0148 0130
JTWC 07S EDZANI    100107 1800 149S 0789E 235 031 0937 1004 0556 59 028 0167 0194 0204 0185
JTWC 07S EDZANI    100108 0000 152S 0783E 235 031 0929 1006 0556 64 028 0194 0222 0213 0194
JTWC 07S EDZANI    100108 0600 155S 0778E 240 036 0929 1006 0556 64 028 0194 0222 0213 0194
JTWC 07S EDZANI    100108 1200 160S 0771E 235 036 0929 1006 0556 64 028 0194 0222 0213 0194
JTWC 07S EDZANI    100108 1800 164S 0763E 240 041 0922 1006 0556 69 028 0213 0241 0232 0213
JTWC 07S EDZANI    100109 0000 169S 0755E 235 046 0929 1006 0556 64 028 0259 0278 0194 0185
JTWC 07S EDZANI    100109 0600 175S 0748E 235 046 0933 1006 0648 62 028 0213 0232 0232 0194
JTWC 07S EDZANI    100109 1200 182S 0737E 235 051 0937 1007 0648 59 028 0167 0204 0204 0167
JTWC 07S EDZANI    100109 1800 188S 0731E 230 051 0944 1005 0648 54 028 0204 0222 0222 0213
JTWC 07S EDZANI    100110 0000 200S 0724E 220 057 0952 1005 0648 49 028 0204 0222 0222 0213
JTWC 07S EDZANI    100110 0600 210S 0717E 215 057 0948 1006 0611 51 028 0204 0222 0222 0213
JTWC 07S EDZANI    100110 1200 221S 0713E 205 062 0956 1006 0593 46 028 0204 0222 0222 0213
JTWC 07S EDZANI    100110 1800 230S 0711E 200 057 0963 1006 0537 41 028 0204 0222 0222 0213
JTWC 07S EDZANI    100111 0000 242S 0715E 185 057 0967 1006 0407 39 028 0204 0222 0222 0213
JTWC 07S EDZANI    100111 0600 249S 0718E 170 046 0974 1006 0407 33 028 0185 0204 0204 0194
JTWC 07S EDZANI    100111 1200 258S 0724E 155 046 0989 1008 0352 23 019 0204 0204 0185 0148
JTWC 07S EDZANI    100111 1800 260S 0731E 140 041 0989 1008 0352 23 065 0185 0185 0148 0148
JTWC 07S EDZANI    100112 0000 261S 0725E 150 026 0993 1007 0352 21 074 0139 0176 0176 0139
JTWC 07S EDZANI    100112 0600 259S 0716E 240 015 0993 1007 0352 21 074 0139 0176 0176 0139
JTWC 07S EDZANI    100112 1200 264S 0709E 255 036 0993 1007 0352 21 074 0139 0176 0176 0139
JTWC 07S EDZANI    100112 1800 267S 0702E 255 036 0989 1007 0352 23 083 0139 0176 0176 0139
JTWC 07S EDZANI    100113 0000 271S 0694E 245 041 0989 1007 0352 23 083 0139 0176 0176 0139
JTWC 07S EDZANI    100113 0600 281S 0680E 235 051 1000 1007 0352 15 083 -999 -999 -999 -999
JTWC 07S EDZANI    100113 1200 294S 0675E 220 062 0993 1007 0352 21 083 -999 0093 0083 -999
JTWC 07S EDZANI    100113 1800 303S 0673E 205 057 0993 1007 0352 21 083 0241 0241 0213 0241
JTWC 07S EDZANI    100114 0000 320S 0679E 180 067 0993 1007 0352 21 083 0241 0241 0213 0241
JTWC 07S EDZANI    100114 0600 332S 0681E 175 067 0996 1011 0333 18 083 -999 -999 -999 -999
JTWC 07S EDZANI    100114 1200 348S 0696E 155 082 0996 1013 0370 18 083 0241 0241 0213 0213
JTWC 07S EDZANI    100114 1800 364S 0722E 140 098 0996 1013 0370 18 083 -999 -999 -999 -999
