JTWC 07W SEVEN     100827 1200 153N 1172E 280 026 1004 1008 0259 13 037 -999 -999 -999 -999
JTWC 07W SEVEN     100827 1800 165N 1179E 325 026 1004 1008 0259 13 093 -999 -999 -999 -999
JTWC 07W SEVEN     100828 0000 173N 1178E 345 036 1000 1008 0259 15 093 -999 -999 -999 -999
JTWC 07W SEVEN     100828 0600 184N 1175E 350 046 1000 1008 0259 15 093 -999 -999 -999 -999
JTWC 07W SEVEN     100828 1200 190N 1170E 340 046 0996 1008 0278 18 093 -999 -999 -999 -999
JTWC 07W SEVEN     100828 1800 193N 1163E 325 041 0996 1008 0278 18 083 -999 -999 -999 -999
JTWC 07W LIONROCK  100829 0000 196N 1165E 340 026 0996 1008 0278 18 083 -999 -999 -999 -999
JTWC 07W LIONROCK  100829 0600 202N 1163E 345 026 0996 1008 0278 18 083 -999 -999 -999 -999
JTWC 07W LIONROCK  100829 1200 208N 1163E 355 031 0993 1008 0296 21 046 0046 0046 -999 -999
JTWC 07W LIONROCK  100829 1800 209N 1167E  10 021 0993 1008 0296 21 046 0093 0074 0074 0093
JTWC 07W LIONROCK  100830 0000 209N 1168E  20 015 0993 1008 0296 21 046 0093 0074 0074 0093
JTWC 07W LIONROCK  100830 0600 211N 1169E  20 015 0989 1008 0296 23 046 0093 0074 0074 0093
JTWC 07W LIONROCK  100830 1200 213N 1171E  30 010 0982 1008 0315 28 028 0111 0093 0093 0111
JTWC 07W LIONROCK  100830 1800 204N 1174E 130 010 0982 1005 0278 28 028 0120 0102 0093 0111
JTWC 07W LIONROCK  100831 0000 203N 1177E 130 015 0982 1002 0278 28 037 0130 0111 0102 0111
JTWC 07W LIONROCK  100831 0600 204N 1177E 130 010 0985 1001 0278 26 046 0130 0130 0111 0111
JTWC 07W LIONROCK  100831 1200 208N 1191E  80 026 0985 1001 0194 26 037 0120 0111 0130 0111
JTWC 07W LIONROCK  100901 0000 223N 1195E  30 036 0989 1001 0232 23 046 0120 0176 0139 0120
JTWC 07W LIONROCK  100901 0600 231N 1193E   5 036 0982 1001 0194 28 046 0120 0157 0157 0102
JTWC 07W LIONROCK  100901 1200 231N 1185E 335 031 0985 1003 0213 26 046 0111 0139 0139 0102
JTWC 07W LIONROCK  100901 1800 233N 1184E 315 026 0985 1003 0180 26 046 0120 0111 0111 0120
JTWC 07W LIONROCK  100902 0000 240N 1175E 305 031 0985 1003 0180 26 046 0120 0111 0111 0120
