JTWC 09P OLGA      100123 0600 168S 1493E 255 072 0993 1006 0296 21 046 -999 0046 0046 -999
JTWC 09P OLGA      100123 1200 164S 1481E 275 057 0989 1004 0352 26 037 0093 0111 0111 0111
JTWC 09P OLGA      100123 1800 159S 1470E 280 057 0985 1004 0324 26 037 0093 0111 0111 0111
JTWC 09P OLGA      100124 0000 157S 1461E 285 051 0985 1004 0324 26 037 0074 0102 0083 0083
JTWC 09P OLGA      100124 0600 158S 1455E 285 046 0989 1004 0324 23 037 0074 0102 0083 0083
JTWC 09P OLGA      100124 1200 163S 1459E 255 021 0996 1001 0278 18 037 0074 0093 0093 0083
JTWC 09P OLGA      100126 0000 183S 1402E 275 051 1000 1004 0278 15 037 -999 -999 -999 -999
JTWC 09P OLGA      100126 0600 178S 1389E 285 051 1000 1004 0278 15 037 -999 -999 -999 -999
JTWC 09P OLGA      100126 1200 171S 1378E 295 057 1000 1004 0278 15 037 -999 -999 -999 -999
JTWC 09P OLGA      100126 1800 164S 1379E 310 051 0996 1001 0278 18 056 -999 -999 -999 -999
JTWC 09P OLGA      100127 0000 161S 1373E 315 041 0996 1001 0278 18 056 -999 -999 -999 -999
JTWC 09P OLGA      100127 0600 164S 1371E 295 021 0996 1003 0333 18 074 -999 -999 -999 -999
JTWC 09P OLGA      100127 1200 161S 1364E 285 026 0996 1003 0333 18 074 -999 -999 -999 -999
JTWC 09P OLGA      100127 1800 163S 1363E 275 021 0996 1003 0333 18 074 -999 -999 -999 -999
JTWC 09P OLGA      100128 0000 166S 1362E 255 015 1000 1003 0333 15 074 -999 -999 -999 -999
JTWC 09P OLGA      100128 0600 173S 1359E 200 021 1000 1003 0333 15 074 -999 -999 -999 -999
JTWC 09P OLGA      100128 1200 168S 1353E 240 021 0996 1001 0333 15 093 -999 -999 -999 -999
JTWC 09P OLGA      100128 1800 167S 1349E 265 021 1000 1001 0333 15 093 -999 -999 -999 -999
JTWC 09P OLGA      100129 0000 164S 1345E 305 026 1000 1001 0333 15 093 -999 -999 -999 -999
JTWC 09P OLGA      100129 0600 162S 1377E  75 041 1000 1002 0352 15 093 -999 -999 -999 -999
JTWC 09P OLGA      100129 1200 163S 1393E  95 057 0989  998 0333 18 046 -999 -999 -999 -999
JTWC 09P OLGA      100129 1800 172S 1403E 110 067 0987  998 0139 21 046 0093 0083 0083 0093
JTWC 09P OLGA      100130 0000 184S 1411E 125 067 0987  998 0296 18 046 -999 -999 -999 -999
