NHC  11L IGOR      100908 1200 137N 0233W 260 036 1005 1010 0334 18 056 -999 0083 0083 00569 -999 -999 -999
NHC  11L IGOR      100908 1800 138N 0237W 270 026 1005 1010 0334 21 056 -999 0083 0083 00569 -999 -999 -999
NHC  11L IGOR      100909 0000 138N 0243W 270 031 1005 1010 0232 21 056 -999 0083 0083 00569 -999 -999 -999
NHC  11L IGOR      100909 0600 138N 0244W 270 015 1006 1010 0232 18 056 -999 0083 0083 00569 -999 -999 -999
NHC  11L IGOR      100909 1200 142N 0245W 330 021 1006 1011 0297 18 056 -999 -999 -999 00569 -999 -999 -999
NHC  11L IGOR      100909 1800 156N 0256W 325 057 1004 1009 0167 18 056 -999 -999 -999 00569 -999 -999 -999
NHC  11L IGOR      100910 0000 152N 0273W 295 057 1004 1008 0167 15 056 -999 -999 -999 -999 -999 -999
NHC  11L IGOR      100910 0600 156N 0287W 280 072 1004 1008 0167 15 056 -999 -999 -999 -999 -999 -999
NHC  11L IGOR      100910 1200 163N 0303W 280 082 1004 1012 0371 18 056 -999 -999 0056 00569 -999 -999 -999
NHC  11L IGOR      100910 1800 166N 0323W 280 093 1002 1012 0408 21 065 -999 -999 0074 00749 -999 -999 -999
NHC  11L IGOR      100911 0000 170N 0342W 285 093 1000 1012 0408 23 065 -999 -999 0074 00749 -999 -999 -999
NHC  11L IGOR      100911 0600 170N 0369W 270 108 0995 1012 0408 31 037 0074 0074 0074 00747 -999 -999 0037
NHC  11L IGOR      100911 1200 173N 0387W 275 093 0995 1012 0445 31 046 0185 0111 0111 01853 0056 -999 0056
NHC  11L IGOR      100911 1800 174N 0404W 275 093 0995 1012 0445 31 046 0185 0111 0111 01853 0056 -999 0056
NHC  11L IGOR      100912 0000 176N 0419W 275 077 0992 1011 0445 33 019 0185 0111 0111 01853 0056 0037 0056
NHC  11L IGOR      100912 0600 177N 0438W 275 082 0992 1010 0445 33 019 0185 0111 0111 01853 0056 0037 0056
NHC  11L IGOR      100912 1200 177N 0449W 275 072 0975 1010 0463 44 019 0222 0148 0148 02223 0074 0056 0074
NHC  11L IGOR      100912 1800 177N 0463W 270 072 0970 1010 0463 59 019 0259 0204 0167 02410 0102 0083 0111
NHC  11L IGOR      100913 0000 177N 0473W 270 057 0935 1010 0500 67 037 0259 0204 0167 02410 0102 0083 0111
NHC  11L IGOR      100913 0600 177N 0483W 270 057 0935 1009 0556 67 037 0278 0278 0167 02410 0102 0083 0111
NHC  11L IGOR      100913 1200 176N 0492W 265 046 0933 1010 0556 67 037 0278 0259 0185 02418 0111 0093 0148
NHC  11L IGOR      100913 1800 176N 0501W 265 046 0933 1010 0556 67 028 0278 0259 0185 02418 0111 0093 0148
NHC  11L IGOR      100914 0000 177N 0509W 275 041 0937 1010 0649 64 037 0315 0259 0204 02418 0120 0102 0158
NHC  11L IGOR      100914 0600 178N 0514W 280 031 0945 1009 0556 59 037 0315 0259 0204 02417 0130 0111 0148
NHC  11L IGOR      100914 1200 181N 0520W 290 031 0945 1010 0556 59 037 0315 0259 0204 02417 0130 0111 0148
NHC  11L IGOR      100914 1800 187N 0527W 300 036 0933 1010 0556 64 037 0334 0278 0241 02978 0111 0111 0148
NHC  11L IGOR      100915 0000 189N 0535W 295 041 0925 1010 0602 69 046 0361 0278 0241 02978 0111 0111 0148
NHC  11L IGOR      100915 0600 193N 0541W 300 041 0925 1009 0537 69 046 0361 0278 0241 02978 0111 0111 0148
NHC  11L IGOR      100915 1200 196N 0546W 300 036 0942 1008 0519 59 046 0361 0278 0241 02978 0111 0111 0148
NHC  11L IGOR      100915 1800 198N 0552W 295 036 0942 1008 0593 59 046 0361 0278 0241 02978 0111 0111 0148
NHC  11L IGOR      100916 0000 200N 0561W 290 041 0942 1009 0612 59 056 0389 0324 0259 03348 0111 0111 0148
NHC  11L IGOR      100916 0600 203N 0565W 295 031 0929 1009 0612 64 065 0445 0389 0334 03892 0167 0148 0185
NHC  11L IGOR      100916 1200 206N 0569W 305 031 0934 1009 0612 62 065 0445 0389 0334 03892 0167 0148 0204
NHC  11L IGOR      100916 1800 214N 0577W 310 036 0940 1009 0612 59 065 0445 0389 0334 03891 0204 0185 0222
NHC  11L IGOR      100917 0000 219N 0582W 315 041 0940 1008 0741 57 065 0463 0389 0334 04171 0204 0185 0222
NHC  11L IGOR      100917 0600 221N 0591W 300 041 0935 1008 0741 57 065 0463 0389 0334 04451 0204 0185 0222
NHC  11L IGOR      100917 1200 227N 0598W 305 041 0940 1008 0741 51 065 0463 0389 0334 04451 0204 0185 0222
NHC  11L IGOR      100917 1800 234N 0607W 305 046 0947 1008 0741 49 074 0556 0389 0371 04457 0204 0241 0222
NHC  11L IGOR      100918 0000 243N 0615W 315 057 0947 1008 0741 49 056 0556 0389 0371 04457 0204 0241 0222
NHC  11L IGOR      100918 0600 248N 0625W 310 057 0939 1008 0760 49 083 0556 0389 0371 04457 0204 0241 0241
NHC  11L IGOR      100918 1200 256N 0632W 310 051 0939 1009 0760 49 083 0556 0389 0371 04457 0204 0241 0241
NHC  11L IGOR      100918 1800 267N 0640W 320 062 0945 1009 0760 44 083 0556 0417 0371 04459 0204 0204 0241
NHC  11L IGOR      100919 0000 277N 0646W 325 062 0945 1009 0760 44 083 0556 0417 0371 04459 0204 0204 0241
NHC  11L IGOR      100919 0600 283N 0652W 330 051 0949 1008 0649 39 093 0556 0417 0334 04638 0241 0222 0278
NHC  11L IGOR      100919 1200 297N 0654W 355 062 0949 1008 0649 39 093 0556 0463 0371 05568 0241 0222 0278
NHC  11L IGOR      100919 1800 308N 0659W 345 067 0954 1008 0695 36 120 0556 0510 0371 05568 0278 0222 0278
NHC  11L IGOR      100920 0000 319N 0657W 015 062 0953 1008 0667 33 130 0556 0510 0371 05568 0278 0222 0278
NHC  11L IGOR      100920 0600 334N 0649W 025 088 0957 1008 0667 33 130 0556 0510 0371 05568 0278 0222 0278
NHC  11L IGOR      100920 1200 351N 0643W 020 093 0960 1008 0667 33 130 0556 0510 0482 05568 0278 0222 0278
NHC  11L IGOR      100920 1800 372N 0626W 035 118 0965 1007 0667 33 093 0612 0556 0556 05568 0278 0185 0259
NHC  11L IGOR      100921 0000 390N 0604W 045 129 0968 1004 0667 33 093 0612 0556 0556 05568 0278 0222 0259
NHC  11L IGOR      100921 0600 413N 0568W 050 185 0968 1004 0667 33 093 0612 0556 0556 05568 0278 0222 0259
NHC  11L IGOR      100921 1200 448N 0538W 040 206 0960 1006 0667 33 093 0741 0649 0649 05561 0278 0278 0222
NHC  11L IGOR      100921 1800 480N 0522W 030 196 0950 1002 0667 36 111 0834 0741 0649 07418 0445 0297 0334
