JTWC 11S ELEVEN    100128 0000 205S 0619E 140 051 0996 1008 0370 18 083 -999 -999 -999 -999
JTWC 11S ELEVEN    100128 0600 212S 0588E 205 036 0996 1006 0324 18 065 -999 -999 -999 -999
JTWC 11S ELEVEN    100128 1200 217S 0594E 190 026 1000 1005 0287 15 065 -999 -999 -999 -999
JTWC 11S ELEVEN    100128 1800 228S 0596E 160 036 1000 1005 0287 15 065 -999 -999 -999 -999
JTWC 11S ELEVEN    100129 0000 242S 0594E 175 051 0996 1005 0287 18 065 -999 -999 -999 -999
JTWC 11S ELEVEN    100129 0600 250S 0596E 175 057 1000 1005 0287 15 065 -999 -999 -999 -999
JTWC 11S ELEVEN    100129 1200 265S 0598E 175 062 1000 1005 0306 15 083 -999 -999 -999 -999
JTWC 11S ELEVEN    100129 1800 272S 0604E 165 057 0996 1005 0306 18 083 -999 -999 -999 -999
JTWC 11S ELEVEN    100130 0000 285S 0611E 160 062 0996 1005 0306 18 083 -999 -999 -999 -999
JTWC 11S ELEVEN    100130 0600 289S 0617E 150 057 1000 1004 0343 15 093 -999 -999 -999 -999
