NHC  15L MATTHEW   100923 1800 139N 0762W 280 072 1007 1010 0241 15 056 -999 -999 -999 -999 -999 -999
NHC  15L MATTHEW   100924 0000 141N 0777W 280 077 1005 1008 0278 21 056 0074 -999 -999 00749 -999 -999 -999
NHC  15L MATTHEW   100924 0600 141N 0791W 275 072 1005 1009 0278 21 056 0074 -999 -999 00749 -999 -999 -999
NHC  15L MATTHEW   100924 1200 143N 0813W 275 088 1001 1009 0278 23 056 0083 -999 -999 01119 -999 -999 -999
NHC  15L MATTHEW   100924 1800 146N 0830W 280 088 0998 1009 0278 23 056 0185 0056 -999 02229 -999 -999 -999
NHC  15L MATTHEW   100925 0000 150N 0843W 280 072 0998 1008 0297 26 074 0278 0111 -999 02224 -999 -999 -999
NHC  15L MATTHEW   100925 0600 155N 0857W 285 072 0998 1008 0297 23 074 0278 -999 -999 02229 -999 -999 -999
NHC  15L MATTHEW   100925 1200 158N 0873W 285 077 1000 1008 0297 18 074 0222 -999 -999 -999 -999 -999
NHC  15L MATTHEW   100925 1800 171N 0888W 300 082 1003 1008 0297 15 074 -999 -999 -999 -999 -999 -999
NHC  15L MATTHEW   100926 0000 169N 0907W 285 077 1002 1008 0315 15 074 -999 -999 -999 -999 -999 -999
NHC  15L MATTHEW   100926 0600 172N 0915W 285 051 1003 1006 0278 13 074 -999 -999 -999 -999 -999 -999
NHC  15L MATTHEW   100926 1200 174N 0927W 280 051 1003 1007 0463 13 074 -999 -999 -999 -999 -999 -999
