NHC  18L PAULA     101011 1800 157N 0837W 315 036 1001 1010 0463 21 037 0093 -999 -999 00939 -999 -999 -999
NHC  18L PAULA     101012 0000 165N 0844W 315 046 0998 1008 0241 28 028 0111 0056 0056 01118 -999 -999 0028
NHC  18L PAULA     101012 0600 172N 0850W 320 046 0991 1010 0222 31 028 0093 0074 0074 00938 0028 -999 0028
NHC  18L PAULA     101012 1200 182N 0855W 325 051 0992 1010 0222 33 019 0093 0074 0074 00938 0028 0019 0028
NHC  18L PAULA     101012 1800 188N 0859W 335 046 0981 1010 0222 44 019 0093 0074 0074 00937 0037 0037 0037
NHC  18L PAULA     101013 0000 196N 0860W 355 041 0981 1010 0185 44 019 0093 0074 0074 00937 0037 0037 0037
NHC  18L PAULA     101013 0600 203N 0860W 350 036 0984 1010 0185 44 009 0093 0074 0074 00937 0037 0037 0037
NHC  18L PAULA     101013 1200 211N 0860W 360 041 0984 1010 0185 44 009 0093 0074 0074 00937 0037 0037 0037
NHC  18L PAULA     101013 1800 215N 0857W 030 026 0990 1010 0185 39 009 0093 0074 0056 00747 0037 0019 0037
NHC  18L PAULA     101014 0000 218N 0856W 020 015 0992 1011 0167 39 009 0083 0074 0056 00747 0037 0019 0037
NHC  18L PAULA     101014 0600 221N 0852W 050 021 0993 1011 0167 36 009 0083 0074 0056 00747 0037 0019 0037
NHC  18L PAULA     101014 1200 227N 0844W 045 031 1000 1011 0167 31 009 0074 0074 0056 00747 0037 0019 0019
NHC  18L PAULA     101014 1800 228N 0832W 085 051 1002 1011 0167 26 009 0074 0074 0056 00747 -999 -999 0019
NHC  18L PAULA     101015 0000 230N 0820W 085 062 1002 1011 0167 23 019 0111 0074 0056 00749 -999 -999 -999
NHC  18L PAULA     101015 0600 230N 0807W 090 062 1008 1012 0167 15 019 -999 -999 -999 -999 -999 -999
NHC  18L PAULA     101015 1200 230N 0795W 090 062 1009 1012 0167 10 019 -999 -999 -999 -999 -999 -999
