NHC  19L NINETEEN  101021 0000 176N 0812W 090 010 1006 1011 0408 15 130 -999 -999 -999 -999 -999 -999
NHC  19L NINETEEN  101021 0600 173N 0809W 115 021 1005 1011 0408 15 130 -999 -999 -999 -999 -999 -999
NHC  19L RICHARD   101021 1200 165N 0807W 155 026 1006 1010 0371 18 148 0167 0167 -999 -999 -999 -999
NHC  19L RICHARD   101021 1800 161N 0804W 155 015 1006 1010 0371 18 148 0167 0167 -999 -999 -999 -999
NHC  19L RICHARD   101022 0000 160N 0805W 160 010 1007 1010 0371 18 130 0167 0167 -999 -999 -999 -999
NHC  19L RICHARD   101022 0600 160N 0803W 155 010 1005 1010 0371 18 130 0167 0167 -999 -999 -999 -999
NHC  19L RICHARD   101022 1200 159N 0809W 225 010 1006 1010 0371 18 130 0167 0167 -999 -999 -999 -999
NHC  19L RICHARD   101022 1800 161N 0816W 270 026 1006 1010 0371 18 083 0167 -999 -999 01119 -999 -999 -999
NHC  19L RICHARD   101023 0000 158N 0821W 270 031 1007 1010 0371 21 130 0139 -999 -999 -999 -999 -999
NHC  19L RICHARD   101023 0600 158N 0828W 270 036 1006 1011 0324 21 111 0139 -999 -999 01119 -999 -999 -999
NHC  19L RICHARD   101023 1200 158N 0831W 270 026 1000 1010 0222 26 028 0139 0111 -999 01117 -999 -999 0037
NHC  19L RICHARD   101023 1800 160N 0838W 280 036 1000 1010 0222 28 028 0139 0111 -999 01117 -999 -999 0037
NHC  19L RICHARD   101024 0000 162N 0842W 285 031 0996 1011 0241 28 028 0167 0111 -999 01117 -999 -999 0037
NHC  19L RICHARD   101024 0600 164N 0851W 285 036 0995 1011 0241 31 028 0167 0111 0074 01307 -999 -999 0037
NHC  19L RICHARD   101024 1200 168N 0864W 290 051 0990 1011 0241 36 028 0167 0111 0093 01306 0037 0037 0056
NHC  19L RICHARD   101024 1800 171N 0875W 285 057 0988 1011 0241 39 028 0167 0111 0093 01306 0037 0037 0056
NHC  19L RICHARD   101025 0000 172N 0882W 285 046 0981 1010 0241 41 028 0167 0111 0093 01116 0037 0037 0056
NHC  19L RICHARD   101025 0600 176N 0893W 285 051 0987 1010 0185 33 028 0130 0111 0074 00936 0037 -999 0028
NHC  19L RICHARD   101025 1200 177N 0899W 285 036 1005 1010 0278 21 028 0111 0111 0074 00939 -999 -999 -999
NHC  19L RICHARD   101025 1800 180N 0908W 290 041 1005 1010 0278 15 037 -999 -999 -999 -999 -999 -999
NHC  19L RICHARD   101026 0000 181N 0913W 285 031 1003 1006 0185 13 056 -999 -999 -999 -999 -999 -999
NHC  19L RICHARD   101026 0600 190N 0922W 305 046 1005 1007 0185 13 056 -999 -999 -999 -999 -999 -999
NHC  19L RICHARD   101026 1200 200N 0929W 320 051 1004 1006 0278 13 056 -999 -999 -999 -999 -999 -999
