JTWC 19P NINETEEN  100311 1200 110S 1753W 275 031 0996 1007 0287 18 065 -999 -999 -999 -999
JTWC 19P NINETEEN  100311 1800 105S 1765W 285 046 0996 1008 0306 18 065 -999 -999 -999 -999
JTWC 19P NINETEEN  100312 0000 106S 1772W 280 041 0996 1007 0315 18 056 -999 -999 -999 -999
JTWC 19P TOMAS     100312 0600 113S 1766W 250 026 0989 1002 0315 23 056 0065 0065 0065 0065
JTWC 19P TOMAS     100312 1200 114S 1770W 240 031 0982 1001 0343 28 046 0102 0102 0102 0093
JTWC 19P TOMAS     100312 1800 111S 1780W 260 036 0978 1001 0343 31 046 0102 0102 0102 0093
JTWC 19P TOMAS     100313 0000 117S 1781W 240 026 0974 1001 0343 33 046 0120 0120 0130 0120
JTWC 19P TOMAS     100313 0600 119S 1782W 235 021 0974 1002 0370 33 046 0120 0120 0130 0120
JTWC 19P TOMAS     100313 1200 124S 1788W 225 026 0974 1003 0407 33 046 0120 0120 0130 0120
JTWC 19P TOMAS     100313 1800 130S 1790W 215 031 0970 1003 0417 36 019 0130 0130 0139 0130
JTWC 19P TOMAS     100314 0000 136S 1794W 210 031 0959 1003 0417 44 019 0185 0194 0204 0185
JTWC 19P TOMAS     100314 0600 141S 1794W 200 031 0959 1003 0444 44 019 0204 0204 0194 0194
JTWC 19P TOMAS     100314 1200 145S 1794W 190 026 0948 1001 0463 51 019 0222 0222 0204 0204
JTWC 19P TOMAS     100315 0000 155S 1793W 175 026 0941 1008 0278 57 028 0222 0241 0232 0222
JTWC 19P TOMAS     100315 0600 161S 1794W 180 026 0937 1004 0333 59 028 0250 0250 0222 0222
JTWC 19P TOMAS     100315 1200 165S 1797W 190 026 0937 1002 0370 59 028 0269 0269 0250 0250
JTWC 19P TOMAS     100315 1800 176S 1793W 175 036 0948 1000 0370 51 028 0269 0269 0250 0250
JTWC 19P TOMAS     100316 0000 184S 1794W 180 041 0944  996 0333 54 028 0306 0296 0241 0232
JTWC 19P TOMAS     100316 0600 195S 1793W 175 051 0948  996 0398 51 037 0306 0296 0241 0232
JTWC 19P TOMAS     100316 1200 213S 1785W 170 067 0944  996 0398 54 037 0306 0296 0241 0232
JTWC 19P TOMAS     100316 1800 230S 1779W 165 082 0937 1002 0398 59 028 0343 0333 0287 0241
JTWC 19P TOMAS     100317 0000 250S 1767W 155 103 0948 1000 0361 51 028 0398 0361 0306 0269
JTWC 19P TOMAS     100317 0600 270S 1747W 150 113 0967 1000 0352 39 065 0398 0361 0306 0269
