JTWC 20P TWENTY    100311 1800 147S 1664E 260 015 0996 1008 0269 18 074 -999 -999 -999 -999
JTWC 20P TWENTY    100312 0000 149S 1664E 245 015 0993 1008 0287 21 056 0056 0056 0065 0065
JTWC 20P TWENTY    100312 0600 149S 1657E 260 021 0989 1005 0287 23 056 0074 0074 0083 0065
JTWC 20P TWENTY    100312 1200 144S 1649E 285 031 0989 1004 0306 23 046 0083 0102 0102 0083
JTWC 20P ULUI      100312 1800 141S 1648E 295 026 0985 1004 0306 26 046 0083 0102 0102 0083
JTWC 20P ULUI      100313 0000 139S 1642E 290 026 0982 1004 0306 28 009 0093 0111 0111 0093
JTWC 20P ULUI      100313 1200 131S 1630E 295 031 0944 1004 0324 54 019 0148 0167 0167 0148
JTWC 20P ULUI      100313 1800 129S 1625E 295 031 0929 1004 0343 64 019 0167 0185 0194 0167
JTWC 20P ULUI      100314 0000 127S 1617E 290 036 0918 1004 0343 72 019 0241 0250 0259 0241
JTWC 20P ULUI      100314 1200 128S 1605E 275 036 0918 1001 0380 72 019 0241 0250 0259 0259
JTWC 20P ULUI      100314 1800 129S 1600E 265 031 0926 1001 0380 67 019 0222 0232 0241 0232
JTWC 20P ULUI      100315 0000 129S 1595E 265 031 0926 1001 0380 67 019 0222 0232 0241 0232
JTWC 20P ULUI      100315 0600 130S 1589E 265 026 0926 1003 0380 67 019 0232 0241 0241 0232
JTWC 20P ULUI      100315 1200 130S 1586E 260 026 0926 1001 0389 67 019 0232 0241 0241 0232
JTWC 20P ULUI      100315 1800 132S 1583E 255 021 0937  998 0361 59 019 0232 0241 0241 0232
JTWC 20P ULUI      100316 0000 134S 1582E 245 015 0937  997 0380 59 028 0259 0269 0250 0241
JTWC 20P ULUI      100316 1200 135S 1578E 250 010 0941  997 0426 57 037 0259 0269 0250 0241
JTWC 20P ULUI      100316 1800 137S 1578E 225 010 0937 1001 0426 59 028 0259 0269 0250 0241
JTWC 20P ULUI      100317 0000 138S 1577E 210 010 0944 1001 0398 54 028 0259 0269 0250 0241
JTWC 20P ULUI      100317 0600 140S 1578E 190 010 0944 1001 0407 54 037 0259 0269 0250 0241
JTWC 20P ULUI      100317 1200 144S 1580E 165 010 0948 1003 0398 51 046 0259 0269 0250 0241
JTWC 20P ULUI      100317 1800 148S 1580E 165 015 0956 1004 0407 46 037 0306 0296 0296 0278
JTWC 20P ULUI      100318 0000 150S 1579E 175 015 0959 1004 0417 44 056 0296 0287 0287 0269
JTWC 20P ULUI      100318 0600 154S 1577E 195 015 0963 1004 0398 41 056 0287 0287 0269 0269
JTWC 20P ULUI      100318 1200 156S 1577E 200 015 0963 1003 0370 41 056 0287 0287 0269 0269
JTWC 20P ULUI      100318 1800 159S 1573E 215 021 0970 1003 0417 36 056 0232 0269 0250 0232
JTWC 20P ULUI      100319 0000 165S 1567E 220 026 0974 1003 0435 33 056 0222 0269 0250 0222
JTWC 20P ULUI      100319 0600 171S 1562E 220 036 0982 1005 0398 28 046 0222 0250 0250 0222
JTWC 20P ULUI      100319 1200 180S 1555E 220 041 0982 1003 0370 28 046 0222 0250 0250 0222
JTWC 20P ULUI      100319 1800 191S 1548E 215 057 0982 1005 0296 28 046 0176 0194 0185 0167
JTWC 20P ULUI      100320 0000 196S 1530E 230 067 0982 1005 0296 28 046 0176 0194 0185 0167
JTWC 20P ULUI      100320 0600 199S 1517E 240 072 0985 1006 0315 26 037 0167 0204 0185 0148
JTWC 20P ULUI      100320 1200 203S 1498E 255 077 0974 1006 0315 33 028 0167 0204 0185 0148
JTWC 20P ULUI      100320 1800 205S 1483E 260 077 0989 1006 0180 23 028 0111 0120 0120 0093
JTWC 20P ULUI      100321 0000 210S 1468E 255 082 0989 1006 0180 23 028 0111 0120 0120 0093
