NHC  21L TOMAS     101029 1800 108N 0568W 295 093 0998 1009 0463 18 056 0074 0056 -999 00749 -999 -999 -999
NHC  21L TOMAS     101030 0000 119N 0578W 305 072 0999 1009 0463 26 056 0167 0083 0083 01676 -999 -999 0056
NHC  21L TOMAS     101030 0600 125N 0589W 300 067 0997 1009 0417 28 056 0167 0083 0083 01676 -999 -999 0056
NHC  21L TOMAS     101030 1200 131N 0601W 306 067 0993 1009 0417 31 056 0278 0148 0093 01673 -999 -999 0074
NHC  21L TOMAS     101030 1800 134N 0610W 295 051 0992 1009 0417 33 037 0278 0148 0093 01673 0046 -999 0074
NHC  21L TOMAS     101031 0000 135N 0617W 285 041 0982 1009 0371 41 037 0278 0148 0093 01673 0056 0037 0074
NHC  21L TOMAS     101031 0600 138N 0624W 290 036 0982 1009 0324 44 028 0278 0148 0074 02222 0056 0037 0074
NHC  21L TOMAS     101031 1200 140N 0633W 290 041 0983 1011 0324 44 028 0278 0083 0083 02222 0046 0037 0093
NHC  21L TOMAS     101031 1800 142N 0643W 285 046 0992 1010 0324 36 028 0241 0148 0083 02412 0056 0037 0102
NHC  21L TOMAS     101101 0000 144N 0656W 280 062 0997 1010 0278 28 056 0278 0278 0056 01673 0083 -999 0083
NHC  21L TOMAS     101101 0600 139N 0671W 260 067 1003 1010 0278 23 056 0278 0278 0056 01679 -999 -999 -999
NHC  21L TOMAS     101101 1200 136N 0682W 255 062 1005 1011 0278 21 056 0167 0167 -999 00939 -999 -999 -999
NHC  21L TOMAS     101101 1800 134N 0692W 260 051 1005 1010 0278 21 056 0222 0093 -999 00749 -999 -999 -999
NHC  21L TOMAS     101102 0000 135N 0704W 270 062 1005 1010 0278 21 056 0222 0074 -999 00749 -999 -999 -999
NHC  21L TOMAS     101102 0600 136N 0713W 275 051 1003 1010 0278 21 046 0185 0074 -999 00749 -999 -999 -999
NHC  21L TOMAS     101102 1200 134N 0722W 270 046 1003 1010 0324 23 046 0185 0074 -999 00569 -999 -999 -999
NHC  21L TOMAS     101102 1800 134N 0742W 270 067 1006 1009 0324 18 065 0111 -999 -999 01119 -999 -999 -999
NHC  21L TOMAS     101103 0000 136N 0748W 275 041 1006 1009 0297 18 111 0167 -999 -999 01679 -999 -999 -999
NHC  21L TOMAS     101103 0600 134N 0753W 260 036 1006 1008 0334 15 111 -999 -999 -999 -999 -999 -999
NHC  21L TOMAS     101103 1200 139N 0757W 295 026 1006 1008 0334 15 139 -999 -999 -999 -999 -999 -999
NHC  21L TOMAS     101103 1800 148N 0748W 335 026 1004 1008 0297 15 139 -999 -999 -999 -999 -999 -999
NHC  21L TOMAS     101104 0000 152N 0751W 325 026 1003 1006 0334 21 111 0111 0111 -999 -999 -999 -999
NHC  21L TOMAS     101104 0600 156N 0760W 320 031 0999 1007 0278 21 111 0185 0111 -999 -999 -999 -999
NHC  21L TOMAS     101104 1200 159N 0760W 345 036 0998 1006 0278 21 111 0139 0111 -999 -999 -999 -999
NHC  21L TOMAS     101104 1800 163N 0762W 345 021 0998 1006 0463 23 074 0195 0111 -999 -999 -999 -999
NHC  21L TOMAS     101105 0000 170N 0757W 035 041 0989 1006 0463 28 046 0222 0222 -999 -999 -999 -999
NHC  21L TOMAS     101105 0600 177N 0752W 035 041 0987 1006 0334 28 046 0222 0222 -999 -999 -999 -999
NHC  21L TOMAS     101105 1200 187N 0747W 030 051 0987 1006 0334 39 028 0222 0222 0093 00933 0056 0056 0056
NHC  21L TOMAS     101105 1800 198N 0740W 035 062 0989 1006 0334 36 037 0185 0222 0093 00934 0074 0037 0037
NHC  21L TOMAS     101106 0000 204N 0731W 050 062 0994 1006 0334 31 056 0139 0195 0111 00566 0074 0056 -999
NHC  21L TOMAS     101106 0600 214N 0718W 050 067 0992 1006 0315 33 037 0139 0167 0111 00566 0074 0056 -999
NHC  21L TOMAS     101106 1200 226N 0709W 045 072 0990 1008 0371 31 037 0093 0148 0074 00566 0065 0046 -999
NHC  21L TOMAS     101106 1800 238N 0701W 035 072 0991 1009 0371 28 037 0093 0148 0093 00936 0074 0056 -999
NHC  21L TOMAS     101107 0000 249N 0697W 025 062 0987 1009 0371 36 037 0158 0158 0139 01394 0074 0037 0046
NHC  21L TOMAS     101107 0600 260N 0690W 025 067 0987 1009 0371 36 037 0158 0158 0139 01394 0074 0037 0046
NHC  21L TOMAS     101107 1200 258N 0696W 005 026 0995 1010 0371 28 037 0158 0158 0241 03246 0046 0037 0046
NHC  21L TOMAS     101107 1800 260N 0695W 020 015 0997 1008 0463 26 037 0148 0148 0232 03249 -999 0074 0074
NHC  21L TOMAS     101108 0600 260N 0675W 090 041 0999 1008 0463 26 074 0278 0148 0324 04179 -999 0074 0074
