JTWC 22P TWENTYTWO 100328 0000 130S 1365E 165 015 0996 1006 0278 18 074 -999 -999 -999 -999
JTWC 22P PAUL      100328 0600 132S 1365E 190 010 0996 1006 0278 18 074 -999 -999 -999 -999
JTWC 22P PAUL      100328 1200 133S 1362E 220 010 0996 1006 0278 18 065 -999 0065 -999 -999
JTWC 22P PAUL      100328 1800 133S 1366E 160 005 0993 1006 0278 21 065 0065 0065 -999 -999
JTWC 22P PAUL      100329 0000 133S 1364E 205 005 0982 1004 0259 28 028 0074 0074 0074 0065
JTWC 22P PAUL      100329 0600 134S 1362E 235 005 0978 1004 0278 31 028 0056 0056 0046 0046
JTWC 22P PAUL      100329 1200 134S 1360E 250 010 0974 1004 0296 33 028 0056 0056 0046 0046
JTWC 22P PAUL      100329 1800 132S 1357E 280 010 0978 1004 0315 31 028 0130 0148 0093 0093
JTWC 22P PAUL      100330 0000 133S 1355E 280 010 0982 1004 0315 28 028 0102 0111 0083 0074
JTWC 22P PAUL      100330 0600 132S 1351E 285 015 0993 1003 0296 21 037 0083 0093 0065 0056
JTWC 22P PAUL      100330 1200 133S 1349E 265 015 0993 1005 0296 21 037 0102 0111 0083 0074
JTWC 22P PAUL      100330 1800 133S 1349E 265 015 0996 1005 0296 18 028 -999 -999 -999 -999
JTWC 22P PAUL      100331 0000 143S 1351E 180 021 0996 1005 0296 18 028 -999 -999 -999 -999
JTWC 22P PAUL      100331 0600 145S 1351E 170 021 1000 1004 0296 15 028 -999 -999 -999 -999
JTWC 22P PAUL      100331 1200 147S 1356E 145 021 1000 1004 0296 15 028 -999 -999 -999 -999
