NHC  90E INVEST    100525 1800 111N 0889W 290 015 1007 1008 0297 10 037 -999 -999 -999 -999 -999 -999
NHC  90E INVEST    100526 0000 112N 0891W 290 015 1007 1008 0297 10 037 -999 -999 -999 -999 -999 -999
NHC  90E INVEST    100526 1200 142N 0951W 305 046 1006 1008 0297 13 037 -999 -999 -999 -999 -999 -999
NHC  90E INVEST    100526 1800 135N 0942W 295 010 1006 1008 0324 13 037 -999 -999 -999 -999 -999 -999
NHC  90E INVEST    100527 0000 128N 0943W 240 015 1006 1008 0324 13 139 -999 -999 -999 -999 -999 -999
NHC  90E INVEST    100527 0600 128N 0944W 270 010 1006 1009 0334 13 139 -999 -999 -999 -999 -999 -999
NHC  90E INVEST    100527 1200 128N 0945W 270 005 1006 1009 0334 13 139 -999 -999 -999 -999 -999 -999
NHC  90E INVEST    100527 1800 129N 0945W 290 005 1006 1010 0371 13 111 -999 -999 -999 -999 -999 -999
NHC  90E INVEST    100528 0000 130N 0945W 335 005 1006 1010 0371 13 111 -999 -999 -999 -999 -999 -999
NHC  90E INVEST    100528 0600 125N 0955W 360 005 1006 1010 0371 13 111 -999 -999 -999 -999 -999 -999
NHC  90E INVEST    100528 1200 126N 0955W 360 005 1006 1010 0371 13 111 -999 -999 -999 -999 -999 -999
NHC  90E INVEST    100528 1800 128N 0945W 045 005 1005 1010 0371 15 158 -999 -999 -999 -999 -999 -999
NHC  90E INVEST    100529 0000 130N 0942W 050 010 1005 1010 0371 15 148 -999 -999 -999 -999 -999 -999
NHC  90E INVEST    100529 0600 128N 0938W 075 010 1005 1010 0371 15 111 -999 -999 -999 -999 -999 -999
NHC  90E INVEST    100810 1200 178N 1078W 270 005 1007 1008 0185 13 111 -999 -999 -999 -999 -999 -999
NHC  90E INVEST    100810 1800 182N 1083W 300 015 1007 1009 0278 10 111 -999 -999 -999 -999 -999 -999
NHC  90E INVEST    100811 0600 182N 1096W 270 031 1007 1009 0278 10 111 -999 -999 -999 -999 -999 -999
NHC  90E INVEST    100814 0000 159N 1100W 055 010 1007 1008 0222 10 056 -999 -999 -999 -999 -999 -999
NHC  90E INVEST    100814 0600 161N 1100W 035 005 1007 1008 0222 10 056 -999 -999 -999 -999 -999 -999
NHC  90E INVEST    100814 1200 164N 1098W 020 010 1007 1008 0222 13 093 -999 -999 -999 -999 -999 -999
NHC  90E INVEST    100814 1800 164N 1088W 065 021 1007 1010 0278 13 093 -999 -999 -999 -999 -999 -999
NHC  90E INVEST    100815 0000 165N 1085W 070 021 1007 1010 0278 13 093 -999 -999 -999 -999 -999 -999
NHC  90E INVEST    100816 0000 179N 1081W 360 010 1006 1010 0278 13 093 -999 -999 -999 -999 -999 -999
NHC  90E INVEST    100816 0600 181N 1082W 350 010 1006 1010 0278 13 093 -999 -999 -999 -999 -999 -999
