JTWC 90W INVEST    100424 0600 045N 1362E 295 021 1010 1011 0278 08 083 -999 -999 -999 -999
JTWC 90W INVEST    100424 1200 047N 1357E 300 026 1010 1011 0278 08 083 -999 -999 -999 -999
JTWC 90W INVEST    100424 1800 049N 1343E 290 036 1009 1011 0278 08 074 -999 -999 -999 -999
JTWC 90W INVEST    100425 0000 056N 1334E 290 051 1009 1011 0287 08 046 -999 -999 -999 -999
JTWC 90W INVEST    100425 0600 061N 1327E 295 051 1010 1011 0287 08 046 -999 -999 -999 -999
JTWC 90W INVEST    100425 1200 063N 1315E 295 051 1008 1011 0287 10 046 -999 -999 -999 -999
JTWC 90W INVEST    100425 1800 058N 1300E 275 057 1008 1010 0241 10 046 -999 -999 -999 -999
JTWC 90W INVEST    100426 0000 071N 1290E 285 062 1007 1010 0241 10 046 -999 -999 -999 -999
JTWC 90W INVEST    100426 0600 062N 1266E 270 082 1008 1010 0241 10 046 -999 -999 -999 -999
JTWC 90W INVEST    100426 1200 081N 1268E 290 067 1008 1010 0241 10 037 -999 -999 -999 -999
JTWC 90W INVEST    100426 1800 082N 1260E 285 051 1010 1012 0241 08 046 -999 -999 -999 -999
JTWC 90W INVEST    100427 1200 088N 1196E 275 062 1009 1010 0241 08 046 -999 -999 -999 -999
JTWC 90W INVEST    100427 1800 093N 1195E 280 072 1009 1010 0241 08 046 -999 -999 -999 -999
JTWC 90W INVEST    100428 0000 096N 1190E 285 057 1009 1010 0241 08 065 -999 -999 -999 -999
JTWC 90W INVEST    100428 0600 101N 1179E 290 057 1009 1010 0241 08 065 -999 -999 -999 -999
JTWC 90W INVEST    100428 1200 105N 1177E 300 046 1009 1010 0241 08 065 -999 -999 -999 -999
JTWC 90W INVEST    100428 1800 102N 1175E 295 026 1009 1010 0241 08 065 -999 -999 -999 -999
JTWC 90W INVEST    100429 0000 104N 1172E 300 021 1010 1011 0241 08 065 -999 -999 -999 -999
JTWC 90W INVEST    100907 1800 218N 1217E 250 036 1007 1008 0278 10 028 -999 -999 -999 -999
JTWC 90W INVEST    100908 0000 213N 1206E 245 041 1000 1008 0287 15 028 -999 -999 -999 -999
JTWC 90W INVEST    100918 1800 138N 1527E 270 051 1009 1011 0278 08 056 -999 -999 -999 -999
JTWC 90W INVEST    100919 0000 139N 1512E 270 062 1009 1011 0278 08 056 -999 -999 -999 -999
JTWC 90W INVEST    100919 0600 136N 1508E 265 051 1010 1011 0278 08 056 -999 -999 -999 -999
JTWC 90W INVEST    100919 1200 144N 1499E 285 046 1007 1010 0278 10 056 -999 -999 -999 -999
JTWC 90W INVEST    100919 1800 169N 1482E 295 046 1007 1009 0250 10 046 -999 -999 -999 -999
JTWC 90W INVEST    100920 0000 180N 1467E 305 062 1007 1009 0278 10 056 -999 -999 -999 -999
JTWC 90W INVEST    100920 0600 187N 1462E 310 062 1004 1009 0278 13 056 -999 -999 -999 -999
JTWC 90W INVEST    101012 0000 126N 1438E 265 031 1007 1009 0278 08 056 -999 -999 -999 -999
JTWC 90W INVEST    101012 0600 124N 1430E 260 036 1007 1009 0278 10 056 -999 -999 -999 -999
JTWC 90W INVEST    101012 1200 119N 1423E 250 036 1006 1009 0278 10 056 -999 -999 -999 -999
JTWC 90W INVEST    101012 1800 120N 1413E 260 036 1006 1009 0278 10 056 -999 -999 -999 -999
JTWC 90W INVEST    101013 0000 120N 1407E 265 036 1004 1007 0278 13 056 -999 -999 -999 -999
JTWC 90W INVEST    101103 1800 119N 1104E 290 015 1006 1008 0278 10 083 -999 -999 -999 -999
JTWC 90W INVEST    101104 0000 124N 1104E 295 015 1006 1008 0278 10 083 -999 -999 -999 -999
JTWC 90W INVEST    101104 0600 124N 1107E 305 005 1007 1008 0241 10 083 -999 -999 -999 -999
JTWC 90W INVEST    101104 1200 127N 1106E 345 005 1007 1008 0241 10 083 -999 -999 -999 -999
JTWC 90W INVEST    101111 1200 138N 1124E  15 021 1008 1010 0278 08 056 -999 -999 -999 -999
JTWC 90W INVEST    101111 1800 138N 1127E  90 026 1007 1008 0250 10 056 -999 -999 -999 -999
JTWC 90W INVEST    101112 0000 140N 1128E  85 015 1005 1007 0250 10 056 -999 -999 -999 -999
JTWC 90W INVEST    101112 0600 132N 1124E 170 010 1005 1006 0222 10 056 -999 -999 -999 -999
JTWC 90W INVEST    101112 1200 129N 1123E 200 015 1005 1006 0241 10 056 -999 -999 -999 -999
