NHC  94L INVEST    100625 1200 178N 0578W 315 067 1013 1014 0222 13 083 -999 -999 -999 -999 -999 -999
NHC  94L INVEST    100627 0000 173N 0604W 360 026 1013 1015 0222 13 083 -999 -999 -999 -999 -999 -999
NHC  94L INVEST    100808 1200 303N 0786W 195 021 1011 1014 0278 13 139 -999 -999 -999 -999 -999 -999
NHC  94L INVEST    100808 1800 295N 0795W 215 036 1011 1014 0185 13 139 -999 -999 -999 -999 -999 -999
NHC  94L INVEST    100809 0000 295N 0795W 225 026 1011 1013 0278 13 139 -999 -999 -999 -999 -999 -999
NHC  94L INVEST    100809 0600 297N 0796W 270 005 1012 1013 0185 10 139 -999 -999 -999 -999 -999 -999
NHC  94L INVEST    100809 1200 262N 0823W 240 021 1012 1013 0232 10 139 -999 -999 -999 -999 -999 -999
NHC  94L INVEST    100809 1800 262N 0826W 240 021 1011 1013 0232 10 139 -999 -999 -999 -999 -999 -999
NHC  94L INVEST    100810 0000 257N 0827W 230 015 1010 1012 0278 13 139 -999 -999 -999 -999 -999 -999
NHC  94L INVEST    100810 0600 254N 0827W 205 015 1009 1012 0278 13 111 -999 -999 -999 -999 -999 -999
NHC  94L INVEST    100810 1200 255N 0830W 270 010 1009 1012 0278 13 111 -999 -999 -999 -999 -999 -999
NHC  94L INVEST    100810 1800 258N 0837W 280 015 1009 1012 0278 13 111 -999 -999 -999 -999 -999 -999
NHC  94L INVEST    100918 1200 128N 0267W 290 026 1008 1011 0250 13 111 -999 -999 -999 -999 -999 -999
NHC  94L INVEST    100918 1800 127N 0282W 280 041 1008 1011 0250 13 111 -999 -999 -999 -999 -999 -999
NHC  94L INVEST    100919 0000 138N 0293W 280 057 1008 1011 0278 13 148 -999 -999 -999 -999 -999 -999
NHC  94L INVEST    100919 0600 145N 0302W 305 062 1008 1011 0278 13 148 -999 -999 -999 -999 -999 -999
NHC  94L INVEST    100919 1200 150N 0308W 285 046 1008 1011 0278 13 148 -999 -999 -999 -999 -999 -999
NHC  94L INVEST    100919 1800 153N 0310W 285 036 1008 1010 0445 13 148 -999 -999 -999 -999 -999 -999
NHC  94L INVEST    100920 0000 156N 0316W 290 036 1008 1010 0445 13 148 -999 -999 -999 -999 -999 -999
NHC  94L INVEST    100920 0600 164N 0323W 306 036 1007 1010 0334 13 148 -999 -999 -999 -999 -999 -999
NHC  94L INVEST    100920 1200 164N 0323W 305 036 1007 1010 0334 13 148 -999 -999 -999 -999 -999 -999
NHC  94L INVEST    100920 1800 163N 0320W 330 015 1008 1010 0334 13 148 -999 -999 -999 -999 -999 -999
NHC  94L INVEST    101112 1800 111N 0762W 265 021 1009 1010 0278 10 093 -999 -999 -999 -999 -999 -999
NHC  94L INVEST    101113 0000 111N 0765W 270 015 1009 1010 0278 10 093 -999 -999 -999 -999 -999 -999
NHC  94L INVEST    101113 0600 110N 0767W 265 015 1009 1010 0278 10 093 -999 -999 -999 -999 -999 -999
NHC  94L INVEST    101113 1200 111N 0768W 270 010 1009 1010 0232 10 093 -999 -999 -999 -999 -999 -999
NHC  94L INVEST    101113 1800 111N 0769W 270 005 1009 1010 0278 10 093 -999 -999 -999 -999 -999 -999
NHC  94L INVEST    101114 0000 111N 0770W 270 005 1009 1010 0278 10 093 -999 -999 -999 -999 -999 -999
NHC  94L INVEST    101114 1200 111N 0778W 270 015 1009 1011 0278 10 093 -999 -999 -999 -999 -999 -999
NHC  94L INVEST    101114 1800 119N 0783W 300 021 1009 1011 0315 10 111 -999 -999 -999 -999 -999 -999
NHC  94L INVEST    101115 0000 122N 0786W 305 026 1008 1011 0371 10 167 -999 -999 -999 -999 -999 -999
NHC  94L INVEST    101115 0600 119N 0782W 295 010 1008 1011 0371 10 185 -999 -999 -999 -999 -999 -999
NHC  94L INVEST    101115 1200 121N 0773W 290 005 1008 1011 0371 10 185 -999 -999 -999 -999 -999 -999
NHC  94L INVEST    101115 1800 117N 0765W 360 005 1008 1010 0371 10 185 -999 -999 -999 -999 -999 -999
NHC  94L INVEST    101116 0000 120N 0767W 290 005 1008 1010 0324 10 185 -999 -999 -999 -999 -999 -999
NHC  94L INVEST    101116 0600 122N 0773W 310 010 1008 1010 0278 10 185 -999 -999 -999 -999 -999 -999
NHC  94L INVEST    101116 1800 170N 0855W 270 026 1014 1015 0278 13 185 -999 -999 -999 -999 -999 -999
NHC  94L INVEST    101118 0000 169N 0858W 295 041 1011 1014 0278 13 111 -999 -999 -999 -999 -999 -999
NHC  94L INVEST    101119 0000 169N 0858W 294 026 1011 1014 0278 13 111 -999 -999 -999 -999 -999 -999
