JTWC 94P INVEST    100220 0600 068S 1655W  70 041 1007 1008 0241 10 046 -999 -999 -999 -999
JTWC 94P INVEST    100220 1200 062S 1637W  75 062 1007 1008 0241 10 046 -999 -999 -999 -999
JTWC 94P INVEST    100220 1800 060S 1624W  80 072 1007 1008 0241 10 046 -999 -999 -999 -999
JTWC 94P INVEST    100221 0000 064S 1613W  90 072 1004 1008 0259 13 046 -999 -999 -999 -999
JTWC 94P INVEST    100221 0600 079S 1597W 120 051 1004 1008 0278 13 046 -999 -999 -999 -999
JTWC 94P INVEST    100221 1200 087S 1589W 130 051 1000 1007 0278 15 046 -999 -999 -999 -999
JTWC 94P INVEST    100221 1800 096S 1579W 130 062 0996 1007 0278 18 046 -999 -999 -999 -999
JTWC 94P INVEST    100510 0600 303S 1707E  25 015 0996 1008 0324 18 111 -999 -999 -999 -999
JTWC 94P INVEST    100510 1200 300S 1708E  15 015 0996 1007 0324 18 111 -999 -999 -999 -999
JTWC 94P INVEST    100510 1800 302S 1712E  50 010 0996 1007 0324 18 111 -999 -999 -999 -999
JTWC 94P INVEST    100511 0000 309S 1709E 165 010 0996 1008 0278 15 083 -999 -999 -999 -999
JTWC 94P INVEST    101224 1200 161S 1476E 235 072 1004 1008 0278 13 093 -999 -999 -999 -999
JTWC 94P INVEST    101224 1800 171S 1463E 235 072 0994 1004 0333 18 083 -999 -999 -999 -999
