NHC  95C INVEST    100907 1800 137N 1428W 245 026 1009 1010 0278 10 000 -999 -999 -999 -999 -999 -999
NHC  95C INVEST    100908 0000 135N 1434W 245 031 1009 1010 0278 10 130 -999 -999 -999 -999 -999 -999
NHC  95C INVEST    100908 0600 129N 1439W 235 036 1010 1011 0278 10 130 -999 -999 -999 -999 -999 -999
NHC  95C INVEST    100908 1200 126N 1449W 240 041 1010 1011 0278 10 130 -999 -999 -999 -999 -999 -999
NHC  95C INVEST    100908 1800 118N 1455W 230 046 1011 1012 0232 10 130 -999 -999 -999 -999 -999 -999
NHC  95C INVEST    100909 0000 113N 1461W 235 046 1012 1013 0185 10 111 -999 -999 -999 -999 -999 -999
NHC  95C INVEST    100909 0600 111N 1471W 245 046 1011 1012 0185 10 111 -999 -999 -999 -999 -999 -999
NHC  95C INVEST    100909 1200 107N 1486W 250 057 1010 1011 0204 10 130 -999 -999 -999 -999 -999 -999
NHC  95C INVEST    100909 1800 102N 1501W 255 067 1011 1012 0259 10 111 -999 -999 -999 -999 -999 -999
NHC  95C INVEST    100910 0000 107N 1507W 265 057 1010 1011 0259 10 111 -999 -999 -999 -999 -999 -999
NHC  95C INVEST    100910 0600 103N 1520W 265 062 1010 1011 0222 10 111 -999 -999 -999 -999 -999 -999
NHC  95C INVEST    100910 1200 103N 1532W 265 062 1009 1010 0222 10 130 -999 -999 -999 -999 -999 -999
NHC  95C INVEST    100910 1800 103N 1537W 265 051 1009 1010 0222 10 130 -999 -999 -999 -999 -999 -999
NHC  95C INVEST    100911 0000 105N 1553W 275 057 1009 1010 0222 13 130 -999 -999 -999 -999 -999 -999
NHC  95C INVEST    100911 0600 102N 1562W 265 057 1009 1010 0222 13 130 -999 -999 -999 -999 -999 -999
NHC  95C INVEST    100911 1200 102N 1581W 265 067 1012 1013 0167 10 111 -999 -999 -999 -999 -999 -999
NHC  95C INVEST    100911 1800 103N 1603W 270 082 1011 1012 0167 10 111 -999 -999 -999 -999 -999 -999
