NHC  95L INVEST    100702 1200 300N 0840W 240 021 1015 1018 0278 10 028 -999 -999 -999 -999 -999 -999
NHC  95L INVEST    100702 1800 292N 0845W 220 026 1015 1018 0278 10 028 -999 -999 -999 -999 -999 -999
NHC  95L INVEST    100703 0000 288N 0851W 225 031 1013 1016 0241 10 037 -999 -999 -999 -999 -999 -999
NHC  95L INVEST    100703 0600 280N 0870W 235 072 1013 1015 0222 10 037 -999 -999 -999 -999 -999 -999
NHC  95L INVEST    100703 1200 274N 0876W 235 062 1013 1015 0222 10 037 -999 -999 -999 -999 -999 -999
NHC  95L INVEST    100703 1800 274N 0876W 235 051 1013 1015 0222 13 037 -999 -999 -999 -999 -999 -999
NHC  95L INVEST    100704 0000 276N 0884W 255 036 1011 1013 0222 13 056 -999 -999 -999 -999 -999 -999
NHC  95L INVEST    100704 0600 272N 0896W 255 041 1011 1013 0185 13 074 -999 -999 -999 -999 -999 -999
NHC  95L INVEST    100704 1200 272N 0900W 260 036 1011 1013 0185 13 074 -999 -999 -999 -999 -999 -999
NHC  95L INVEST    100704 1800 276N 0900W 345 026 1012 1014 0130 10 074 -999 -999 -999 -999 -999 -999
NHC  95L INVEST    100705 0000 275N 0901W 290 010 1011 1013 0111 13 037 -999 -999 -999 -999 -999 -999
NHC  95L INVEST    100705 0600 281N 0912W 311 026 1010 1013 0111 13 037 -999 -999 -999 -999 -999 -999
NHC  95L INVEST    100705 1200 289N 0912W 325 031 1009 1011 0093 10 083 -999 -999 -999 -999 -999 -999
NHC  95L INVEST    100705 1800 287N 0910W 335 021 1009 1011 0093 10 083 -999 -999 -999 -999 -999 -999
NHC  95L INVEST    100706 0000 292N 0911W 345 021 1008 1011 0148 15 083 -999 -999 -999 -999 -999 -999
NHC  95L INVEST    100820 0600 110N 0253W 270 031 1008 1010 0278 13 111 -999 -999 -999 -999 -999 -999
NHC  95L INVEST    100820 1200 110N 0260W 270 031 1008 1012 0371 13 185 -999 -999 -999 -999 -999 -999
NHC  95L INVEST    100820 1800 110N 0270W 270 041 1009 1012 0371 13 185 -999 -999 -999 -999 -999 -999
NHC  95L INVEST    100821 0000 111N 0271W 275 031 1009 1012 0371 13 185 -999 -999 -999 -999 -999 -999
NHC  95L INVEST    100821 0600 112N 0276W 275 026 1009 1011 0463 13 185 -999 -999 -999 -999 -999 -999
NHC  95L INVEST    100821 1200 106N 0310W 275 036 1009 1012 0556 13 185 -999 -999 -999 -999 -999 -999
NHC  95L INVEST    100821 1800 108N 0318W 281 036 1008 1012 0556 15 139 -999 -999 -999 -999 -999 -999
NHC  95L INVEST    100921 1200 122N 0628W 275 062 1009 1011 0278 10 111 -999 -999 -999 -999 -999 -999
NHC  95L INVEST    100921 1800 124N 0641W 275 067 1009 1012 0315 13 111 -999 -999 -999 -999 -999 -999
NHC  95L INVEST    100922 0000 123N 0652W 275 062 1009 1011 0315 13 111 -999 -999 -999 -999 -999 -999
NHC  95L INVEST    100922 0600 125N 0675W 275 077 1009 1011 0315 13 111 -999 -999 -999 -999 -999 -999
NHC  95L INVEST    100922 1200 125N 0694W 275 093 1009 1011 0297 13 111 -999 -999 -999 -999 -999 -999
NHC  95L INVEST    100922 1800 126N 0713W 275 103 1008 1010 0297 13 093 -999 -999 -999 -999 -999 -999
NHC  95L INVEST    100923 0000 128N 0716W 275 067 1007 1010 0241 15 111 -999 -999 -999 -999 -999 -999
NHC  95L INVEST    100923 0600 130N 0731W 280 067 1007 1010 0241 15 111 -999 -999 -999 -999 -999 -999
NHC  95L INVEST    100923 1200 136N 0748W 280 072 1007 1010 0241 15 056 -999 -999 -999 -999 -999 -999
NHC  95L INVEST    101220 1800 116N 0551W 285 062 1008 1011 0278 13 037 -999 -999 -999 -999 -999 -999
NHC  95L INVEST    101221 0000 119N 0560W 290 051 1008 1011 0278 13 037 -999 -999 -999 -999 -999 -999
NHC  95L INVEST    101221 1200 130N 0588W 290 067 1008 1011 0185 10 037 -999 -999 -999 -999 -999 -999
NHC  95L INVEST    101221 1800 132N 0597W 290 062 1009 1011 0185 10 037 -999 -999 -999 -999 -999 -999
