NHC  97C INVEST    100921 1800 122N 1523W 315 041 1009 1010 0278 10 056 -999 -999 -999 -999 -999 -999
NHC  97C INVEST    100922 0000 122N 1530W 300 036 1009 1011 0222 10 056 -999 -999 -999 -999 -999 -999
NHC  97C INVEST    100922 0600 130N 1530W 315 036 1009 1011 0222 13 083 -999 -999 -999 -999 -999 -999
NHC  97C INVEST    100922 1200 131N 1549W 290 051 1009 1011 0278 13 083 -999 -999 -999 -999 -999 -999
NHC  97C INVEST    100922 1800 135N 1555W 290 051 1009 1011 0278 13 083 -999 -999 -999 -999 -999 -999
NHC  97C INVEST    100923 0000 136N 1564W 285 051 1011 1012 0167 13 083 -999 -999 -999 -999 -999 -999
NHC  97C INVEST    100923 0600 139N 1575W 285 046 1011 1012 0167 13 083 -999 -999 -999 -999 -999 -999
NHC  97C INVEST    100923 1200 137N 1581W 275 041 1011 1012 0167 13 083 -999 -999 -999 -999 -999 -999
NHC  97C INVEST    100923 1800 137N 1585W 275 036 1011 1012 0167 13 083 -999 -999 -999 -999 -999 -999
NHC  97C INVEST    100924 0000 146N 1589W 290 041 1011 1012 0111 13 083 -999 -999 -999 -999 -999 -999
NHC  97C INVEST    100924 0600 144N 1599W 275 046 1011 1012 0111 13 083 -999 -999 -999 -999 -999 -999
NHC  97C INVEST    100924 1200 135N 1606W 260 046 1011 1012 0111 13 083 -999 -999 -999 -999 -999 -999
NHC  97C INVEST    100924 1800 135N 1612W 255 041 1011 1012 0111 13 083 -999 -999 -999 -999 -999 -999
NHC  97C INVEST    100925 0000 132N 1632W 260 062 1011 1012 0111 13 083 -999 -999 -999 -999 -999 -999
NHC  97C INVEST    100925 1800 118N 1665W 245 062 1010 1012 0111 10 093 -999 -999 -999 -999 -999 -999
NHC  97C INVEST    100926 0000 112N 1683W 245 077 1010 1012 0111 10 093 -999 -999 -999 -999 -999 -999
NHC  97C INVEST    100926 0600 110N 1699W 255 088 1010 1012 0111 10 093 -999 -999 -999 -999 -999 -999
NHC  97C INVEST    100926 1200 099N 1705W 245 077 1010 1012 0111 10 093 -999 -999 -999 -999 -999 -999
NHC  97C INVEST    100926 1800 084N 1724W 235 082 1009 1010 0185 10 093 -999 -999 -999 -999 -999 -999
