NHC  97L INVEST    100719 0600 191N 0624W 295 057 1014 1017 0324 13 139 -999 -999 -999 -999 -999 -999
NHC  97L INVEST    100719 1200 192N 0650W 285 082 1014 1017 0324 13 139 -999 -999 -999 -999 -999 -999
NHC  97L INVEST    100719 1800 192N 0651W 280 062 1014 1017 0371 13 139 -999 -999 -999 -999 -999 -999
NHC  97L INVEST    100720 0000 190N 0658W 280 051 1014 1017 0371 13 139 -999 -999 -999 -999 -999 -999
NHC  97L INVEST    100720 0600 189N 0656W 275 026 1014 1017 0324 13 111 -999 -999 -999 -999 -999 -999
NHC  97L INVEST    100720 1200 190N 0658W 280 031 1013 1016 0278 15 111 -999 -999 -999 -999 -999 -999
NHC  97L INVEST    100720 1800 195N 0682W 280 051 1012 1014 0278 15 111 -999 -999 -999 -999 -999 -999
NHC  97L INVEST    100721 0000 198N 0685W 290 041 1012 1014 0278 15 111 -999 -999 -999 -999 -999 -999
NHC  97L INVEST    100721 0600 200N 0684W 290 031 1013 1016 0324 15 111 -999 -999 -999 -999 -999 -999
NHC  97L INVEST    100721 1200 200N 0700W 280 046 1013 1016 0324 15 111 -999 -999 -999 -999 -999 -999
NHC  97L INVEST    100721 1800 213N 0714W 297 062 1012 1016 0324 15 111 -999 -999 -999 -999 -999 -999
NHC  97L INVEST    100722 0000 214N 0728W 285 062 1009 1014 0278 15 111 -999 -999 -999 -999 -999 -999
NHC  97L INVEST    100722 0600 213N 0740W 280 062 1009 1014 0278 15 111 -999 -999 -999 -999 -999 -999
NHC  97L INVEST    100826 1200 115N 0190W 275 067 1010 1013 0324 10 083 -999 -999 -999 -999 -999 -999
NHC  97L INVEST    100826 1800 116N 0205W 275 067 1010 1013 0371 10 083 -999 -999 -999 -999 -999 -999
NHC  97L INVEST    100827 0000 110N 0217W 270 072 1010 1013 0371 13 111 -999 -999 -999 -999 -999 -999
NHC  97L INVEST    100827 0600 116N 0228W 275 067 1010 1012 0417 13 111 -999 -999 -999 -999 -999 -999
NHC  97L INVEST    100827 1200 117N 0233W 275 046 1010 1013 0463 13 185 -999 -999 -999 -999 -999 -999
NHC  97L INVEST    100827 1800 120N 0243W 280 046 1009 1013 0463 13 148 -999 -999 -999 -999 -999 -999
NHC  97L INVEST    100828 0000 123N 0254W 280 057 1009 1013 0463 13 148 -999 -999 -999 -999 -999 -999
NHC  97L INVEST    100828 0600 127N 0267W 285 057 1008 1013 0463 13 148 -999 -999 -999 -999 -999 -999
NHC  97L INVEST    100828 1200 134N 0284W 285 072 1008 1012 0463 13 148 -999 -999 -999 -999 -999 -999
NHC  97L INVEST    100828 1800 138N 0302W 285 082 1008 1012 0417 13 148 -999 -999 -999 -999 -999 -999
NHC  97L INVEST    100829 0000 143N 0326W 285 103 1008 1012 0371 15 083 -999 -999 -999 -999 -999 -999
NHC  97L INVEST    100829 0600 145N 0344W 280 093 1006 1010 0278 15 093 -999 -999 -999 -999 -999 -999
NHC  97L INVEST    100829 1200 137N 0363W 270 093 1006 1012 0334 15 093 -999 -999 -999 -999 -999 -999
NHC  97L INVEST    100829 1800 135N 0384W 270 093 1006 1012 0445 15 111 -999 -999 -999 -999 -999 -999
NHC  97L INVEST    100830 0000 140N 0414W 275 088 1007 1012 0445 13 111 -999 -999 -999 -999 -999 -999
NHC  97L INVEST    100830 0600 141N 0429W 275 077 1007 1012 0445 13 111 -999 -999 -999 -999 -999 -999
NHC  97L INVEST    100830 1200 142N 0452W 275 093 1007 1012 0334 13 111 -999 -999 -999 -999 -999 -999
NHC  97L INVEST    100830 1800 142N 0477W 270 108 1007 1011 0334 18 222 0222 -999 -999 -999 -999 -999
NHC  97L INVEST    100930 0600 131N 0432W 275 098 1009 1012 0278 13 111 -999 -999 -999 -999 -999 -999
NHC  97L INVEST    101001 0000 125N 0531W 275 103 1009 1012 0278 13 111 -999 -999 -999 -999 -999 -999
NHC  97L INVEST    101001 0600 149N 0486W 280 098 1009 1012 0278 13 093 -999 -999 -999 -999 -999 -999
NHC  97L INVEST    101001 1200 157N 0497W 285 088 1009 1012 0278 13 093 -999 -999 -999 -999 -999 -999
NHC  97L INVEST    101001 1800 163N 0507W 290 072 1009 1012 0278 13 093 -999 -999 -999 -999 -999 -999
NHC  97L INVEST    101002 0000 168N 0523W 290 072 1010 1012 0278 13 093 -999 -999 -999 -999 -999 -999
NHC  97L INVEST    101002 0600 171N 0540W 285 077 1009 1012 0278 13 093 -999 -999 -999 -999 -999 -999
NHC  97L INVEST    101002 1200 173N 0551W 285 072 1009 1012 0278 13 093 -999 -999 -999 -999 -999 -999
NHC  97L INVEST    101003 0600 177N 0581W 280 051 1007 1010 0371 13 093 -999 -999 -999 -999 -999 -999
NHC  97L INVEST    101004 0600 176N 0641W 270 067 1007 1010 0371 13 093 -999 -999 -999 -999 -999 -999
NHC  97L INVEST    101004 1200 177N 0654W 270 067 1007 1010 0463 13 093 -999 -999 -999 -999 -999 -999
NHC  97L INVEST    101004 1800 177N 0658W 270 051 1007 1010 0463 13 093 -999 -999 -999 -999 -999 -999
NHC  97L INVEST    101005 0000 176N 0651W 270 015 1007 1010 0463 13 445 -999 -999 -999 -999 -999 -999
NHC  97L INVEST    101005 0600 179N 0652W 290 021 1006 1010 0556 13 139 -999 -999 -999 -999 -999 -999
NHC  97L INVEST    101005 1200 190N 0653W 320 031 1006 1009 0556 15 065 -999 -999 -999 -999 -999 -999
NHC  97L INVEST    101005 1800 206N 0657W 340 046 1004 1009 0556 15 093 -999 -999 -999 -999 -999 -999
NHC  97L INVEST    101006 0000 215N 0661W 340 051 1002 1009 0556 15 222 -999 -999 -999 -999 -999 -999
NHC  97L INVEST    101006 0600 219N 0667W 330 046 1001 1008 0445 15 222 -999 -999 -999 -999 -999 -999
