JTWC 99W INVEST    100406 0600 058N 1476E 290 026 1009 1011 0278 08 028 -999 -999 -999 -999
JTWC 99W INVEST    100406 1200 061N 1466E 285 036 1009 1011 0278 08 028 -999 -999 -999 -999
JTWC 99W INVEST    100406 1800 065N 1453E 290 051 1007 1011 0241 10 028 -999 -999 -999 -999
JTWC 99W INVEST    100407 0000 061N 1448E 275 046 1007 1009 0222 10 046 -999 -999 -999 -999
JTWC 99W INVEST    100407 0600 075N 1431E 290 062 1007 1009 0222 10 046 -999 -999 -999 -999
JTWC 99W INVEST    100826 1200 216N 1334E 275 051 1007 1009 0278 10 037 -999 -999 -999 -999
JTWC 99W INVEST    100826 1800 212N 1324E 265 051 1006 1008 0278 10 037 -999 -999 -999 -999
JTWC 99W INVEST    100827 0000 242N 1308E 315 067 1005 1008 0278 10 037 -999 -999 -999 -999
JTWC 99W INVEST    100827 0600 242N 1294E 310 062 1005 1008 0259 10 037 -999 -999 -999 -999
JTWC 99W INVEST    100827 1200 252N 1286E 315 067 1005 1008 0259 10 037 -999 -999 -999 -999
JTWC 99W INVEST    100827 1800 272N 1275E   5 026 1006 1008 0259 08 083 -999 -999 -999 -999
JTWC 99W INVEST    100828 0000 284N 1280E  15 041 1006 1008 0259 08 083 -999 -999 -999 -999
JTWC 99W INVEST    101031 0600 046N 1072E 275 031 1010 1011 0315 08 083 -999 -999 -999 -999
JTWC 99W INVEST    101031 1200 045N 1071E 270 021 1010 1011 0315 08 083 -999 -999 -999 -999
JTWC 99W INVEST    101031 1800 047N 1057E 280 036 1005 1008 0315 08 083 -999 -999 -999 -999
JTWC 99W INVEST    101101 0000 054N 1049E 290 041 1007 1008 0315 10 083 -999 -999 -999 -999
JTWC 99W INVEST    101101 0600 059N 1037E 295 051 1007 1008 0296 10 083 -999 -999 -999 -999
JTWC 99W INVEST    101101 1200 066N 1023E 300 062 1007 1008 0296 10 083 -999 -999 -999 -999
JTWC 99W INVEST    101101 1800 074N 1002E 295 082 1007 1008 0315 10 065 -999 -999 -999 -999
JTWC 99W INVEST    101102 0000 081N 0985E 290 088 1004 1007 0324 13 065 -999 -999 -999 -999
JTWC 99W INVEST    101102 0600 082N 0986E 290 041 1004 1006 0296 13 065 -999 -999 -999 -999
JTWC 99W INVEST    101102 1200 087N 0970E 290 051 1004 1006 0296 13 065 -999 -999 -999 -999
JTWC 99W INVEST    101102 1800 084N 0959E 280 057 1004 1006 0296 13 065 -999 -999 -999 -999
JTWC 99W INVEST    101103 0000 084N 0951E 270 051 1004 1006 0278 13 065 -999 -999 -999 -999
JTWC 99W INVEST    101103 0600 083N 0941E 270 046 1004 1006 0278 13 056 -999 -999 -999 -999
JTWC 99W INVEST    101103 1200 080N 0927E 265 057 1004 1006 0278 13 056 -999 -999 -999 -999
JTWC 99W INVEST    101103 1800 088N 0923E 280 046 1000 1006 0278 15 056 -999 -999 -999 -999
JTWC 99W INVEST    101104 0000 086N 0913E 275 046 1000 1006 0278 15 056 -999 -999 -999 -999
JTWC 99W INVEST    101104 0600 092N 0902E 285 051 1000 1005 0278 15 046 -999 -999 -999 -999
JTWC 99W INVEST    101104 1200 088N 0903E 280 036 1000 1006 0296 15 056 -999 -999 -999 -999
JTWC 99W INVEST    101104 1800 090N 0890E 275 046 1000 1006 0333 15 074 -999 -999 -999 -999
