IBTr 06W DOT       890602 0600 39N  1444E -99 -99 -999 1010 0000 10 000 -999 -999 -999 -999 -999 -999
IBTr 06W DOT       890602 1200 47N  1437E -99 -99 -999 1010 0000 10 000 -999 -999 -999 -999 -999 -999
IBTr 06W DOT       890602 1800 53N  1427E -99 -99 -999 1010 0000 10 000 -999 -999 -999 -999 -999 -999
IBTr 06W DOT       890603 0000 59N  1416E -99 -99 -999 1010 0000 10 000 -999 -999 -999 -999 -999 -999
IBTr 06W DOT       890603 0600 65N  1405E -99 -99 -999 1010 0000 10 000 -999 -999 -999 -999 -999 -999
IBTr 06W DOT       890603 1200 71N  1394E -99 -99 -999 1010 0000 10 000 -999 -999 -999 -999 -999 -999
IBTr 06W DOT       890603 1800 76N  1380E -99 -99 -999 1010 0000 10 000 -999 -999 -999 -999 -999 -999
IBTr 06W DOT       890604 0000 79N  1364E -99 -99 1008 1010 0080 12 008 -999 -999 -999 -999 -999 -999
IBTr 06W DOT       890604 0600 82N  1346E -99 -99 1006 1010 0090 12 009 -999 -999 -999 -999 -999 -999
IBTr 06W DOT       890604 1200 85N  1329E -99 -99 1006 1010 0090 12 009 -999 -999 -999 -999 -999 -999
IBTr 06W DOT       890604 1800 90N  1317E -99 -99 1006 1010 0090 12 009 -999 -999 -999 -999 -999 -999
IBTr 06W DOT       890605 0000 95N  1305E -99 -99 1006 1010 0090 15 009 -999 -999 -999 -999 -999 -999
IBTr 06W DOT       890605 0600 99N  1292E -99 -99 1004 1010 0090 15 009 -999 -999 -999 -999 -999 -999
IBTr 06W DOT       890605 1200 104N 1279E -99 -99 1000 1010 0100 18 010 -999 -999 -999 -999 -999 -999
IBTr 06W DOT       890605 1800 109N 1267E -99 -99 0998 1010 0100 18 010 -999 -999 -999 -999 -999 -999
IBTr 06W DOT       890606 0000 113N 1256E -99 -99 0998 1010 0100 18 010 -999 -999 -999 -999 -999 -999
IBTr 06W DOT       890606 0600 118N 1242E -99 -99 0996 1010 0100 20 010 -999 -999 -999 -999 -999 -999
IBTr 06W DOT       890606 1200 122N 1230E -99 -99 0994 1010 0100 23 010 -999 -999 -999 -999 -999 -999
IBTr 06W DOT       890606 1800 126N 1216E -99 -99 0992 1010 0110 23 011 -999 -999 -999 -999 -999 -999
IBTr 06W DOT       890607 0000 131N 1201E -99 -99 0990 1010 0110 23 011 -999 -999 -999 -999 -999 -999
IBTr 06W DOT       890607 0600 136N 1191E -99 -99 0985 1010 0120 25 012 -999 -999 -999 -999 -999 -999
IBTr 06W DOT       890607 1200 142N 1183E -99 -99 0985 1010 0120 25 012 -999 -999 -999 -999 -999 -999
IBTr 06W DOT       890607 1800 147N 1175E -99 -99 0980 1010 0120 28 012 -999 -999 -999 -999 -999 -999
IBTr 06W DOT       890608 0000 152N 1167E -99 -99 0975 1010 0130 30 013 -999 -999 -999 -999 -999 -999
IBTr 06W DOT       890608 0600 157N 1159E -99 -99 0970 1010 0130 33 013 -999 -999 -999 -999 -999 -999
IBTr 06W DOT       890608 1200 161N 1150E -99 -99 0965 1010 0130 36 013 -999 -999 -999 -999 -999 -999
IBTr 06W DOT       890608 1800 163N 1143E -99 -99 0960 1010 0130 38 013 -999 -999 -999 -999 -999 -999
IBTr 06W DOT       890609 0000 166N 1136E -99 -99 0960 1010 0130 38 013 -999 -999 -999 -999 -999 -999
IBTr 06W DOT       890609 0600 169N 1127E -99 -99 0955 1010 0130 41 013 -999 -999 -999 -999 -999 -999
IBTr 06W DOT       890609 1200 172N 1118E -99 -99 0955 1010 0130 41 013 -999 -999 -999 -999 -999 -999
IBTr 06W DOT       890609 1800 176N 1110E -99 -99 0955 1010 0130 41 013 -999 -999 -999 -999 -999 -999
IBTr 06W DOT       890610 0000 181N 1102E -99 -99 0960 1010 0130 38 013 -999 -999 -999 -999 -999 -999
IBTr 06W DOT       890610 0600 185N 1092E -99 -99 0965 1010 0130 36 013 -999 -999 -999 -999 -999 -999
IBTr 06W DOT       890610 1200 189N 1085E -99 -99 0970 1010 0130 33 013 -999 -999 -999 -999 -999 -999
IBTr 06W DOT       890610 1800 193N 1076E -99 -99 0975 1010 0130 30 013 -999 -999 -999 -999 -999 -999
IBTr 06W DOT       890611 0000 198N 1069E -99 -99 0980 1010 0130 28 013 -999 -999 -999 -999 -999 -999
IBTr 06W DOT       890611 0600 205N 1063E -99 -99 0980 1010 0130 28 013 -999 -999 -999 -999 -999 -999
IBTr 06W DOT       890611 1200 210N 1059E -99 -99 0985 1010 0120 25 012 -999 -999 -999 -999 -999 -999
IBTr 06W DOT       890611 1800 212N 1056E -99 -99 0994 1010 0110 20 011 -999 -999 -999 -999 -999 -999
IBTr 06W DOT       890612 0000 215N 1050E -99 -99 1000 1010 0100 -9 010 -999 -999 -999 -999 -999 -999
IBTr 06W DOT       890612 0600 220N 1045E -99 -99 1000 1010 0100 -9 010 -999 -999 -999 -999 -999 -999
IBTr 06W DOT       890612 1200 225N 1040E -99 -99 1000 1010 0100 -9 010 -999 -999 -999 -999 -999 -999
