IBTr 05P HARRY     890206 0600 155S 1637E -99 -99 -999 1010 0000 -9 000 -999 -999 -999 -999 -999 -999
IBTr 05P HARRY     890206 1200 158S 1632E -99 -99 -999 1010 0000 -9 000 -999 -999 -999 -999 -999 -999
IBTr 05P HARRY     890206 1800 161S 1627E -99 -99 -999 1010 0000 -9 000 -999 -999 -999 -999 -999 -999
IBTr 05P HARRY     890207 0000 163S 1624E -99 -99 -999 1010 0000 -9 000 -999 -999 -999 -999 -999 -999
IBTr 05P HARRY     890207 0600 165S 1620E -99 -99 -999 1010 0000 -9 000 -999 -999 -999 -999 -999 -999
IBTr 05P HARRY     890207 1200 167S 1618E -99 -99 -999 1010 0000 -9 000 -999 -999 -999 -999 -999 -999
IBTr 05P HARRY     890207 1800 169S 1615E -99 -99 -999 1010 0000 -9 000 -999 -999 -999 -999 -999 -999
IBTr 05P HARRY     890208 0000 172S 1613E -99 -99 0997 1010 0100 15 010 -999 -999 -999 -999 -999 -999
IBTr 05P HARRY     890208 0600 177S 1616E -99 -99 0995 1010 0110 18 011 -999 -999 -999 -999 -999 -999
IBTr 05P HARRY     890208 1200 182S 1622E -99 -99 0990 1010 0110 20 011 -999 -999 -999 -999 -999 -999
IBTr 05P HARRY     890208 1800 183S 1629E -99 -99 -999 1010 0000 -9 000 -999 -999 -999 -999 -999 -999
IBTr 05P HARRY     890209 0000 182S 1636E -99 -99 0987 1010 0120 23 012 -999 -999 -999 -999 -999 -999
IBTr 05P HARRY     890209 0600 181S 1642E -99 -99 0985 1010 0120 25 012 -999 -999 -999 -999 -999 -999
IBTr 05P HARRY     890209 1200 183S 1649E -99 -99 0980 1010 0120 28 012 -999 -999 -999 -999 -999 -999
IBTr 05P HARRY     890209 1800 184S 1654E -99 -99 -999 1010 0000 -9 000 -999 -999 -999 -999 -999 -999
IBTr 05P HARRY     890210 0000 186S 1656E -99 -99 0980 1010 0120 28 012 -999 -999 -999 -999 -999 -999
IBTr 05P HARRY     890210 0600 190S 1656E -99 -99 0975 1010 0130 30 013 -999 -999 -999 -999 -999 -999
IBTr 05P HARRY     890210 1200 192S 1655E -99 -99 0970 1010 0130 33 013 -999 -999 -999 -999 -999 -999
IBTr 05P HARRY     890210 1800 196S 1653E -99 -99 -999 1010 0000 -9 000 -999 -999 -999 -999 -999 -999
IBTr 05P HARRY     890211 0000 200S 1648E -99 -99 0965 1010 0140 36 014 -999 -999 -999 -999 -999 -999
IBTr 05P HARRY     890211 0600 204S 1643E -99 -99 -999 1010 0000 -9 000 -999 -999 -999 -999 -999 -999
IBTr 05P HARRY     890211 1200 208S 1636E -99 -99 0960 1010 0140 38 014 -999 -999 -999 -999 -999 -999
IBTr 05P HARRY     890211 1800 209S 1630E -99 -99 -999 1010 0000 -9 000 -999 -999 -999 -999 -999 -999
IBTr 05P HARRY     890212 0000 208S 1625E -99 -99 0955 1010 0140 41 014 -999 -999 -999 -999 -999 -999
IBTr 05P HARRY     890212 0600 207S 1620E -99 -99 -999 1010 0000 -9 000 -999 -999 -999 -999 -999 -999
IBTr 05P HARRY     890212 1200 205S 1615E -99 -99 0945 1010 0130 43 013 -999 -999 -999 -999 -999 -999
IBTr 05P HARRY     890212 1800 203S 1610E -99 -99 -999 1010 0000 -9 000 -999 -999 -999 -999 -999 -999
IBTr 05P HARRY     890213 0000 199S 1606E -99 -99 0940 1010 0130 46 013 -999 -999 -999 -999 -999 -999
IBTr 05P HARRY     890213 0600 196S 1601E -99 -99 -999 1010 0000 -9 000 -999 -999 -999 -999 -999 -999
IBTr 05P HARRY     890213 0900 195S 1600E -99 -99 0966 1010 0130 34 013 -999 -999 -999 -999 -999 -999
IBTr 05P HARRY     890213 1200 193S 1597E -99 -99 0960 1010 0140 38 014 -999 -999 -999 -999 -999 -999
IBTr 05P HARRY     890213 1800 192S 1593E -99 -99 0945 1010 0130 40 013 -999 -999 -999 -999 -999 -999
IBTr 05P HARRY     890214 0000 191S 1588E -99 -99 0925 1010 0110 50 011 -999 -999 -999 -999 -999 -999
IBTr 05P HARRY     890214 0600 190S 1584E -99 -99 0925 1010 0110 50 011 -999 -999 -999 -999 -999 -999
IBTr 05P HARRY     890214 1200 191S 1580E -99 -99 0925 1010 0110 50 011 -999 -999 -999 -999 -999 -999
IBTr 05P HARRY     890214 1800 191S 1577E -99 -99 0945 1010 0130 46 013 -999 -999 -999 -999 -999 -999
IBTr 05P HARRY     890215 0000 192S 1575E -99 -99 0945 1010 0130 46 013 -999 -999 -999 -999 -999 -999
IBTr 05P HARRY     890215 0600 193S 1573E -99 -99 0945 1010 0130 46 013 -999 -999 -999 -999 -999 -999
IBTr 05P HARRY     890215 1200 193S 1573E -99 -99 0945 1010 0130 46 013 -999 -999 -999 -999 -999 -999
IBTr 05P HARRY     890215 1800 195S 1573E -99 -99 0954 1010 0130 39 013 -999 -999 -999 -999 -999 -999
IBTr 05P HARRY     890216 0000 196S 1574E -99 -99 0957 1010 0140 39 014 -999 -999 -999 -999 -999 -999
IBTr 05P HARRY     890216 0600 197S 1577E -99 -99 0960 1010 0140 38 014 -999 -999 -999 -999 -999 -999
IBTr 05P HARRY     890216 1200 197S 1581E -99 -99 0972 1010 0130 31 013 -999 -999 -999 -999 -999 -999
IBTr 05P HARRY     890216 1800 199S 1588E -99 -99 0974 1010 0130 30 013 -999 -999 -999 -999 -999 -999
IBTr 05P HARRY     890217 0000 203S 1595E -99 -99 0976 1010 0130 28 013 -999 -999 -999 -999 -999 -999
IBTr 05P HARRY     890217 0600 207S 1602E -99 -99 -999 1010 0000 -9 000 -999 -999 -999 -999 -999 -999
IBTr 05P HARRY     890217 1200 212S 1610E -99 -99 0980 1010 0130 28 013 -999 -999 -999 -999 -999 -999
IBTr 05P HARRY     890217 1800 217S 1617E -99 -99 -999 1010 0000 -9 000 -999 -999 -999 -999 -999 -999
IBTr 05P HARRY     890218 0000 223S 1625E -99 -99 0985 1010 0120 25 012 -999 -999 -999 -999 -999 -999
IBTr 05P HARRY     890218 0600 230S 1631E -99 -99 0987 1010 0120 23 012 -999 -999 -999 -999 -999 -999
IBTr 05P HARRY     890218 1200 239S 1639E -99 -99 0987 1010 0120 23 012 -999 -999 -999 -999 -999 -999
IBTr 05P HARRY     890218 1800 248S 1648E -99 -99 0987 1010 0120 23 012 -999 -999 -999 -999 -999 -999
IBTr 05P HARRY     890219 0000 258S 1653E -99 -99 0987 1010 0120 23 012 -999 -999 -999 -999 -999 -999
IBTr 05P HARRY     890219 0600 265S 1654E -99 -99 0985 1010 0120 25 012 -999 -999 -999 -999 -999 -999
IBTr 05P HARRY     890219 1200 273S 1652E -99 -99 0985 1010 0120 25 012 -999 -999 -999 -999 -999 -999
IBTr 05P HARRY     890219 1800 280S 1648E -99 -99 -999 1010 0000 -9 000 -999 -999 -999 -999 -999 -999
IBTr 05P HARRY     890220 0000 290S 1642E -99 -99 0985 1010 0120 25 012 -999 -999 -999 -999 -999 -999
IBTr 05P HARRY     890220 0600 300S 1635E -99 -99 0985 1010 0120 25 012 -999 -999 -999 -999 -999 -999
IBTr 05P HARRY     890220 1200 312S 1629E -99 -99 0980 1010 0130 28 013 -999 -999 -999 -999 -999 -999
IBTr 05P HARRY     890220 1800 325S 1628E -99 -99 0980 1010 0130 28 013 -999 -999 -999 -999 -999 -999
IBTr 05P HARRY     890221 0000 340S 1629E -99 -99 0980 1010 0130 28 013 -999 -999 -999 -999 -999 -999
IBTr 05P HARRY     890221 0600 358S 1631E -99 -99 -999 1010 0000 -9 000 -999 -999 -999 -999 -999 -999
IBTr 05P HARRY     890221 1200 380S 1635E -99 -99 0980 1010 0130 28 013 -999 -999 -999 -999 -999 -999
IBTr 05P HARRY     890221 1800 403S 1642E -99 -99 0985 1010 0130 25 013 -999 -999 -999 -999 -999 -999
IBTr 05P HARRY     890222 0000 432S 1654E -99 -99 0990 1010 0120 20 012 -999 -999 -999 -999 -999 -999
IBTr 05P HARRY     890222 0600 456S 1679E -99 -99 -999 1010 0000 -9 000 -999 -999 -999 -999 -999 -999
IBTr 05P HARRY     890222 1200 472S 1707E -99 -99 0990 1010 0130 20 013 -999 -999 -999 -999 -999 -999
IBTr 05P HARRY     890222 1800 482S 1733E -99 -99 -999 1010 0000 -9 000 -999 -999 -999 -999 -999 -999
IBTr 05P HARRY     890223 0000 490S 1759E -99 -99 0995 1010 0120 18 012 -999 -999 -999 -999 -999 -999
