IBTr 01E WINONA    890109 1200 159N 1483W -99 -99 -999 1010 0000 12 000 -999 -999 -999 -999 -999 -999
IBTr 01E WINONA    890109 1800 161N 1492W -99 -99 -999 1010 0000 12 000 -999 -999 -999 -999 -999 -999
IBTr 01E WINONA    890110 0000 164N 1503W -99 -99 -999 1010 0000 12 000 -999 -999 -999 -999 -999 -999
IBTr 01E WINONA    890110 0600 165N 1515W -99 -99 -999 1010 0000 12 000 -999 -999 -999 -999 -999 -999
IBTr 01E WINONA    890110 1200 168N 1531W -99 -99 -999 1010 0000 12 000 -999 -999 -999 -999 -999 -999
IBTr 01E WINONA    890110 1800 172N 1549W -99 -99 -999 1010 0000 12 000 -999 -999 -999 -999 -999 -999
IBTr 01E WINONA    890111 0000 179N 1569W -99 -99 -999 1010 0000 12 000 -999 -999 -999 -999 -999 -999
IBTr 01E WINONA    890111 0600 187N 1582W -99 -99 -999 1010 0000 12 000 -999 -999 -999 -999 -999 -999
IBTr 01E WINONA    890111 1200 195N 1590W -99 -99 -999 1010 0000 12 000 -999 -999 -999 -999 -999 -999
IBTr 01E WINONA    890111 1800 200N 1600W -99 -99 -999 1010 0000 12 000 -999 -999 -999 -999 -999 -999
IBTr 01E WINONA    890112 0000 204N 1613W -99 -99 -999 1010 0000 12 000 -999 -999 -999 -999 -999 -999
IBTr 01E WINONA    890112 0600 206N 1624W -99 -99 -999 1010 0000 12 000 -999 -999 -999 -999 -999 -999
IBTr 01E WINONA    890112 1200 208N 1638W -99 -99 -999 1010 0000 15 000 -999 -999 -999 -999 -999 -999
IBTr 01E WINONA    890112 1800 210N 1650W -99 -99 -999 1010 0000 15 000 -999 -999 -999 -999 -999 -999
IBTr 01E WINONA    890113 0000 213N 1662W -99 -99 -999 1010 0000 15 000 -999 -999 -999 -999 -999 -999
IBTr 01E WINONA    890113 0600 212N 1674W -99 -99 -999 1010 0000 15 000 -999 -999 -999 -999 -999 -999
IBTr 01E WINONA    890113 1200 210N 1688W -99 -99 -999 1010 0000 15 000 -999 -999 -999 -999 -999 -999
IBTr 01E WINONA    890113 1800 207N 1705W -99 -99 -999 1010 0000 18 000 -999 -999 -999 -999 -999 -999
IBTr 01E WINONA    890114 0000 209N 1721W -99 -99 -999 1010 0000 20 000 -999 -999 -999 -999 -999 -999
IBTr 01E WINONA    890114 0600 208N 1731W -99 -99 -999 1010 0000 20 000 -999 -999 -999 -999 -999 -999
IBTr 01E WINONA    890114 1200 209N 1742W -99 -99 -999 1010 0000 20 000 -999 -999 -999 -999 -999 -999
IBTr 01E WINONA    890114 1800 209N 1757W -99 -99 -999 1010 0000 20 000 -999 -999 -999 -999 -999 -999
IBTr 01E WINONA    890115 0000 210N 1775W -99 -99 -999 1010 0000 20 000 -999 -999 -999 -999 -999 -999
IBTr 01E WINONA    890115 0600 209N 1794W -99 -99 -999 1010 0000 20 000 -999 -999 -999 -999 -999 -999
