IBTr 03L BARRY     890709 1800 128N 0378W -99 -99 1015 1015 0080 12 008 -999 -999 -999 -999 -999 -999
IBTr 03L BARRY     890710 0000 130N 0399W -99 -99 1015 1015 0080 12 008 -999 -999 -999 -999 -999 -999
IBTr 03L BARRY     890710 0600 139N 0421W -99 -99 1014 1014 0080 12 008 -999 -999 -999 -999 -999 -999
IBTr 03L BARRY     890710 1200 150N 0446W -99 -99 1013 1013 0080 15 008 -999 -999 -999 -999 -999 -999
IBTr 03L BARRY     890710 1800 163N 0469W -99 -99 1013 1013 0080 15 008 -999 -999 -999 -999 -999 -999
IBTr 03L BARRY     890711 0000 177N 0482W -99 -99 1012 1012 0080 18 008 -999 -999 -999 -999 -999 -999
IBTr 03L BARRY     890711 0600 188N 0492W -99 -99 1011 1011 0080 20 008 -999 -999 -999 -999 -999 -999
IBTr 03L BARRY     890711 1200 198N 0504W -99 -99 1010 1010 0080 20 008 -999 -999 -999 -999 -999 -999
IBTr 03L BARRY     890711 1800 207N 0518W -99 -99 1007 1010 0090 20 009 -999 -999 -999 -999 -999 -999
IBTr 03L BARRY     890712 0000 214N 0531W -99 -99 1005 1010 0090 23 009 -999 -999 -999 -999 -999 -999
IBTr 03L BARRY     890712 0600 221N 0539W -99 -99 1005 1010 0090 23 009 -999 -999 -999 -999 -999 -999
IBTr 03L BARRY     890712 1200 228N 0544W -99 -99 1005 1010 0090 23 009 -999 -999 -999 -999 -999 -999
IBTr 03L BARRY     890712 1800 235N 0549W -99 -99 1008 1010 0090 20 009 -999 -999 -999 -999 -999 -999
IBTr 03L BARRY     890713 0000 238N 0554W -99 -99 1012 1012 0080 20 008 -999 -999 -999 -999 -999 -999
IBTr 03L BARRY     890713 0600 240N 0560W -99 -99 1014 1014 0080 18 008 -999 -999 -999 -999 -999 -999
IBTr 03L BARRY     890713 1200 239N 0566W -99 -99 1016 1016 0080 18 008 -999 -999 -999 -999 -999 -999
IBTr 03L BARRY     890713 1800 237N 0574W -99 -99 1017 1017 0080 15 008 -999 -999 -999 -999 -999 -999
IBTr 03L BARRY     890714 0000 233N 0581W -99 -99 1018 1018 0080 15 008 -999 -999 -999 -999 -999 -999
