IBTr 07E DALILIA   890709 0000 130N 0993W -99 -99 -999 1010 0000 -9 000 -999 -999 -999 -999 -999 -999
IBTr 07E DALILIA   890709 0600 125N 0996W -99 -99 -999 1010 0000 -9 000 -999 -999 -999 -999 -999 -999
IBTr 07E DALILIA   890709 1200 123N 1003W -99 -99 -999 1010 0000 -9 000 -999 -999 -999 -999 -999 -999
IBTr 07E DALILIA   890709 1800 120N 1011W -99 -99 -999 1010 0000 -9 000 -999 -999 -999 -999 -999 -999
IBTr 07E DALILIA   890710 0000 118N 1021W -99 -99 -999 1010 0000 -9 000 -999 -999 -999 -999 -999 -999
IBTr 07E DALILIA   890710 0600 115N 1031W -99 -99 -999 1010 0000 -9 000 -999 -999 -999 -999 -999 -999
IBTr 07E DALILIA   890710 1200 113N 1042W -99 -99 -999 1010 0000 -9 000 -999 -999 -999 -999 -999 -999
IBTr 07E DALILIA   890710 1800 110N 1054W -99 -99 -999 1010 0000 -9 000 -999 -999 -999 -999 -999 -999
IBTr 07E DALILIA   890711 0000 107N 1065W -99 -99 -999 1010 0000 -9 000 -999 -999 -999 -999 -999 -999
IBTr 07E DALILIA   890711 0600 104N 1077W -99 -99 -999 1010 0000 -9 000 -999 -999 -999 -999 -999 -999
IBTr 07E DALILIA   890711 1200 101N 1088W -99 -99 1014 1014 0080 12 008 -999 -999 -999 -999 -999 -999
IBTr 07E DALILIA   890711 1800 100N 1098W -99 -99 1013 1013 0080 12 008 -999 -999 -999 -999 -999 -999
IBTr 07E DALILIA   890712 0000 101N 1109W -99 -99 1012 1012 0080 12 008 -999 -999 -999 -999 -999 -999
IBTr 07E DALILIA   890712 0600 100N 1121W -99 -99 1010 1010 0080 15 008 -999 -999 -999 -999 -999 -999
IBTr 07E DALILIA   890712 1200 102N 1133W -99 -99 1008 1010 0080 15 008 -999 -999 -999 -999 -999 -999
IBTr 07E DALILIA   890712 1800 104N 1144W -99 -99 1005 1010 0090 18 009 -999 -999 -999 -999 -999 -999
IBTr 07E DALILIA   890713 0000 107N 1156W -99 -99 0998 1010 0100 23 010 -999 -999 -999 -999 -999 -999
IBTr 07E DALILIA   890713 0600 109N 1168W -99 -99 0994 1010 0100 28 010 -999 -999 -999 -999 -999 -999
IBTr 07E DALILIA   890713 1200 113N 1181W -99 -99 0991 1010 0110 30 011 -999 -999 -999 -999 -999 -999
IBTr 07E DALILIA   890713 1800 118N 1194W -99 -99 0989 1010 0110 33 011 -999 -999 -999 -999 -999 -999
IBTr 07E DALILIA   890714 0000 123N 1207W -99 -99 0987 1010 0110 33 011 -999 -999 -999 -999 -999 -999
IBTr 07E DALILIA   890714 0600 125N 1220W -99 -99 0986 1010 0120 33 012 -999 -999 -999 -999 -999 -999
IBTr 07E DALILIA   890714 1200 126N 1235W -99 -99 0985 1010 0120 36 012 -999 -999 -999 -999 -999 -999
IBTr 07E DALILIA   890714 1800 129N 1249W -99 -99 0983 1010 0120 36 012 -999 -999 -999 -999 -999 -999
IBTr 07E DALILIA   890715 0000 134N 1264W -99 -99 0982 1010 0120 36 012 -999 -999 -999 -999 -999 -999
IBTr 07E DALILIA   890715 0600 136N 1278W -99 -99 0981 1010 0120 38 012 -999 -999 -999 -999 -999 -999
IBTr 07E DALILIA   890715 1200 138N 1294W -99 -99 0980 1010 0120 38 012 -999 -999 -999 -999 -999 -999
IBTr 07E DALILIA   890715 1800 138N 1309W -99 -99 0979 1010 0120 38 012 -999 -999 -999 -999 -999 -999
IBTr 07E DALILIA   890716 0000 138N 1323W -99 -99 0979 1010 0120 38 012 -999 -999 -999 -999 -999 -999
IBTr 07E DALILIA   890716 0600 138N 1341W -99 -99 0978 1010 0120 38 012 -999 -999 -999 -999 -999 -999
IBTr 07E DALILIA   890716 1200 139N 1358W -99 -99 0978 1010 0120 41 012 -999 -999 -999 -999 -999 -999
IBTr 07E DALILIA   890716 1800 140N 1379W -99 -99 0977 1010 0130 41 013 -999 -999 -999 -999 -999 -999
IBTr 07E DALILIA   890717 0000 141N 1398W -99 -99 0977 1010 0130 38 013 -999 -999 -999 -999 -999 -999
IBTr 07E DALILIA   890717 0600 143N 1417W -99 -99 0000 1010 0000 33 000 -999 -999 -999 -999 -999 -999
IBTr 07E DALILIA   890717 1200 145N 1435W -99 -99 0000 1010 0000 33 000 -999 -999 -999 -999 -999 -999
IBTr 07E DALILIA   890717 1800 147N 1452W -99 -99 0000 1010 0000 33 000 -999 -999 -999 -999 -999 -999
IBTr 07E DALILIA   890718 0000 148N 1468W -99 -99 0000 1010 0000 33 000 -999 -999 -999 -999 -999 -999
IBTr 07E DALILIA   890718 0600 148N 1481W -99 -99 0000 1010 0000 33 000 -999 -999 -999 -999 -999 -999
IBTr 07E DALILIA   890718 1200 147N 1493W -99 -99 0000 1010 0000 33 000 -999 -999 -999 -999 -999 -999
IBTr 07E DALILIA   890718 1800 144N 1498W -99 -99 0000 1010 0000 33 000 -999 -999 -999 -999 -999 -999
IBTr 07E DALILIA   890719 0000 146N 1508W -99 -99 0000 1010 0000 33 000 -999 -999 -999 -999 -999 -999
IBTr 07E DALILIA   890719 0600 151N 1516W -99 -99 0000 1010 0000 33 000 -999 -999 -999 -999 -999 -999
IBTr 07E DALILIA   890719 1200 158N 1525W -99 -99 0000 1010 0000 33 000 -999 -999 -999 -999 -999 -999
IBTr 07E DALILIA   890719 1800 165N 1536W -99 -99 0000 1010 0000 30 000 -999 -999 -999 -999 -999 -999
IBTr 07E DALILIA   890720 0000 173N 1552W -99 -99 0000 1010 0000 28 000 -999 -999 -999 -999 -999 -999
IBTr 07E DALILIA   890720 0600 183N 1564W -99 -99 0000 1010 0000 28 000 -999 -999 -999 -999 -999 -999
IBTr 07E DALILIA   890720 1200 186N 1574W -99 -99 0000 1010 0000 28 000 -999 -999 -999 -999 -999 -999
IBTr 07E DALILIA   890720 1800 194N 1580W -99 -99 0000 1010 0000 25 000 -999 -999 -999 -999 -999 -999
IBTr 07E DALILIA   890721 0000 198N 1589W -99 -99 0000 1010 0000 23 000 -999 -999 -999 -999 -999 -999
IBTr 07E DALILIA   890721 0600 203N 1599W -99 -99 0000 1010 0000 23 000 -999 -999 -999 -999 -999 -999
IBTr 07E DALILIA   890721 1200 205N 1608W -99 -99 0000 1010 0000 18 000 -999 -999 -999 -999 -999 -999
IBTr 07E DALILIA   890721 1800 207N 1634W -99 -99 0000 1010 0000 12 000 -999 -999 -999 -999 -999 -999
