IBTr 04W BRENDA    890514 0000 67N  1383E -99 -99 -999 1010 0000 10 000 -999 -999 -999 -999 -999 -999
IBTr 04W BRENDA    890514 0600 66N  1359E -99 -99 -999 1010 0000 10 000 -999 -999 -999 -999 -999 -999
IBTr 04W BRENDA    890514 1200 70N  1344E -99 -99 -999 1010 0000 10 000 -999 -999 -999 -999 -999 -999
IBTr 04W BRENDA    890514 1800 73N  1333E -99 -99 -999 1010 0000 10 000 -999 -999 -999 -999 -999 -999
IBTr 04W BRENDA    890515 0000 78N  1326E -99 -99 1004 1010 0090 12 009 -999 -999 -999 -999 -999 -999
IBTr 04W BRENDA    890515 0600 83N  1319E -99 -99 1002 1010 0090 12 009 -999 -999 -999 -999 -999 -999
IBTr 04W BRENDA    890515 1200 88N  1312E -99 -99 1002 1010 0090 12 009 -999 -999 -999 -999 -999 -999
IBTr 04W BRENDA    890515 1800 93N  1303E -99 -99 1002 1010 0090 15 009 -999 -999 -999 -999 -999 -999
IBTr 04W BRENDA    890516 0000 99N  1292E -99 -99 1000 1010 0100 18 010 -999 -999 -999 -999 -999 -999
IBTr 04W BRENDA    890516 0600 104N 1281E -99 -99 0996 1010 0100 20 010 -999 -999 -999 -999 -999 -999
IBTr 04W BRENDA    890516 1200 112N 1267E -99 -99 0992 1010 0110 23 011 -999 -999 -999 -999 -999 -999
IBTr 04W BRENDA    890516 1800 117N 1254E -99 -99 0994 1010 0100 20 010 -999 -999 -999 -999 -999 -999
IBTr 04W BRENDA    890517 0000 124N 1238E -99 -99 0994 1010 0100 20 010 -999 -999 -999 -999 -999 -999
IBTr 04W BRENDA    890517 0600 132N 1225E -99 -99 0994 1010 0110 20 011 -999 -999 -999 -999 -999 -999
IBTr 04W BRENDA    890517 1200 139N 1212E -99 -99 0994 1010 0110 20 011 -999 -999 -999 -999 -999 -999
IBTr 04W BRENDA    890517 1800 146N 1201E -99 -99 0994 1010 0110 20 011 -999 -999 -999 -999 -999 -999
IBTr 04W BRENDA    890518 0000 152N 1192E -99 -99 0992 1010 0110 23 011 -999 -999 -999 -999 -999 -999
IBTr 04W BRENDA    890518 0600 158N 1185E -99 -99 0990 1010 0110 23 011 -999 -999 -999 -999 -999 -999
IBTr 04W BRENDA    890518 1200 165N 1179E -99 -99 0990 1010 0110 23 011 -999 -999 -999 -999 -999 -999
IBTr 04W BRENDA    890518 1800 170N 1175E -99 -99 0985 1010 0120 25 012 -999 -999 -999 -999 -999 -999
IBTr 04W BRENDA    890519 0000 175N 1170E -99 -99 0985 1010 0120 25 012 -999 -999 -999 -999 -999 -999
IBTr 04W BRENDA    890519 0600 182N 1165E -99 -99 0980 1010 0120 28 012 -999 -999 -999 -999 -999 -999
IBTr 04W BRENDA    890519 1200 189N 1158E -99 -99 0980 1010 0120 28 012 -999 -999 -999 -999 -999 -999
IBTr 04W BRENDA    890519 1800 197N 1152E -99 -99 0975 1010 0130 30 013 -999 -999 -999 -999 -999 -999
IBTr 04W BRENDA    890520 0000 205N 1145E -99 -99 0970 1010 0130 33 013 -999 -999 -999 -999 -999 -999
IBTr 04W BRENDA    890520 0600 211N 1138E -99 -99 0975 1010 0130 30 013 -999 -999 -999 -999 -999 -999
IBTr 04W BRENDA    890520 1200 216N 1131E -99 -99 0985 1010 0120 25 012 -999 -999 -999 -999 -999 -999
IBTr 04W BRENDA    890520 1800 220N 1122E -99 -99 0990 1010 0110 23 011 -999 -999 -999 -999 -999 -999
IBTr 04W BRENDA    890521 0000 223N 1113E -99 -99 0996 1010 0110 20 011 -999 -999 -999 -999 -999 -999
IBTr 04W BRENDA    890521 0600 227N 1107E -99 -99 1000 1010 0100 -9 010 -999 -999 -999 -999 -999 -999
IBTr 04W BRENDA    890521 1200 228N 1100E -99 -99 1002 1010 0100 -9 010 -999 -999 -999 -999 -999 -999
