IBTr 02P DELILAH   881228 1800 167S 1484E -99 -99 1001 1010 0100 06 010 -999 -999 -999 -999 -999 -999
IBTr 02P DELILAH   881229 0000 168S 1487E -99 -99 1001 1010 0100 06 010 -999 -999 -999 -999 -999 -999
IBTr 02P DELILAH   881229 0600 179S 1480E -99 -99 1001 1010 0100 06 010 -999 -999 -999 -999 -999 -999
IBTr 02P DELILAH   881229 1200 180S 1479E -99 -99 1002 1010 0100 07 010 -999 -999 -999 -999 -999 -999
IBTr 02P DELILAH   881229 1800 182S 1478E -99 -99 1001 1010 0100 07 010 -999 -999 -999 -999 -999 -999
IBTr 02P DELILAH   881230 0000 181S 1480E -99 -99 1001 1010 0100 08 010 -999 -999 -999 -999 -999 -999
IBTr 02P DELILAH   881230 0600 181S 1482E -99 -99 0999 1010 0100 09 010 -999 -999 -999 -999 -999 -999
IBTr 02P DELILAH   881230 1200 181S 1487E -99 -99 1000 1010 0100 10 010 -999 -999 -999 -999 -999 -999
IBTr 02P DELILAH   881230 1800 180S 1493E -99 -99 0998 1010 0100 13 010 -999 -999 -999 -999 -999 -999
IBTr 02P DELILAH   881231 0000 179S 1500E -99 -99 0997 1010 0100 18 010 -999 -999 -999 -999 -999 -999
IBTr 02P DELILAH   881231 0600 178S 1510E -99 -99 0995 1010 0110 19 011 -999 -999 -999 -999 -999 -999
IBTr 02P DELILAH   881231 1200 176S 1524E -99 -99 0995 1010 0110 19 011 -999 -999 -999 -999 -999 -999
IBTr 02P DELILAH   881231 1800 176S 1542E -99 -99 0994 1010 0110 21 011 -999 -999 -999 -999 -999 -999
IBTr 02P DELILAH   890101 0000 178S 1559E -99 -99 0991 1010 0110 21 011 -999 -999 -999 -999 -999 -999
IBTr 02P DELILAH   890101 0600 180S 1576E -99 -99 0988 1010 0120 22 012 -999 -999 -999 -999 -999 -999
IBTr 02P DELILAH   890101 1200 183S 1594E -99 -99 0988 1010 0120 22 012 -999 -999 -999 -999 -999 -999
IBTr 02P DELILAH   890101 1800 187S 1613E -99 -99 0980 1010 0120 28 012 -999 -999 -999 -999 -999 -999
IBTr 02P DELILAH   890102 0000 194S 1631E -99 -99 0980 1010 0130 28 013 -999 -999 -999 -999 -999 -999
IBTr 02P DELILAH   890102 0600 202S 1650E -99 -99 0975 1010 0130 30 013 -999 -999 -999 -999 -999 -999
IBTr 02P DELILAH   890102 1200 211S 1666E -99 -99 0975 1010 0130 30 013 -999 -999 -999 -999 -999 -999
IBTr 02P DELILAH   890102 1800 221S 1678E -99 -99 0975 1010 0130 30 013 -999 -999 -999 -999 -999 -999
IBTr 02P DELILAH   890103 0000 232S 1687E -99 -99 0975 1010 0130 30 013 -999 -999 -999 -999 -999 -999
IBTr 02P DELILAH   890103 0600 242S 1693E -99 -99 0980 1010 0130 28 013 -999 -999 -999 -999 -999 -999
IBTr 02P DELILAH   890103 1200 253S 1697E -99 -99 0985 1010 0120 25 012 -999 -999 -999 -999 -999 -999
IBTr 02P DELILAH   890103 1800 266S 1702E -99 -99 0985 1010 0120 25 012 -999 -999 -999 -999 -999 -999
IBTr 02P DELILAH   890104 0000 281S 1708E -99 -99 0987 1010 0120 23 012 -999 -999 -999 -999 -999 -999
IBTr 02P DELILAH   890104 0600 296S 1715E -99 -99 0990 1010 0120 20 012 -999 -999 -999 -999 -999 -999
IBTr 02P DELILAH   890104 1200 305S 1715E -99 -99 0990 1010 0120 20 012 -999 -999 -999 -999 -999 -999
IBTr 02P DELILAH   890104 1800 313S 1712E -99 -99 0990 1010 0120 20 012 -999 -999 -999 -999 -999 -999
IBTr 02P DELILAH   890105 0000 321S 1705E -99 -99 0990 1010 0120 20 012 -999 -999 -999 -999 -999 -999
IBTr 02P DELILAH   890105 0600 327S 1698E -99 -99 0990 1010 0120 20 012 -999 -999 -999 -999 -999 -999
IBTr 02P DELILAH   890105 1200 327S 1695E -99 -99 0990 1010 0120 20 012 -999 -999 -999 -999 -999 -999
IBTr 02P DELILAH   890105 1800 324S 1695E -99 -99 0990 1010 0120 20 012 -999 -999 -999 -999 -999 -999
IBTr 02P DELILAH   890106 0000 324S 1698E -99 -99 0995 1010 0110 18 011 -999 -999 -999 -999 -999 -999
IBTr 02P DELILAH   890106 0600 328S 1698E -99 -99 0995 1010 0110 18 011 -999 -999 -999 -999 -999 -999
IBTr 02P DELILAH   890106 1200 331S 1695E -99 -99 0997 1010 0110 15 011 -999 -999 -999 -999 -999 -999
IBTr 02P DELILAH   890106 1800 333S 1691E -99 -99 -999 1010 0000 -9 000 -999 -999 -999 -999 -999 -999
IBTr 02P DELILAH   890107 0000 338S 1688E -99 -99 0997 1010 0110 15 011 -999 -999 -999 -999 -999 -999
IBTr 02P DELILAH   890107 0600 344S 1683E -99 -99 0997 1010 0110 15 011 -999 -999 -999 -999 -999 -999
IBTr 02P DELILAH   890107 1200 352S 1681E -99 -99 0997 1010 0110 15 011 -999 -999 -999 -999 -999 -999
IBTr 02P DELILAH   890107 1800 362S 1681E -99 -99 0997 1010 0110 15 011 -999 -999 -999 -999 -999 -999
IBTr 02P DELILAH   890108 0000 371S 1683E -99 -99 0997 1010 0110 15 011 -999 -999 -999 -999 -999 -999
