IBTr 07L ERIN      890818 0000 143N 0224W -99 -99 1012 1012 0080 12 008 -999 -999 -999 -999 -999 -999
IBTr 07L ERIN      890818 0600 152N 0238W -99 -99 1012 1012 0080 12 008 -999 -999 -999 -999 -999 -999
IBTr 07L ERIN      890818 1200 162N 0252W -99 -99 1011 1011 0080 12 008 -999 -999 -999 -999 -999 -999
IBTr 07L ERIN      890818 1800 170N 0265W -99 -99 1010 1010 0080 15 008 -999 -999 -999 -999 -999 -999
IBTr 07L ERIN      890819 0000 174N 0278W -99 -99 1009 1010 0080 15 008 -999 -999 -999 -999 -999 -999
IBTr 07L ERIN      890819 0600 177N 0294W -99 -99 1008 1010 0090 15 009 -999 -999 -999 -999 -999 -999
IBTr 07L ERIN      890819 1200 181N 0311W -99 -99 1007 1010 0090 15 009 -999 -999 -999 -999 -999 -999
IBTr 07L ERIN      890819 1800 185N 0327W -99 -99 1005 1010 0090 18 009 -999 -999 -999 -999 -999 -999
IBTr 07L ERIN      890820 0000 191N 0343W -99 -99 1004 1010 0090 18 009 -999 -999 -999 -999 -999 -999
IBTr 07L ERIN      890820 0600 196N 0356W -99 -99 1003 1010 0090 20 009 -999 -999 -999 -999 -999 -999
IBTr 07L ERIN      890820 1200 201N 0369W -99 -99 1002 1010 0100 20 010 -999 -999 -999 -999 -999 -999
IBTr 07L ERIN      890820 1800 206N 0383W -99 -99 1001 1010 0100 20 010 -999 -999 -999 -999 -999 -999
IBTr 07L ERIN      890821 0000 211N 0397W -99 -99 1000 1010 0100 23 010 -999 -999 -999 -999 -999 -999
IBTr 07L ERIN      890821 0600 220N 0411W -99 -99 0998 1010 0100 23 010 -999 -999 -999 -999 -999 -999
IBTr 07L ERIN      890821 1200 233N 0421W -99 -99 0997 1010 0110 23 011 -999 -999 -999 -999 -999 -999
IBTr 07L ERIN      890821 1800 247N 0428W -99 -99 0994 1010 0110 25 011 -999 -999 -999 -999 -999 -999
IBTr 07L ERIN      890822 0000 262N 0433W -99 -99 0992 1010 0110 28 011 -999 -999 -999 -999 -999 -999
IBTr 07L ERIN      890822 0600 276N 0438W -99 -99 0989 1010 0120 30 012 -999 -999 -999 -999 -999 -999
IBTr 07L ERIN      890822 1200 288N 0445W -99 -99 0986 1010 0120 33 012 -999 -999 -999 -999 -999 -999
IBTr 07L ERIN      890822 1800 297N 0452W -99 -99 0983 1010 0130 36 013 -999 -999 -999 -999 -999 -999
IBTr 07L ERIN      890823 0000 303N 0459W -99 -99 0981 1010 0130 36 013 -999 -999 -999 -999 -999 -999
IBTr 07L ERIN      890823 0600 309N 0463W -99 -99 0979 1010 0130 38 013 -999 -999 -999 -999 -999 -999
IBTr 07L ERIN      890823 1200 315N 0462W -99 -99 0977 1010 0130 41 013 -999 -999 -999 -999 -999 -999
IBTr 07L ERIN      890823 1800 320N 0460W -99 -99 0975 1010 0140 41 014 -999 -999 -999 -999 -999 -999
IBTr 07L ERIN      890824 0000 326N 0456W -99 -99 0973 1010 0140 43 014 -999 -999 -999 -999 -999 -999
IBTr 07L ERIN      890824 0600 333N 0452W -99 -99 0971 1010 0140 43 014 -999 -999 -999 -999 -999 -999
IBTr 07L ERIN      890824 1200 341N 0445W -99 -99 0970 1010 0140 46 014 -999 -999 -999 -999 -999 -999
IBTr 07L ERIN      890824 1800 351N 0436W -99 -99 0969 1010 0140 46 014 -999 -999 -999 -999 -999 -999
IBTr 07L ERIN      890825 0000 363N 0424W -99 -99 0968 1010 0140 46 014 -999 -999 -999 -999 -999 -999
IBTr 07L ERIN      890825 0600 376N 0411W -99 -99 0969 1010 0140 46 014 -999 -999 -999 -999 -999 -999
IBTr 07L ERIN      890825 1200 390N 0397W -99 -99 0971 1010 0140 46 014 -999 -999 -999 -999 -999 -999
IBTr 07L ERIN      890825 1800 406N 0383W -99 -99 0973 1010 0140 43 014 -999 -999 -999 -999 -999 -999
IBTr 07L ERIN      890826 0000 423N 0372W -99 -99 0976 1010 0140 41 014 -999 -999 -999 -999 -999 -999
IBTr 07L ERIN      890826 0600 444N 0362W -99 -99 0980 1010 0140 38 014 -999 -999 -999 -999 -999 -999
IBTr 07L ERIN      890826 1200 470N 0351W -99 -99 0983 1010 0140 36 014 -999 -999 -999 -999 -999 -999
IBTr 07L ERIN      890826 1800 495N 0335W -99 -99 0986 1010 0130 33 013 -999 -999 -999 -999 -999 -999
IBTr 07L ERIN      890827 0000 519N 0318W -99 -99 0991 1010 0130 30 013 -999 -999 -999 -999 -999 -999
