IBTr 08E FOURE     890711 1200 125N 1400W -99 -99 -999 1010 0000 -9 000 -999 -999 -999 -999 -999 -999
IBTr 08E FOURE     890711 1800 130N 1412W -99 -99 -999 1010 0000 -9 000 -999 -999 -999 -999 -999 -999
IBTr 08E FOURE     890712 0000 135N 1424W -99 -99 -999 1010 0000 -9 000 -999 -999 -999 -999 -999 -999
IBTr 08E FOURE     890712 0600 139N 1438W -99 -99 -999 1010 0000 -9 000 -999 -999 -999 -999 -999 -999
IBTr 08E FOURE     890712 1200 143N 1450W -99 -99 -999 1010 0000 -9 000 -999 -999 -999 -999 -999 -999
IBTr 08E FOURE     890712 1800 147N 1465W -99 -99 -999 1010 0000 -9 000 -999 -999 -999 -999 -999 -999
IBTr 08E FOURE     890713 0000 151N 1480W -99 -99 -999 1010 0000 -9 000 -999 -999 -999 -999 -999 -999
IBTr 08E FOURE     890713 0600 156N 1496W -99 -99 -999 1010 0000 -9 000 -999 -999 -999 -999 -999 -999
IBTr 08E FOURE     890713 1200 158N 1514W -99 -99 -999 1010 0000 -9 000 -999 -999 -999 -999 -999 -999
IBTr 08E FOURE     890713 1800 157N 1532W -99 -99 -999 1010 0000 -9 000 -999 -999 -999 -999 -999 -999
