IBTr 05S CALASANJY 890106 0600 148S 0441E -99 -99 -999 1010 0000 -9 000 -999 -999 -999 -999 -999 -999
IBTr 05S CALASANJY 890106 1200 152S 0440E -99 -99 -999 1010 0000 -9 000 -999 -999 -999 -999 -999 -999
IBTr 05S CALASANJY 890106 1800 155S 0439E -99 -99 -999 1010 0000 -9 000 -999 -999 -999 -999 -999 -999
IBTr 05S CALASANJY 890107 0000 158S 0438E -99 -99 -999 1010 0000 -9 000 -999 -999 -999 -999 -999 -999
IBTr 05S CALASANJY 890107 0600 161S 0436E -99 -99 -999 1010 0000 -9 000 -999 -999 -999 -999 -999 -999
IBTr 05S CALASANJY 890107 1200 164S 0435E -99 -99 -999 1010 0000 -9 000 -999 -999 -999 -999 -999 -999
IBTr 05S CALASANJY 890107 1800 166S 0433E -99 -99 -999 1010 0000 -9 000 -999 -999 -999 -999 -999 -999
IBTr 05S CALASANJY 890108 0000 168S 0433E -99 -99 -999 1010 0000 -9 000 -999 -999 -999 -999 -999 -999
IBTr 05S CALASANJY 890108 0600 169S 0431E -99 -99 -999 1010 0000 -9 000 -999 -999 -999 -999 -999 -999
IBTr 05S CALASANJY 890108 1200 171S 0428E -99 -99 -999 1010 0000 -9 000 -999 -999 -999 -999 -999 -999
IBTr 05S CALASANJY 890108 1800 171S 0423E -99 -99 -999 1010 0000 -9 000 -999 -999 -999 -999 -999 -999
IBTr 05S CALASANJY 890109 0000 170S 0418E -99 -99 -999 1010 0000 -9 000 -999 -999 -999 -999 -999 -999
IBTr 05S CALASANJY 890109 0600 166S 0413E -99 -99 1000 1010 0100 12 010 -999 -999 -999 -999 -999 -999
IBTr 05S CALASANJY 890109 1200 162S 0409E -99 -99 1000 1010 0100 12 010 -999 -999 -999 -999 -999 -999
IBTr 05S CALASANJY 890109 1800 159S 0409E -99 -99 1000 1010 0100 12 010 -999 -999 -999 -999 -999 -999
IBTr 05S CALASANJY 890110 0000 159S 0411E -99 -99 1000 1010 0100 12 010 -999 -999 -999 -999 -999 -999
IBTr 05S CALASANJY 890110 0600 160S 0411E -99 -99 1000 1010 0100 12 010 -999 -999 -999 -999 -999 -999
IBTr 05S CALASANJY 890110 1200 161S 0411E -99 -99 0991 1010 0110 18 011 -999 -999 -999 -999 -999 -999
IBTr 05S CALASANJY 890110 1800 164S 0409E -99 -99 0991 1010 0110 18 011 -999 -999 -999 -999 -999 -999
IBTr 05S CALASANJY 890111 0000 167S 0410E -99 -99 0991 1010 0110 18 011 -999 -999 -999 -999 -999 -999
IBTr 05S CALASANJY 890111 0600 169S 0411E -99 -99 0984 1010 0120 22 012 -999 -999 -999 -999 -999 -999
IBTr 05S CALASANJY 890111 1200 171S 0413E -99 -99 0984 1010 0120 22 012 -999 -999 -999 -999 -999 -999
IBTr 05S CALASANJY 890111 1800 172S 0415E -99 -99 0984 1010 0120 22 012 -999 -999 -999 -999 -999 -999
IBTr 05S CALASANJY 890112 0000 173S 0416E -99 -99 0984 1010 0120 22 012 -999 -999 -999 -999 -999 -999
IBTr 05S CALASANJY 890112 0600 173S 0418E -99 -99 0976 1010 0130 26 013 -999 -999 -999 -999 -999 -999
IBTr 05S CALASANJY 890112 1200 175S 0420E -99 -99 0966 1010 0130 31 013 -999 -999 -999 -999 -999 -999
IBTr 05S CALASANJY 890112 1800 176S 0421E -99 -99 0966 1010 0130 31 013 -999 -999 -999 -999 -999 -999
IBTr 05S CALASANJY 890113 0000 177S 0423E -99 -99 0966 1010 0130 31 013 -999 -999 -999 -999 -999 -999
IBTr 05S CALASANJY 890113 0600 178S 0425E -99 -99 0966 1010 0130 31 013 -999 -999 -999 -999 -999 -999
IBTr 05S CALASANJY 890113 1200 179S 0427E -99 -99 0966 1010 0130 31 013 -999 -999 -999 -999 -999 -999
IBTr 05S CALASANJY 890113 1800 181S 0429E -99 -99 0966 1010 0130 31 013 -999 -999 -999 -999 -999 -999
IBTr 05S CALASANJY 890114 0000 185S 0434E -99 -99 0954 1010 0130 37 013 -999 -999 -999 -999 -999 -999
IBTr 05S CALASANJY 890114 0600 189S 0438E -99 -99 0954 1010 0130 37 013 -999 -999 -999 -999 -999 -999
IBTr 05S CALASANJY 890114 1200 196S 0444E -99 -99 0954 1010 0130 37 013 -999 -999 -999 -999 -999 -999
IBTr 05S CALASANJY 890114 1800 203S 0446E -99 -99 0976 1010 0130 26 013 -999 -999 -999 -999 -999 -999
IBTr 05S CALASANJY 890115 0000 207S 0447E -99 -99 0984 1010 0120 22 012 -999 -999 -999 -999 -999 -999
IBTr 05S CALASANJY 890115 0600 214S 0446E -99 -99 0991 1010 0110 18 011 -999 -999 -999 -999 -999 -999
IBTr 05S CALASANJY 890115 1200 220S 0443E -99 -99 0991 1010 0110 18 011 -999 -999 -999 -999 -999 -999
IBTr 05S CALASANJY 890115 1800 223S 0440E -99 -99 0991 1010 0110 18 011 -999 -999 -999 -999 -999 -999
IBTr 05S CALASANJY 890116 0000 228S 0436E -99 -99 0997 1010 0100 14 010 -999 -999 -999 -999 -999 -999
IBTr 05S CALASANJY 890116 0600 232S 0430E -99 -99 0997 1010 0110 14 011 -999 -999 -999 -999 -999 -999
IBTr 05S CALASANJY 890116 1200 238S 0421E -99 -99 0997 1010 0110 14 011 -999 -999 -999 -999 -999 -999
IBTr 05S CALASANJY 890116 1800 247S 0411E -99 -99 0997 1010 0110 14 011 -999 -999 -999 -999 -999 -999
IBTr 05S CALASANJY 890117 0000 256S 0399E -99 -99 1000 1010 0100 12 010 -999 -999 -999 -999 -999 -999
