IBTr 08L FELIX     890826 0000 168N 0210W -99 -99 1009 1010 0080 12 008 -999 -999 -999 -999 -999 -999
IBTr 08L FELIX     890826 0600 169N 0217W -99 -99 1008 1010 0090 15 009 -999 -999 -999 -999 -999 -999
IBTr 08L FELIX     890826 1200 170N 0222W -99 -99 1007 1010 0090 15 009 -999 -999 -999 -999 -999 -999
IBTr 08L FELIX     890826 1800 172N 0229W -99 -99 1005 1010 0090 18 009 -999 -999 -999 -999 -999 -999
IBTr 08L FELIX     890827 0000 174N 0235W -99 -99 1003 1010 0090 18 009 -999 -999 -999 -999 -999 -999
IBTr 08L FELIX     890827 0600 178N 0239W -99 -99 1001 1010 0100 20 010 -999 -999 -999 -999 -999 -999
IBTr 08L FELIX     890827 1200 182N 0240W -99 -99 1000 1010 0100 23 010 -999 -999 -999 -999 -999 -999
IBTr 08L FELIX     890827 1800 187N 0243W -99 -99 0998 1010 0100 25 010 -999 -999 -999 -999 -999 -999
IBTr 08L FELIX     890828 0000 191N 0246W -99 -99 0996 1010 0100 25 010 -999 -999 -999 -999 -999 -999
IBTr 08L FELIX     890828 0600 197N 0248W -99 -99 0995 1010 0110 28 011 -999 -999 -999 -999 -999 -999
IBTr 08L FELIX     890828 1200 200N 0249W -99 -99 0995 1010 0110 25 011 -999 -999 -999 -999 -999 -999
IBTr 08L FELIX     890828 1800 205N 0249W -99 -99 0995 1010 0110 25 011 -999 -999 -999 -999 -999 -999
IBTr 08L FELIX     890829 0000 208N 0253W -99 -99 1000 1010 0100 23 010 -999 -999 -999 -999 -999 -999
IBTr 08L FELIX     890829 0600 211N 0260W -99 -99 1001 1010 0100 18 010 -999 -999 -999 -999 -999 -999
IBTr 08L FELIX     890829 1200 214N 0269W -99 -99 1005 1010 0090 18 009 -999 -999 -999 -999 -999 -999
IBTr 08L FELIX     890829 1800 219N 0278W -99 -99 1006 1010 0090 15 009 -999 -999 -999 -999 -999 -999
IBTr 08L FELIX     890830 0000 225N 0287W -99 -99 1008 1010 0090 15 009 -999 -999 -999 -999 -999 -999
IBTr 08L FELIX     890830 0600 234N 0297W -99 -99 1009 1010 0090 15 009 -999 -999 -999 -999 -999 -999
IBTr 08L FELIX     890830 1200 242N 0310W -99 -99 1009 1010 0090 15 009 -999 -999 -999 -999 -999 -999
IBTr 08L FELIX     890830 1800 251N 0324W -99 -99 1010 1010 0080 15 008 -999 -999 -999 -999 -999 -999
IBTr 08L FELIX     890831 0000 263N 0340W -99 -99 1010 1010 0090 15 009 -999 -999 -999 -999 -999 -999
IBTr 08L FELIX     890831 0600 276N 0356W -99 -99 1010 1010 0090 15 009 -999 -999 -999 -999 -999 -999
IBTr 08L FELIX     890831 1200 289N 0371W -99 -99 1010 1010 0090 15 009 -999 -999 -999 -999 -999 -999
IBTr 08L FELIX     890831 1800 297N 0386W -99 -99 1010 1010 0090 15 009 -999 -999 -999 -999 -999 -999
IBTr 08L FELIX     890901 0000 305N 0397W -99 -99 1009 1010 0090 15 009 -999 -999 -999 -999 -999 -999
IBTr 08L FELIX     890901 0600 311N 0411W -99 -99 1009 1010 0090 15 009 -999 -999 -999 -999 -999 -999
IBTr 08L FELIX     890901 1200 318N 0408W -99 -99 1009 1010 0090 15 009 -999 -999 -999 -999 -999 -999
IBTr 08L FELIX     890901 1800 322N 0409W -99 -99 1009 1010 0090 15 009 -999 -999 -999 -999 -999 -999
IBTr 08L FELIX     890902 0000 327N 0409W -99 -99 1008 1010 0090 15 009 -999 -999 -999 -999 -999 -999
IBTr 08L FELIX     890902 0600 330N 0409W -99 -99 1008 1010 0090 15 009 -999 -999 -999 -999 -999 -999
IBTr 08L FELIX     890902 1200 331N 0410W -99 -99 1008 1010 0090 15 009 -999 -999 -999 -999 -999 -999
IBTr 08L FELIX     890902 1800 332N 0413W -99 -99 1008 1010 0090 15 009 -999 -999 -999 -999 -999 -999
IBTr 08L FELIX     890903 0000 332N 0418W -99 -99 1005 1010 0100 18 010 -999 -999 -999 -999 -999 -999
IBTr 08L FELIX     890903 0600 334N 0423W -99 -99 1005 1010 0100 18 010 -999 -999 -999 -999 -999 -999
IBTr 08L FELIX     890903 1200 335N 0429W -99 -99 1005 1010 0100 18 010 -999 -999 -999 -999 -999 -999
IBTr 08L FELIX     890903 1800 338N 0439W -99 -99 1005 1010 0100 18 010 -999 -999 -999 -999 -999 -999
IBTr 08L FELIX     890904 0000 340N 0452W -99 -99 1004 1010 0100 20 010 -999 -999 -999 -999 -999 -999
IBTr 08L FELIX     890904 0600 343N 0463W -99 -99 1003 1010 0100 20 010 -999 -999 -999 -999 -999 -999
IBTr 08L FELIX     890904 1200 349N 0475W -99 -99 1002 1010 0100 23 010 -999 -999 -999 -999 -999 -999
IBTr 08L FELIX     890904 1800 353N 0481W -99 -99 1000 1010 0110 23 011 -999 -999 -999 -999 -999 -999
IBTr 08L FELIX     890905 0000 357N 0488W -99 -99 0995 1010 0110 28 011 -999 -999 -999 -999 -999 -999
IBTr 08L FELIX     890905 0600 360N 0487W -99 -99 0988 1010 0120 33 012 -999 -999 -999 -999 -999 -999
IBTr 08L FELIX     890905 1200 363N 0486W -99 -99 0982 1010 0130 36 013 -999 -999 -999 -999 -999 -999
IBTr 08L FELIX     890905 1800 367N 0483W -99 -99 0979 1010 0140 38 014 -999 -999 -999 -999 -999 -999
IBTr 08L FELIX     890906 0000 369N 0482W -99 -99 0979 1010 0140 38 014 -999 -999 -999 -999 -999 -999
IBTr 08L FELIX     890906 0600 372N 0481W -99 -99 0979 1010 0140 38 014 -999 -999 -999 -999 -999 -999
IBTr 08L FELIX     890906 1200 374N 0480W -99 -99 0982 1010 0130 36 013 -999 -999 -999 -999 -999 -999
IBTr 08L FELIX     890906 1800 376N 0479W -99 -99 0984 1010 0130 36 013 -999 -999 -999 -999 -999 -999
IBTr 08L FELIX     890907 0000 380N 0478W -99 -99 0988 1010 0120 33 012 -999 -999 -999 -999 -999 -999
IBTr 08L FELIX     890907 0600 385N 0477W -99 -99 0990 1010 0120 30 012 -999 -999 -999 -999 -999 -999
IBTr 08L FELIX     890907 1200 393N 0476W -99 -99 0992 1010 0120 28 012 -999 -999 -999 -999 -999 -999
IBTr 08L FELIX     890907 1800 404N 0470W -99 -99 0994 1010 0120 25 012 -999 -999 -999 -999 -999 -999
IBTr 08L FELIX     890908 0000 413N 0467W -99 -99 0995 1010 0120 25 012 -999 -999 -999 -999 -999 -999
IBTr 08L FELIX     890908 0600 424N 0458W -99 -99 0998 1010 0110 23 011 -999 -999 -999 -999 -999 -999
IBTr 08L FELIX     890908 1200 436N 0448W -99 -99 1000 1010 0110 23 011 -999 -999 -999 -999 -999 -999
IBTr 08L FELIX     890908 1800 450N 0428W -99 -99 1002 1010 0110 20 011 -999 -999 -999 -999 -999 -999
IBTr 08L FELIX     890909 0000 465N 0405W -99 -99 1005 1010 0100 18 010 -999 -999 -999 -999 -999 -999
IBTr 08L FELIX     890909 0600 465N 0380W -99 -99 1002 1010 0110 20 011 -999 -999 -999 -999 -999 -999
IBTr 08L FELIX     890909 1200 465N 0355W -99 -99 1000 1010 0110 20 011 -999 -999 -999 -999 -999 -999
IBTr 08L FELIX     890909 1800 455N 0335W -99 -99 0997 1010 0110 23 011 -999 -999 -999 -999 -999 -999
IBTr 08L FELIX     890910 0000 445N 0315W -99 -99 0995 1010 0120 25 012 -999 -999 -999 -999 -999 -999
IBTr 08L FELIX     890910 0600 435N 0302W -99 -99 0995 1010 0120 25 012 -999 -999 -999 -999 -999 -999
IBTr 08L FELIX     890910 1200 425N 0290W -99 -99 0995 1010 0120 25 012 -999 -999 -999 -999 -999 -999
