IBTr 02L ALLISON   890624 1800 270N 0960W -99 -99 1008 1010 0090 15 009 -999 -999 -999 -999 -999 -999
IBTr 02L ALLISON   890625 0000 270N 0960W -99 -99 1006 1010 0090 15 009 -999 -999 -999 -999 -999 -999
IBTr 02L ALLISON   890625 0600 272N 0960W -99 -99 1005 1010 0090 15 009 -999 -999 -999 -999 -999 -999
IBTr 02L ALLISON   890625 1200 274N 0959W -99 -99 1005 1010 0090 15 009 -999 -999 -999 -999 -999 -999
IBTr 02L ALLISON   890625 1800 276N 0958W -99 -99 1005 1010 0090 15 009 -999 -999 -999 -999 -999 -999
IBTr 02L ALLISON   890626 0000 278N 0958W -99 -99 1004 1010 0100 18 010 -999 -999 -999 -999 -999 -999
IBTr 02L ALLISON   890626 0600 281N 0958W -99 -99 1004 1010 0100 18 010 -999 -999 -999 -999 -999 -999
IBTr 02L ALLISON   890626 1200 286N 0957W -99 -99 1003 1010 0100 20 010 -999 -999 -999 -999 -999 -999
IBTr 02L ALLISON   890626 1300 287N 0957W -99 -99 1002 1010 0100 20 010 -999 -999 -999 -999 -999 -999
IBTr 02L ALLISON   890626 1800 291N 0957W -99 -99 1001 1010 0100 23 010 -999 -999 -999 -999 -999 -999
IBTr 02L ALLISON   890627 0000 297N 0957W -99 -99 0999 1010 0100 23 010 -999 -999 -999 -999 -999 -999
IBTr 02L ALLISON   890627 0600 302N 0953W -99 -99 1000 1010 0100 18 010 -999 -999 -999 -999 -999 -999
IBTr 02L ALLISON   890627 1200 306N 0949W -99 -99 1002 1010 0100 15 010 -999 -999 -999 -999 -999 -999
IBTr 02L ALLISON   890627 1800 309N 0946W -99 -99 1004 1010 0100 15 010 -999 -999 -999 -999 -999 -999
IBTr 02L ALLISON   890628 0000 311N 0942W -99 -99 1004 1010 0100 15 010 -999 -999 -999 -999 -999 -999
IBTr 02L ALLISON   890628 0600 311N 0939W -99 -99 1005 1010 0100 15 010 -999 -999 -999 -999 -999 -999
IBTr 02L ALLISON   890628 1200 310N 0937W -99 -99 1006 1010 0090 15 009 -999 -999 -999 -999 -999 -999
IBTr 02L ALLISON   890628 1800 306N 0938W -99 -99 1007 1010 0090 12 009 -999 -999 -999 -999 -999 -999
IBTr 02L ALLISON   890629 0000 305N 0942W -99 -99 1008 1010 0090 12 009 -999 -999 -999 -999 -999 -999
IBTr 02L ALLISON   890629 0600 303N 0946W -99 -99 1008 1010 0090 12 009 -999 -999 -999 -999 -999 -999
IBTr 02L ALLISON   890629 1200 301N 0950W -99 -99 1008 1010 0090 12 009 -999 -999 -999 -999 -999 -999
IBTr 02L ALLISON   890629 1800 298N 0952W -99 -99 1008 1010 0090 12 009 -999 -999 -999 -999 -999 -999
IBTr 02L ALLISON   890630 0000 296N 0953W -99 -99 1009 1010 0090 10 009 -999 -999 -999 -999 -999 -999
IBTr 02L ALLISON   890630 0600 297N 0957W -99 -99 1010 1010 0090 10 009 -999 -999 -999 -999 -999 -999
IBTr 02L ALLISON   890630 1200 304N 0957W -99 -99 1011 1011 0090 10 009 -999 -999 -999 -999 -999 -999
IBTr 02L ALLISON   890630 1800 311N 0955W -99 -99 1010 1010 0090 10 009 -999 -999 -999 -999 -999 -999
IBTr 02L ALLISON   890701 0000 318N 0951W -99 -99 1010 1010 0090 10 009 -999 -999 -999 -999 -999 -999
IBTr 02L ALLISON   890701 0600 323N 0945W -99 -99 1010 1010 0090 10 009 -999 -999 -999 -999 -999 -999
IBTr 02L ALLISON   890701 1200 328N 0938W -99 -99 1010 1010 0090 10 009 -999 -999 -999 -999 -999 -999
