IBTr 07P HINANO    890221 0000 270S 1273W -99 -99 0995 1010 0110 18 011 -999 -999 -999 -999 -999 -999
IBTr 07P HINANO    890221 0600 275S 1286W -99 -99 0990 1010 0120 20 012 -999 -999 -999 -999 -999 -999
IBTr 07P HINANO    890221 1200 281S 1301W -99 -99 0987 1010 0120 23 012 -999 -999 -999 -999 -999 -999
IBTr 07P HINANO    890221 1800 284S 1311W -99 -99 0985 1010 0120 25 012 -999 -999 -999 -999 -999 -999
IBTr 07P HINANO    890222 0000 287S 1320W -99 -99 0985 1010 0120 25 012 -999 -999 -999 -999 -999 -999
IBTr 07P HINANO    890222 0600 288S 1328W -99 -99 0985 1010 0120 25 012 -999 -999 -999 -999 -999 -999
IBTr 07P HINANO    890222 1200 288S 1335W -99 -99 0980 1010 0130 28 013 -999 -999 -999 -999 -999 -999
IBTr 07P HINANO    890222 1800 287S 1340W -99 -99 0980 1010 0130 28 013 -999 -999 -999 -999 -999 -999
IBTr 07P HINANO    890223 0000 284S 1344W -99 -99 0980 1010 0130 28 013 -999 -999 -999 -999 -999 -999
IBTr 07P HINANO    890223 0600 284S 1350W -99 -99 0975 1010 0130 30 013 -999 -999 -999 -999 -999 -999
IBTr 07P HINANO    890223 1200 283S 1357W -99 -99 0975 1010 0130 30 013 -999 -999 -999 -999 -999 -999
IBTr 07P HINANO    890223 1800 282S 1366W -99 -99 0975 1010 0130 30 013 -999 -999 -999 -999 -999 -999
IBTr 07P HINANO    890224 0000 279S 1374W -99 -99 0975 1010 0130 30 013 -999 -999 -999 -999 -999 -999
IBTr 07P HINANO    890224 0600 274S 1382W -99 -99 0975 1010 0130 30 013 -999 -999 -999 -999 -999 -999
IBTr 07P HINANO    890224 1200 270S 1390W -99 -99 0970 1010 0140 33 014 -999 -999 -999 -999 -999 -999
IBTr 07P HINANO    890224 1800 267S 1396W -99 -99 0970 1010 0140 33 014 -999 -999 -999 -999 -999 -999
IBTr 07P HINANO    890225 0000 265S 1400W -99 -99 0970 1010 0140 33 014 -999 -999 -999 -999 -999 -999
IBTr 07P HINANO    890225 0600 264S 1404W -99 -99 0970 1010 0140 33 014 -999 -999 -999 -999 -999 -999
IBTr 07P HINANO    890225 1200 268S 1406W -99 -99 0970 1010 0140 33 014 -999 -999 -999 -999 -999 -999
IBTr 07P HINANO    890225 1800 273S 1408W -99 -99 0970 1010 0140 33 014 -999 -999 -999 -999 -999 -999
IBTr 07P HINANO    890226 0000 279S 1409W -99 -99 0970 1010 0140 33 014 -999 -999 -999 -999 -999 -999
IBTr 07P HINANO    890226 0600 286S 1411W -99 -99 0970 1010 0140 33 014 -999 -999 -999 -999 -999 -999
IBTr 07P HINANO    890226 1200 294S 1413W -99 -99 0975 1010 0130 30 013 -999 -999 -999 -999 -999 -999
IBTr 07P HINANO    890226 1800 303S 1415W -99 -99 0975 1010 0140 30 014 -999 -999 -999 -999 -999 -999
IBTr 07P HINANO    890227 0000 313S 1417W -99 -99 0980 1010 0130 28 013 -999 -999 -999 -999 -999 -999
IBTr 07P HINANO    890227 0600 319S 1416W -99 -99 0980 1010 0130 28 013 -999 -999 -999 -999 -999 -999
IBTr 07P HINANO    890227 1200 323S 1411W -99 -99 0985 1010 0130 25 013 -999 -999 -999 -999 -999 -999
IBTr 07P HINANO    890227 1800 325S 1407W -99 -99 0987 1010 0120 23 012 -999 -999 -999 -999 -999 -999
IBTr 07P HINANO    890228 0000 328S 1403W -99 -99 0990 1010 0120 20 012 -999 -999 -999 -999 -999 -999
IBTr 07P HINANO    890228 0600 329S 1399W -99 -99 0995 1010 0110 18 011 -999 -999 -999 -999 -999 -999
IBTr 07P HINANO    890228 1200 331S 1395W -99 -99 0995 1010 0110 18 011 -999 -999 -999 -999 -999 -999
IBTr 07P HINANO    890228 1800 334S 1389W -99 -99 -999 1010 0000 -9 000 -999 -999 -999 -999 -999 -999
IBTr 07P HINANO    890301 0000 339S 1384W -99 -99 -999 1010 0000 -9 000 -999 -999 -999 -999 -999 -999
