IBTr 06P UNNAMED   890211 0000 230S 1780E -99 -99 0997 1010 0100 15 010 -999 -999 -999 -999 -999 -999
IBTr 06P UNNAMED   890211 0600 226S 1786E -99 -99 0997 1010 0100 15 010 -999 -999 -999 -999 -999 -999
IBTr 06P UNNAMED   890211 1200 222S 1792E -99 -99 0997 1010 0100 15 010 -999 -999 -999 -999 -999 -999
IBTr 06P UNNAMED   890211 1800 217S 1800E -99 -99 0997 1010 0100 15 010 -999 -999 -999 -999 -999 -999
IBTr 06P UNNAMED   890212 0000 214S 1793W -99 -99 0995 1010 0110 18 011 -999 -999 -999 -999 -999 -999
IBTr 06P UNNAMED   890212 0600 211S 1784W -99 -99 0990 1010 0110 20 011 -999 -999 -999 -999 -999 -999
IBTr 06P UNNAMED   890212 1200 211S 1772W -99 -99 0990 1010 0110 20 011 -999 -999 -999 -999 -999 -999
IBTr 06P UNNAMED   890212 1800 212S 1762W -99 -99 0987 1010 0120 23 012 -999 -999 -999 -999 -999 -999
IBTr 06P UNNAMED   890213 0000 213S 1754W -99 -99 0987 1010 0120 23 012 -999 -999 -999 -999 -999 -999
IBTr 06P UNNAMED   890213 0600 220S 1740W -99 -99 0987 1010 0120 23 012 -999 -999 -999 -999 -999 -999
IBTr 06P UNNAMED   890213 1200 228S 1727W -99 -99 0990 1010 0110 20 011 -999 -999 -999 -999 -999 -999
IBTr 06P UNNAMED   890213 1800 244S 1707W -99 -99 0990 1010 0120 20 012 -999 -999 -999 -999 -999 -999
IBTr 06P UNNAMED   890214 0000 268S 1689W -99 -99 0990 1010 0120 20 012 -999 -999 -999 -999 -999 -999
IBTr 06P UNNAMED   890214 0600 301S 1673W -99 -99 0990 1010 0120 20 012 -999 -999 -999 -999 -999 -999
IBTr 06P UNNAMED   890214 1200 337S 1660W -99 -99 0990 1010 0120 20 012 -999 -999 -999 -999 -999 -999
IBTr 06P UNNAMED   890214 1800 373S 1651W -99 -99 0990 1010 0120 20 012 -999 -999 -999 -999 -999 -999
