IBTr 07W ELLIS     890618 0000 160N 1420E -99 -99 -999 1010 0000 07 000 -999 -999 -999 -999 -999 -999
IBTr 07W ELLIS     890618 0600 158N 1403E -99 -99 -999 1010 0000 07 000 -999 -999 -999 -999 -999 -999
IBTr 07W ELLIS     890618 1200 156N 1386E -99 -99 -999 1010 0000 07 000 -999 -999 -999 -999 -999 -999
IBTr 07W ELLIS     890618 1800 153N 1369E -99 -99 -999 1010 0000 07 000 -999 -999 -999 -999 -999 -999
IBTr 07W ELLIS     890619 0000 151N 1352E -99 -99 -999 1010 0000 07 000 -999 -999 -999 -999 -999 -999
IBTr 07W ELLIS     890619 0600 148N 1334E -99 -99 -999 1010 0000 10 000 -999 -999 -999 -999 -999 -999
IBTr 07W ELLIS     890619 1200 148N 1319E -99 -99 -999 1010 0000 10 000 -999 -999 -999 -999 -999 -999
IBTr 07W ELLIS     890619 1800 148N 1304E -99 -99 -999 1010 0000 12 000 -999 -999 -999 -999 -999 -999
IBTr 07W ELLIS     890620 0000 153N 1297E -99 -99 1004 1010 0090 12 009 -999 -999 -999 -999 -999 -999
IBTr 07W ELLIS     890620 0600 163N 1292E -99 -99 1004 1010 0090 12 009 -999 -999 -999 -999 -999 -999
IBTr 07W ELLIS     890620 1200 170N 1286E -99 -99 1004 1010 0090 12 009 -999 -999 -999 -999 -999 -999
IBTr 07W ELLIS     890620 1800 171N 1279E -99 -99 1004 1010 0090 12 009 -999 -999 -999 -999 -999 -999
IBTr 07W ELLIS     890621 0000 172N 1272E -99 -99 1004 1010 0090 12 009 -999 -999 -999 -999 -999 -999
IBTr 07W ELLIS     890621 0600 172N 1266E -99 -99 1002 1010 0090 12 009 -999 -999 -999 -999 -999 -999
IBTr 07W ELLIS     890621 1200 173N 1262E -99 -99 1002 1010 0090 12 009 -999 -999 -999 -999 -999 -999
IBTr 07W ELLIS     890621 1800 176N 1260E -99 -99 1000 1010 0100 12 010 -999 -999 -999 -999 -999 -999
IBTr 07W ELLIS     890622 0000 180N 1261E -99 -99 1000 1010 0100 12 010 -999 -999 -999 -999 -999 -999
IBTr 07W ELLIS     890622 0600 184N 1262E -99 -99 1000 1010 0100 12 010 -999 -999 -999 -999 -999 -999
IBTr 07W ELLIS     890622 1200 191N 1263E -99 -99 0998 1010 0100 12 010 -999 -999 -999 -999 -999 -999
IBTr 07W ELLIS     890622 1800 199N 1263E -99 -99 0996 1010 0110 18 011 -999 -999 -999 -999 -999 -999
IBTr 07W ELLIS     890623 0000 210N 1268E -99 -99 0992 1010 0110 20 011 -999 -999 -999 -999 -999 -999
IBTr 07W ELLIS     890623 0600 231N 1277E -99 -99 0990 1010 0120 20 012 -999 -999 -999 -999 -999 -999
IBTr 07W ELLIS     890623 1200 256N 1288E -99 -99 0990 1010 0120 23 012 -999 -999 -999 -999 -999 -999
IBTr 07W ELLIS     890623 1800 293N 1299E -99 -99 0985 1010 0120 25 012 -999 -999 -999 -999 -999 -999
IBTr 07W ELLIS     890624 0000 329N 1307E -99 -99 0990 1010 0120 20 012 -999 -999 -999 -999 -999 -999
IBTr 07W ELLIS     890624 0300 345N 1308E -99 -99 0992 1010 0120 -9 012 -999 -999 -999 -999 -999 -999
IBTr 07W ELLIS     890624 0600 349N 1315E -99 -99 0994 1010 0110 18 011 -999 -999 -999 -999 -999 -999
IBTr 07W ELLIS     890624 1200 368N 1327E -99 -99 0996 1010 0110 18 011 -999 -999 -999 -999 -999 -999
IBTr 07W ELLIS     890624 1800 382N 1335E -99 -99 0996 1010 0110 -9 011 -999 -999 -999 -999 -999 -999
IBTr 07W ELLIS     890625 0000 397N 1345E -99 -99 0996 1010 0110 -9 011 -999 -999 -999 -999 -999 -999
IBTr 07W ELLIS     890625 0600 412N 1352E -99 -99 0998 1010 0110 -9 011 -999 -999 -999 -999 -999 -999
IBTr 07W ELLIS     890625 1200 422N 1360E -99 -99 1000 1010 0110 -9 011 -999 -999 -999 -999 -999 -999
IBTr 07W ELLIS     890625 1800 435N 1370E -99 -99 1000 1010 0110 -9 011 -999 -999 -999 -999 -999 -999
