IBTr 09S FIRINGA   890124 0600 110S 0640E -99 -99 -999 1010 0000 -9 000 -999 -999 -999 -999 -999 -999
IBTr 09S FIRINGA   890124 1200 111S 0643E -99 -99 0000 1010 0000 18 000 -999 -999 -999 -999 -999 -999
IBTr 09S FIRINGA   890124 1800 112S 0646E -99 -99 0000 1010 0000 18 000 -999 -999 -999 -999 -999 -999
IBTr 09S FIRINGA   890125 0000 114S 0648E -99 -99 0997 1010 0100 14 010 -999 -999 -999 -999 -999 -999
IBTr 09S FIRINGA   890125 0600 116S 0651E -99 -99 0997 1010 0100 14 010 -999 -999 -999 -999 -999 -999
IBTr 09S FIRINGA   890125 1200 120S 0654E -99 -99 0997 1010 0100 14 010 -999 -999 -999 -999 -999 -999
IBTr 09S FIRINGA   890125 1800 124S 0658E -99 -99 0997 1010 0100 14 010 -999 -999 -999 -999 -999 -999
IBTr 09S FIRINGA   890126 0000 128S 0661E -99 -99 0991 1010 0110 18 011 -999 -999 -999 -999 -999 -999
IBTr 09S FIRINGA   890126 0600 135S 0661E -99 -99 0991 1010 0110 18 011 -999 -999 -999 -999 -999 -999
IBTr 09S FIRINGA   890126 1200 142S 0659E -99 -99 0991 1010 0110 18 011 -999 -999 -999 -999 -999 -999
IBTr 09S FIRINGA   890126 1800 148S 0655E -99 -99 0991 1010 0110 18 011 -999 -999 -999 -999 -999 -999
IBTr 09S FIRINGA   890127 0000 154S 0648E -99 -99 0984 1010 0120 22 012 -999 -999 -999 -999 -999 -999
IBTr 09S FIRINGA   890127 0600 159S 0640E -99 -99 0976 1010 0130 26 013 -999 -999 -999 -999 -999 -999
IBTr 09S FIRINGA   890127 1200 165S 0631E -99 -99 0976 1010 0130 26 013 -999 -999 -999 -999 -999 -999
IBTr 09S FIRINGA   890127 1800 170S 0620E -99 -99 0976 1010 0130 26 013 -999 -999 -999 -999 -999 -999
IBTr 09S FIRINGA   890128 0000 176S 0610E -99 -99 0976 1010 0130 26 013 -999 -999 -999 -999 -999 -999
IBTr 09S FIRINGA   890128 0600 182S 0599E -99 -99 0976 1010 0130 26 013 -999 -999 -999 -999 -999 -999
IBTr 09S FIRINGA   890128 1200 190S 0589E -99 -99 0966 1010 0130 31 013 -999 -999 -999 -999 -999 -999
IBTr 09S FIRINGA   890128 1800 195S 0576E -99 -99 0966 1010 0130 31 013 -999 -999 -999 -999 -999 -999
IBTr 09S FIRINGA   890129 0000 200S 0567E -99 -99 0954 1010 0140 37 014 -999 -999 -999 -999 -999 -999
IBTr 09S FIRINGA   890129 0600 206S 0558E -99 -99 0954 1010 0140 37 014 -999 -999 -999 -999 -999 -999
IBTr 09S FIRINGA   890129 1200 211S 0551E -99 -99 0966 1010 0140 31 014 -999 -999 -999 -999 -999 -999
IBTr 09S FIRINGA   890129 1800 217S 0542E -99 -99 0966 1010 0140 31 014 -999 -999 -999 -999 -999 -999
IBTr 09S FIRINGA   890130 0000 223S 0537E -99 -99 0966 1010 0140 31 014 -999 -999 -999 -999 -999 -999
IBTr 09S FIRINGA   890130 0600 229S 0530E -99 -99 0966 1010 0140 31 014 -999 -999 -999 -999 -999 -999
IBTr 09S FIRINGA   890130 1200 237S 0523E -99 -99 0976 1010 0130 26 013 -999 -999 -999 -999 -999 -999
IBTr 09S FIRINGA   890130 1800 243S 0517E -99 -99 0976 1010 0130 26 013 -999 -999 -999 -999 -999 -999
IBTr 09S FIRINGA   890131 0000 250S 0512E -99 -99 0976 1010 0130 26 013 -999 -999 -999 -999 -999 -999
IBTr 09S FIRINGA   890131 0600 258S 0507E -99 -99 0976 1010 0130 26 013 -999 -999 -999 -999 -999 -999
IBTr 09S FIRINGA   890131 1200 271S 0504E -99 -99 0984 1010 0120 22 012 -999 -999 -999 -999 -999 -999
IBTr 09S FIRINGA   890131 1800 282S 0502E -99 -99 0984 1010 0130 22 013 -999 -999 -999 -999 -999 -999
IBTr 09S FIRINGA   890201 0000 294S 0505E -99 -99 0991 1010 0120 18 012 -999 -999 -999 -999 -999 -999
IBTr 09S FIRINGA   890201 0600 301S 0515E -99 -99 0991 1010 0120 18 012 -999 -999 -999 -999 -999 -999
IBTr 09S FIRINGA   890201 1200 305S 0536E -99 -99 0991 1010 0120 18 012 -999 -999 -999 -999 -999 -999
IBTr 09S FIRINGA   890201 1800 303S 0551E -99 -99 0997 1010 0110 14 011 -999 -999 -999 -999 -999 -999
IBTr 09S FIRINGA   890202 0000 300S 0566E -99 -99 1000 1010 0100 12 010 -999 -999 -999 -999 -999 -999
IBTr 09S FIRINGA   890202 0600 300S 0579E -99 -99 1000 1010 0100 12 010 -999 -999 -999 -999 -999 -999
IBTr 09S FIRINGA   890202 1200 300S 0590E -99 -99 0000 1010 0000 18 000 -999 -999 -999 -999 -999 -999
IBTr 09S FIRINGA   890202 1800 302S 0600E -99 -99 0000 1010 0000 18 000 -999 -999 -999 -999 -999 -999
IBTr 09S FIRINGA   890203 0000 302S 0612E -99 -99 0000 1010 0000 18 000 -999 -999 -999 -999 -999 -999
IBTr 09S FIRINGA   890203 0600 300S 0624E -99 -99 0000 1010 0000 18 000 -999 -999 -999 -999 -999 -999
IBTr 09S FIRINGA   890203 1200 295S 0621E -99 -99 0000 1010 0000 18 000 -999 -999 -999 -999 -999 -999
IBTr 09S FIRINGA   890203 1800 292S 0615E -99 -99 0000 1010 0000 18 000 -999 -999 -999 -999 -999 -999
IBTr 09S FIRINGA   890204 0000 290S 0610E -99 -99 0000 1010 0000 18 000 -999 -999 -999 -999 -999 -999
IBTr 09S FIRINGA   890204 0600 290S 0600E -99 -99 0000 1010 0000 18 000 -999 -999 -999 -999 -999 -999
IBTr 09S FIRINGA   890204 1200 289S 0598E -99 -99 0000 1010 0000 18 000 -999 -999 -999 -999 -999 -999
IBTr 09S FIRINGA   890204 1800 289S 0593E -99 -99 0000 1010 0000 18 000 -999 -999 -999 -999 -999 -999
IBTr 09S FIRINGA   890205 0000 290S 0591E -99 -99 0000 1010 0000 18 000 -999 -999 -999 -999 -999 -999
IBTr 09S FIRINGA   890205 0600 290S 0589E -99 -99 0000 1010 0000 -9 000 -999 -999 -999 -999 -999 -999
IBTr 09S FIRINGA   890205 1200 295S 0582E -99 -99 0000 1010 0000 18 000 -999 -999 -999 -999 -999 -999
IBTr 09S FIRINGA   890205 1800 304S 0579E -99 -99 0000 1010 0000 18 000 -999 -999 -999 -999 -999 -999
IBTr 09S FIRINGA   890206 0000 318S 0574E -99 -99 0000 1010 0000 18 000 -999 -999 -999 -999 -999 -999
IBTr 09S FIRINGA   890206 0600 330S 0570E -99 -99 0000 1010 0000 18 000 -999 -999 -999 -999 -999 -999
IBTr 09S FIRINGA   890206 1200 339S 0564E -99 -99 0000 1010 0000 18 000 -999 -999 -999 -999 -999 -999
IBTr 09S FIRINGA   890206 1800 347S 0556E -99 -99 0000 1010 0000 18 000 -999 -999 -999 -999 -999 -999
IBTr 09S FIRINGA   890207 0000 353S 0547E -99 -99 0000 1010 0000 18 000 -999 -999 -999 -999 -999 -999
IBTr 09S FIRINGA   890207 0600 360S 0535E -99 -99 0000 1010 0000 18 000 -999 -999 -999 -999 -999 -999
