IBTr 18W NANCY     890809 0000 101N 1489E -99 -99 -999 1010 0000 07 000 -999 -999 -999 -999 -999 -999
IBTr 18W NANCY     890809 0600 119N 1491E -99 -99 -999 1010 0000 10 000 -999 -999 -999 -999 -999 -999
IBTr 18W NANCY     890809 1200 137N 1495E -99 -99 -999 1010 0000 10 000 -999 -999 -999 -999 -999 -999
IBTr 18W NANCY     890809 1800 154N 1501E -99 -99 -999 1010 0000 10 000 -999 -999 -999 -999 -999 -999
IBTr 18W NANCY     890810 0000 171N 1509E -99 -99 -999 1010 0000 10 000 -999 -999 -999 -999 -999 -999
IBTr 18W NANCY     890810 0600 185N 1516E -99 -99 -999 1010 0000 10 000 -999 -999 -999 -999 -999 -999
IBTr 18W NANCY     890810 1200 197N 1524E -99 -99 -999 1010 0000 12 000 -999 -999 -999 -999 -999 -999
IBTr 18W NANCY     890810 1800 206N 1532E -99 -99 -999 1010 0000 12 000 -999 -999 -999 -999 -999 -999
IBTr 18W NANCY     890811 0000 208N 1541E -99 -99 1004 1010 0090 12 009 -999 -999 -999 -999 -999 -999
IBTr 18W NANCY     890811 0600 207N 1549E -99 -99 1004 1010 0090 12 009 -999 -999 -999 -999 -999 -999
IBTr 18W NANCY     890811 1200 205N 1557E -99 -99 1004 1010 0090 12 009 -999 -999 -999 -999 -999 -999
IBTr 18W NANCY     890811 1800 205N 1566E -99 -99 1000 1010 0100 15 010 -999 -999 -999 -999 -999 -999
IBTr 18W NANCY     890812 0000 206N 1573E -99 -99 0996 1010 0110 20 011 -999 -999 -999 -999 -999 -999
IBTr 18W NANCY     890812 0600 212N 1577E -99 -99 0992 1010 0110 23 011 -999 -999 -999 -999 -999 -999
IBTr 18W NANCY     890812 1200 217N 1578E -99 -99 0990 1010 0110 23 011 -999 -999 -999 -999 -999 -999
IBTr 18W NANCY     890812 1800 223N 1577E -99 -99 0990 1010 0110 23 011 -999 -999 -999 -999 -999 -999
IBTr 18W NANCY     890813 0000 233N 1575E -99 -99 0985 1010 0120 25 012 -999 -999 -999 -999 -999 -999
IBTr 18W NANCY     890813 0600 246N 1570E -99 -99 0980 1010 0130 28 013 -999 -999 -999 -999 -999 -999
IBTr 18W NANCY     890813 1200 259N 1563E -99 -99 0975 1010 0130 30 013 -999 -999 -999 -999 -999 -999
IBTr 18W NANCY     890813 1800 274N 1553E -99 -99 0970 1010 0140 33 014 -999 -999 -999 -999 -999 -999
IBTr 18W NANCY     890814 0000 291N 1540E -99 -99 0965 1010 0140 36 014 -999 -999 -999 -999 -999 -999
IBTr 18W NANCY     890814 0600 305N 1518E -99 -99 0965 1010 0140 36 014 -999 -999 -999 -999 -999 -999
IBTr 18W NANCY     890814 1200 317N 1499E -99 -99 0965 1010 0140 36 014 -999 -999 -999 -999 -999 -999
IBTr 18W NANCY     890814 1800 329N 1483E -99 -99 0965 1010 0140 36 014 -999 -999 -999 -999 -999 -999
IBTr 18W NANCY     890815 0000 342N 1471E -99 -99 0970 1010 0140 33 014 -999 -999 -999 -999 -999 -999
IBTr 18W NANCY     890815 0600 356N 1462E -99 -99 0970 1010 0140 33 014 -999 -999 -999 -999 -999 -999
IBTr 18W NANCY     890815 1200 372N 1458E -99 -99 0975 1010 0140 30 014 -999 -999 -999 -999 -999 -999
IBTr 18W NANCY     890815 1800 389N 1455E -99 -99 0980 1010 0140 28 014 -999 -999 -999 -999 -999 -999
IBTr 18W NANCY     890816 0000 403N 1451E -99 -99 0980 1010 0140 28 014 -999 -999 -999 -999 -999 -999
IBTr 18W NANCY     890816 0600 415N 1451E -99 -99 0985 1010 0130 25 013 -999 -999 -999 -999 -999 -999
IBTr 18W NANCY     890816 1200 426N 1456E -99 -99 0990 1010 0120 23 012 -999 -999 -999 -999 -999 -999
IBTr 18W NANCY     890816 1800 437N 1462E -99 -99 0992 1010 0120 23 012 -999 -999 -999 -999 -999 -999
IBTr 18W NANCY     890816 2100 446N 1468E -99 -99 0996 1010 0120 -9 012 -999 -999 -999 -999 -999 -999
IBTr 18W NANCY     890817 0000 448N 1466E -99 -99 1000 1010 0110 15 011 -999 -999 -999 -999 -999 -999
IBTr 18W NANCY     890817 0600 457N 1468E -99 -99 1000 1010 0110 12 011 -999 -999 -999 -999 -999 -999
IBTr 18W NANCY     890817 1200 466N 1471E -99 -99 1004 1010 0100 12 010 -999 -999 -999 -999 -999 -999
IBTr 18W NANCY     890817 1800 472N 1475E -99 -99 1004 1010 0100 12 010 -999 -999 -999 -999 -999 -999
IBTr 18W NANCY     890818 0000 476N 1476E -99 -99 1004 1010 0100 10 010 -999 -999 -999 -999 -999 -999
IBTr 18W NANCY     890818 0600 475N 1480E -99 -99 1004 1010 0100 -9 010 -999 -999 -999 -999 -999 -999
IBTr 18W NANCY     890818 1200 480N 1490E -99 -99 1004 1010 0100 -9 010 -999 -999 -999 -999 -999 -999
IBTr 18W NANCY     890818 1800 485N 1500E -99 -99 1004 1010 0100 -9 010 -999 -999 -999 -999 -999 -999
