IBTr 10E UNNAMED   890715 0000 137N 1102W -99 -99 0000 1010 0000 12 000 -999 -999 -999 -999 -999 -999
IBTr 10E UNNAMED   890715 0600 137N 1103W -99 -99 0000 1010 0000 12 000 -999 -999 -999 -999 -999 -999
IBTr 10E UNNAMED   890715 1200 139N 1119W -99 -99 0000 1010 0000 12 000 -999 -999 -999 -999 -999 -999
IBTr 10E UNNAMED   890715 1800 141N 1139W -99 -99 0000 1010 0000 12 000 -999 -999 -999 -999 -999 -999
IBTr 10E UNNAMED   890716 0000 144N 1164W -99 -99 0000 1010 0000 12 000 -999 -999 -999 -999 -999 -999
IBTr 10E UNNAMED   890716 0600 150N 1187W -99 -99 0000 1010 0000 12 000 -999 -999 -999 -999 -999 -999
IBTr 10E UNNAMED   890716 1200 159N 1203W -99 -99 0000 1010 0000 15 000 -999 -999 -999 -999 -999 -999
IBTr 10E UNNAMED   890716 1800 168N 1217W -99 -99 0000 1010 0000 15 000 -999 -999 -999 -999 -999 -999
IBTr 10E UNNAMED   890717 0000 176N 1231W -99 -99 0000 1010 0000 15 000 -999 -999 -999 -999 -999 -999
IBTr 10E UNNAMED   890717 0600 186N 1248W -99 -99 0000 1010 0000 15 000 -999 -999 -999 -999 -999 -999
IBTr 10E UNNAMED   890717 1200 196N 1265W -99 -99 0000 1010 0000 15 000 -999 -999 -999 -999 -999 -999
IBTr 10E UNNAMED   890717 1800 206N 1283W -99 -99 0000 1010 0000 12 000 -999 -999 -999 -999 -999 -999
IBTr 10E UNNAMED   890718 0000 213N 1298W -99 -99 0000 1010 0000 12 000 -999 -999 -999 -999 -999 -999
IBTr 10E UNNAMED   890718 0600 218N 1312W -99 -99 0000 1010 0000 12 000 -999 -999 -999 -999 -999 -999
