IBTr 14W NOTNAMED  890727 0000 205N 1325E -99 -99 -999 1010 0000 07 000 -999 -999 -999 -999 -999 -999
IBTr 14W NOTNAMED  890727 0600 217N 1329E -99 -99 -999 1010 0000 07 000 -999 -999 -999 -999 -999 -999
IBTr 14W NOTNAMED  890727 1200 230N 1330E -99 -99 -999 1010 0000 07 000 -999 -999 -999 -999 -999 -999
IBTr 14W NOTNAMED  890727 1800 242N 1322E -99 -99 -999 1010 0000 07 000 -999 -999 -999 -999 -999 -999
IBTr 14W NOTNAMED  890728 0000 252N 1312E -99 -99 -999 1010 0000 07 000 -999 -999 -999 -999 -999 -999
IBTr 14W NOTNAMED  890728 0600 255N 1301E -99 -99 -999 1010 0000 10 000 -999 -999 -999 -999 -999 -999
IBTr 14W NOTNAMED  890728 1200 257N 1290E -99 -99 -999 1010 0000 12 000 -999 -999 -999 -999 -999 -999
IBTr 14W NOTNAMED  890728 1800 254N 1275E -99 -99 -999 1010 0000 12 000 -999 -999 -999 -999 -999 -999
IBTr 14W NOTNAMED  890729 0000 250N 1261E -99 -99 -999 1010 0000 12 000 -999 -999 -999 -999 -999 -999
IBTr 14W NOTNAMED  890729 0600 247N 1249E -99 -99 -999 1010 0000 15 000 -999 -999 -999 -999 -999 -999
IBTr 14W NOTNAMED  890729 1200 246N 1240E -99 -99 -999 1010 0000 15 000 -999 -999 -999 -999 -999 -999
IBTr 14W NOTNAMED  890729 1800 249N 1229E -99 -99 -999 1010 0000 15 000 -999 -999 -999 -999 -999 -999
IBTr 14W NOTNAMED  890730 0000 251N 1219E -99 -99 -999 1010 0000 15 000 -999 -999 -999 -999 -999 -999
IBTr 14W NOTNAMED  890730 0600 252N 1212E -99 -99 -999 1010 0000 15 000 -999 -999 -999 -999 -999 -999
IBTr 14W NOTNAMED  890730 1200 251N 1205E -99 -99 -999 1010 0000 12 000 -999 -999 -999 -999 -999 -999
IBTr 14W NOTNAMED  890730 1800 246N 1200E -99 -99 -999 1010 0000 10 000 -999 -999 -999 -999 -999 -999
IBTr 14W NOTNAMED  890731 0000 239N 1198E -99 -99 -999 1010 0000 07 000 -999 -999 -999 -999 -999 -999
