IBTr 13E GIL       890728 1800 138N 1006W -99 -99 -999 1010 0000 -9 000 -999 -999 -999 -999 -999 -999
IBTr 13E GIL       890729 0000 138N 1006W -99 -99 -999 1010 0000 -9 000 -999 -999 -999 -999 -999 -999
IBTr 13E GIL       890729 0600 138N 1006W -99 -99 -999 1010 0000 -9 000 -999 -999 -999 -999 -999 -999
IBTr 13E GIL       890729 1200 138N 1006W -99 -99 -999 1010 0000 -9 000 -999 -999 -999 -999 -999 -999
IBTr 13E GIL       890729 1800 138N 1006W -99 -99 -999 1010 0000 -9 000 -999 -999 -999 -999 -999 -999
IBTr 13E GIL       890730 0000 138N 1006W -99 -99 1010 1010 0080 12 008 -999 -999 -999 -999 -999 -999
IBTr 13E GIL       890730 0600 141N 1017W -99 -99 1010 1010 0080 12 008 -999 -999 -999 -999 -999 -999
IBTr 13E GIL       890730 1200 149N 1029W -99 -99 1010 1010 0080 12 008 -999 -999 -999 -999 -999 -999
IBTr 13E GIL       890730 1800 157N 1042W -99 -99 1009 1010 0080 15 008 -999 -999 -999 -999 -999 -999
IBTr 13E GIL       890731 0000 165N 1055W -99 -99 1007 1010 0090 20 009 -999 -999 -999 -999 -999 -999
IBTr 13E GIL       890731 0600 171N 1064W -99 -99 1002 1010 0090 25 009 -999 -999 -999 -999 -999 -999
IBTr 13E GIL       890731 1200 177N 1071W -99 -99 0992 1010 0110 30 011 -999 -999 -999 -999 -999 -999
IBTr 13E GIL       890731 1800 182N 1077W -99 -99 0985 1010 0120 36 012 -999 -999 -999 -999 -999 -999
IBTr 13E GIL       890801 0000 187N 1084W -99 -99 0981 1010 0120 38 012 -999 -999 -999 -999 -999 -999
IBTr 13E GIL       890801 0600 189N 1090W -99 -99 0979 1010 0130 38 013 -999 -999 -999 -999 -999 -999
IBTr 13E GIL       890801 1200 192N 1096W -99 -99 0979 1010 0130 38 013 -999 -999 -999 -999 -999 -999
IBTr 13E GIL       890801 1800 195N 1100W -99 -99 0980 1010 0130 36 013 -999 -999 -999 -999 -999 -999
IBTr 13E GIL       890802 0000 200N 1104W -99 -99 0984 1010 0120 33 012 -999 -999 -999 -999 -999 -999
IBTr 13E GIL       890802 0600 204N 1108W -99 -99 0988 1010 0120 30 012 -999 -999 -999 -999 -999 -999
IBTr 13E GIL       890802 1200 210N 1113W -99 -99 0993 1010 0110 28 011 -999 -999 -999 -999 -999 -999
IBTr 13E GIL       890802 1800 215N 1120W -99 -99 0998 1010 0100 25 010 -999 -999 -999 -999 -999 -999
IBTr 13E GIL       890803 0000 220N 1128W -99 -99 1002 1010 0100 23 010 -999 -999 -999 -999 -999 -999
IBTr 13E GIL       890803 0600 224N 1135W -99 -99 1005 1010 0090 20 009 -999 -999 -999 -999 -999 -999
IBTr 13E GIL       890803 1200 228N 1142W -99 -99 1008 1010 0090 18 009 -999 -999 -999 -999 -999 -999
IBTr 13E GIL       890803 1800 232N 1149W -99 -99 1010 1010 0080 15 008 -999 -999 -999 -999 -999 -999
IBTr 13E GIL       890804 0000 236N 1157W -99 -99 1010 1010 0080 12 008 -999 -999 -999 -999 -999 -999
IBTr 13E GIL       890804 0600 241N 1164W -99 -99 1010 1010 0080 12 008 -999 -999 -999 -999 -999 -999
IBTr 13E GIL       890804 1200 246N 1172W -99 -99 1010 1010 0080 12 008 -999 -999 -999 -999 -999 -999
IBTr 13E GIL       890804 1800 250N 1178W -99 -99 1010 1010 0080 12 008 -999 -999 -999 -999 -999 -999
IBTr 13E GIL       890805 0000 256N 1183W -99 -99 1010 1010 0080 12 008 -999 -999 -999 -999 -999 -999
IBTr 13E GIL       890805 0600 261N 1186W -99 -99 1010 1010 0080 12 008 -999 -999 -999 -999 -999 -999
IBTr 13E GIL       890805 1200 266N 1188W -99 -99 1010 1010 0090 12 009 -999 -999 -999 -999 -999 -999
