IBTr 15L KAREN     891128 1200 171N 0840W -99 -99 1005 1010 0090 12 009 -999 -999 -999 -999 -999 -999
IBTr 15L KAREN     891128 1800 180N 0848W -99 -99 1004 1010 0090 15 009 -999 -999 -999 -999 -999 -999
IBTr 15L KAREN     891129 0000 190N 0851W -99 -99 1004 1010 0090 15 009 -999 -999 -999 -999 -999 -999
IBTr 15L KAREN     891129 0600 195N 0851W -99 -99 1005 1010 0090 15 009 -999 -999 -999 -999 -999 -999
IBTr 15L KAREN     891129 1200 200N 0850W -99 -99 1005 1010 0090 15 009 -999 -999 -999 -999 -999 -999
IBTr 15L KAREN     891129 1800 204N 0846W -99 -99 1005 1010 0090 15 009 -999 -999 -999 -999 -999 -999
IBTr 15L KAREN     891130 0000 208N 0842W -99 -99 1004 1010 0090 18 009 -999 -999 -999 -999 -999 -999
IBTr 15L KAREN     891130 0600 208N 0836W -99 -99 1003 1010 0090 23 009 -999 -999 -999 -999 -999 -999
IBTr 15L KAREN     891130 1200 208N 0834W -99 -99 1001 1010 0100 25 010 -999 -999 -999 -999 -999 -999
IBTr 15L KAREN     891130 1800 205N 0831W -99 -99 1000 1010 0100 25 010 -999 -999 -999 -999 -999 -999
IBTr 15L KAREN     891201 0000 199N 0831W -99 -99 1001 1010 0100 23 010 -999 -999 -999 -999 -999 -999
IBTr 15L KAREN     891201 0600 193N 0832W -99 -99 1002 1010 0100 20 010 -999 -999 -999 -999 -999 -999
IBTr 15L KAREN     891201 1200 190N 0833W -99 -99 1003 1010 0090 18 009 -999 -999 -999 -999 -999 -999
IBTr 15L KAREN     891201 1800 185N 0840W -99 -99 1005 1010 0090 18 009 -999 -999 -999 -999 -999 -999
IBTr 15L KAREN     891202 0000 180N 0845W -99 -99 1005 1010 0090 18 009 -999 -999 -999 -999 -999 -999
IBTr 15L KAREN     891202 0600 178N 0849W -99 -99 1005 1010 0090 18 009 -999 -999 -999 -999 -999 -999
IBTr 15L KAREN     891202 1200 175N 0855W -99 -99 1006 1010 0090 18 009 -999 -999 -999 -999 -999 -999
IBTr 15L KAREN     891202 1800 175N 0855W -99 -99 1007 1010 0090 18 009 -999 -999 -999 -999 -999 -999
IBTr 15L KAREN     891203 0000 175N 0855W -99 -99 1007 1010 0090 18 009 -999 -999 -999 -999 -999 -999
IBTr 15L KAREN     891203 0600 174N 0853W -99 -99 1005 1010 0090 20 009 -999 -999 -999 -999 -999 -999
IBTr 15L KAREN     891203 1200 172N 0850W -99 -99 1004 1010 0090 20 009 -999 -999 -999 -999 -999 -999
IBTr 15L KAREN     891203 1800 170N 0845W -99 -99 1001 1010 0100 20 010 -999 -999 -999 -999 -999 -999
IBTr 15L KAREN     891204 0000 165N 0839W -99 -99 1002 1010 0090 18 009 -999 -999 -999 -999 -999 -999
IBTr 15L KAREN     891204 0600 165N 0839W -99 -99 1005 1010 0090 15 009 -999 -999 -999 -999 -999 -999
