IBTr 19W NOTNAMED  890809 0000 170N 1145E -99 -99 -999 1010 0000 -9 000 -999 -999 -999 -999 -999 -999
IBTr 19W NOTNAMED  890809 0600 161N 1154E -99 -99 -999 1010 0000 -9 000 -999 -999 -999 -999 -999 -999
IBTr 19W NOTNAMED  890809 1200 150N 1150E -99 -99 -999 1010 0000 -9 000 -999 -999 -999 -999 -999 -999
IBTr 19W NOTNAMED  890809 1800 152N 1137E -99 -99 -999 1010 0000 -9 000 -999 -999 -999 -999 -999 -999
IBTr 19W NOTNAMED  890810 0000 153N 1130E -99 -99 -999 1010 0000 -9 000 -999 -999 -999 -999 -999 -999
IBTr 19W NOTNAMED  890810 0600 173N 1116E -99 -99 -999 1010 0000 -9 000 -999 -999 -999 -999 -999 -999
IBTr 19W NOTNAMED  890810 1200 182N 1115E -99 -99 -999 1010 0000 -9 000 -999 -999 -999 -999 -999 -999
IBTr 19W NOTNAMED  890810 1800 190N 1115E -99 -99 -999 1010 0000 -9 000 -999 -999 -999 -999 -999 -999
IBTr 19W NOTNAMED  890811 0000 193N 1104E -99 -99 -999 1010 0000 -9 000 -999 -999 -999 -999 -999 -999
IBTr 19W NOTNAMED  890811 0600 198N 1103E -99 -99 -999 1010 0000 -9 000 -999 -999 -999 -999 -999 -999
IBTr 19W NOTNAMED  890811 1200 203N 1097E -99 -99 -999 1010 0000 -9 000 -999 -999 -999 -999 -999 -999
IBTr 19W NOTNAMED  890811 1800 206N 1092E -99 -99 -999 1010 0000 -9 000 -999 -999 -999 -999 -999 -999
IBTr 19W NOTNAMED  890812 0000 216N 1085E -99 -99 -999 1010 0000 -9 000 -999 -999 -999 -999 -999 -999
IBTr 19W NOTNAMED  890812 0600 220N 1070E -99 -99 -999 1010 0000 -9 000 -999 -999 -999 -999 -999 -999
