IBTr 15E ISMAEL    890814 1200 125N 0989W -99 -99 1012 1012 0080 10 008 -999 -999 -999 -999 -999 -999
IBTr 15E ISMAEL    890814 1800 127N 0992W -99 -99 1011 1011 0080 12 008 -999 -999 -999 -999 -999 -999
IBTr 15E ISMAEL    890815 0000 131N 0996W -99 -99 1010 1010 0080 12 008 -999 -999 -999 -999 -999 -999
IBTr 15E ISMAEL    890815 0600 136N 0999W -99 -99 1008 1010 0080 15 008 -999 -999 -999 -999 -999 -999
IBTr 15E ISMAEL    890815 1200 143N 1002W -99 -99 1006 1010 0090 15 009 -999 -999 -999 -999 -999 -999
IBTr 15E ISMAEL    890815 1800 148N 1005W -99 -99 1004 1010 0090 18 009 -999 -999 -999 -999 -999 -999
IBTr 15E ISMAEL    890816 0000 153N 1010W -99 -99 1000 1010 0100 20 010 -999 -999 -999 -999 -999 -999
IBTr 15E ISMAEL    890816 0600 156N 1015W -99 -99 0995 1010 0100 25 010 -999 -999 -999 -999 -999 -999
IBTr 15E ISMAEL    890816 1200 158N 1022W -99 -99 0990 1010 0110 33 011 -999 -999 -999 -999 -999 -999
IBTr 15E ISMAEL    890816 1800 159N 1028W -99 -99 0985 1010 0120 38 012 -999 -999 -999 -999 -999 -999
IBTr 15E ISMAEL    890817 0000 161N 1035W -99 -99 0978 1010 0130 41 013 -999 -999 -999 -999 -999 -999
IBTr 15E ISMAEL    890817 0600 163N 1044W -99 -99 0970 1010 0130 46 013 -999 -999 -999 -999 -999 -999
IBTr 15E ISMAEL    890817 1200 165N 1055W -99 -99 0968 1010 0130 46 013 -999 -999 -999 -999 -999 -999
IBTr 15E ISMAEL    890817 1800 167N 1066W -99 -99 0972 1010 0130 43 013 -999 -999 -999 -999 -999 -999
IBTr 15E ISMAEL    890818 0000 169N 1078W -99 -99 0978 1010 0130 41 013 -999 -999 -999 -999 -999 -999
IBTr 15E ISMAEL    890818 0600 170N 1089W -99 -99 0978 1010 0130 41 013 -999 -999 -999 -999 -999 -999
IBTr 15E ISMAEL    890818 1200 173N 1101W -99 -99 0976 1010 0130 43 013 -999 -999 -999 -999 -999 -999
IBTr 15E ISMAEL    890818 1800 176N 1114W -99 -99 0970 1010 0130 46 013 -999 -999 -999 -999 -999 -999
IBTr 15E ISMAEL    890819 0000 179N 1129W -99 -99 0968 1010 0130 46 013 -999 -999 -999 -999 -999 -999
IBTr 15E ISMAEL    890819 0600 181N 1142W -99 -99 0962 1010 0130 48 013 -999 -999 -999 -999 -999 -999
IBTr 15E ISMAEL    890819 1200 184N 1156W -99 -99 0958 1010 0130 51 013 -999 -999 -999 -999 -999 -999
IBTr 15E ISMAEL    890819 1800 186N 1168W -99 -99 0955 1010 0130 54 013 -999 -999 -999 -999 -999 -999
IBTr 15E ISMAEL    890820 0000 189N 1180W -99 -99 0956 1010 0130 51 013 -999 -999 -999 -999 -999 -999
IBTr 15E ISMAEL    890820 0600 190N 1191W -99 -99 0965 1010 0130 46 013 -999 -999 -999 -999 -999 -999
IBTr 15E ISMAEL    890820 1200 190N 1203W -99 -99 0975 1010 0130 41 013 -999 -999 -999 -999 -999 -999
IBTr 15E ISMAEL    890820 1800 188N 1213W -99 -99 0985 1010 0120 36 012 -999 -999 -999 -999 -999 -999
IBTr 15E ISMAEL    890821 0000 187N 1224W -99 -99 0987 1010 0120 36 012 -999 -999 -999 -999 -999 -999
IBTr 15E ISMAEL    890821 0600 186N 1233W -99 -99 0984 1010 0120 38 012 -999 -999 -999 -999 -999 -999
IBTr 15E ISMAEL    890821 1200 186N 1243W -99 -99 0975 1010 0130 43 013 -999 -999 -999 -999 -999 -999
IBTr 15E ISMAEL    890821 1800 184N 1252W -99 -99 0965 1010 0130 46 013 -999 -999 -999 -999 -999 -999
IBTr 15E ISMAEL    890822 0000 182N 1262W -99 -99 0962 1010 0130 48 013 -999 -999 -999 -999 -999 -999
IBTr 15E ISMAEL    890822 0600 181N 1271W -99 -99 0963 1010 0130 48 013 -999 -999 -999 -999 -999 -999
IBTr 15E ISMAEL    890822 1200 182N 1280W -99 -99 0968 1010 0130 46 013 -999 -999 -999 -999 -999 -999
IBTr 15E ISMAEL    890822 1800 183N 1289W -99 -99 0972 1010 0130 43 013 -999 -999 -999 -999 -999 -999
IBTr 15E ISMAEL    890823 0000 184N 1300W -99 -99 0980 1010 0120 41 012 -999 -999 -999 -999 -999 -999
IBTr 15E ISMAEL    890823 0600 185N 1311W -99 -99 0985 1010 0120 36 012 -999 -999 -999 -999 -999 -999
IBTr 15E ISMAEL    890823 1200 186N 1323W -99 -99 0990 1010 0110 33 011 -999 -999 -999 -999 -999 -999
IBTr 15E ISMAEL    890823 1800 186N 1334W -99 -99 0994 1010 0110 28 011 -999 -999 -999 -999 -999 -999
IBTr 15E ISMAEL    890824 0000 186N 1345W -99 -99 0998 1010 0100 23 010 -999 -999 -999 -999 -999 -999
IBTr 15E ISMAEL    890824 0600 186N 1355W -99 -99 1000 1010 0100 18 010 -999 -999 -999 -999 -999 -999
IBTr 15E ISMAEL    890824 1200 187N 1365W -99 -99 1004 1010 0090 15 009 -999 -999 -999 -999 -999 -999
IBTr 15E ISMAEL    890824 1800 188N 1375W -99 -99 1008 1010 0090 15 009 -999 -999 -999 -999 -999 -999
IBTr 15E ISMAEL    890825 0000 190N 1385W -99 -99 1010 1010 0080 12 008 -999 -999 -999 -999 -999 -999
IBTr 15E ISMAEL    890825 0600 192N 1395W -99 -99 1011 1011 0080 12 008 -999 -999 -999 -999 -999 -999
IBTr 15E ISMAEL    890825 1200 195N 1405W -99 -99 1012 1012 0080 10 008 -999 -999 -999 -999 -999 -999
IBTr 15E ISMAEL    890825 1800 192N 1420W -99 -99 -999 1010 0000 -9 000 -999 -999 -999 -999 -999 -999
