IBTr 17W OWEN      890804 0000 60N  1590E -99 -99 -999 1010 0000 07 000 -999 -999 -999 -999 -999 -999
IBTr 17W OWEN      890804 0600 59N  1582E -99 -99 -999 1010 0000 07 000 -999 -999 -999 -999 -999 -999
IBTr 17W OWEN      890804 1200 60N  1575E -99 -99 -999 1010 0000 07 000 -999 -999 -999 -999 -999 -999
IBTr 17W OWEN      890804 1800 60N  1568E -99 -99 -999 1010 0000 07 000 -999 -999 -999 -999 -999 -999
IBTr 17W OWEN      890805 0000 62N  1562E -99 -99 -999 1010 0000 07 000 -999 -999 -999 -999 -999 -999
IBTr 17W OWEN      890805 0600 63N  1556E -99 -99 -999 1010 0000 07 000 -999 -999 -999 -999 -999 -999
IBTr 17W OWEN      890805 1200 64N  1550E -99 -99 -999 1010 0000 07 000 -999 -999 -999 -999 -999 -999
IBTr 17W OWEN      890805 1800 65N  1543E -99 -99 -999 1010 0000 07 000 -999 -999 -999 -999 -999 -999
IBTr 17W OWEN      890806 0000 67N  1536E -99 -99 -999 1010 0000 07 000 -999 -999 -999 -999 -999 -999
IBTr 17W OWEN      890806 0600 68N  1529E -99 -99 -999 1010 0000 07 000 -999 -999 -999 -999 -999 -999
IBTr 17W OWEN      890806 1200 70N  1523E -99 -99 -999 1010 0000 10 000 -999 -999 -999 -999 -999 -999
IBTr 17W OWEN      890806 1800 71N  1515E -99 -99 -999 1010 0000 10 000 -999 -999 -999 -999 -999 -999
IBTr 17W OWEN      890807 0000 75N  1508E -99 -99 -999 1010 0000 12 000 -999 -999 -999 -999 -999 -999
IBTr 17W OWEN      890807 0600 80N  1499E -99 -99 -999 1010 0000 12 000 -999 -999 -999 -999 -999 -999
IBTr 17W OWEN      890807 1200 87N  1490E -99 -99 -999 1010 0000 12 000 -999 -999 -999 -999 -999 -999
IBTr 17W OWEN      890807 1800 92N  1482E -99 -99 -999 1010 0000 12 000 -999 -999 -999 -999 -999 -999
IBTr 17W OWEN      890808 0000 97N  1475E -99 -99 -999 1010 0000 12 000 -999 -999 -999 -999 -999 -999
IBTr 17W OWEN      890808 0600 102N 1467E -99 -99 -999 1010 0000 12 000 -999 -999 -999 -999 -999 -999
IBTr 17W OWEN      890808 1200 107N 1460E -99 -99 -999 1010 0000 12 000 -999 -999 -999 -999 -999 -999
IBTr 17W OWEN      890808 1800 111N 1452E -99 -99 -999 1010 0000 12 000 -999 -999 -999 -999 -999 -999
IBTr 17W OWEN      890809 0000 117N 1444E -99 -99 -999 1010 0000 12 000 -999 -999 -999 -999 -999 -999
IBTr 17W OWEN      890809 0600 121N 1435E -99 -99 1004 1010 0090 12 009 -999 -999 -999 -999 -999 -999
IBTr 17W OWEN      890809 1200 126N 1424E -99 -99 1004 1010 0090 12 009 -999 -999 -999 -999 -999 -999
IBTr 17W OWEN      890809 1800 133N 1415E -99 -99 1002 1010 0090 12 009 -999 -999 -999 -999 -999 -999
IBTr 17W OWEN      890810 0000 141N 1414E -99 -99 1002 1010 0090 12 009 -999 -999 -999 -999 -999 -999
IBTr 17W OWEN      890810 0600 150N 1416E -99 -99 1002 1010 0090 12 009 -999 -999 -999 -999 -999 -999
IBTr 17W OWEN      890810 1200 159N 1419E -99 -99 1004 1010 0090 12 009 -999 -999 -999 -999 -999 -999
IBTr 17W OWEN      890810 1800 167N 1423E -99 -99 1004 1010 0090 12 009 -999 -999 -999 -999 -999 -999
IBTr 17W OWEN      890811 0000 174N 1430E -99 -99 1006 1010 0090 15 009 -999 -999 -999 -999 -999 -999
IBTr 17W OWEN      890811 0600 181N 1438E -99 -99 1004 1010 0090 15 009 -999 -999 -999 -999 -999 -999
IBTr 17W OWEN      890811 1200 188N 1446E -99 -99 1004 1010 0090 15 009 -999 -999 -999 -999 -999 -999
IBTr 17W OWEN      890811 1800 193N 1456E -99 -99 1004 1010 0090 15 009 -999 -999 -999 -999 -999 -999
IBTr 17W OWEN      890812 0000 194N 1468E -99 -99 1002 1010 0100 15 010 -999 -999 -999 -999 -999 -999
IBTr 17W OWEN      890812 0600 193N 1475E -99 -99 1002 1010 0100 15 010 -999 -999 -999 -999 -999 -999
IBTr 17W OWEN      890812 1200 192N 1481E -99 -99 1000 1010 0100 18 010 -999 -999 -999 -999 -999 -999
IBTr 17W OWEN      890812 1800 189N 1485E -99 -99 0998 1010 0100 18 010 -999 -999 -999 -999 -999 -999
IBTr 17W OWEN      890813 0000 186N 1491E -99 -99 0992 1010 0110 23 011 -999 -999 -999 -999 -999 -999
IBTr 17W OWEN      890813 0600 185N 1500E -99 -99 0985 1010 0120 28 012 -999 -999 -999 -999 -999 -999
IBTr 17W OWEN      890813 1200 188N 1510E -99 -99 0980 1010 0120 30 012 -999 -999 -999 -999 -999 -999
IBTr 17W OWEN      890813 1800 196N 1516E -99 -99 0975 1010 0130 33 013 -999 -999 -999 -999 -999 -999
IBTr 17W OWEN      890814 0000 208N 1521E -99 -99 0965 1010 0140 36 014 -999 -999 -999 -999 -999 -999
IBTr 17W OWEN      890814 0600 221N 1521E -99 -99 0960 1010 0140 38 014 -999 -999 -999 -999 -999 -999
IBTr 17W OWEN      890814 1200 236N 1518E -99 -99 0960 1010 0140 38 014 -999 -999 -999 -999 -999 -999
IBTr 17W OWEN      890814 1800 250N 1513E -99 -99 0960 1010 0140 38 014 -999 -999 -999 -999 -999 -999
IBTr 17W OWEN      890815 0000 261N 1507E -99 -99 0960 1010 0140 38 014 -999 -999 -999 -999 -999 -999
IBTr 17W OWEN      890815 0600 273N 1501E -99 -99 0960 1010 0140 38 014 -999 -999 -999 -999 -999 -999
IBTr 17W OWEN      890815 1200 284N 1495E -99 -99 0965 1010 0140 36 014 -999 -999 -999 -999 -999 -999
IBTr 17W OWEN      890815 1800 293N 1488E -99 -99 0965 1010 0140 36 014 -999 -999 -999 -999 -999 -999
IBTr 17W OWEN      890816 0000 304N 1480E -99 -99 0970 1010 0140 36 014 -999 -999 -999 -999 -999 -999
IBTr 17W OWEN      890816 0600 314N 1472E -99 -99 0975 1010 0140 33 014 -999 -999 -999 -999 -999 -999
IBTr 17W OWEN      890816 1200 324N 1465E -99 -99 0975 1010 0140 33 014 -999 -999 -999 -999 -999 -999
IBTr 17W OWEN      890816 1800 334N 1460E -99 -99 0975 1010 0140 33 014 -999 -999 -999 -999 -999 -999
IBTr 17W OWEN      890817 0000 345N 1456E -99 -99 0975 1010 0140 33 014 -999 -999 -999 -999 -999 -999
IBTr 17W OWEN      890817 0600 359N 1456E -99 -99 0975 1010 0140 33 014 -999 -999 -999 -999 -999 -999
IBTr 17W OWEN      890817 0900 366N 1457E -99 -99 0980 1010 0130 30 013 -999 -999 -999 -999 -999 -999
IBTr 17W OWEN      890817 1200 371N 1460E -99 -99 0980 1010 0130 28 013 -999 -999 -999 -999 -999 -999
IBTr 17W OWEN      890817 1800 386N 1467E -99 -99 0985 1010 0130 25 013 -999 -999 -999 -999 -999 -999
IBTr 17W OWEN      890818 0000 402N 1477E -99 -99 0985 1010 0130 25 013 -999 -999 -999 -999 -999 -999
IBTr 17W OWEN      890818 0600 417N 1487E -99 -99 0985 1010 0130 25 013 -999 -999 -999 -999 -999 -999
IBTr 17W OWEN      890818 1200 432N 1499E -99 -99 0985 1010 0130 25 013 -999 -999 -999 -999 -999 -999
IBTr 17W OWEN      890818 1800 445N 1514E -99 -99 0990 1010 0130 23 013 -999 -999 -999 -999 -999 -999
IBTr 17W OWEN      890819 0000 458N 1530E -99 -99 0992 1010 0120 23 012 -999 -999 -999 -999 -999 -999
IBTr 17W OWEN      890819 0600 474N 1542E -99 -99 0996 1010 0120 15 012 -999 -999 -999 -999 -999 -999
IBTr 17W OWEN      890819 1200 490N 1560E -99 -99 0996 1010 0120 12 012 -999 -999 -999 -999 -999 -999
IBTr 17W OWEN      890819 1800 510N 1585E -99 -99 1000 1010 0110 -9 011 -999 -999 -999 -999 -999 -999
IBTr 17W OWEN      890820 0000 525N 1610E -99 -99 1000 1010 0110 -9 011 -999 -999 -999 -999 -999 -999
IBTr 17W OWEN      890820 0600 540N 1630E -99 -99 1000 1010 0110 -9 011 -999 -999 -999 -999 -999 -999
IBTr 17W OWEN      890820 1200 560N 1660E -99 -99 0998 1010 0120 -9 012 -999 -999 -999 -999 -999 -999
IBTr 17W OWEN      890820 1800 575N 1670E -99 -99 1000 1010 0120 -9 012 -999 -999 -999 -999 -999 -999
IBTr 17W OWEN      890821 0000 585N 1700E -99 -99 1000 1010 0120 -9 012 -999 -999 -999 -999 -999 -999
IBTr 17W OWEN      890821 0600 600N 1740E -99 -99 0996 1010 0120 -9 012 -999 -999 -999 -999 -999 -999
IBTr 17W OWEN      890821 1200 615N 1760E -99 -99 0996 1010 0120 -9 012 -999 -999 -999 -999 -999 -999
