IBTr 14S IANA      890225 0600 225S 0394E -99 -99 -999 1010 0000 -9 000 -999 -999 -999 -999 -999 -999
IBTr 14S IANA      890225 1200 221S 0399E -99 -99 0997 1010 0100 14 010 -999 -999 -999 -999 -999 -999
IBTr 14S IANA      890225 1800 219S 0404E -99 -99 0997 1010 0100 14 010 -999 -999 -999 -999 -999 -999
IBTr 14S IANA      890226 0000 218S 0407E -99 -99 0997 1010 0100 14 010 -999 -999 -999 -999 -999 -999
IBTr 14S IANA      890226 0600 216S 0425E -99 -99 0991 1010 0110 18 011 -999 -999 -999 -999 -999 -999
IBTr 14S IANA      890226 1200 217S 0434E -99 -99 0984 1010 0120 22 012 -999 -999 -999 -999 -999 -999
IBTr 14S IANA      890226 1800 220S 0448E -99 -99 0000 1010 0000 18 000 -999 -999 -999 -999 -999 -999
IBTr 14S IANA      890227 0000 227S 0467E -99 -99 0000 1010 0000 18 000 -999 -999 -999 -999 -999 -999
IBTr 14S IANA      890227 0600 234S 0480E -99 -99 0991 1010 0110 18 011 -999 -999 -999 -999 -999 -999
IBTr 14S IANA      890227 1200 240S 0491E -99 -99 0991 1010 0110 18 011 -999 -999 -999 -999 -999 -999
IBTr 14S IANA      890227 1800 246S 0502E -99 -99 0991 1010 0110 18 011 -999 -999 -999 -999 -999 -999
IBTr 14S IANA      890228 0000 252S 0516E -99 -99 0997 1010 0110 14 011 -999 -999 -999 -999 -999 -999
IBTr 14S IANA      890228 0600 259S 0527E -99 -99 0997 1010 0110 14 011 -999 -999 -999 -999 -999 -999
IBTr 14S IANA      890228 1200 268S 0539E -99 -99 1000 1010 0100 12 010 -999 -999 -999 -999 -999 -999
IBTr 14S IANA      890228 1800 280S 0550E -99 -99 1000 1010 0100 12 010 -999 -999 -999 -999 -999 -999
IBTr 14S IANA      890301 0000 293S 0549E -99 -99 1000 1010 0100 12 010 -999 -999 -999 -999 -999 -999
IBTr 14S IANA      890301 0600 307S 0538E -99 -99 1000 1010 0100 12 010 -999 -999 -999 -999 -999 -999
