IBTr 16E MAC       890811 0000 550N 1780W -99 -99 -999 1010 0000 -9 000 -999 -999 -999 -999 -999 -999
IBTr 16E JULIETTE  890821 1200 157N 1158W -99 -99 1009 1010 0080 12 008 -999 -999 -999 -999 -999 -999
IBTr 16E JULIETTE  890821 1800 162N 1163W -99 -99 1009 1010 0080 15 008 -999 -999 -999 -999 -999 -999
IBTr 16E JULIETTE  890822 0000 168N 1170W -99 -99 1008 1010 0090 15 009 -999 -999 -999 -999 -999 -999
IBTr 16E JULIETTE  890822 0600 173N 1177W -99 -99 1005 1010 0090 18 009 -999 -999 -999 -999 -999 -999
IBTr 16E JULIETTE  890822 1200 179N 1184W -99 -99 1002 1010 0100 20 010 -999 -999 -999 -999 -999 -999
IBTr 16E JULIETTE  890822 1800 184N 1190W -99 -99 0998 1010 0100 25 010 -999 -999 -999 -999 -999 -999
IBTr 16E JULIETTE  890823 0000 189N 1196W -99 -99 0994 1010 0110 28 011 -999 -999 -999 -999 -999 -999
IBTr 16E JULIETTE  890823 0600 193N 1202W -99 -99 0992 1010 0110 28 011 -999 -999 -999 -999 -999 -999
IBTr 16E JULIETTE  890823 1200 198N 1208W -99 -99 0995 1010 0110 25 011 -999 -999 -999 -999 -999 -999
IBTr 16E JULIETTE  890823 1800 202N 1212W -99 -99 1000 1010 0100 23 010 -999 -999 -999 -999 -999 -999
IBTr 16E JULIETTE  890824 0000 205N 1215W -99 -99 1005 1010 0090 18 009 -999 -999 -999 -999 -999 -999
IBTr 16E JULIETTE  890824 0600 205N 1219W -99 -99 1008 1010 0090 15 009 -999 -999 -999 -999 -999 -999
IBTr 16E JULIETTE  890824 1200 205N 1222W -99 -99 1010 1010 0080 15 008 -999 -999 -999 -999 -999 -999
IBTr 16E JULIETTE  890824 1800 205N 1223W -99 -99 1010 1010 0080 15 008 -999 -999 -999 -999 -999 -999
IBTr 16E JULIETTE  890825 0000 205N 1224W -99 -99 1010 1010 0080 15 008 -999 -999 -999 -999 -999 -999
IBTr 16E JULIETTE  890825 0600 204N 1225W -99 -99 1011 1011 0080 12 008 -999 -999 -999 -999 -999 -999
IBTr 16E JULIETTE  890825 1200 203N 1225W -99 -99 1011 1011 0080 12 008 -999 -999 -999 -999 -999 -999
IBTr 16E JULIETTE  890825 1800 200N 1223W -99 -99 1011 1011 0080 12 008 -999 -999 -999 -999 -999 -999
