IBTr 10L GABRIELLE 890830 1200 116N 0210W -99 -99 1011 1011 0080 12 008 -999 -999 -999 -999 -999 -999
IBTr 10L GABRIELLE 890830 1800 113N 0230W -99 -99 1009 1010 0080 15 008 -999 -999 -999 -999 -999 -999
IBTr 10L GABRIELLE 890831 0000 113N 0248W -99 -99 1005 1010 0090 18 009 -999 -999 -999 -999 -999 -999
IBTr 10L GABRIELLE 890831 0600 114N 0265W -99 -99 1005 1010 0090 18 009 -999 -999 -999 -999 -999 -999
IBTr 10L GABRIELLE 890831 1200 115N 0283W -99 -99 1000 1010 0100 23 010 -999 -999 -999 -999 -999 -999
IBTr 10L GABRIELLE 890831 1800 115N 0300W -99 -99 0994 1010 0100 28 010 -999 -999 -999 -999 -999 -999
IBTr 10L GABRIELLE 890901 0000 115N 0317W -99 -99 0987 1010 0110 33 011 -999 -999 -999 -999 -999 -999
IBTr 10L GABRIELLE 890901 0600 118N 0334W -99 -99 0987 1010 0110 33 011 -999 -999 -999 -999 -999 -999
IBTr 10L GABRIELLE 890901 1200 123N 0351W -99 -99 0987 1010 0110 33 011 -999 -999 -999 -999 -999 -999
IBTr 10L GABRIELLE 890901 1800 128N 0368W -99 -99 0987 1010 0110 33 011 -999 -999 -999 -999 -999 -999
IBTr 10L GABRIELLE 890902 0000 134N 0386W -99 -99 0980 1010 0120 38 012 -999 -999 -999 -999 -999 -999
IBTr 10L GABRIELLE 890902 0600 139N 0403W -99 -99 0977 1010 0130 41 013 -999 -999 -999 -999 -999 -999
IBTr 10L GABRIELLE 890902 1200 144N 0420W -99 -99 0974 1010 0130 43 013 -999 -999 -999 -999 -999 -999
IBTr 10L GABRIELLE 890902 1800 148N 0438W -99 -99 0970 1010 0130 46 013 -999 -999 -999 -999 -999 -999
IBTr 10L GABRIELLE 890903 0000 152N 0455W -99 -99 0966 1010 0130 48 013 -999 -999 -999 -999 -999 -999
IBTr 10L GABRIELLE 890903 0600 156N 0472W -99 -99 0960 1010 0130 51 013 -999 -999 -999 -999 -999 -999
IBTr 10L GABRIELLE 890903 1200 161N 0488W -99 -99 0948 1010 0130 54 013 -999 -999 -999 -999 -999 -999
IBTr 10L GABRIELLE 890903 1800 165N 0503W -99 -99 0937 1010 0120 54 012 -999 -999 -999 -999 -999 -999
IBTr 10L GABRIELLE 890903 2046 168N 0509W -99 -99 0935 1010 0120 54 012 -999 -999 -999 -999 -999 -999
IBTr 10L GABRIELLE 890904 0000 170N 0515W -99 -99 0937 1010 0120 54 012 -999 -999 -999 -999 -999 -999
IBTr 10L GABRIELLE 890904 0600 174N 0527W -99 -99 0940 1010 0120 56 012 -999 -999 -999 -999 -999 -999
IBTr 10L GABRIELLE 890904 1200 180N 0538W -99 -99 0942 1010 0130 59 013 -999 -999 -999 -999 -999 -999
IBTr 10L GABRIELLE 890904 1800 186N 0548W -99 -99 0942 1010 0130 61 013 -999 -999 -999 -999 -999 -999
IBTr 10L GABRIELLE 890905 0000 193N 0557W -99 -99 0944 1010 0130 64 013 -999 -999 -999 -999 -999 -999
IBTr 10L GABRIELLE 890905 0600 199N 0565W -99 -99 0941 1010 0130 64 013 -999 -999 -999 -999 -999 -999
IBTr 10L GABRIELLE 890905 1200 206N 0572W -99 -99 0941 1010 0130 64 013 -999 -999 -999 -999 -999 -999
IBTr 10L GABRIELLE 890905 1800 214N 0578W -99 -99 0941 1010 0130 64 013 -999 -999 -999 -999 -999 -999
IBTr 10L GABRIELLE 890906 0000 222N 0583W -99 -99 0944 1010 0130 64 013 -999 -999 -999 -999 -999 -999
IBTr 10L GABRIELLE 890906 0600 231N 0588W -99 -99 0942 1010 0130 61 013 -999 -999 -999 -999 -999 -999
IBTr 10L GABRIELLE 890906 1200 240N 0593W -99 -99 0944 1010 0130 61 013 -999 -999 -999 -999 -999 -999
IBTr 10L GABRIELLE 890906 1800 251N 0598W -99 -99 0944 1010 0130 61 013 -999 -999 -999 -999 -999 -999
IBTr 10L GABRIELLE 890907 0000 264N 0600W -99 -99 0943 1010 0130 61 013 -999 -999 -999 -999 -999 -999
IBTr 10L GABRIELLE 890907 0600 277N 0600W -99 -99 0948 1010 0140 54 014 -999 -999 -999 -999 -999 -999
IBTr 10L GABRIELLE 890907 1200 290N 0599W -99 -99 0950 1010 0140 48 014 -999 -999 -999 -999 -999 -999
IBTr 10L GABRIELLE 890907 1800 305N 0598W -99 -99 0951 1010 0140 48 014 -999 -999 -999 -999 -999 -999
IBTr 10L GABRIELLE 890908 0000 321N 0596W -99 -99 0951 1010 0140 48 014 -999 -999 -999 -999 -999 -999
IBTr 10L GABRIELLE 890908 0600 337N 0596W -99 -99 0955 1010 0140 46 014 -999 -999 -999 -999 -999 -999
IBTr 10L GABRIELLE 890908 1200 351N 0596W -99 -99 0961 1010 0140 43 014 -999 -999 -999 -999 -999 -999
IBTr 10L GABRIELLE 890908 1800 364N 0597W -99 -99 0970 1010 0140 41 014 -999 -999 -999 -999 -999 -999
IBTr 10L GABRIELLE 890909 0000 372N 0598W -99 -99 0979 1010 0140 38 014 -999 -999 -999 -999 -999 -999
IBTr 10L GABRIELLE 890909 0600 380N 0599W -99 -99 0987 1010 0130 36 013 -999 -999 -999 -999 -999 -999
IBTr 10L GABRIELLE 890909 1200 385N 0600W -99 -99 0988 1010 0130 33 013 -999 -999 -999 -999 -999 -999
IBTr 10L GABRIELLE 890909 1800 389N 0601W -99 -99 0990 1010 0120 33 012 -999 -999 -999 -999 -999 -999
IBTr 10L GABRIELLE 890910 0000 391N 0603W -99 -99 0990 1010 0120 33 012 -999 -999 -999 -999 -999 -999
IBTr 10L GABRIELLE 890910 0600 391N 0604W -99 -99 0994 1010 0120 30 012 -999 -999 -999 -999 -999 -999
IBTr 10L GABRIELLE 890910 1200 391N 0606W -99 -99 0996 1010 0110 30 011 -999 -999 -999 -999 -999 -999
IBTr 10L GABRIELLE 890910 1800 391N 0611W -99 -99 0998 1010 0110 28 011 -999 -999 -999 -999 -999 -999
IBTr 10L GABRIELLE 890911 0000 391N 0616W -99 -99 1000 1010 0110 25 011 -999 -999 -999 -999 -999 -999
IBTr 10L GABRIELLE 890911 0600 390N 0620W -99 -99 1002 1010 0100 23 010 -999 -999 -999 -999 -999 -999
IBTr 10L GABRIELLE 890911 1200 394N 0620W -99 -99 1003 1010 0100 20 010 -999 -999 -999 -999 -999 -999
IBTr 10L GABRIELLE 890911 1800 399N 0613W -99 -99 1005 1010 0100 18 010 -999 -999 -999 -999 -999 -999
IBTr 10L GABRIELLE 890912 0000 402N 0606W -99 -99 1005 1010 0100 18 010 -999 -999 -999 -999 -999 -999
IBTr 10L GABRIELLE 890912 0600 403N 0597W -99 -99 1006 1010 0100 18 010 -999 -999 -999 -999 -999 -999
IBTr 10L GABRIELLE 890912 1200 405N 0587W -99 -99 1007 1010 0100 15 010 -999 -999 -999 -999 -999 -999
IBTr 10L GABRIELLE 890912 1800 410N 0571W -99 -99 1008 1010 0090 15 009 -999 -999 -999 -999 -999 -999
IBTr 10L GABRIELLE 890913 0000 418N 0553W -99 -99 1009 1010 0090 15 009 -999 -999 -999 -999 -999 -999
IBTr 10L GABRIELLE 890913 0600 427N 0535W -99 -99 1010 1010 0090 15 009 -999 -999 -999 -999 -999 -999
IBTr 10L GABRIELLE 890913 1200 438N 0515W -99 -99 1010 1010 0090 15 009 -999 -999 -999 -999 -999 -999
