IBTr 10S KIRRILY   890203 1200 110S 1062E -99 -99 1006 1010 0090 -9 009 -999 -999 -999 -999 -999 -999
IBTr 10S KIRRILY   890203 1800 106S 1065E -99 -99 1005 1010 0090 -9 009 -999 -999 -999 -999 -999 -999
IBTr 10S KIRRILY   890204 0000 103S 1070E -99 -99 1004 1010 0090 -9 009 -999 -999 -999 -999 -999 -999
IBTr 10S KIRRILY   890204 0600 105S 1074E -99 -99 1004 1010 0090 -9 009 -999 -999 -999 -999 -999 -999
IBTr 10S KIRRILY   890204 1200 109S 1078E -99 -99 1004 1010 0090 -9 009 -999 -999 -999 -999 -999 -999
IBTr 10S KIRRILY   890204 1800 112S 1081E -99 -99 1003 1010 0090 -9 009 -999 -999 -999 -999 -999 -999
IBTr 10S KIRRILY   890205 0000 114S 1085E -99 -99 1002 1010 0090 10 009 -999 -999 -999 -999 -999 -999
IBTr 10S KIRRILY   890205 0600 116S 1088E -99 -99 1000 1010 0100 12 010 -999 -999 -999 -999 -999 -999
IBTr 10S KIRRILY   890205 1200 120S 1090E -99 -99 0998 1010 0100 14 010 -999 -999 -999 -999 -999 -999
IBTr 10S KIRRILY   890205 1800 124S 1093E -99 -99 0997 1010 0100 15 010 -999 -999 -999 -999 -999 -999
IBTr 10S KIRRILY   890206 0000 130S 1095E -99 -99 0992 1010 0110 20 011 -999 -999 -999 -999 -999 -999
IBTr 10S KIRRILY   890206 0600 136S 1096E -99 -99 0990 1010 0110 21 011 -999 -999 -999 -999 -999 -999
IBTr 10S KIRRILY   890206 1200 142S 1096E -99 -99 0988 1010 0110 23 011 -999 -999 -999 -999 -999 -999
IBTr 10S KIRRILY   890206 1800 149S 1096E -99 -99 0986 1010 0120 24 012 -999 -999 -999 -999 -999 -999
IBTr 10S KIRRILY   890207 0000 154S 1096E -99 -99 0985 1010 0120 24 012 -999 -999 -999 -999 -999 -999
IBTr 10S KIRRILY   890207 0600 159S 1096E -99 -99 0980 1010 0120 26 012 -999 -999 -999 -999 -999 -999
IBTr 10S KIRRILY   890207 1200 165S 1096E -99 -99 0975 1010 0130 29 013 -999 -999 -999 -999 -999 -999
IBTr 10S KIRRILY   890207 1800 171S 1095E -99 -99 0972 1010 0130 30 013 -999 -999 -999 -999 -999 -999
IBTr 10S KIRRILY   890208 0000 176S 1094E -99 -99 0970 1010 0130 32 013 -999 -999 -999 -999 -999 -999
IBTr 10S KIRRILY   890208 0600 182S 1093E -99 -99 0968 1010 0130 33 013 -999 -999 -999 -999 -999 -999
IBTr 10S KIRRILY   890208 1200 188S 1090E -99 -99 0966 1010 0130 34 013 -999 -999 -999 -999 -999 -999
IBTr 10S KIRRILY   890208 1800 194S 1085E -99 -99 0965 1010 0130 34 013 -999 -999 -999 -999 -999 -999
IBTr 10S KIRRILY   890209 0000 200S 1080E -99 -99 0960 1010 0140 37 014 -999 -999 -999 -999 -999 -999
IBTr 10S KIRRILY   890209 0600 208S 1072E -99 -99 0955 1010 0140 39 014 -999 -999 -999 -999 -999 -999
IBTr 10S KIRRILY   890209 1200 220S 1066E -99 -99 0955 1010 0140 39 014 -999 -999 -999 -999 -999 -999
IBTr 10S KIRRILY   890209 1800 229S 1056E -99 -99 0970 1010 0130 32 013 -999 -999 -999 -999 -999 -999
IBTr 10S KIRRILY   890210 0000 237S 1047E -99 -99 0985 1010 0120 24 012 -999 -999 -999 -999 -999 -999
IBTr 10S KIRRILY   890210 0600 243S 1036E -99 -99 0988 1010 0120 23 012 -999 -999 -999 -999 -999 -999
IBTr 10S KIRRILY   890210 1200 246S 1027E -99 -99 0992 1010 0110 20 011 -999 -999 -999 -999 -999 -999
IBTr 10S KIRRILY   890210 1800 249S 1028E -99 -99 0996 1010 0110 16 011 -999 -999 -999 -999 -999 -999
IBTr 10S KIRRILY   890211 0000 250S 1030E -99 -99 1000 1010 0100 12 010 -999 -999 -999 -999 -999 -999
IBTr 10S KIRRILY   890211 0600 244S 1022E -99 -99 1004 1010 0090 -9 009 -999 -999 -999 -999 -999 -999
IBTr 10S KIRRILY   890211 1200 239S 1020E -99 -99 1008 1010 0090 -9 009 -999 -999 -999 -999 -999 -999
