IBTr 12P LILI      890406 0000 132S 1591E -99 -99 -999 1010 0000 -9 000 -999 -999 -999 -999 -999 -999
IBTr 12P LILI      890406 0600 128S 1597E -99 -99 -999 1010 0000 -9 000 -999 -999 -999 -999 -999 -999
IBTr 12P LILI      890406 1200 125S 1604E -99 -99 -999 1010 0000 -9 000 -999 -999 -999 -999 -999 -999
IBTr 12P LILI      890406 1800 120S 1612E -99 -99 -999 1010 0000 -9 000 -999 -999 -999 -999 -999 -999
IBTr 12P LILI      890407 0000 121S 1622E -99 -99 0995 1010 0100 18 010 -999 -999 -999 -999 -999 -999
IBTr 12P LILI      890407 0600 125S 1632E -99 -99 0990 1010 0110 20 011 -999 -999 -999 -999 -999 -999
IBTr 12P LILI      890407 1200 130S 1639E -99 -99 0987 1010 0110 23 011 -999 -999 -999 -999 -999 -999
IBTr 12P LILI      890407 1800 134S 1643E -99 -99 0985 1010 0120 25 012 -999 -999 -999 -999 -999 -999
IBTr 12P LILI      890408 0000 137S 1645E -99 -99 0975 1010 0130 30 013 -999 -999 -999 -999 -999 -999
IBTr 12P LILI      890408 0600 140S 1646E -99 -99 0965 1010 0130 36 013 -999 -999 -999 -999 -999 -999
IBTr 12P LILI      890408 1200 144S 1647E -99 -99 0960 1010 0130 38 013 -999 -999 -999 -999 -999 -999
IBTr 12P LILI      890408 1800 149S 1647E -99 -99 0955 1010 0130 41 013 -999 -999 -999 -999 -999 -999
IBTr 12P LILI      890409 0000 156S 1646E -99 -99 0955 1010 0130 41 013 -999 -999 -999 -999 -999 -999
IBTr 12P LILI      890409 0600 163S 1646E -99 -99 0955 1010 0130 41 013 -999 -999 -999 -999 -999 -999
IBTr 12P LILI      890409 1200 170S 1646E -99 -99 0955 1010 0130 41 013 -999 -999 -999 -999 -999 -999
IBTr 12P LILI      890409 1800 179S 1648E -99 -99 0955 1010 0130 41 013 -999 -999 -999 -999 -999 -999
IBTr 12P LILI      890410 0000 190S 1650E -99 -99 0960 1010 0140 38 014 -999 -999 -999 -999 -999 -999
IBTr 12P LILI      890410 0600 200S 1655E -99 -99 0965 1010 0140 36 014 -999 -999 -999 -999 -999 -999
IBTr 12P LILI      890410 1200 211S 1662E -99 -99 0975 1010 0130 30 013 -999 -999 -999 -999 -999 -999
IBTr 12P LILI      890410 1800 222S 1667E -99 -99 0985 1010 0120 25 012 -999 -999 -999 -999 -999 -999
IBTr 12P LILI      890411 0000 231S 1671E -99 -99 0987 1010 0120 23 012 -999 -999 -999 -999 -999 -999
IBTr 12P LILI      890411 0600 237S 1677E -99 -99 0990 1010 0120 20 012 -999 -999 -999 -999 -999 -999
IBTr 12P LILI      890411 1200 241S 1684E -99 -99 0995 1010 0110 18 011 -999 -999 -999 -999 -999 -999
IBTr 12P LILI      890411 1800 246S 1688E -99 -99 0997 1010 0110 15 011 -999 -999 -999 -999 -999 -999
IBTr 12P LILI      890412 0000 250S 1685E -99 -99 -999 1010 0000 -9 000 -999 -999 -999 -999 -999 -999
IBTr 12P LILI      890412 0600 250S 1677E -99 -99 -999 1010 0000 -9 000 -999 -999 -999 -999 -999 -999
IBTr 12P LILI      890412 1200 250S 1667E -99 -99 -999 1010 0000 -9 000 -999 -999 -999 -999 -999 -999
IBTr 12P LILI      890412 1800 249S 1657E -99 -99 -999 1010 0000 -9 000 -999 -999 -999 -999 -999 -999
IBTr 12P LILI      890413 0000 252S 1647E -99 -99 -999 1010 0000 -9 000 -999 -999 -999 -999 -999 -999
IBTr 12P LILI      890413 0600 258S 1637E -99 -99 -999 1010 0000 -9 000 -999 -999 -999 -999 -999 -999
