IBTr 17S HSK2489   890307 1200 173S 0414E -99 -99 -999 1010 0000 -9 000 -999 -999 -999 -999 -999 -999
IBTr 17S HSK2489   890307 1800 179S 0414E -99 -99 -999 1010 0000 -9 000 -999 -999 -999 -999 -999 -999
IBTr 17S HSK2489   890308 0000 186S 0414E -99 -99 -999 1010 0000 -9 000 -999 -999 -999 -999 -999 -999
IBTr 17S HSK2489   890308 0600 193S 0414E -99 -99 -999 1010 0000 -9 000 -999 -999 -999 -999 -999 -999
IBTr 17S HSK2489   890308 1200 202S 0414E -99 -99 -999 1010 0000 -9 000 -999 -999 -999 -999 -999 -999
IBTr 17S HSK2489   890308 1800 212S 0413E -99 -99 -999 1010 0000 -9 000 -999 -999 -999 -999 -999 -999
IBTr 17S HSK2489   890309 0000 223S 0415E -99 -99 -999 1010 0000 -9 000 -999 -999 -999 -999 -999 -999
IBTr 17S HSK2489   890309 0600 238S 0421E -99 -99 -999 1010 0000 -9 000 -999 -999 -999 -999 -999 -999
IBTr 17S HSK2489   890309 1200 253S 0428E -99 -99 -999 1010 0000 -9 000 -999 -999 -999 -999 -999 -999
IBTr 17S HSK2489   890309 1800 264S 0432E -99 -99 -999 1010 0000 -9 000 -999 -999 -999 -999 -999 -999
IBTr 17S HSK2489   890310 0000 277S 0434E -99 -99 -999 1010 0000 -9 000 -999 -999 -999 -999 -999 -999
IBTr 17S HSK2489   890310 0600 289S 0437E -99 -99 -999 1010 0000 -9 000 -999 -999 -999 -999 -999 -999
IBTr 17S HSK2489   890310 1200 299S 0442E -99 -99 -999 1010 0000 -9 000 -999 -999 -999 -999 -999 -999
IBTr 17S HSK2489   890310 1800 304S 0447E -99 -99 -999 1010 0000 -9 000 -999 -999 -999 -999 -999 -999
IBTr 17S HSK2489   890311 0000 311S 0456E -99 -99 -999 1010 0000 -9 000 -999 -999 -999 -999 -999 -999
IBTr 17S HSK2489   890311 0600 316S 0467E -99 -99 -999 1010 0000 -9 000 -999 -999 -999 -999 -999 -999
IBTr 17S HSK2489   890311 1200 322S 0480E -99 -99 -999 1010 0000 -9 000 -999 -999 -999 -999 -999 -999
