IBTr 12W IRVING    890718 0000 50N  1391E -99 -99 -999 1010 0000 07 000 -999 -999 -999 -999 -999 -999
IBTr 12W IRVING    890718 0600 61N  1380E -99 -99 -999 1010 0000 07 000 -999 -999 -999 -999 -999 -999
IBTr 12W IRVING    890718 1200 73N  1368E -99 -99 -999 1010 0000 07 000 -999 -999 -999 -999 -999 -999
IBTr 12W IRVING    890718 1800 86N  1352E -99 -99 -999 1010 0000 07 000 -999 -999 -999 -999 -999 -999
IBTr 12W IRVING    890719 0000 100N 1336E -99 -99 -999 1010 0000 10 000 -999 -999 -999 -999 -999 -999
IBTr 12W IRVING    890719 0600 111N 1318E -99 -99 -999 1010 0000 10 000 -999 -999 -999 -999 -999 -999
IBTr 12W IRVING    890719 1200 120N 1296E -99 -99 1004 1010 0090 12 009 -999 -999 -999 -999 -999 -999
IBTr 12W IRVING    890719 1800 127N 1269E -99 -99 1004 1010 0090 12 009 -999 -999 -999 -999 -999 -999
IBTr 12W IRVING    890720 0000 135N 1242E -99 -99 1002 1010 0090 12 009 -999 -999 -999 -999 -999 -999
IBTr 12W IRVING    890720 0600 139N 1224E -99 -99 1002 1010 0090 12 009 -999 -999 -999 -999 -999 -999
IBTr 12W IRVING    890720 1200 142N 1208E -99 -99 1002 1010 0090 12 009 -999 -999 -999 -999 -999 -999
IBTr 12W IRVING    890720 1800 146N 1187E -99 -99 1000 1010 0100 15 010 -999 -999 -999 -999 -999 -999
IBTr 12W IRVING    890721 0000 150N 1168E -99 -99 0996 1010 0100 18 010 -999 -999 -999 -999 -999 -999
IBTr 12W IRVING    890721 0600 151N 1150E -99 -99 0994 1010 0110 20 011 -999 -999 -999 -999 -999 -999
IBTr 12W IRVING    890721 1200 151N 1134E -99 -99 0992 1010 0110 23 011 -999 -999 -999 -999 -999 -999
IBTr 12W IRVING    890721 1800 149N 1123E -99 -99 0985 1010 0120 28 012 -999 -999 -999 -999 -999 -999
IBTr 12W IRVING    890722 0000 153N 1117E -99 -99 0985 1010 0120 28 012 -999 -999 -999 -999 -999 -999
IBTr 12W IRVING    890722 0600 161N 1110E -99 -99 0985 1010 0120 28 012 -999 -999 -999 -999 -999 -999
IBTr 12W IRVING    890722 1200 165N 1101E -99 -99 0985 1010 0120 25 012 -999 -999 -999 -999 -999 -999
IBTr 12W IRVING    890722 1800 167N 1093E -99 -99 0985 1010 0120 23 012 -999 -999 -999 -999 -999 -999
IBTr 12W IRVING    890723 0000 170N 1085E -99 -99 0990 1010 0110 23 011 -999 -999 -999 -999 -999 -999
IBTr 12W IRVING    890723 0600 175N 1077E -99 -99 0990 1010 0110 23 011 -999 -999 -999 -999 -999 -999
IBTr 12W IRVING    890723 1200 180N 1070E -99 -99 0992 1010 0110 23 011 -999 -999 -999 -999 -999 -999
IBTr 12W IRVING    890723 1800 186N 1064E -99 -99 0994 1010 0110 20 011 -999 -999 -999 -999 -999 -999
IBTr 12W IRVING    890724 0000 193N 1057E -99 -99 0996 1010 0100 20 010 -999 -999 -999 -999 -999 -999
IBTr 12W IRVING    890724 0600 198N 1048E -99 -99 0998 1010 0100 18 010 -999 -999 -999 -999 -999 -999
IBTr 12W IRVING    890724 1200 202N 1040E -99 -99 1000 1010 0100 12 010 -999 -999 -999 -999 -999 -999
