IBTr 19E MANUEL    890828 1800 128N 0952W -99 -99 1009 1010 0080 12 008 -999 -999 -999 -999 -999 -999
IBTr 19E MANUEL    890829 0000 129N 0963W -99 -99 1008 1010 0080 15 008 -999 -999 -999 -999 -999 -999
IBTr 19E MANUEL    890829 0600 130N 0971W -99 -99 1007 1010 0090 15 009 -999 -999 -999 -999 -999 -999
IBTr 19E MANUEL    890829 1200 132N 0979W -99 -99 1006 1010 0090 15 009 -999 -999 -999 -999 -999 -999
IBTr 19E MANUEL    890829 1800 134N 0985W -99 -99 1005 1010 0090 18 009 -999 -999 -999 -999 -999 -999
IBTr 19E MANUEL    890830 0000 138N 0994W -99 -99 1003 1010 0090 18 009 -999 -999 -999 -999 -999 -999
IBTr 19E MANUEL    890830 0600 143N 1003W -99 -99 1002 1010 0090 18 009 -999 -999 -999 -999 -999 -999
IBTr 19E MANUEL    890830 1200 149N 1014W -99 -99 1002 1010 0090 20 009 -999 -999 -999 -999 -999 -999
IBTr 19E MANUEL    890830 1800 155N 1024W -99 -99 1002 1010 0090 20 009 -999 -999 -999 -999 -999 -999
IBTr 19E MANUEL    890831 0000 161N 1035W -99 -99 1002 1010 0090 20 009 -999 -999 -999 -999 -999 -999
IBTr 19E MANUEL    890831 0600 166N 1046W -99 -99 1003 1010 0090 18 009 -999 -999 -999 -999 -999 -999
IBTr 19E MANUEL    890831 1200 174N 1055W -99 -99 1005 1010 0090 18 009 -999 -999 -999 -999 -999 -999
IBTr 19E MANUEL    890831 1800 184N 1061W -99 -99 1008 1010 0090 12 009 -999 -999 -999 -999 -999 -999
