IBTr 10P KERRY     890329 0000 148S 1727W -99 -99 0997 1010 0100 15 010 -999 -999 -999 -999 -999 -999
IBTr 10P KERRY     890329 0600 154S 1731W -99 -99 -999 1010 0000 -9 000 -999 -999 -999 -999 -999 -999
IBTr 10P KERRY     890329 1200 160S 1736W -99 -99 0997 1010 0100 15 010 -999 -999 -999 -999 -999 -999
IBTr 10P KERRY     890329 1800 166S 1740W -99 -99 -999 1010 0000 -9 000 -999 -999 -999 -999 -999 -999
IBTr 10P KERRY     890330 0000 172S 1748W -99 -99 0997 1010 0100 15 010 -999 -999 -999 -999 -999 -999
IBTr 10P KERRY     890330 0600 177S 1764W -99 -99 -999 1010 0000 -9 000 -999 -999 -999 -999 -999 -999
IBTr 10P KERRY     890330 1200 182S 1782W -99 -99 0997 1010 0100 15 010 -999 -999 -999 -999 -999 -999
IBTr 10P KERRY     890330 1800 191S 1797W -99 -99 -999 1010 0000 -9 000 -999 -999 -999 -999 -999 -999
IBTr 10P KERRY     890331 0000 198S 1792E -99 -99 0997 1010 0100 15 010 -999 -999 -999 -999 -999 -999
IBTr 10P KERRY     890331 0600 203S 1784E -99 -99 0995 1010 0110 18 011 -999 -999 -999 -999 -999 -999
IBTr 10P KERRY     890331 1200 209S 1777E -99 -99 0990 1010 0110 20 011 -999 -999 -999 -999 -999 -999
IBTr 10P KERRY     890331 1800 215S 1773E -99 -99 0987 1010 0120 23 012 -999 -999 -999 -999 -999 -999
IBTr 10P KERRY     890401 0000 220S 1774E -99 -99 0985 1010 0120 25 012 -999 -999 -999 -999 -999 -999
IBTr 10P KERRY     890401 0600 219S 1776E -99 -99 0985 1010 0120 25 012 -999 -999 -999 -999 -999 -999
IBTr 10P KERRY     890401 1200 218S 1776E -99 -99 0985 1010 0120 25 012 -999 -999 -999 -999 -999 -999
IBTr 10P KERRY     890401 1800 217S 1776E -99 -99 0985 1010 0120 25 012 -999 -999 -999 -999 -999 -999
IBTr 10P KERRY     890402 0000 216S 1780E -99 -99 0985 1010 0120 25 012 -999 -999 -999 -999 -999 -999
IBTr 10P KERRY     890402 0600 217S 1786E -99 -99 0985 1010 0120 25 012 -999 -999 -999 -999 -999 -999
IBTr 10P KERRY     890402 1200 221S 1794W -99 -99 0987 1010 0120 23 012 -999 -999 -999 -999 -999 -999
IBTr 10P KERRY     890402 1800 227S 1776W -99 -99 0990 1010 0110 20 011 -999 -999 -999 -999 -999 -999
IBTr 10P KERRY     890403 0000 236S 1755W -99 -99 0990 1010 0120 20 012 -999 -999 -999 -999 -999 -999
IBTr 10P KERRY     890403 0600 245S 1739W -99 -99 0995 1010 0110 18 011 -999 -999 -999 -999 -999 -999
IBTr 10P KERRY     890403 1200 256S 1724W -99 -99 0997 1010 0110 15 011 -999 -999 -999 -999 -999 -999
IBTr 10P KERRY     890403 1800 268S 1707W -99 -99 -999 1010 0000 -9 000 -999 -999 -999 -999 -999 -999
IBTr 10P KERRY     890404 0000 280S 1690W -99 -99 0997 1010 0110 15 011 -999 -999 -999 -999 -999 -999
