IBTr 13L UNNAMED   891002 0000 119N 0430W -99 -99 0000 1010 0000 12 000 -999 -999 -999 -999 -999 -999
IBTr 13L UNNAMED   891002 0600 120N 0451W -99 -99 0000 1010 0000 12 000 -999 -999 -999 -999 -999 -999
IBTr 13L UNNAMED   891002 1200 125N 0465W -99 -99 0000 1010 0000 12 000 -999 -999 -999 -999 -999 -999
IBTr 13L UNNAMED   891002 1800 132N 0476W -99 -99 0000 1010 0000 12 000 -999 -999 -999 -999 -999 -999
IBTr 13L UNNAMED   891003 0000 140N 0484W -99 -99 0000 1010 0000 15 000 -999 -999 -999 -999 -999 -999
IBTr 13L UNNAMED   891003 0600 149N 0491W -99 -99 0000 1010 0000 15 000 -999 -999 -999 -999 -999 -999
IBTr 13L UNNAMED   891003 1200 160N 0499W -99 -99 0000 1010 0000 15 000 -999 -999 -999 -999 -999 -999
IBTr 13L UNNAMED   891003 1800 170N 0506W -99 -99 0000 1010 0000 15 000 -999 -999 -999 -999 -999 -999
IBTr 13L UNNAMED   891004 0000 179N 0509W -99 -99 0000 1010 0000 15 000 -999 -999 -999 -999 -999 -999
IBTr 13L UNNAMED   891004 0600 187N 0510W -99 -99 0000 1010 0000 15 000 -999 -999 -999 -999 -999 -999
IBTr 13L UNNAMED   891004 1200 195N 0509W -99 -99 0000 1010 0000 15 000 -999 -999 -999 -999 -999 -999
IBTr 13L UNNAMED   891004 1800 204N 0508W -99 -99 0000 1010 0000 15 000 -999 -999 -999 -999 -999 -999
IBTr 13L UNNAMED   891005 0000 213N 0503W -99 -99 0000 1010 0000 15 000 -999 -999 -999 -999 -999 -999
IBTr 13L UNNAMED   891005 0600 221N 0496W -99 -99 0000 1010 0000 15 000 -999 -999 -999 -999 -999 -999
IBTr 13L UNNAMED   891005 1200 223N 0494W -99 -99 0000 1010 0000 12 000 -999 -999 -999 -999 -999 -999
