IBTr 23W NOTNAMED  890819 0000 215N 1535E -99 -99 -999 1010 0000 -9 000 -999 -999 -999 -999 -999 -999
IBTr 23W NOTNAMED  890819 0600 218N 1542E -99 -99 -999 1010 0000 -9 000 -999 -999 -999 -999 -999 -999
IBTr 23W NOTNAMED  890819 1200 220N 1550E -99 -99 -999 1010 0000 -9 000 -999 -999 -999 -999 -999 -999
IBTr 23W NOTNAMED  890819 1800 225N 1556E -99 -99 -999 1010 0000 -9 000 -999 -999 -999 -999 -999 -999
IBTr 23W NOTNAMED  890820 0000 231N 1564E -99 -99 -999 1010 0000 -9 000 -999 -999 -999 -999 -999 -999
IBTr 23W NOTNAMED  890820 0600 236N 1575E -99 -99 -999 1010 0000 -9 000 -999 -999 -999 -999 -999 -999
IBTr 23W NOTNAMED  890820 1200 242N 1586E -99 -99 -999 1010 0000 -9 000 -999 -999 -999 -999 -999 -999
IBTr 23W NOTNAMED  890820 1800 247N 1597E -99 -99 -999 1010 0000 -9 000 -999 -999 -999 -999 -999 -999
IBTr 23W NOTNAMED  890821 0000 253N 1605E -99 -99 -999 1010 0000 -9 000 -999 -999 -999 -999 -999 -999
IBTr 23W NOTNAMED  890821 0600 262N 1609E -99 -99 -999 1010 0000 -9 000 -999 -999 -999 -999 -999 -999
IBTr 23W NOTNAMED  890821 1200 271N 1604E -99 -99 -999 1010 0000 -9 000 -999 -999 -999 -999 -999 -999
IBTr 23W NOTNAMED  890821 1800 277N 1598E -99 -99 -999 1010 0000 -9 000 -999 -999 -999 -999 -999 -999
IBTr 23W NOTNAMED  890822 0000 278N 1587E -99 -99 -999 1010 0000 -9 000 -999 -999 -999 -999 -999 -999
IBTr 23W NOTNAMED  890822 0600 277N 1577E -99 -99 -999 1010 0000 -9 000 -999 -999 -999 -999 -999 -999
IBTr 23W NOTNAMED  890822 1200 272N 1566E -99 -99 -999 1010 0000 -9 000 -999 -999 -999 -999 -999 -999
IBTr 23W NOTNAMED  890822 1800 267N 1557E -99 -99 -999 1010 0000 -9 000 -999 -999 -999 -999 -999 -999
IBTr 23W NOTNAMED  890823 0000 260N 1550E -99 -99 -999 1010 0000 -9 000 -999 -999 -999 -999 -999 -999
IBTr 23W NOTNAMED  890823 0600 255N 1542E -99 -99 -999 1010 0000 -9 000 -999 -999 -999 -999 -999 -999
IBTr 23W NOTNAMED  890823 1200 250N 1538E -99 -99 -999 1010 0000 -9 000 -999 -999 -999 -999 -999 -999
