IBTr 24W TS0826    890823 0000 223N 1464E -99 -99 -999 1010 0000 10 000 -999 -999 -999 -999 -999 -999
IBTr 24W TS0826    890823 0600 223N 1458E -99 -99 -999 1010 0000 10 000 -999 -999 -999 -999 -999 -999
IBTr 24W TS0826    890823 1200 225N 1453E -99 -99 -999 1010 0000 10 000 -999 -999 -999 -999 -999 -999
IBTr 24W TS0826    890823 1800 228N 1449E -99 -99 -999 1010 0000 10 000 -999 -999 -999 -999 -999 -999
IBTr 24W TS0826    890824 0000 234N 1450E -99 -99 -999 1010 0000 10 000 -999 -999 -999 -999 -999 -999
IBTr 24W TS0826    890824 0600 247N 1463E -99 -99 1006 1010 0090 10 009 -999 -999 -999 -999 -999 -999
IBTr 24W TS0826    890824 1200 258N 1482E -99 -99 1006 1010 0090 12 009 -999 -999 -999 -999 -999 -999
IBTr 24W TS0826    890824 1800 266N 1493E -99 -99 1006 1010 0090 12 009 -999 -999 -999 -999 -999 -999
IBTr 24W TS0826    890825 0000 272N 1502E -99 -99 1006 1010 0090 12 009 -999 -999 -999 -999 -999 -999
IBTr 24W TS0826    890825 0600 281N 1515E -99 -99 1006 1010 0090 12 009 -999 -999 -999 -999 -999 -999
IBTr 24W TS0826    890825 1200 290N 1531E -99 -99 1006 1010 0090 15 009 -999 -999 -999 -999 -999 -999
IBTr 24W TS0826    890825 1800 297N 1539E -99 -99 1006 1010 0090 15 009 -999 -999 -999 -999 -999 -999
IBTr 24W TS0826    890826 0000 303N 1544E -99 -99 1006 1010 0090 15 009 -999 -999 -999 -999 -999 -999
IBTr 24W TS0826    890826 0600 309N 1555E -99 -99 1006 1010 0090 15 009 -999 -999 -999 -999 -999 -999
IBTr 24W TS0826    890826 1200 312N 1570E -99 -99 1004 1010 0100 15 010 -999 -999 -999 -999 -999 -999
IBTr 24W TS0826    890826 1800 314N 1585E -99 -99 1002 1010 0100 18 010 -999 -999 -999 -999 -999 -999
IBTr 24W TS0826    890827 0000 318N 1600E -99 -99 1002 1010 0100 18 010 -999 -999 -999 -999 -999 -999
IBTr 24W TS0826    890827 0600 320N 1608E -99 -99 1002 1010 0100 18 010 -999 -999 -999 -999 -999 -999
IBTr 24W TS0826    890827 1200 322N 1612E -99 -99 1002 1010 0100 18 010 -999 -999 -999 -999 -999 -999
IBTr 24W TS0826    890827 1800 323N 1617E -99 -99 1004 1010 0100 15 010 -999 -999 -999 -999 -999 -999
IBTr 24W TS0826    890828 0000 326N 1618E -99 -99 1006 1010 0090 15 009 -999 -999 -999 -999 -999 -999
IBTr 24W TS0826    890828 0600 327N 1612E -99 -99 1010 1010 0090 12 009 -999 -999 -999 -999 -999 -999
IBTr 24W TS0826    890828 1200 330N 1598E -99 -99 -999 1010 0000 12 000 -999 -999 -999 -999 -999 -999
IBTr 24W TS0826    890828 1800 334N 1583E -99 -99 -999 1010 0000 12 000 -999 -999 -999 -999 -999 -999
IBTr 24W TS0826    890829 0000 339N 1568E -99 -99 -999 1010 0000 12 000 -999 -999 -999 -999 -999 -999
