IBTr 23E RAYMOND   890924 1800 140N 0989W -99 -99 -999 1010 0000 -9 000 -999 -999 -999 -999 -999 -999
IBTr 23E RAYMOND   890925 0000 137N 0990W -99 -99 1007 1010 0090 12 009 -999 -999 -999 -999 -999 -999
IBTr 23E RAYMOND   890925 0600 139N 0996W -99 -99 1007 1010 0090 12 009 -999 -999 -999 -999 -999 -999
IBTr 23E RAYMOND   890925 1200 141N 1003W -99 -99 1007 1010 0090 12 009 -999 -999 -999 -999 -999 -999
IBTr 23E RAYMOND   890925 1800 143N 1008W -99 -99 1007 1010 0090 12 009 -999 -999 -999 -999 -999 -999
IBTr 23E RAYMOND   890926 0000 145N 1012W -99 -99 1007 1010 0090 12 009 -999 -999 -999 -999 -999 -999
IBTr 23E RAYMOND   890926 0600 146N 1014W -99 -99 1006 1010 0090 15 009 -999 -999 -999 -999 -999 -999
IBTr 23E RAYMOND   890926 1200 148N 1016W -99 -99 1005 1010 0090 15 009 -999 -999 -999 -999 -999 -999
IBTr 23E RAYMOND   890926 1800 152N 1020W -99 -99 1003 1010 0090 18 009 -999 -999 -999 -999 -999 -999
IBTr 23E RAYMOND   890927 0000 156N 1025W -99 -99 1001 1010 0100 18 010 -999 -999 -999 -999 -999 -999
IBTr 23E RAYMOND   890927 0600 159N 1029W -99 -99 1001 1010 0100 20 010 -999 -999 -999 -999 -999 -999
IBTr 23E RAYMOND   890927 1200 161N 1034W -99 -99 1001 1010 0100 20 010 -999 -999 -999 -999 -999 -999
IBTr 23E RAYMOND   890927 1800 159N 1038W -99 -99 1000 1010 0100 23 010 -999 -999 -999 -999 -999 -999
IBTr 23E RAYMOND   890928 0000 156N 1043W -99 -99 0999 1010 0100 23 010 -999 -999 -999 -999 -999 -999
IBTr 23E RAYMOND   890928 0600 155N 1047W -99 -99 0997 1010 0100 25 010 -999 -999 -999 -999 -999 -999
IBTr 23E RAYMOND   890928 1200 157N 1053W -99 -99 0994 1010 0110 28 011 -999 -999 -999 -999 -999 -999
IBTr 23E RAYMOND   890928 1800 159N 1060W -99 -99 0987 1010 0120 33 012 -999 -999 -999 -999 -999 -999
IBTr 23E RAYMOND   890929 0000 159N 1068W -99 -99 0980 1010 0120 38 012 -999 -999 -999 -999 -999 -999
IBTr 23E RAYMOND   890929 0600 158N 1075W -99 -99 0975 1010 0130 41 013 -999 -999 -999 -999 -999 -999
IBTr 23E RAYMOND   890929 1200 157N 1082W -99 -99 0970 1010 0130 46 013 -999 -999 -999 -999 -999 -999
IBTr 23E RAYMOND   890929 1800 157N 1088W -99 -99 0965 1010 0130 48 013 -999 -999 -999 -999 -999 -999
IBTr 23E RAYMOND   890930 0000 160N 1096W -99 -99 0960 1010 0130 51 013 -999 -999 -999 -999 -999 -999
IBTr 23E RAYMOND   890930 0600 162N 1105W -99 -99 0957 1010 0130 54 013 -999 -999 -999 -999 -999 -999
IBTr 23E RAYMOND   890930 1200 165N 1115W -99 -99 0953 1010 0130 56 013 -999 -999 -999 -999 -999 -999
IBTr 23E RAYMOND   890930 1800 167N 1124W -99 -99 0948 1010 0130 59 013 -999 -999 -999 -999 -999 -999
IBTr 23E RAYMOND   891001 0000 170N 1134W -99 -99 0935 1010 0120 64 012 -999 -999 -999 -999 -999 -999
IBTr 23E RAYMOND   891001 0600 173N 1143W -99 -99 0935 1010 0120 64 012 -999 -999 -999 -999 -999 -999
IBTr 23E RAYMOND   891001 1200 177N 1152W -99 -99 0940 1010 0120 61 012 -999 -999 -999 -999 -999 -999
IBTr 23E RAYMOND   891001 1800 180N 1160W -99 -99 0945 1010 0130 59 013 -999 -999 -999 -999 -999 -999
IBTr 23E RAYMOND   891002 0000 184N 1167W -99 -99 0950 1010 0130 56 013 -999 -999 -999 -999 -999 -999
IBTr 23E RAYMOND   891002 0600 186N 1172W -99 -99 0955 1010 0130 56 013 -999 -999 -999 -999 -999 -999
IBTr 23E RAYMOND   891002 1200 188N 1176W -99 -99 0958 1010 0140 54 014 -999 -999 -999 -999 -999 -999
IBTr 23E RAYMOND   891002 1800 190N 1179W -99 -99 0961 1010 0140 51 014 -999 -999 -999 -999 -999 -999
IBTr 23E RAYMOND   891003 0000 194N 1181W -99 -99 0967 1010 0130 48 013 -999 -999 -999 -999 -999 -999
IBTr 23E RAYMOND   891003 0600 197N 1180W -99 -99 0970 1010 0130 46 013 -999 -999 -999 -999 -999 -999
IBTr 23E RAYMOND   891003 1200 202N 1177W -99 -99 0974 1010 0130 41 013 -999 -999 -999 -999 -999 -999
IBTr 23E RAYMOND   891003 1800 208N 1173W -99 -99 0978 1010 0130 38 013 -999 -999 -999 -999 -999 -999
IBTr 23E RAYMOND   891004 0000 216N 1168W -99 -99 0981 1010 0130 36 013 -999 -999 -999 -999 -999 -999
IBTr 23E RAYMOND   891004 0600 226N 1161W -99 -99 0985 1010 0120 33 012 -999 -999 -999 -999 -999 -999
IBTr 23E RAYMOND   891004 1200 238N 1155W -99 -99 0988 1010 0120 30 012 -999 -999 -999 -999 -999 -999
IBTr 23E RAYMOND   891004 1800 251N 1145W -99 -99 0992 1010 0110 28 011 -999 -999 -999 -999 -999 -999
IBTr 23E RAYMOND   891005 0000 269N 1133W -99 -99 0996 1010 0110 23 011 -999 -999 -999 -999 -999 -999
IBTr 23E RAYMOND   891005 0600 293N 1119W -99 -99 1000 1010 0100 18 010 -999 -999 -999 -999 -999 -999
IBTr 23E RAYMOND   891005 1200 318N 1102W -99 -99 1003 1010 0100 12 010 -999 -999 -999 -999 -999 -999
IBTr 23E RAYMOND   891005 1800 334N 1080W -99 -99 1007 1010 0090 10 009 -999 -999 -999 -999 -999 -999
