IBTr 22W NOTNAMED  890818 0000 170N 1370E -99 -99 -999 1010 0000 -9 000 -999 -999 -999 -999 -999 -999
IBTr 22W NOTNAMED  890818 0600 176N 1365E -99 -99 -999 1010 0000 -9 000 -999 -999 -999 -999 -999 -999
IBTr 22W NOTNAMED  890818 1200 184N 1364E -99 -99 -999 1010 0000 -9 000 -999 -999 -999 -999 -999 -999
IBTr 22W NOTNAMED  890818 1800 189N 1367E -99 -99 -999 1010 0000 -9 000 -999 -999 -999 -999 -999 -999
IBTr 22W NOTNAMED  890819 0000 195N 1370E -99 -99 -999 1010 0000 -9 000 -999 -999 -999 -999 -999 -999
IBTr 22W NOTNAMED  890819 0600 202N 1363E -99 -99 -999 1010 0000 -9 000 -999 -999 -999 -999 -999 -999
IBTr 22W NOTNAMED  890819 1200 207N 1355E -99 -99 -999 1010 0000 -9 000 -999 -999 -999 -999 -999 -999
IBTr 22W NOTNAMED  890819 1800 209N 1348E -99 -99 -999 1010 0000 -9 000 -999 -999 -999 -999 -999 -999
IBTr 22W NOTNAMED  890820 0000 211N 1335E -99 -99 -999 1010 0000 -9 000 -999 -999 -999 -999 -999 -999
IBTr 22W NOTNAMED  890820 0600 211N 1320E -99 -99 -999 1010 0000 -9 000 -999 -999 -999 -999 -999 -999
IBTr 22W NOTNAMED  890820 1200 215N 1306E -99 -99 -999 1010 0000 -9 000 -999 -999 -999 -999 -999 -999
IBTr 22W NOTNAMED  890820 1800 221N 1295E -99 -99 -999 1010 0000 -9 000 -999 -999 -999 -999 -999 -999
IBTr 22W NOTNAMED  890821 0000 228N 1284E -99 -99 -999 1010 0000 -9 000 -999 -999 -999 -999 -999 -999
IBTr 22W NOTNAMED  890821 0600 234N 1271E -99 -99 -999 1010 0000 -9 000 -999 -999 -999 -999 -999 -999
IBTr 22W NOTNAMED  890821 1200 240N 1259E -99 -99 -999 1010 0000 -9 000 -999 -999 -999 -999 -999 -999
IBTr 22W NOTNAMED  890821 1800 242N 1247E -99 -99 -999 1010 0000 -9 000 -999 -999 -999 -999 -999 -999
IBTr 22W NOTNAMED  890822 0000 241N 1236E -99 -99 -999 1010 0000 -9 000 -999 -999 -999 -999 -999 -999
IBTr 22W NOTNAMED  890822 0600 239N 1227E -99 -99 -999 1010 0000 -9 000 -999 -999 -999 -999 -999 -999
IBTr 22W NOTNAMED  890822 1200 237N 1220E -99 -99 -999 1010 0000 -9 000 -999 -999 -999 -999 -999 -999
