IBTr 28W VERA      890911 0000 170N 1447E -99 -99 -999 1010 0000 10 000 -999 -999 -999 -999 -999 -999
IBTr 28W VERA      890911 0600 171N 1456E -99 -99 1004 1010 0090 12 009 -999 -999 -999 -999 -999 -999
IBTr 28W VERA      890911 1200 169N 1459E -99 -99 1004 1010 0090 12 009 -999 -999 -999 -999 -999 -999
IBTr 28W VERA      890911 1800 168N 1458E -99 -99 1004 1010 0090 12 009 -999 -999 -999 -999 -999 -999
IBTr 28W VERA      890912 0000 172N 1453E -99 -99 1004 1010 0090 12 009 -999 -999 -999 -999 -999 -999
IBTr 28W VERA      890912 0600 178N 1443E -99 -99 1004 1010 0090 15 009 -999 -999 -999 -999 -999 -999
IBTr 28W VERA      890912 1200 184N 1430E -99 -99 1004 1010 0090 18 009 -999 -999 -999 -999 -999 -999
IBTr 28W VERA      890912 1800 193N 1412E -99 -99 1000 1010 0100 18 010 -999 -999 -999 -999 -999 -999
IBTr 28W VERA      890913 0000 202N 1393E -99 -99 0994 1010 0110 20 011 -999 -999 -999 -999 -999 -999
IBTr 28W VERA      890913 0600 207N 1376E -99 -99 0992 1010 0110 23 011 -999 -999 -999 -999 -999 -999
IBTr 28W VERA      890913 1200 212N 1360E -99 -99 0990 1010 0110 23 011 -999 -999 -999 -999 -999 -999
IBTr 28W VERA      890913 1800 219N 1341E -99 -99 0985 1010 0120 25 012 -999 -999 -999 -999 -999 -999
IBTr 28W VERA      890914 0000 226N 1322E -99 -99 0985 1010 0120 25 012 -999 -999 -999 -999 -999 -999
IBTr 28W VERA      890914 0600 233N 1302E -99 -99 0980 1010 0130 28 013 -999 -999 -999 -999 -999 -999
IBTr 28W VERA      890914 1200 241N 1282E -99 -99 0980 1010 0130 28 013 -999 -999 -999 -999 -999 -999
IBTr 28W VERA      890914 1800 249N 1263E -99 -99 0985 1010 0120 25 012 -999 -999 -999 -999 -999 -999
IBTr 28W VERA      890915 0000 261N 1245E -99 -99 0990 1010 0120 23 012 -999 -999 -999 -999 -999 -999
IBTr 28W VERA      890915 0600 273N 1229E -99 -99 0994 1010 0110 20 011 -999 -999 -999 -999 -999 -999
IBTr 28W VERA      890915 1200 284N 1216E -99 -99 0998 1010 0110 18 011 -999 -999 -999 -999 -999 -999
IBTr 28W VERA      890915 1800 293N 1204E -99 -99 1004 1010 0100 15 010 -999 -999 -999 -999 -999 -999
IBTr 28W VERA      890916 0000 305N 1197E -99 -99 1006 1010 0090 15 009 -999 -999 -999 -999 -999 -999
IBTr 28W VERA      890916 0600 318N 1193E -99 -99 1006 1010 0090 12 009 -999 -999 -999 -999 -999 -999
IBTr 28W VERA      890916 1200 329N 1197E -99 -99 1006 1010 0090 10 009 -999 -999 -999 -999 -999 -999
IBTr 28W VERA      890916 1800 346N 1213E -99 -99 1006 1010 0090 07 009 -999 -999 -999 -999 -999 -999
IBTr 28W VERA      890917 0000 362N 1237E -99 -99 1004 1010 0100 -9 010 -999 -999 -999 -999 -999 -999
IBTr 28W VERA      890917 0600 371N 1265E -99 -99 1002 1010 0100 -9 010 -999 -999 -999 -999 -999 -999
IBTr 28W VERA      890917 1200 384N 1302E -99 -99 1002 1010 0100 -9 010 -999 -999 -999 -999 -999 -999
IBTr 28W VERA      890917 1800 395N 1347E -99 -99 1000 1010 0110 -9 011 -999 -999 -999 -999 -999 -999
IBTr 28W VERA      890918 0000 406N 1408E -99 -99 1000 1010 0110 -9 011 -999 -999 -999 -999 -999 -999
IBTr 28W VERA      890918 0600 420N 1484E -99 -99 1000 1010 0110 -9 011 -999 -999 -999 -999 -999 -999
IBTr 28W VERA      890918 1200 430N 1580E -99 -99 0998 1010 0110 -9 011 -999 -999 -999 -999 -999 -999
IBTr 28W VERA      890918 1800 440N 1630E -99 -99 0992 1010 0120 -9 012 -999 -999 -999 -999 -999 -999
IBTr 28W VERA      890919 0000 450N 1680E -99 -99 0988 1010 0130 -9 013 -999 -999 -999 -999 -999 -999
IBTr 28W VERA      890919 0600 465N 1735E -99 -99 0980 1010 0140 -9 014 -999 -999 -999 -999 -999 -999
IBTr 28W VERA      890919 1200 480N 1775E -99 -99 0972 1010 0150 -9 015 -999 -999 -999 -999 -999 -999
