IBTr 21S KRISY     890328 0600 110S 0730E -99 -99 1000 1010 0100 12 010 -999 -999 -999 -999 -999 -999
IBTr 21S KRISY     890328 1200 111S 0731E -99 -99 1000 1010 0100 12 010 -999 -999 -999 -999 -999 -999
IBTr 21S KRISY     890328 1800 113S 0733E -99 -99 1000 1010 0100 12 010 -999 -999 -999 -999 -999 -999
IBTr 21S KRISY     890329 0000 116S 0737E -99 -99 0997 1010 0100 14 010 -999 -999 -999 -999 -999 -999
IBTr 21S KRISY     890329 0600 118S 0739E -99 -99 0997 1010 0100 14 010 -999 -999 -999 -999 -999 -999
IBTr 21S KRISY     890329 1200 121S 0737E -99 -99 0997 1010 0100 14 010 -999 -999 -999 -999 -999 -999
IBTr 21S KRISY     890329 1800 118S 0732E -99 -99 0997 1010 0100 14 010 -999 -999 -999 -999 -999 -999
IBTr 21S KRISY     890330 0000 119S 0730E -99 -99 0997 1010 0100 14 010 -999 -999 -999 -999 -999 -999
IBTr 21S KRISY     890330 0600 122S 0728E -99 -99 0991 1010 0110 18 011 -999 -999 -999 -999 -999 -999
IBTr 21S KRISY     890330 1200 124S 0727E -99 -99 0984 1010 0120 22 012 -999 -999 -999 -999 -999 -999
IBTr 21S KRISY     890330 1800 126S 0725E -99 -99 0984 1010 0120 22 012 -999 -999 -999 -999 -999 -999
IBTr 21S KRISY     890331 0000 127S 0719E -99 -99 0976 1010 0130 26 013 -999 -999 -999 -999 -999 -999
IBTr 21S KRISY     890331 0600 126S 0716E -99 -99 0976 1010 0130 26 013 -999 -999 -999 -999 -999 -999
IBTr 21S KRISY     890331 1200 125S 0712E -99 -99 0976 1010 0130 26 013 -999 -999 -999 -999 -999 -999
IBTr 21S KRISY     890331 1800 126S 0707E -99 -99 0976 1010 0130 26 013 -999 -999 -999 -999 -999 -999
IBTr 21S KRISY     890401 0000 128S 0702E -99 -99 0976 1010 0130 26 013 -999 -999 -999 -999 -999 -999
IBTr 21S KRISY     890401 0600 134S 0700E -99 -99 0976 1010 0130 26 013 -999 -999 -999 -999 -999 -999
IBTr 21S KRISY     890401 1200 138S 0698E -99 -99 0976 1010 0130 26 013 -999 -999 -999 -999 -999 -999
IBTr 21S KRISY     890401 1800 143S 0698E -99 -99 0966 1010 0130 31 013 -999 -999 -999 -999 -999 -999
IBTr 21S KRISY     890402 0000 147S 0699E -99 -99 0954 1010 0130 37 013 -999 -999 -999 -999 -999 -999
IBTr 21S KRISY     890402 0600 150S 0700E -99 -99 0954 1010 0130 37 013 -999 -999 -999 -999 -999 -999
IBTr 21S KRISY     890402 1200 153S 0701E -99 -99 0954 1010 0130 37 013 -999 -999 -999 -999 -999 -999
IBTr 21S KRISY     890402 1800 156S 0703E -99 -99 0954 1010 0130 37 013 -999 -999 -999 -999 -999 -999
IBTr 21S KRISY     890403 0000 160S 0704E -99 -99 0941 1010 0120 42 012 -999 -999 -999 -999 -999 -999
IBTr 21S KRISY     890403 0600 164S 0703E -99 -99 0941 1010 0130 42 013 -999 -999 -999 -999 -999 -999
IBTr 21S KRISY     890403 1200 170S 0700E -99 -99 0954 1010 0130 37 013 -999 -999 -999 -999 -999 -999
IBTr 21S KRISY     890403 1800 171S 0693E -99 -99 0966 1010 0130 31 013 -999 -999 -999 -999 -999 -999
IBTr 21S KRISY     890404 0000 172S 0685E -99 -99 0966 1010 0130 31 013 -999 -999 -999 -999 -999 -999
IBTr 21S KRISY     890404 0600 172S 0675E -99 -99 0966 1010 0130 31 013 -999 -999 -999 -999 -999 -999
IBTr 21S KRISY     890404 1200 173S 0666E -99 -99 0976 1010 0130 26 013 -999 -999 -999 -999 -999 -999
IBTr 21S KRISY     890404 1800 177S 0657E -99 -99 0976 1010 0130 26 013 -999 -999 -999 -999 -999 -999
IBTr 21S KRISY     890405 0000 182S 0648E -99 -99 0966 1010 0130 31 013 -999 -999 -999 -999 -999 -999
IBTr 21S KRISY     890405 0600 186S 0636E -99 -99 0976 1010 0130 26 013 -999 -999 -999 -999 -999 -999
IBTr 21S KRISY     890405 1200 190S 0625E -99 -99 0976 1010 0130 26 013 -999 -999 -999 -999 -999 -999
IBTr 21S KRISY     890405 1800 194S 0613E -99 -99 0976 1010 0130 26 013 -999 -999 -999 -999 -999 -999
IBTr 21S KRISY     890406 0000 198S 0600E -99 -99 0976 1010 0130 26 013 -999 -999 -999 -999 -999 -999
IBTr 21S KRISY     890406 0600 201S 0587E -99 -99 0976 1010 0130 26 013 -999 -999 -999 -999 -999 -999
IBTr 21S KRISY     890406 1200 208S 0575E -99 -99 0984 1010 0120 22 012 -999 -999 -999 -999 -999 -999
IBTr 21S KRISY     890406 1800 218S 0565E -99 -99 0984 1010 0120 22 012 -999 -999 -999 -999 -999 -999
IBTr 21S KRISY     890407 0000 228S 0554E -99 -99 0984 1010 0120 22 012 -999 -999 -999 -999 -999 -999
IBTr 21S KRISY     890407 0600 235S 0547E -99 -99 0991 1010 0110 18 011 -999 -999 -999 -999 -999 -999
IBTr 21S KRISY     890407 1200 240S 0538E -99 -99 0997 1010 0110 14 011 -999 -999 -999 -999 -999 -999
IBTr 21S KRISY     890407 1800 246S 0534E -99 -99 0997 1010 0110 14 011 -999 -999 -999 -999 -999 -999
IBTr 21S KRISY     890408 0000 253S 0533E -99 -99 0997 1010 0110 14 011 -999 -999 -999 -999 -999 -999
IBTr 21S KRISY     890408 0600 261S 0535E -99 -99 0997 1010 0110 14 011 -999 -999 -999 -999 -999 -999
IBTr 21S KRISY     890408 1200 271S 0541E -99 -99 0997 1010 0110 14 011 -999 -999 -999 -999 -999 -999
IBTr 21S KRISY     890408 1800 280S 0548E -99 -99 0997 1010 0110 14 011 -999 -999 -999 -999 -999 -999
IBTr 21S KRISY     890409 0000 286S 0559E -99 -99 1000 1010 0100 12 010 -999 -999 -999 -999 -999 -999
IBTr 21S KRISY     890409 0600 283S 0574E -99 -99 1000 1010 0100 12 010 -999 -999 -999 -999 -999 -999
IBTr 21S KRISY     890409 1200 280S 0589E -99 -99 1000 1010 0100 12 010 -999 -999 -999 -999 -999 -999
IBTr 21S KRISY     890409 1800 279S 0599E -99 -99 1000 1010 0100 12 010 -999 -999 -999 -999 -999 -999
IBTr 21S KRISY     890410 0000 278S 0609E -99 -99 1000 1010 0100 12 010 -999 -999 -999 -999 -999 -999
IBTr 21S KRISY     890410 0600 270S 0616E -99 -99 1000 1010 0100 12 010 -999 -999 -999 -999 -999 -999
IBTr 21S KRISY     890410 1200 268S 0621E -99 -99 1000 1010 0100 12 010 -999 -999 -999 -999 -999 -999
IBTr 21S KRISY     890410 1800 250S 0620E -99 -99 1000 1010 0100 12 010 -999 -999 -999 -999 -999 -999
IBTr 21S KRISY     890411 0000 240S 0620E -99 -99 0000 1010 0000 18 000 -999 -999 -999 -999 -999 -999
IBTr 21S KRISY     890411 0600 230S 0621E -99 -99 0000 1010 0000 18 000 -999 -999 -999 -999 -999 -999
