IBTr 25S ORSON     890416 0600 106S 1276E -99 -99 -999 1010 0000 -9 000 -999 -999 -999 -999 -999 -999
IBTr 25S ORSON     890416 1200 111S 1275E -99 -99 -999 1010 0000 -9 000 -999 -999 -999 -999 -999 -999
IBTr 25S ORSON     890416 1800 116S 1273E -99 -99 -999 1010 0000 -9 000 -999 -999 -999 -999 -999 -999
IBTr 25S ORSON     890417 0000 119S 1271E -99 -99 1000 1010 0100 15 010 -999 -999 -999 -999 -999 -999
IBTr 25S ORSON     890417 0600 122S 1267E -99 -99 0999 1010 0100 15 010 -999 -999 -999 -999 -999 -999
IBTr 25S ORSON     890417 1200 124S 1263E -99 -99 0999 1010 0100 15 010 -999 -999 -999 -999 -999 -999
IBTr 25S ORSON     890417 1800 126S 1257E -99 -99 0999 1010 0100 15 010 -999 -999 -999 -999 -999 -999
IBTr 25S ORSON     890418 0000 128S 1250E -99 -99 0998 1010 0100 16 010 -999 -999 -999 -999 -999 -999
IBTr 25S ORSON     890418 0600 129S 1243E -99 -99 0991 1010 0110 23 011 -999 -999 -999 -999 -999 -999
IBTr 25S ORSON     890418 1200 129S 1235E -99 -99 0987 1010 0110 26 011 -999 -999 -999 -999 -999 -999
IBTr 25S ORSON     890418 1800 128S 1228E -99 -99 0985 1010 0120 27 012 -999 -999 -999 -999 -999 -999
IBTr 25S ORSON     890419 0000 127S 1221E -99 -99 0981 1010 0120 29 012 -999 -999 -999 -999 -999 -999
IBTr 25S ORSON     890419 0600 124S 1215E -99 -99 0976 1010 0130 37 013 -999 -999 -999 -999 -999 -999
IBTr 25S ORSON     890419 1200 123S 1210E -99 -99 0967 1010 0130 39 013 -999 -999 -999 -999 -999 -999
IBTr 25S ORSON     890419 1800 121S 1204E -99 -99 0954 1010 0130 46 013 -999 -999 -999 -999 -999 -999
IBTr 25S ORSON     890420 0000 120S 1199E -99 -99 0945 1010 0130 50 013 -999 -999 -999 -999 -999 -999
IBTr 25S ORSON     890420 0600 121S 1193E -99 -99 0939 1010 0120 54 012 -999 -999 -999 -999 -999 -999
IBTr 25S ORSON     890420 1200 123S 1186E -99 -99 0933 1010 0110 57 011 -999 -999 -999 -999 -999 -999
IBTr 25S ORSON     890420 1800 128S 1181E -99 -99 0929 1010 0110 58 011 -999 -999 -999 -999 -999 -999
IBTr 25S ORSON     890421 0000 134S 1177E -99 -99 0922 1010 0100 62 010 -999 -999 -999 -999 -999 -999
IBTr 25S ORSON     890421 0600 139S 1170E -99 -99 0914 1010 0090 64 009 -999 -999 -999 -999 -999 -999
IBTr 25S ORSON     890421 1200 147S 1166E -99 -99 0906 1010 0080 67 008 -999 -999 -999 -999 -999 -999
IBTr 25S ORSON     890421 1800 154S 1163E -99 -99 0905 1010 0070 68 007 -999 -999 -999 -999 -999 -999
IBTr 25S ORSON     890422 0000 164S 1162E -99 -99 0905 1010 0070 68 007 -999 -999 -999 -999 -999 -999
IBTr 25S ORSON     890422 0300 168S 1161E -99 -99 0905 1010 0070 68 007 -999 -999 -999 -999 -999 -999
IBTr 25S ORSON     890422 0600 174S 1162E -99 -99 0905 1010 0070 68 007 -999 -999 -999 -999 -999 -999
IBTr 25S ORSON     890422 0900 180S 1164E -99 -99 0905 1010 0070 68 007 -999 -999 -999 -999 -999 -999
IBTr 25S ORSON     890422 1200 186S 1163E -99 -99 0905 1010 0080 68 008 -999 -999 -999 -999 -999 -999
IBTr 25S ORSON     890422 1500 192S 1162E -99 -99 0905 1010 0080 68 008 -999 -999 -999 -999 -999 -999
IBTr 25S ORSON     890422 1800 200S 1162E -99 -99 0911 1010 0090 65 009 -999 -999 -999 -999 -999 -999
IBTr 25S ORSON     890422 2100 210S 1163E -99 -99 0923 1010 0100 61 010 -999 -999 -999 -999 -999 -999
IBTr 25S ORSON     890423 0000 219S 1165E -99 -99 0950 1010 0130 48 013 -999 -999 -999 -999 -999 -999
IBTr 25S ORSON     890423 0300 228S 1168E -99 -99 0975 1010 0130 33 013 -999 -999 -999 -999 -999 -999
IBTr 25S ORSON     890423 0600 238S 1174E -99 -99 0985 1010 0120 26 012 -999 -999 -999 -999 -999 -999
IBTr 25S ORSON     890423 0900 246S 1179E -99 -99 0989 1010 0120 24 012 -999 -999 -999 -999 -999 -999
IBTr 25S ORSON     890423 1200 257S 1189E -99 -99 0993 1010 0110 21 011 -999 -999 -999 -999 -999 -999
IBTr 25S ORSON     890423 1500 268S 1192E -99 -99 0996 1010 0110 19 011 -999 -999 -999 -999 -999 -999
IBTr 25S ORSON     890423 1800 278S 1207E -99 -99 0997 1010 0110 18 011 -999 -999 -999 -999 -999 -999
IBTr 25S ORSON     890423 2100 287S 1218E -99 -99 0998 1010 0110 16 011 -999 -999 -999 -999 -999 -999
IBTr 25S ORSON     890424 0000 296S 1233E -99 -99 0999 1010 0100 15 010 -999 -999 -999 -999 -999 -999
IBTr 25S ORSON     890424 0300 304S 1249E -99 -99 1000 1010 0100 15 010 -999 -999 -999 -999 -999 -999
IBTr 25S ORSON     890424 0600 309S 1265E -99 -99 1000 1010 0100 15 010 -999 -999 -999 -999 -999 -999
IBTr 25S ORSON     890424 0900 315S 1284E -99 -99 1000 1010 0100 15 010 -999 -999 -999 -999 -999 -999
IBTr 25S ORSON     890424 1200 320S 1302E -99 -99 1000 1010 0100 15 010 -999 -999 -999 -999 -999 -999
