IBTr 26W SARAHSARA 890903 0000 158N 1591E -99 -99 -999 1010 0000 10 000 -999 -999 -999 -999 -999 -999
IBTr 26W SARAHSARA 890903 0600 161N 1580E -99 -99 -999 1010 0000 10 000 -999 -999 -999 -999 -999 -999
IBTr 26W SARAHSARA 890903 1200 165N 1571E -99 -99 -999 1010 0000 10 000 -999 -999 -999 -999 -999 -999
IBTr 26W SARAHSARA 890903 1800 168N 1561E -99 -99 -999 1010 0000 10 000 -999 -999 -999 -999 -999 -999
IBTr 26W SARAHSARA 890904 0000 172N 1550E -99 -99 -999 1010 0000 10 000 -999 -999 -999 -999 -999 -999
IBTr 26W SARAHSARA 890904 0600 178N 1534E -99 -99 -999 1010 0000 10 000 -999 -999 -999 -999 -999 -999
IBTr 26W SARAHSARA 890904 1200 186N 1517E -99 -99 -999 1010 0000 10 000 -999 -999 -999 -999 -999 -999
IBTr 26W SARAHSARA 890904 1800 192N 1502E -99 -99 -999 1010 0000 12 000 -999 -999 -999 -999 -999 -999
IBTr 26W SARAHSARA 890905 0000 201N 1482E -99 -99 1004 1010 0090 12 009 -999 -999 -999 -999 -999 -999
IBTr 26W SARAHSARA 890905 0600 206N 1461E -99 -99 1002 1010 0100 12 010 -999 -999 -999 -999 -999 -999
IBTr 26W SARAHSARA 890905 1200 207N 1444E -99 -99 1000 1010 0100 12 010 -999 -999 -999 -999 -999 -999
IBTr 26W SARAHSARA 890905 1800 207N 1428E -99 -99 0998 1010 0100 18 010 -999 -999 -999 -999 -999 -999
IBTr 26W SARAHSARA 890906 0000 206N 1412E -99 -99 0996 1010 0110 18 011 -999 -999 -999 -999 -999 -999
IBTr 26W SARAHSARA 890906 0600 205N 1393E -99 -99 0994 1010 0110 18 011 -999 -999 -999 -999 -999 -999
IBTr 26W SARAHSARA 890906 1200 203N 1379E -99 -99 0994 1010 0110 18 011 -999 -999 -999 -999 -999 -999
IBTr 26W SARAHSARA 890906 1800 202N 1368E -99 -99 0992 1010 0110 20 011 -999 -999 -999 -999 -999 -999
IBTr 26W SARAHSARA 890907 0000 200N 1355E -99 -99 0990 1010 0110 23 011 -999 -999 -999 -999 -999 -999
IBTr 26W SARAHSARA 890907 0600 201N 1345E -99 -99 0990 1010 0110 23 011 -999 -999 -999 -999 -999 -999
IBTr 26W SARAHSARA 890907 1200 205N 1333E -99 -99 0985 1010 0120 25 012 -999 -999 -999 -999 -999 -999
IBTr 26W SARAHSARA 890907 1800 210N 1316E -99 -99 0980 1010 0130 28 013 -999 -999 -999 -999 -999 -999
IBTr 26W SARAHSARA 890908 0000 216N 1293E -99 -99 0980 1010 0130 28 013 -999 -999 -999 -999 -999 -999
IBTr 26W SARAHSARA 890908 0600 211N 1266E -99 -99 0975 1010 0130 30 013 -999 -999 -999 -999 -999 -999
IBTr 26W SARAHSARA 890908 1200 195N 1251E -99 -99 0975 1010 0130 30 013 -999 -999 -999 -999 -999 -999
IBTr 26W SARAHSARA 890908 1800 184N 1248E -99 -99 0975 1010 0130 30 013 -999 -999 -999 -999 -999 -999
IBTr 26W SARAHSARA 890909 0000 179N 1248E -99 -99 0975 1010 0130 30 013 -999 -999 -999 -999 -999 -999
IBTr 26W SARAHSARA 890909 0600 178N 1241E -99 -99 0970 1010 0130 33 013 -999 -999 -999 -999 -999 -999
IBTr 26W SARAHSARA 890909 1200 176N 1240E -99 -99 0970 1010 0130 33 013 -999 -999 -999 -999 -999 -999
IBTr 26W SARAHSARA 890909 1800 184N 1240E -99 -99 0970 1010 0130 33 013 -999 -999 -999 -999 -999 -999
IBTr 26W SARAHSARA 890910 0000 192N 1239E -99 -99 0965 1010 0130 36 013 -999 -999 -999 -999 -999 -999
IBTr 26W SARAHSARA 890910 0600 199N 1238E -99 -99 0960 1010 0140 38 014 -999 -999 -999 -999 -999 -999
IBTr 26W SARAHSARA 890910 1200 206N 1235E -99 -99 0955 1010 0140 38 014 -999 -999 -999 -999 -999 -999
IBTr 26W SARAHSARA 890910 1800 211N 1232E -99 -99 0955 1010 0140 38 014 -999 -999 -999 -999 -999 -999
IBTr 26W SARAHSARA 890911 0000 217N 1231E -99 -99 0955 1010 0140 38 014 -999 -999 -999 -999 -999 -999
IBTr 26W SARAHSARA 890911 0600 227N 1227E -99 -99 0950 1010 0130 41 013 -999 -999 -999 -999 -999 -999
IBTr 26W SARAHSARA 890911 1200 232N 1219E -99 -99 0950 1010 0140 41 014 -999 -999 -999 -999 -999 -999
IBTr 26W SARAHSARA 890911 1800 232N 1212E -99 -99 0965 1010 0140 36 014 -999 -999 -999 -999 -999 -999
IBTr 26W SARAHSARA 890912 0000 234N 1215E -99 -99 0965 1010 0140 36 014 -999 -999 -999 -999 -999 -999
IBTr 26W SARAHSARA 890912 0600 241N 1217E -99 -99 0975 1010 0130 30 013 -999 -999 -999 -999 -999 -999
IBTr 26W SARAHSARA 890912 1200 248N 1215E -99 -99 0980 1010 0130 28 013 -999 -999 -999 -999 -999 -999
IBTr 26W SARAHSARA 890912 1800 253N 1211E -99 -99 0980 1010 0130 28 013 -999 -999 -999 -999 -999 -999
IBTr 26W SARAHSARA 890913 0000 259N 1205E -99 -99 0985 1010 0120 25 012 -999 -999 -999 -999 -999 -999
IBTr 26W SARAHSARA 890913 0600 264N 1202E -99 -99 0990 1010 0120 23 012 -999 -999 -999 -999 -999 -999
IBTr 26W SARAHSARA 890913 1200 269N 1197E -99 -99 0994 1010 0110 20 011 -999 -999 -999 -999 -999 -999
IBTr 26W SARAHSARA 890913 1800 273N 1196E -99 -99 0998 1010 0110 12 011 -999 -999 -999 -999 -999 -999
IBTr 26W SARAHSARA 890914 0000 272N 1196E -99 -99 1004 1010 0100 10 010 -999 -999 -999 -999 -999 -999
IBTr 26W SARAHSARA 890914 0600 255N 1191E -99 -99 -999 1010 0000 -9 000 -999 -999 -999 -999 -999 -999
