IBTr 20S KRISY     890326 1200 80S  0806E -99 -99 -999 1010 0000 -9 000 -999 -999 -999 -999 -999 -999
IBTr 20S KRISY     890326 1800 80S  0799E -99 -99 -999 1010 0000 -9 000 -999 -999 -999 -999 -999 -999
IBTr 20S KRISY     890327 0000 82S  0793E -99 -99 -999 1010 0000 -9 000 -999 -999 -999 -999 -999 -999
IBTr 20S KRISY     890327 0600 83S  0786E -99 -99 -999 1010 0000 -9 000 -999 -999 -999 -999 -999 -999
IBTr 20S KRISY     890327 1200 86S  0779E -99 -99 -999 1010 0000 -9 000 -999 -999 -999 -999 -999 -999
IBTr 20S KRISY     890327 1800 91S  0774E -99 -99 -999 1010 0000 -9 000 -999 -999 -999 -999 -999 -999
IBTr 20S KRISY     890328 0000 96S  0770E -99 -99 -999 1010 0000 -9 000 -999 -999 -999 -999 -999 -999
IBTr 20S KRISY     890328 0600 99S  0761E -99 -99 -999 1010 0000 -9 000 -999 -999 -999 -999 -999 -999
IBTr 20S KRISY     890328 1200 98S  0752E -99 -99 -999 1010 0000 -9 000 -999 -999 -999 -999 -999 -999
IBTr 20S KRISY     890328 1800 96S  0746E -99 -99 -999 1010 0000 -9 000 -999 -999 -999 -999 -999 -999
IBTr 20S KRISY     890329 0000 97S  0740E -99 -99 -999 1010 0000 -9 000 -999 -999 -999 -999 -999 -999
IBTr 20S KRISY     890329 0600 100S 0736E -99 -99 -999 1010 0000 -9 000 -999 -999 -999 -999 -999 -999
IBTr 20S KRISY     890329 1200 106S 0737E -99 -99 -999 1010 0000 -9 000 -999 -999 -999 -999 -999 -999
IBTr 20S KRISY     890329 1800 111S 0735E -99 -99 -999 1010 0000 -9 000 -999 -999 -999 -999 -999 -999
