IBTr 20W PEGGY     890814 1800 158N 1452E -99 -99 -999 1010 0000 10 000 -999 -999 -999 -999 -999 -999
IBTr 20W PEGGY     890815 0000 162N 1458E -99 -99 1004 1010 0090 12 009 -999 -999 -999 -999 -999 -999
IBTr 20W PEGGY     890815 0600 166N 1466E -99 -99 1000 1010 0100 12 010 -999 -999 -999 -999 -999 -999
IBTr 20W PEGGY     890815 1200 173N 1475E -99 -99 1000 1010 0100 12 010 -999 -999 -999 -999 -999 -999
IBTr 20W PEGGY     890815 1800 183N 1482E -99 -99 1000 1010 0100 12 010 -999 -999 -999 -999 -999 -999
IBTr 20W PEGGY     890816 0000 193N 1486E -99 -99 1000 1010 0100 12 010 -999 -999 -999 -999 -999 -999
IBTr 20W PEGGY     890816 0600 204N 1488E -99 -99 1000 1010 0100 15 010 -999 -999 -999 -999 -999 -999
IBTr 20W PEGGY     890816 1200 214N 1487E -99 -99 1000 1010 0100 18 010 -999 -999 -999 -999 -999 -999
IBTr 20W PEGGY     890816 1800 222N 1486E -99 -99 0998 1010 0100 18 010 -999 -999 -999 -999 -999 -999
IBTr 20W PEGGY     890817 0000 228N 1482E -99 -99 0998 1010 0100 18 010 -999 -999 -999 -999 -999 -999
IBTr 20W PEGGY     890817 0600 232N 1477E -99 -99 0998 1010 0100 18 010 -999 -999 -999 -999 -999 -999
IBTr 20W PEGGY     890817 1200 234N 1474E -99 -99 0998 1010 0100 18 010 -999 -999 -999 -999 -999 -999
IBTr 20W PEGGY     890817 1800 235N 1466E -99 -99 0996 1010 0110 18 011 -999 -999 -999 -999 -999 -999
IBTr 20W PEGGY     890818 0000 236N 1457E -99 -99 0996 1010 0110 18 011 -999 -999 -999 -999 -999 -999
IBTr 20W PEGGY     890818 0600 236N 1449E -99 -99 0998 1010 0100 18 010 -999 -999 -999 -999 -999 -999
IBTr 20W PEGGY     890818 1200 238N 1442E -99 -99 1000 1010 0100 12 010 -999 -999 -999 -999 -999 -999
IBTr 20W PEGGY     890818 1800 241N 1434E -99 -99 1004 1010 0090 10 009 -999 -999 -999 -999 -999 -999
IBTr 20W PEGGY     890819 0000 243N 1427E -99 -99 1004 1010 0090 10 009 -999 -999 -999 -999 -999 -999
IBTr 20W PEGGY     890819 0600 246N 1420E -99 -99 -999 1010 0000 07 000 -999 -999 -999 -999 -999 -999
