IBTr 35W FORREST   891018 0000 50N  1578E -99 -99 -999 1010 0000 07 000 -999 -999 -999 -999 -999 -999
IBTr 35W FORREST   891018 0600 47N  1574E -99 -99 -999 1010 0000 10 000 -999 -999 -999 -999 -999 -999
IBTr 35W FORREST   891018 1200 45N  1572E -99 -99 -999 1010 0000 10 000 -999 -999 -999 -999 -999 -999
IBTr 35W FORREST   891018 1800 43N  1568E -99 -99 -999 1010 0000 10 000 -999 -999 -999 -999 -999 -999
IBTr 35W FORREST   891019 0000 43N  1564E -99 -99 -999 1010 0000 10 000 -999 -999 -999 -999 -999 -999
IBTr 35W FORREST   891019 0600 41N  1558E -99 -99 -999 1010 0000 10 000 -999 -999 -999 -999 -999 -999
IBTr 35W FORREST   891019 1200 40N  1553E -99 -99 -999 1010 0000 10 000 -999 -999 -999 -999 -999 -999
IBTr 35W FORREST   891019 1800 38N  1547E -99 -99 -999 1010 0000 10 000 -999 -999 -999 -999 -999 -999
IBTr 35W FORREST   891020 0000 38N  1542E -99 -99 -999 1010 0000 10 000 -999 -999 -999 -999 -999 -999
IBTr 35W FORREST   891020 0600 39N  1533E -99 -99 -999 1010 0000 10 000 -999 -999 -999 -999 -999 -999
IBTr 35W FORREST   891020 1200 43N  1526E -99 -99 -999 1010 0000 10 000 -999 -999 -999 -999 -999 -999
IBTr 35W FORREST   891020 1800 50N  1521E -99 -99 -999 1010 0000 10 000 -999 -999 -999 -999 -999 -999
IBTr 35W FORREST   891021 0000 61N  1518E -99 -99 1004 1010 0090 12 009 -999 -999 -999 -999 -999 -999
IBTr 35W FORREST   891021 0600 71N  1512E -99 -99 1000 1010 0090 12 009 -999 -999 -999 -999 -999 -999
IBTr 35W FORREST   891021 1200 79N  1508E -99 -99 1000 1010 0090 12 009 -999 -999 -999 -999 -999 -999
IBTr 35W FORREST   891021 1800 85N  1505E -99 -99 1000 1010 0090 12 009 -999 -999 -999 -999 -999 -999
IBTr 35W FORREST   891022 0000 91N  1501E -99 -99 1000 1010 0090 15 009 -999 -999 -999 -999 -999 -999
IBTr 35W FORREST   891022 0600 98N  1498E -99 -99 0998 1010 0100 18 010 -999 -999 -999 -999 -999 -999
IBTr 35W FORREST   891022 1200 107N 1493E -99 -99 0996 1010 0100 18 010 -999 -999 -999 -999 -999 -999
IBTr 35W FORREST   891022 1800 114N 1485E -99 -99 0994 1010 0100 20 010 -999 -999 -999 -999 -999 -999
IBTr 35W FORREST   891023 0000 122N 1481E -99 -99 0992 1010 0110 23 011 -999 -999 -999 -999 -999 -999
IBTr 35W FORREST   891023 0600 129N 1476E -99 -99 0990 1010 0110 23 011 -999 -999 -999 -999 -999 -999
IBTr 35W FORREST   891023 1200 134N 1471E -99 -99 0985 1010 0120 25 012 -999 -999 -999 -999 -999 -999
IBTr 35W FORREST   891023 1800 139N 1465E -99 -99 0985 1010 0120 25 012 -999 -999 -999 -999 -999 -999
IBTr 35W FORREST   891024 0000 144N 1459E -99 -99 0985 1010 0120 25 012 -999 -999 -999 -999 -999 -999
IBTr 35W FORREST   891024 0600 150N 1452E -99 -99 0980 1010 0120 28 012 -999 -999 -999 -999 -999 -999
IBTr 35W FORREST   891024 1200 155N 1444E -99 -99 0980 1010 0120 28 012 -999 -999 -999 -999 -999 -999
IBTr 35W FORREST   891024 1800 159N 1436E -99 -99 0975 1010 0130 30 013 -999 -999 -999 -999 -999 -999
IBTr 35W FORREST   891025 0000 165N 1427E -99 -99 0970 1010 0130 33 013 -999 -999 -999 -999 -999 -999
IBTr 35W FORREST   891025 0600 172N 1418E -99 -99 0965 1010 0130 36 013 -999 -999 -999 -999 -999 -999
IBTr 35W FORREST   891025 1200 178N 1410E -99 -99 0960 1010 0130 38 013 -999 -999 -999 -999 -999 -999
IBTr 35W FORREST   891025 1800 185N 1403E -99 -99 0955 1010 0130 38 013 -999 -999 -999 -999 -999 -999
IBTr 35W FORREST   891026 0000 194N 1396E -99 -99 0955 1010 0130 38 013 -999 -999 -999 -999 -999 -999
IBTr 35W FORREST   891026 0600 202N 1390E -99 -99 0950 1010 0130 41 013 -999 -999 -999 -999 -999 -999
IBTr 35W FORREST   891026 1200 210N 1385E -99 -99 0950 1010 0130 41 013 -999 -999 -999 -999 -999 -999
IBTr 35W FORREST   891026 1800 217N 1379E -99 -99 0945 1010 0130 43 013 -999 -999 -999 -999 -999 -999
IBTr 35W FORREST   891027 0000 225N 1375E -99 -99 0940 1010 0130 43 013 -999 -999 -999 -999 -999 -999
IBTr 35W FORREST   891027 0600 234N 1372E -99 -99 0940 1010 0130 43 013 -999 -999 -999 -999 -999 -999
IBTr 35W FORREST   891027 1200 245N 1372E -99 -99 0940 1010 0130 43 013 -999 -999 -999 -999 -999 -999
IBTr 35W FORREST   891027 1800 258N 1373E -99 -99 0940 1010 0130 43 013 -999 -999 -999 -999 -999 -999
IBTr 35W FORREST   891028 0000 271N 1378E -99 -99 0945 1010 0130 43 013 -999 -999 -999 -999 -999 -999
IBTr 35W FORREST   891028 0600 282N 1386E -99 -99 0950 1010 0140 41 014 -999 -999 -999 -999 -999 -999
IBTr 35W FORREST   891028 1200 299N 1407E -99 -99 0960 1010 0140 38 014 -999 -999 -999 -999 -999 -999
IBTr 35W FORREST   891028 1800 318N 1440E -99 -99 0965 1010 0140 36 014 -999 -999 -999 -999 -999 -999
IBTr 35W FORREST   891029 0000 337N 1483E -99 -99 0970 1010 0140 33 014 -999 -999 -999 -999 -999 -999
IBTr 35W FORREST   891029 0600 369N 1534E -99 -99 0970 1010 0140 30 014 -999 -999 -999 -999 -999 -999
IBTr 35W FORREST   891029 1200 402N 1577E -99 -99 0960 1010 0150 30 015 -999 -999 -999 -999 -999 -999
IBTr 35W FORREST   891029 1800 436N 1610E -99 -99 0956 1010 0150 30 015 -999 -999 -999 -999 -999 -999
IBTr 35W FORREST   891030 0000 459N 1632E -99 -99 0952 1010 0150 30 015 -999 -999 -999 -999 -999 -999
IBTr 35W FORREST   891030 0600 465N 1635E -99 -99 0952 1010 0150 -9 015 -999 -999 -999 -999 -999 -999
IBTr 35W FORREST   891030 1200 465N 1650E -99 -99 0960 1010 0150 -9 015 -999 -999 -999 -999 -999 -999
IBTr 35W FORREST   891030 1800 460N 1670E -99 -99 0964 1010 0150 -9 015 -999 -999 -999 -999 -999 -999
IBTr 35W FORREST   891031 0000 460N 1700E -99 -99 0968 1010 0150 -9 015 -999 -999 -999 -999 -999 -999
IBTr 35W FORREST   891031 0600 470N 1730E -99 -99 0970 1010 0150 -9 015 -999 -999 -999 -999 -999 -999
IBTr 35W FORREST   891031 1200 470N 1760E -99 -99 0972 1010 0150 -9 015 -999 -999 -999 -999 -999 -999
