IBTr 30W ANGELA    890928 0000 120N 1424E -99 -99 -999 1010 0000 10 000 -999 -999 -999 -999 -999 -999
IBTr 30W ANGELA    890928 0600 118N 1412E -99 -99 1008 1010 0080 10 008 -999 -999 -999 -999 -999 -999
IBTr 30W ANGELA    890928 1200 118N 1403E -99 -99 1006 1010 0090 10 009 -999 -999 -999 -999 -999 -999
IBTr 30W ANGELA    890928 1800 120N 1397E -99 -99 1004 1010 0090 10 009 -999 -999 -999 -999 -999 -999
IBTr 30W ANGELA    890929 0000 124N 1395E -99 -99 1004 1010 0090 12 009 -999 -999 -999 -999 -999 -999
IBTr 30W ANGELA    890929 0600 133N 1395E -99 -99 1000 1010 0100 18 010 -999 -999 -999 -999 -999 -999
IBTr 30W ANGELA    890929 1200 143N 1393E -99 -99 1000 1010 0100 18 010 -999 -999 -999 -999 -999 -999
IBTr 30W ANGELA    890929 1800 150N 1391E -99 -99 0996 1010 0100 20 010 -999 -999 -999 -999 -999 -999
IBTr 30W ANGELA    890930 0000 154N 1387E -99 -99 0994 1010 0110 20 011 -999 -999 -999 -999 -999 -999
IBTr 30W ANGELA    890930 0600 157N 1384E -99 -99 0994 1010 0110 20 011 -999 -999 -999 -999 -999 -999
IBTr 30W ANGELA    890930 1200 160N 1382E -99 -99 0990 1010 0110 23 011 -999 -999 -999 -999 -999 -999
IBTr 30W ANGELA    890930 1800 163N 1381E -99 -99 0980 1010 0120 28 012 -999 -999 -999 -999 -999 -999
IBTr 30W ANGELA    891001 0000 164N 1378E -99 -99 0970 1010 0130 33 013 -999 -999 -999 -999 -999 -999
IBTr 30W ANGELA    891001 0600 167N 1373E -99 -99 0965 1010 0130 36 013 -999 -999 -999 -999 -999 -999
IBTr 30W ANGELA    891001 1200 168N 1367E -99 -99 0960 1010 0130 36 013 -999 -999 -999 -999 -999 -999
IBTr 30W ANGELA    891001 1800 170N 1360E -99 -99 0950 1010 0130 41 013 -999 -999 -999 -999 -999 -999
IBTr 30W ANGELA    891002 0000 173N 1352E -99 -99 0945 1010 0130 43 013 -999 -999 -999 -999 -999 -999
IBTr 30W ANGELA    891002 0600 175N 1343E -99 -99 0940 1010 0120 43 012 -999 -999 -999 -999 -999 -999
IBTr 30W ANGELA    891002 1200 178N 1334E -99 -99 0930 1010 0110 46 011 -999 -999 -999 -999 -999 -999
IBTr 30W ANGELA    891002 1800 179N 1326E -99 -99 0925 1010 0110 48 011 -999 -999 -999 -999 -999 -999
IBTr 30W ANGELA    891003 0000 180N 1319E -99 -99 0925 1010 0110 48 011 -999 -999 -999 -999 -999 -999
IBTr 30W ANGELA    891003 0600 181N 1312E -99 -99 0925 1010 0110 48 011 -999 -999 -999 -999 -999 -999
IBTr 30W ANGELA    891003 1200 181N 1307E -99 -99 0925 1010 0110 48 011 -999 -999 -999 -999 -999 -999
IBTr 30W ANGELA    891003 1800 182N 1301E -99 -99 0935 1010 0120 46 012 -999 -999 -999 -999 -999 -999
IBTr 30W ANGELA    891004 0000 181N 1294E -99 -99 0935 1010 0120 46 012 -999 -999 -999 -999 -999 -999
IBTr 30W ANGELA    891004 0600 182N 1285E -99 -99 0940 1010 0130 43 013 -999 -999 -999 -999 -999 -999
IBTr 30W ANGELA    891004 1200 182N 1274E -99 -99 0945 1010 0130 43 013 -999 -999 -999 -999 -999 -999
IBTr 30W ANGELA    891004 1800 181N 1262E -99 -99 0945 1010 0130 43 013 -999 -999 -999 -999 -999 -999
IBTr 30W ANGELA    891005 0000 181N 1251E -99 -99 0945 1010 0130 43 013 -999 -999 -999 -999 -999 -999
IBTr 30W ANGELA    891005 0600 181N 1240E -99 -99 0945 1010 0130 43 013 -999 -999 -999 -999 -999 -999
IBTr 30W ANGELA    891005 1200 182N 1230E -99 -99 0940 1010 0130 43 013 -999 -999 -999 -999 -999 -999
IBTr 30W ANGELA    891005 1800 185N 1220E -99 -99 0940 1010 0130 43 013 -999 -999 -999 -999 -999 -999
IBTr 30W ANGELA    891006 0000 186N 1211E -99 -99 0950 1010 0130 41 013 -999 -999 -999 -999 -999 -999
IBTr 30W ANGELA    891006 0600 187N 1201E -99 -99 0960 1010 0140 36 014 -999 -999 -999 -999 -999 -999
IBTr 30W ANGELA    891006 1200 186N 1193E -99 -99 0960 1010 0140 36 014 -999 -999 -999 -999 -999 -999
IBTr 30W ANGELA    891006 1800 185N 1185E -99 -99 0960 1010 0140 36 014 -999 -999 -999 -999 -999 -999
IBTr 30W ANGELA    891007 0000 185N 1179E -99 -99 0955 1010 0130 38 013 -999 -999 -999 -999 -999 -999
IBTr 30W ANGELA    891007 0600 183N 1172E -99 -99 0955 1010 0130 38 013 -999 -999 -999 -999 -999 -999
IBTr 30W ANGELA    891007 1200 182N 1165E -99 -99 0955 1010 0130 38 013 -999 -999 -999 -999 -999 -999
IBTr 30W ANGELA    891007 1800 182N 1158E -99 -99 0955 1010 0130 38 013 -999 -999 -999 -999 -999 -999
IBTr 30W ANGELA    891008 0000 182N 1151E -99 -99 0955 1010 0130 38 013 -999 -999 -999 -999 -999 -999
IBTr 30W ANGELA    891008 0600 181N 1144E -99 -99 0955 1010 0130 38 013 -999 -999 -999 -999 -999 -999
IBTr 30W ANGELA    891008 1200 179N 1135E -99 -99 0955 1010 0130 38 013 -999 -999 -999 -999 -999 -999
IBTr 30W ANGELA    891008 1800 177N 1125E -99 -99 0955 1010 0130 38 013 -999 -999 -999 -999 -999 -999
IBTr 30W ANGELA    891009 0000 175N 1116E -99 -99 0955 1010 0130 38 013 -999 -999 -999 -999 -999 -999
IBTr 30W ANGELA    891009 0600 175N 1106E -99 -99 0955 1010 0130 38 013 -999 -999 -999 -999 -999 -999
IBTr 30W ANGELA    891009 1200 175N 1096E -99 -99 0960 1010 0130 38 013 -999 -999 -999 -999 -999 -999
IBTr 30W ANGELA    891009 1800 174N 1087E -99 -99 0965 1010 0130 36 013 -999 -999 -999 -999 -999 -999
IBTr 30W ANGELA    891010 0000 174N 1078E -99 -99 0965 1010 0130 36 013 -999 -999 -999 -999 -999 -999
IBTr 30W ANGELA    891010 0600 174N 1069E -99 -99 0970 1010 0130 33 013 -999 -999 -999 -999 -999 -999
IBTr 30W ANGELA    891010 1200 174N 1060E -99 -99 0980 1010 0120 28 012 -999 -999 -999 -999 -999 -999
IBTr 30W ANGELA    891010 1800 173N 1053E -99 -99 0996 1010 0100 18 010 -999 -999 -999 -999 -999 -999
IBTr 30W ANGELA    891011 0000 170N 1055E -99 -99 1004 1010 0090 -9 009 -999 -999 -999 -999 -999 -999
