IBTr 31W COLLEENCO 890927 1200 140N 1675E -99 -99 -999 1010 0000 10 000 -999 -999 -999 -999 -999 -999
IBTr 31W COLLEENCO 890927 1800 138N 1663E -99 -99 -999 1010 0000 10 000 -999 -999 -999 -999 -999 -999
IBTr 31W COLLEENCO 890928 0000 136N 1652E -99 -99 -999 1010 0000 10 000 -999 -999 -999 -999 -999 -999
IBTr 31W COLLEENCO 890928 0600 134N 1641E -99 -99 -999 1010 0000 10 000 -999 -999 -999 -999 -999 -999
IBTr 31W COLLEENCO 890928 1200 132N 1630E -99 -99 -999 1010 0000 10 000 -999 -999 -999 -999 -999 -999
IBTr 31W COLLEENCO 890928 1800 130N 1618E -99 -99 -999 1010 0000 10 000 -999 -999 -999 -999 -999 -999
IBTr 31W COLLEENCO 890929 0000 128N 1608E -99 -99 -999 1010 0000 10 000 -999 -999 -999 -999 -999 -999
IBTr 31W COLLEENCO 890929 0600 126N 1598E -99 -99 -999 1010 0000 10 000 -999 -999 -999 -999 -999 -999
IBTr 31W COLLEENCO 890929 1200 124N 1589E -99 -99 -999 1010 0000 10 000 -999 -999 -999 -999 -999 -999
IBTr 31W COLLEENCO 890929 1800 121N 1580E -99 -99 -999 1010 0000 10 000 -999 -999 -999 -999 -999 -999
IBTr 31W COLLEENCO 890930 0000 120N 1571E -99 -99 -999 1010 0000 10 000 -999 -999 -999 -999 -999 -999
IBTr 31W COLLEENCO 890930 0600 118N 1561E -99 -99 -999 1010 0000 10 000 -999 -999 -999 -999 -999 -999
IBTr 31W COLLEENCO 890930 1200 118N 1552E -99 -99 -999 1010 0000 10 000 -999 -999 -999 -999 -999 -999
IBTr 31W COLLEENCO 890930 1800 117N 1542E -99 -99 -999 1010 0000 10 000 -999 -999 -999 -999 -999 -999
IBTr 31W COLLEENCO 891001 0000 117N 1532E -99 -99 1004 1010 0090 12 009 -999 -999 -999 -999 -999 -999
IBTr 31W COLLEENCO 891001 0600 118N 1523E -99 -99 1004 1010 0090 12 009 -999 -999 -999 -999 -999 -999
IBTr 31W COLLEENCO 891001 1200 118N 1514E -99 -99 1004 1010 0090 12 009 -999 -999 -999 -999 -999 -999
IBTr 31W COLLEENCO 891001 1800 117N 1504E -99 -99 1000 1010 0100 15 010 -999 -999 -999 -999 -999 -999
IBTr 31W COLLEENCO 891002 0000 117N 1494E -99 -99 0998 1010 0100 18 010 -999 -999 -999 -999 -999 -999
IBTr 31W COLLEENCO 891002 0600 119N 1485E -99 -99 0996 1010 0100 20 010 -999 -999 -999 -999 -999 -999
IBTr 31W COLLEENCO 891002 1200 125N 1480E -99 -99 0992 1010 0110 23 011 -999 -999 -999 -999 -999 -999
IBTr 31W COLLEENCO 891002 1800 131N 1477E -99 -99 0990 1010 0110 23 011 -999 -999 -999 -999 -999 -999
IBTr 31W COLLEENCO 891003 0000 142N 1475E -99 -99 0985 1010 0120 25 012 -999 -999 -999 -999 -999 -999
IBTr 31W COLLEENCO 891003 0600 153N 1470E -99 -99 0980 1010 0120 28 012 -999 -999 -999 -999 -999 -999
IBTr 31W COLLEENCO 891003 1200 162N 1466E -99 -99 0975 1010 0130 30 013 -999 -999 -999 -999 -999 -999
IBTr 31W COLLEENCO 891003 1800 171N 1461E -99 -99 0975 1010 0130 30 013 -999 -999 -999 -999 -999 -999
IBTr 31W COLLEENCO 891004 0000 180N 1456E -99 -99 0975 1010 0130 30 013 -999 -999 -999 -999 -999 -999
IBTr 31W COLLEENCO 891004 0600 188N 1452E -99 -99 0970 1010 0130 33 013 -999 -999 -999 -999 -999 -999
IBTr 31W COLLEENCO 891004 1200 195N 1448E -99 -99 0965 1010 0130 36 013 -999 -999 -999 -999 -999 -999
IBTr 31W COLLEENCO 891004 1800 201N 1446E -99 -99 0960 1010 0140 38 014 -999 -999 -999 -999 -999 -999
IBTr 31W COLLEENCO 891005 0000 207N 1444E -99 -99 0955 1010 0140 38 014 -999 -999 -999 -999 -999 -999
IBTr 31W COLLEENCO 891005 0600 213N 1441E -99 -99 0950 1010 0130 41 013 -999 -999 -999 -999 -999 -999
IBTr 31W COLLEENCO 891005 1200 219N 1438E -99 -99 0950 1010 0130 41 013 -999 -999 -999 -999 -999 -999
IBTr 31W COLLEENCO 891005 1800 227N 1433E -99 -99 0950 1010 0130 41 013 -999 -999 -999 -999 -999 -999
IBTr 31W COLLEENCO 891006 0000 236N 1425E -99 -99 0950 1010 0140 41 014 -999 -999 -999 -999 -999 -999
IBTr 31W COLLEENCO 891006 0600 245N 1416E -99 -99 0950 1010 0140 41 014 -999 -999 -999 -999 -999 -999
IBTr 31W COLLEENCO 891006 1200 253N 1409E -99 -99 0950 1010 0140 41 014 -999 -999 -999 -999 -999 -999
IBTr 31W COLLEENCO 891006 1800 263N 1405E -99 -99 0950 1010 0140 41 014 -999 -999 -999 -999 -999 -999
IBTr 31W COLLEENCO 891007 0000 274N 1408E -99 -99 0950 1010 0140 41 014 -999 -999 -999 -999 -999 -999
IBTr 31W COLLEENCO 891007 0600 291N 1415E -99 -99 0950 1010 0140 41 014 -999 -999 -999 -999 -999 -999
IBTr 31W COLLEENCO 891007 1200 308N 1429E -99 -99 0950 1010 0140 41 014 -999 -999 -999 -999 -999 -999
IBTr 31W COLLEENCO 891007 1800 331N 1452E -99 -99 0955 1010 0140 38 014 -999 -999 -999 -999 -999 -999
IBTr 31W COLLEENCO 891008 0000 362N 1484E -99 -99 0960 1010 0140 38 014 -999 -999 -999 -999 -999 -999
IBTr 31W COLLEENCO 891008 0600 401N 1529E -99 -99 0965 1010 0150 36 015 -999 -999 -999 -999 -999 -999
IBTr 31W COLLEENCO 891008 1200 445N 1583E -99 -99 0975 1010 0140 30 014 -999 -999 -999 -999 -999 -999
IBTr 31W COLLEENCO 891008 1800 510N 1620E -99 -99 0976 1010 0150 -9 015 -999 -999 -999 -999 -999 -999
IBTr 31W COLLEENCO 891009 0000 550N 1650E -99 -99 0968 1010 0150 -9 015 -999 -999 -999 -999 -999 -999
IBTr 31W COLLEENCO 891009 0600 575N 1670E -99 -99 0964 1010 0160 -9 016 -999 -999 -999 -999 -999 -999
IBTr 31W COLLEENCO 891009 1200 590N 1690E -99 -99 0960 1010 0160 -9 016 -999 -999 -999 -999 -999 -999
IBTr 31W COLLEENCO 891009 1800 610N 1740E -99 -99 0968 1010 0160 -9 016 -999 -999 -999 -999 -999 -999
