IBTr 33W DAN       891006 0000 68N  1514E -99 -99 -999 1010 0000 07 000 -999 -999 -999 -999 -999 -999
IBTr 33W DAN       891006 0600 73N  1501E -99 -99 -999 1010 0000 07 000 -999 -999 -999 -999 -999 -999
IBTr 33W DAN       891006 1200 78N  1489E -99 -99 -999 1010 0000 07 000 -999 -999 -999 -999 -999 -999
IBTr 33W DAN       891006 1800 82N  1475E -99 -99 -999 1010 0000 10 000 -999 -999 -999 -999 -999 -999
IBTr 33W DAN       891007 0000 87N  1463E -99 -99 -999 1010 0000 10 000 -999 -999 -999 -999 -999 -999
IBTr 33W DAN       891007 0600 89N  1450E -99 -99 -999 1010 0000 10 000 -999 -999 -999 -999 -999 -999
IBTr 33W DAN       891007 1200 92N  1438E -99 -99 -999 1010 0000 10 000 -999 -999 -999 -999 -999 -999
IBTr 33W DAN       891007 1800 95N  1425E -99 -99 -999 1010 0000 10 000 -999 -999 -999 -999 -999 -999
IBTr 33W DAN       891008 0000 97N  1410E -99 -99 1008 1010 0080 12 008 -999 -999 -999 -999 -999 -999
IBTr 33W DAN       891008 0600 98N  1396E -99 -99 1004 1010 0090 12 009 -999 -999 -999 -999 -999 -999
IBTr 33W DAN       891008 1200 100N 1385E -99 -99 1002 1010 0090 12 009 -999 -999 -999 -999 -999 -999
IBTr 33W DAN       891008 1800 102N 1370E -99 -99 1000 1010 0100 15 010 -999 -999 -999 -999 -999 -999
IBTr 33W DAN       891009 0000 105N 1356E -99 -99 0996 1010 0100 20 010 -999 -999 -999 -999 -999 -999
IBTr 33W DAN       891009 0600 108N 1337E -99 -99 0990 1010 0110 23 011 -999 -999 -999 -999 -999 -999
IBTr 33W DAN       891009 1200 111N 1320E -99 -99 0985 1010 0120 25 012 -999 -999 -999 -999 -999 -999
IBTr 33W DAN       891009 1800 115N 1302E -99 -99 0980 1010 0120 28 012 -999 -999 -999 -999 -999 -999
IBTr 33W DAN       891010 0000 119N 1282E -99 -99 0975 1010 0130 30 013 -999 -999 -999 -999 -999 -999
IBTr 33W DAN       891010 0600 124N 1263E -99 -99 0970 1010 0130 33 013 -999 -999 -999 -999 -999 -999
IBTr 33W DAN       891010 1200 130N 1243E -99 -99 0975 1010 0130 30 013 -999 -999 -999 -999 -999 -999
IBTr 33W DAN       891010 1800 135N 1224E -99 -99 0975 1010 0130 30 013 -999 -999 -999 -999 -999 -999
IBTr 33W DAN       891011 0000 142N 1204E -99 -99 0970 1010 0130 33 013 -999 -999 -999 -999 -999 -999
IBTr 33W DAN       891011 0600 151N 1187E -99 -99 0970 1010 0130 33 013 -999 -999 -999 -999 -999 -999
IBTr 33W DAN       891011 1200 161N 1169E -99 -99 0970 1010 0130 33 013 -999 -999 -999 -999 -999 -999
IBTr 33W DAN       891011 1800 164N 1150E -99 -99 0970 1010 0130 33 013 -999 -999 -999 -999 -999 -999
IBTr 33W DAN       891012 0000 165N 1135E -99 -99 0965 1010 0130 36 013 -999 -999 -999 -999 -999 -999
IBTr 33W DAN       891012 0600 166N 1122E -99 -99 0965 1010 0130 36 013 -999 -999 -999 -999 -999 -999
IBTr 33W DAN       891012 1200 169N 1112E -99 -99 0960 1010 0130 38 013 -999 -999 -999 -999 -999 -999
IBTr 33W DAN       891012 1800 174N 1099E -99 -99 0960 1010 0130 38 013 -999 -999 -999 -999 -999 -999
IBTr 33W DAN       891013 0000 177N 1086E -99 -99 0965 1010 0130 36 013 -999 -999 -999 -999 -999 -999
IBTr 33W DAN       891013 0600 180N 1073E -99 -99 0970 1010 0130 33 013 -999 -999 -999 -999 -999 -999
IBTr 33W DAN       891013 1200 183N 1060E -99 -99 0975 1010 0130 30 013 -999 -999 -999 -999 -999 -999
IBTr 33W DAN       891013 1800 185N 1049E -99 -99 0990 1010 0110 23 011 -999 -999 -999 -999 -999 -999
IBTr 33W DAN       891014 0000 188N 1029E -99 -99 0998 1010 0100 -9 010 -999 -999 -999 -999 -999 -999
IBTr 33W DAN       891014 0600 190N 1010E -99 -99 1000 1010 0100 -9 010 -999 -999 -999 -999 -999 -999
