IBTr 34W ELSIE     891013 0000 140N 1370E -99 -99 -999 1010 0000 10 000 -999 -999 -999 -999 -999 -999
IBTr 34W ELSIE     891013 0600 148N 1360E -99 -99 1006 1010 0090 12 009 -999 -999 -999 -999 -999 -999
IBTr 34W ELSIE     891013 1200 154N 1350E -99 -99 1004 1010 0090 15 009 -999 -999 -999 -999 -999 -999
IBTr 34W ELSIE     891013 1800 161N 1337E -99 -99 1004 1010 0090 15 009 -999 -999 -999 -999 -999 -999
IBTr 34W ELSIE     891014 0000 164N 1323E -99 -99 1002 1010 0090 15 009 -999 -999 -999 -999 -999 -999
IBTr 34W ELSIE     891014 0600 164N 1318E -99 -99 0998 1010 0100 18 010 -999 -999 -999 -999 -999 -999
IBTr 34W ELSIE     891014 1200 164N 1314E -99 -99 0996 1010 0100 20 010 -999 -999 -999 -999 -999 -999
IBTr 34W ELSIE     891014 1800 164N 1311E -99 -99 0996 1010 0100 20 010 -999 -999 -999 -999 -999 -999
IBTr 34W ELSIE     891015 0000 161N 1310E -99 -99 0992 1010 0110 23 011 -999 -999 -999 -999 -999 -999
IBTr 34W ELSIE     891015 0600 161N 1310E -99 -99 0985 1010 0120 25 012 -999 -999 -999 -999 -999 -999
IBTr 34W ELSIE     891015 1200 161N 1308E -99 -99 0985 1010 0120 25 012 -999 -999 -999 -999 -999 -999
IBTr 34W ELSIE     891015 1800 162N 1307E -99 -99 0980 1010 0120 28 012 -999 -999 -999 -999 -999 -999
IBTr 34W ELSIE     891016 0000 163N 1306E -99 -99 0975 1010 0130 30 013 -999 -999 -999 -999 -999 -999
IBTr 34W ELSIE     891016 0600 165N 1303E -99 -99 0970 1010 0130 33 013 -999 -999 -999 -999 -999 -999
IBTr 34W ELSIE     891016 1200 167N 1299E -99 -99 0965 1010 0130 36 013 -999 -999 -999 -999 -999 -999
IBTr 34W ELSIE     891016 1800 169N 1293E -99 -99 0960 1010 0130 38 013 -999 -999 -999 -999 -999 -999
IBTr 34W ELSIE     891017 0000 169N 1288E -99 -99 0950 1010 0130 41 013 -999 -999 -999 -999 -999 -999
IBTr 34W ELSIE     891017 0600 169N 1281E -99 -99 0945 1010 0130 43 013 -999 -999 -999 -999 -999 -999
IBTr 34W ELSIE     891017 1200 167N 1275E -99 -99 0935 1010 0120 46 012 -999 -999 -999 -999 -999 -999
IBTr 34W ELSIE     891017 1800 164N 1269E -99 -99 0930 1010 0110 46 011 -999 -999 -999 -999 -999 -999
IBTr 34W ELSIE     891018 0000 161N 1263E -99 -99 0925 1010 0110 48 011 -999 -999 -999 -999 -999 -999
IBTr 34W ELSIE     891018 0600 161N 1257E -99 -99 0920 1010 0100 48 010 -999 -999 -999 -999 -999 -999
IBTr 34W ELSIE     891018 1200 162N 1250E -99 -99 0915 1010 0090 51 009 -999 -999 -999 -999 -999 -999
IBTr 34W ELSIE     891018 1800 163N 1241E -99 -99 0915 1010 0090 51 009 -999 -999 -999 -999 -999 -999
IBTr 34W ELSIE     891019 0000 166N 1229E -99 -99 0915 1010 0090 51 009 -999 -999 -999 -999 -999 -999
IBTr 34W ELSIE     891019 0600 166N 1213E -99 -99 0940 1010 0120 43 012 -999 -999 -999 -999 -999 -999
IBTr 34W ELSIE     891019 1200 167N 1197E -99 -99 0950 1010 0130 41 013 -999 -999 -999 -999 -999 -999
IBTr 34W ELSIE     891019 1800 168N 1185E -99 -99 0955 1010 0130 41 013 -999 -999 -999 -999 -999 -999
IBTr 34W ELSIE     891020 0000 169N 1171E -99 -99 0960 1010 0130 38 013 -999 -999 -999 -999 -999 -999
IBTr 34W ELSIE     891020 0600 170N 1160E -99 -99 0965 1010 0130 36 013 -999 -999 -999 -999 -999 -999
IBTr 34W ELSIE     891020 1200 172N 1149E -99 -99 0970 1010 0130 33 013 -999 -999 -999 -999 -999 -999
IBTr 34W ELSIE     891020 1800 174N 1138E -99 -99 0970 1010 0130 33 013 -999 -999 -999 -999 -999 -999
IBTr 34W ELSIE     891021 0000 175N 1126E -99 -99 0975 1010 0130 30 013 -999 -999 -999 -999 -999 -999
IBTr 34W ELSIE     891021 0600 177N 1114E -99 -99 0980 1010 0120 28 012 -999 -999 -999 -999 -999 -999
IBTr 34W ELSIE     891021 1200 181N 1100E -99 -99 0985 1010 0120 25 012 -999 -999 -999 -999 -999 -999
IBTr 34W ELSIE     891021 1800 182N 1086E -99 -99 0992 1010 0110 20 011 -999 -999 -999 -999 -999 -999
IBTr 34W ELSIE     891022 0000 183N 1073E -99 -99 0998 1010 0100 18 010 -999 -999 -999 -999 -999 -999
IBTr 34W ELSIE     891022 0600 183N 1061E -99 -99 1006 1010 0090 18 009 -999 -999 -999 -999 -999 -999
IBTr 34W ELSIE     891022 1200 183N 1048E -99 -99 1012 1012 0080 12 008 -999 -999 -999 -999 -999 -999
