IBTr 42W JACK      891220 0000 47N  1551E -99 -99 -999 1010 0000 10 000 -999 -999 -999 -999 -999 -999
IBTr 42W JACK      891220 0600 50N  1551E -99 -99 -999 1010 0000 10 000 -999 -999 -999 -999 -999 -999
IBTr 42W JACK      891220 1200 54N  1552E -99 -99 -999 1010 0000 10 000 -999 -999 -999 -999 -999 -999
IBTr 42W JACK      891220 1800 58N  1552E -99 -99 -999 1010 0000 10 000 -999 -999 -999 -999 -999 -999
IBTr 42W JACK      891221 0000 62N  1552E -99 -99 -999 1010 0000 10 000 -999 -999 -999 -999 -999 -999
IBTr 42W JACK      891221 0600 65N  1552E -99 -99 -999 1010 0000 10 000 -999 -999 -999 -999 -999 -999
IBTr 42W JACK      891221 1200 70N  1552E -99 -99 -999 1010 0000 10 000 -999 -999 -999 -999 -999 -999
IBTr 42W JACK      891221 1800 73N  1553E -99 -99 1006 1010 0080 10 008 -999 -999 -999 -999 -999 -999
IBTr 42W JACK      891222 0000 76N  1553E -99 -99 1004 1010 0090 10 009 -999 -999 -999 -999 -999 -999
IBTr 42W JACK      891222 0600 80N  1551E -99 -99 1002 1010 0090 12 009 -999 -999 -999 -999 -999 -999
IBTr 42W JACK      891222 1200 85N  1544E -99 -99 1002 1010 0090 12 009 -999 -999 -999 -999 -999 -999
IBTr 42W JACK      891222 1800 94N  1537E -99 -99 1000 1010 0090 15 009 -999 -999 -999 -999 -999 -999
IBTr 42W JACK      891223 0000 102N 1527E -99 -99 0996 1010 0100 20 010 -999 -999 -999 -999 -999 -999
IBTr 42W JACK      891223 0600 109N 1519E -99 -99 0992 1010 0110 23 011 -999 -999 -999 -999 -999 -999
IBTr 42W JACK      891223 1200 114N 1514E -99 -99 0990 1010 0110 23 011 -999 -999 -999 -999 -999 -999
IBTr 42W JACK      891223 1800 117N 1509E -99 -99 0985 1010 0120 25 012 -999 -999 -999 -999 -999 -999
IBTr 42W JACK      891224 0000 121N 1505E -99 -99 0980 1010 0120 28 012 -999 -999 -999 -999 -999 -999
IBTr 42W JACK      891224 0600 126N 1501E -99 -99 0975 1010 0130 30 013 -999 -999 -999 -999 -999 -999
IBTr 42W JACK      891224 1200 128N 1496E -99 -99 0975 1010 0130 30 013 -999 -999 -999 -999 -999 -999
IBTr 42W JACK      891224 1800 128N 1492E -99 -99 0970 1010 0130 33 013 -999 -999 -999 -999 -999 -999
IBTr 42W JACK      891225 0000 129N 1489E -99 -99 0960 1010 0130 38 013 -999 -999 -999 -999 -999 -999
IBTr 42W JACK      891225 0600 132N 1486E -99 -99 0950 1010 0130 41 013 -999 -999 -999 -999 -999 -999
IBTr 42W JACK      891225 1200 136N 1484E -99 -99 0940 1010 0120 43 012 -999 -999 -999 -999 -999 -999
IBTr 42W JACK      891225 1800 137N 1482E -99 -99 0935 1010 0120 46 012 -999 -999 -999 -999 -999 -999
IBTr 42W JACK      891226 0000 138N 1481E -99 -99 0925 1010 0100 48 010 -999 -999 -999 -999 -999 -999
IBTr 42W JACK      891226 0600 138N 1480E -99 -99 0925 1010 0100 48 010 -999 -999 -999 -999 -999 -999
IBTr 42W JACK      891226 1200 138N 1481E -99 -99 0935 1010 0120 46 012 -999 -999 -999 -999 -999 -999
IBTr 42W JACK      891226 1800 137N 1480E -99 -99 0945 1010 0130 43 013 -999 -999 -999 -999 -999 -999
IBTr 42W JACK      891227 0000 135N 1478E -99 -99 0960 1010 0130 38 013 -999 -999 -999 -999 -999 -999
IBTr 42W JACK      891227 0600 133N 1477E -99 -99 0975 1010 0130 30 013 -999 -999 -999 -999 -999 -999
IBTr 42W JACK      891227 1200 134N 1472E -99 -99 0985 1010 0120 28 012 -999 -999 -999 -999 -999 -999
IBTr 42W JACK      891227 1800 138N 1467E -99 -99 0994 1010 0110 23 011 -999 -999 -999 -999 -999 -999
IBTr 42W JACK      891228 0000 145N 1459E -99 -99 1004 1010 0090 15 009 -999 -999 -999 -999 -999 -999
IBTr 42W JACK      891228 0600 151N 1447E -99 -99 1008 1010 0080 12 008 -999 -999 -999 -999 -999 -999
IBTr 42W JACK      891228 1200 152N 1436E -99 -99 -999 1010 0000 12 000 -999 -999 -999 -999 -999 -999
IBTr 42W JACK      891228 1800 148N 1425E -99 -99 -999 1010 0000 12 000 -999 -999 -999 -999 -999 -999
IBTr 42W JACK      891229 0000 146N 1416E -99 -99 -999 1010 0000 12 000 -999 -999 -999 -999 -999 -999
IBTr 42W JACK      891229 0600 142N 1407E -99 -99 -999 1010 0000 12 000 -999 -999 -999 -999 -999 -999
IBTr 42W JACK      891229 1200 140N 1400E -99 -99 -999 1010 0000 10 000 -999 -999 -999 -999 -999 -999
