IBTr 06L CHARLEY   920921 1800 300N 0330W -99 -99 1012 1012 0090 12 009 -999 -999 -999 -999 -999 -999
IBTr 06L CHARLEY   920922 0000 303N 0336W -99 -99 1011 1011 0090 15 009 -999 -999 -999 -999 -999 -999
IBTr 06L CHARLEY   920922 0600 309N 0338W -99 -99 1009 1010 0090 15 009 -999 -999 -999 -999 -999 -999
IBTr 06L CHARLEY   920922 1200 316N 0340W -99 -99 1005 1010 0100 18 010 -999 -999 -999 -999 -999 -999
IBTr 06L CHARLEY   920922 1800 325N 0340W -99 -99 1000 1010 0100 23 010 -999 -999 -999 -999 -999 -999
IBTr 06L CHARLEY   920923 0000 334N 0342W -99 -99 0995 1010 0110 28 011 -999 -999 -999 -999 -999 -999
IBTr 06L CHARLEY   920923 0600 341N 0344W -99 -99 0991 1010 0120 30 012 -999 -999 -999 -999 -999 -999
IBTr 06L CHARLEY   920923 1200 347N 0345W -99 -99 0987 1010 0120 33 012 -999 -999 -999 -999 -999 -999
IBTr 06L CHARLEY   920923 1800 352N 0346W -99 -99 0981 1010 0130 38 013 -999 -999 -999 -999 -999 -999
IBTr 06L CHARLEY   920924 0000 356N 0346W -99 -99 0975 1010 0140 43 014 -999 -999 -999 -999 -999 -999
IBTr 06L CHARLEY   920924 0600 358N 0345W -99 -99 0970 1010 0140 46 014 -999 -999 -999 -999 -999 -999
IBTr 06L CHARLEY   920924 1200 360N 0343W -99 -99 0967 1010 0140 46 014 -999 -999 -999 -999 -999 -999
IBTr 06L CHARLEY   920924 1800 361N 0341W -99 -99 0965 1010 0140 48 014 -999 -999 -999 -999 -999 -999
IBTr 06L CHARLEY   920925 0000 361N 0338W -99 -99 0967 1010 0140 48 014 -999 -999 -999 -999 -999 -999
IBTr 06L CHARLEY   920925 0600 360N 0336W -99 -99 0970 1010 0140 46 014 -999 -999 -999 -999 -999 -999
IBTr 06L CHARLEY   920925 1200 359N 0334W -99 -99 0973 1010 0140 43 014 -999 -999 -999 -999 -999 -999
IBTr 06L CHARLEY   920925 1800 359N 0332W -99 -99 0976 1010 0140 38 014 -999 -999 -999 -999 -999 -999
IBTr 06L CHARLEY   920926 0000 359N 0328W -99 -99 0979 1010 0130 36 013 -999 -999 -999 -999 -999 -999
IBTr 06L CHARLEY   920926 0600 361N 0323W -99 -99 0980 1010 0130 33 013 -999 -999 -999 -999 -999 -999
IBTr 06L CHARLEY   920926 1200 363N 0315W -99 -99 0980 1010 0130 33 013 -999 -999 -999 -999 -999 -999
IBTr 06L CHARLEY   920926 1800 366N 0306W -99 -99 0980 1010 0130 33 013 -999 -999 -999 -999 -999 -999
IBTr 06L CHARLEY   920927 0000 372N 0294W -99 -99 0980 1010 0130 30 013 -999 -999 -999 -999 -999 -999
IBTr 06L CHARLEY   920927 0600 380N 0280W -99 -99 0980 1010 0130 28 013 -999 -999 -999 -999 -999 -999
IBTr 06L CHARLEY   920927 1200 390N 0263W -99 -99 0981 1010 0130 28 013 -999 -999 -999 -999 -999 -999
IBTr 06L CHARLEY   920927 1800 404N 0244W -99 -99 0983 1010 0130 25 013 -999 -999 -999 -999 -999 -999
IBTr 06L CHARLEY   920928 0000 420N 0223W -99 -99 0985 1010 0130 23 013 -999 -999 -999 -999 -999 -999
IBTr 06L CHARLEY   920928 0600 435N 0202W -99 -99 0988 1010 0130 20 013 -999 -999 -999 -999 -999 -999
IBTr 06L CHARLEY   920928 1200 452N 0183W -99 -99 0990 1010 0130 20 013 -999 -999 -999 -999 -999 -999
IBTr 06L CHARLEY   920928 1800 471N 0159W -99 -99 0985 1010 0130 20 013 -999 -999 -999 -999 -999 -999
IBTr 06L CHARLEY   920929 0000 495N 0135W -99 -99 0980 1010 0140 23 014 -999 -999 -999 -999 -999 -999
