IBTr 08E ESTELLE   920709 0000 117N 1084W -99 -99 1008 1010 0080 12 008 -999 -999 -999 -999 -999 -999
IBTr 08E ESTELLE   920709 0600 121N 1093W -99 -99 1007 1010 0090 12 009 -999 -999 -999 -999 -999 -999
IBTr 08E ESTELLE   920709 1200 123N 1103W -99 -99 1006 1010 0090 15 009 -999 -999 -999 -999 -999 -999
IBTr 08E ESTELLE   920709 1800 126N 1113W -99 -99 1005 1010 0090 18 009 -999 -999 -999 -999 -999 -999
IBTr 08E ESTELLE   920710 0000 127N 1124W -99 -99 1003 1010 0090 18 009 -999 -999 -999 -999 -999 -999
IBTr 08E ESTELLE   920710 0600 126N 1134W -99 -99 1000 1010 0100 20 010 -999 -999 -999 -999 -999 -999
IBTr 08E ESTELLE   920710 1200 123N 1144W -99 -99 0997 1010 0100 25 010 -999 -999 -999 -999 -999 -999
IBTr 08E ESTELLE   920710 1800 120N 1153W -99 -99 0994 1010 0100 28 010 -999 -999 -999 -999 -999 -999
IBTr 08E ESTELLE   920711 0000 118N 1163W -99 -99 0991 1010 0110 30 011 -999 -999 -999 -999 -999 -999
IBTr 08E ESTELLE   920711 0600 119N 1172W -99 -99 0984 1010 0120 36 012 -999 -999 -999 -999 -999 -999
IBTr 08E ESTELLE   920711 1200 121N 1181W -99 -99 0973 1010 0130 43 013 -999 -999 -999 -999 -999 -999
IBTr 08E ESTELLE   920711 1800 126N 1189W -99 -99 0957 1010 0130 54 013 -999 -999 -999 -999 -999 -999
IBTr 08E ESTELLE   920712 0000 133N 1195W -99 -99 0948 1010 0130 59 013 -999 -999 -999 -999 -999 -999
IBTr 08E ESTELLE   920712 0600 138N 1202W -99 -99 0948 1010 0130 59 013 -999 -999 -999 -999 -999 -999
IBTr 08E ESTELLE   920712 1200 143N 1207W -99 -99 0953 1010 0130 56 013 -999 -999 -999 -999 -999 -999
IBTr 08E ESTELLE   920712 1800 149N 1212W -99 -99 0957 1010 0130 54 013 -999 -999 -999 -999 -999 -999
IBTr 08E ESTELLE   920713 0000 154N 1215W -99 -99 0966 1010 0130 48 013 -999 -999 -999 -999 -999 -999
IBTr 08E ESTELLE   920713 0600 158N 1217W -99 -99 0962 1010 0130 51 013 -999 -999 -999 -999 -999 -999
IBTr 08E ESTELLE   920713 1200 163N 1220W -99 -99 0948 1010 0130 59 013 -999 -999 -999 -999 -999 -999
IBTr 08E ESTELLE   920713 1800 168N 1223W -99 -99 0943 1010 0130 61 013 -999 -999 -999 -999 -999 -999
IBTr 08E ESTELLE   920714 0000 173N 1226W -99 -99 0948 1010 0130 59 013 -999 -999 -999 -999 -999 -999
IBTr 08E ESTELLE   920714 0600 180N 1229W -99 -99 0953 1010 0130 56 013 -999 -999 -999 -999 -999 -999
IBTr 08E ESTELLE   920714 1200 188N 1234W -99 -99 0970 1010 0130 46 013 -999 -999 -999 -999 -999 -999
IBTr 08E ESTELLE   920714 1800 197N 1239W -99 -99 0977 1010 0130 41 013 -999 -999 -999 -999 -999 -999
IBTr 08E ESTELLE   920715 0000 206N 1243W -99 -99 0987 1010 0120 33 012 -999 -999 -999 -999 -999 -999
IBTr 08E ESTELLE   920715 0600 215N 1249W -99 -99 0994 1010 0110 28 011 -999 -999 -999 -999 -999 -999
IBTr 08E ESTELLE   920715 1200 221N 1254W -99 -99 0997 1010 0100 25 010 -999 -999 -999 -999 -999 -999
IBTr 08E ESTELLE   920715 1800 226N 1261W -99 -99 1000 1010 0100 23 010 -999 -999 -999 -999 -999 -999
IBTr 08E ESTELLE   920716 0000 230N 1267W -99 -99 1003 1010 0100 20 010 -999 -999 -999 -999 -999 -999
IBTr 08E ESTELLE   920716 0600 233N 1274W -99 -99 1005 1010 0090 18 009 -999 -999 -999 -999 -999 -999
IBTr 08E ESTELLE   920716 1200 235N 1281W -99 -99 1007 1010 0090 15 009 -999 -999 -999 -999 -999 -999
IBTr 08E ESTELLE   920716 1800 236N 1288W -99 -99 1008 1010 0090 15 009 -999 -999 -999 -999 -999 -999
IBTr 08E ESTELLE   920717 0000 235N 1296W -99 -99 1009 1010 0090 12 009 -999 -999 -999 -999 -999 -999
IBTr 08E ESTELLE   920717 0600 235N 1306W -99 -99 1009 1010 0090 12 009 -999 -999 -999 -999 -999 -999
