IBTr 07W FAYE      920711 1200 71N  1402E -99 -99 -999 1010 0000 07 000 -999 -999 -999 -999 -999 -999
IBTr 07W FAYE      920711 1800 74N  1391E -99 -99 -999 1010 0000 07 000 -999 -999 -999 -999 -999 -999
IBTr 07W FAYE      920712 0000 78N  1379E -99 -99 -999 1010 0000 07 000 -999 -999 -999 -999 -999 -999
IBTr 07W FAYE      920712 0600 82N  1366E -99 -99 -999 1010 0000 07 000 -999 -999 -999 -999 -999 -999
IBTr 07W FAYE      920712 1200 86N  1352E -99 -99 -999 1010 0000 07 000 -999 -999 -999 -999 -999 -999
IBTr 07W FAYE      920712 1800 91N  1339E -99 -99 -999 1010 0000 07 000 -999 -999 -999 -999 -999 -999
IBTr 07W FAYE      920713 0000 98N  1324E -99 -99 -999 1010 0000 07 000 -999 -999 -999 -999 -999 -999
IBTr 07W FAYE      920713 0600 107N 1309E -99 -99 -999 1010 0000 07 000 -999 -999 -999 -999 -999 -999
IBTr 07W FAYE      920713 1200 118N 1296E -99 -99 -999 1010 0000 07 000 -999 -999 -999 -999 -999 -999
IBTr 07W FAYE      920713 1800 129N 1283E -99 -99 -999 1010 0000 07 000 -999 -999 -999 -999 -999 -999
IBTr 07W FAYE      920714 0000 139N 1274E -99 -99 -999 1010 0000 10 000 -999 -999 -999 -999 -999 -999
IBTr 07W FAYE      920714 0600 148N 1265E -99 -99 -999 1010 0000 10 000 -999 -999 -999 -999 -999 -999
IBTr 07W FAYE      920714 1200 158N 1255E -99 -99 -999 1010 0000 10 000 -999 -999 -999 -999 -999 -999
IBTr 07W FAYE      920714 1800 167N 1244E -99 -99 -999 1010 0000 12 000 -999 -999 -999 -999 -999 -999
IBTr 07W FAYE      920715 0000 170N 1232E -99 -99 1008 1010 0090 12 009 -999 -999 -999 -999 -999 -999
IBTr 07W FAYE      920715 0600 176N 1217E -99 -99 1006 1010 0090 10 009 -999 -999 -999 -999 -999 -999
IBTr 07W FAYE      920715 1200 181N 1201E -99 -99 1004 1010 0090 10 009 -999 -999 -999 -999 -999 -999
IBTr 07W FAYE      920715 1800 185N 1190E -99 -99 1004 1010 0090 10 009 -999 -999 -999 -999 -999 -999
IBTr 07W FAYE      920716 0000 189N 1177E -99 -99 1004 1010 0090 12 009 -999 -999 -999 -999 -999 -999
IBTr 07W FAYE      920716 0600 192N 1163E -99 -99 1004 1010 0090 12 009 -999 -999 -999 -999 -999 -999
IBTr 07W FAYE      920716 1200 194N 1152E -99 -99 1004 1010 0090 12 009 -999 -999 -999 -999 -999 -999
IBTr 07W FAYE      920716 1800 196N 1144E -99 -99 1004 1010 0090 12 009 -999 -999 -999 -999 -999 -999
IBTr 07W FAYE      920717 0000 201N 1140E -99 -99 1004 1010 0090 15 009 -999 -999 -999 -999 -999 -999
IBTr 07W FAYE      920717 0600 207N 1139E -99 -99 1000 1010 0100 18 010 -999 -999 -999 -999 -999 -999
IBTr 07W FAYE      920717 1200 213N 1137E -99 -99 1000 1010 0100 18 010 -999 -999 -999 -999 -999 -999
IBTr 07W FAYE      920717 1800 217N 1136E -99 -99 1000 1010 0100 18 010 -999 -999 -999 -999 -999 -999
IBTr 07W FAYE      920718 0000 223N 1136E -99 -99 1000 1010 0100 18 010 -999 -999 -999 -999 -999 -999
IBTr 07W FAYE      920718 0600 230N 1140E -99 -99 1000 1010 0100 18 010 -999 -999 -999 -999 -999 -999
IBTr 07W FAYE      920718 1200 237N 1146E -99 -99 1002 1010 0100 15 010 -999 -999 -999 -999 -999 -999
