IBTr 05W ELI       920705 1800 72N  1559E -99 -99 -999 1010 0000 07 000 -999 -999 -999 -999 -999 -999
IBTr 05W ELI       920706 0000 76N  1545E -99 -99 -999 1010 0000 07 000 -999 -999 -999 -999 -999 -999
IBTr 05W ELI       920706 0600 79N  1531E -99 -99 -999 1010 0000 07 000 -999 -999 -999 -999 -999 -999
IBTr 05W ELI       920706 1200 82N  1517E -99 -99 -999 1010 0000 07 000 -999 -999 -999 -999 -999 -999
IBTr 05W ELI       920706 1800 86N  1504E -99 -99 -999 1010 0000 07 000 -999 -999 -999 -999 -999 -999
IBTr 05W ELI       920707 0000 90N  1491E -99 -99 -999 1010 0000 10 000 -999 -999 -999 -999 -999 -999
IBTr 05W ELI       920707 0600 94N  1479E -99 -99 -999 1010 0000 10 000 -999 -999 -999 -999 -999 -999
IBTr 05W ELI       920707 1200 98N  1466E -99 -99 -999 1010 0000 10 000 -999 -999 -999 -999 -999 -999
IBTr 05W ELI       920707 1800 103N 1453E -99 -99 -999 1010 0000 10 000 -999 -999 -999 -999 -999 -999
IBTr 05W ELI       920708 0000 110N 1440E -99 -99 1008 1010 0080 10 008 -999 -999 -999 -999 -999 -999
IBTr 05W ELI       920708 0600 117N 1421E -99 -99 1008 1010 0080 10 008 -999 -999 -999 -999 -999 -999
IBTr 05W ELI       920708 1200 124N 1404E -99 -99 1008 1010 0080 10 008 -999 -999 -999 -999 -999 -999
IBTr 05W ELI       920708 1800 127N 1387E -99 -99 1008 1010 0080 10 008 -999 -999 -999 -999 -999 -999
IBTr 05W ELI       920709 0000 131N 1370E -99 -99 1008 1010 0080 12 008 -999 -999 -999 -999 -999 -999
IBTr 05W ELI       920709 0600 134N 1353E -99 -99 1006 1010 0090 15 009 -999 -999 -999 -999 -999 -999
IBTr 05W ELI       920709 1200 134N 1333E -99 -99 1004 1010 0090 15 009 -999 -999 -999 -999 -999 -999
IBTr 05W ELI       920709 1800 137N 1316E -99 -99 1000 1010 0100 18 010 -999 -999 -999 -999 -999 -999
IBTr 05W ELI       920710 0000 141N 1298E -99 -99 0996 1010 0100 20 010 -999 -999 -999 -999 -999 -999
IBTr 05W ELI       920710 0600 146N 1281E -99 -99 0985 1010 0120 25 012 -999 -999 -999 -999 -999 -999
IBTr 05W ELI       920710 1200 151N 1265E -99 -99 0980 1010 0120 28 012 -999 -999 -999 -999 -999 -999
IBTr 05W ELI       920710 1800 154N 1244E -99 -99 0975 1010 0130 30 013 -999 -999 -999 -999 -999 -999
IBTr 05W ELI       920711 0000 157N 1223E -99 -99 0965 1010 0130 36 013 -999 -999 -999 -999 -999 -999
IBTr 05W ELI       920711 0600 162N 1204E -99 -99 0975 1010 0130 30 013 -999 -999 -999 -999 -999 -999
IBTr 05W ELI       920711 1200 168N 1186E -99 -99 0975 1010 0130 30 013 -999 -999 -999 -999 -999 -999
IBTr 05W ELI       920711 1800 169N 1169E -99 -99 0975 1010 0130 30 013 -999 -999 -999 -999 -999 -999
IBTr 05W ELI       920712 0000 170N 1155E -99 -99 0980 1010 0120 28 012 -999 -999 -999 -999 -999 -999
IBTr 05W ELI       920712 0600 173N 1143E -99 -99 0980 1010 0120 28 012 -999 -999 -999 -999 -999 -999
IBTr 05W ELI       920712 1200 177N 1131E -99 -99 0985 1010 0120 25 012 -999 -999 -999 -999 -999 -999
IBTr 05W ELI       920712 1800 183N 1120E -99 -99 0985 1010 0120 25 012 -999 -999 -999 -999 -999 -999
IBTr 05W ELI       920713 0000 191N 1106E -99 -99 0985 1010 0120 25 012 -999 -999 -999 -999 -999 -999
IBTr 05W ELI       920713 0600 198N 1093E -99 -99 0990 1010 0110 23 011 -999 -999 -999 -999 -999 -999
IBTr 05W ELI       920713 1200 203N 1080E -99 -99 0990 1010 0110 23 011 -999 -999 -999 -999 -999 -999
IBTr 05W ELI       920713 1800 206N 1067E -99 -99 0994 1010 0110 20 011 -999 -999 -999 -999 -999 -999
IBTr 05W ELI       920714 0000 210N 1052E -99 -99 0996 1010 0110 20 011 -999 -999 -999 -999 -999 -999
IBTr 05W ELI       920714 0600 210N 1030E -99 -99 1000 1010 0100 -9 010 -999 -999 -999 -999 -999 -999
IBTr 05W ELI       920714 1200 210N 1015E -99 -99 1000 1010 0100 -9 010 -999 -999 -999 -999 -999 -999
