IBTr 07S BRYNA     911225 1200 131S 0575E -99 -99 1005 1010 0090 10 009 -999 -999 -999 -999 -999 -999
IBTr 07S BRYNA     911225 1800 128S 0583E -99 -99 1005 1010 0090 10 009 -999 -999 -999 -999 -999 -999
IBTr 07S BRYNA     911226 0000 125S 0590E -99 -99 1005 1010 0090 10 009 -999 -999 -999 -999 -999 -999
IBTr 07S BRYNA     911226 0600 122S 0596E -99 -99 1005 1010 0090 10 009 -999 -999 -999 -999 -999 -999
IBTr 07S BRYNA     911226 1200 120S 0603E -99 -99 1004 1010 0090 10 009 -999 -999 -999 -999 -999 -999
IBTr 07S BRYNA     911226 1800 117S 0610E -99 -99 1004 1010 0090 10 009 -999 -999 -999 -999 -999 -999
IBTr 07S BRYNA     911227 0000 114S 0617E -99 -99 1003 1010 0090 10 009 -999 -999 -999 -999 -999 -999
IBTr 07S BRYNA     911227 0600 114S 0625E -99 -99 1003 1010 0090 10 009 -999 -999 -999 -999 -999 -999
IBTr 07S BRYNA     911227 1200 116S 0632E -99 -99 1003 1010 0090 10 009 -999 -999 -999 -999 -999 -999
IBTr 07S BRYNA     911227 1800 118S 0637E -99 -99 1003 1010 0090 10 009 -999 -999 -999 -999 -999 -999
IBTr 07S BRYNA     911228 0000 120S 0641E -99 -99 1003 1010 0090 10 009 -999 -999 -999 -999 -999 -999
IBTr 07S BRYNA     911228 0600 123S 0644E -99 -99 1003 1010 0090 10 009 -999 -999 -999 -999 -999 -999
IBTr 07S BRYNA     911228 1200 126S 0645E -99 -99 1003 1010 0090 10 009 -999 -999 -999 -999 -999 -999
IBTr 07S BRYNA     911228 1800 127S 0644E -99 -99 1003 1010 0090 10 009 -999 -999 -999 -999 -999 -999
IBTr 07S BRYNA     911229 0000 128S 0643E -99 -99 1002 1010 0090 10 009 -999 -999 -999 -999 -999 -999
IBTr 07S BRYNA     911229 0600 129S 0642E -99 -99 1002 1010 0090 10 009 -999 -999 -999 -999 -999 -999
IBTr 07S BRYNA     911229 1200 128S 0638E -99 -99 1002 1010 0090 10 009 -999 -999 -999 -999 -999 -999
IBTr 07S BRYNA     911229 1800 128S 0632E -99 -99 1000 1010 0100 12 010 -999 -999 -999 -999 -999 -999
IBTr 07S BRYNA     911230 0000 128S 0624E -99 -99 0999 1010 0100 12 010 -999 -999 -999 -999 -999 -999
IBTr 07S BRYNA     911230 0600 129S 0616E -99 -99 0998 1010 0100 13 010 -999 -999 -999 -999 -999 -999
IBTr 07S BRYNA     911230 1200 130S 0608E -99 -99 0998 1010 0100 13 010 -999 -999 -999 -999 -999 -999
IBTr 07S BRYNA     911230 1800 132S 0598E -99 -99 0996 1010 0100 14 010 -999 -999 -999 -999 -999 -999
IBTr 07S BRYNA     911231 0000 135S 0587E -99 -99 0993 1010 0110 16 011 -999 -999 -999 -999 -999 -999
IBTr 07S BRYNA     911231 0600 138S 0575E -99 -99 0991 1010 0110 18 011 -999 -999 -999 -999 -999 -999
IBTr 07S BRYNA     911231 1200 142S 0564E -99 -99 0991 1010 0110 18 011 -999 -999 -999 -999 -999 -999
IBTr 07S BRYNA     911231 1800 146S 0556E -99 -99 0988 1010 0110 20 011 -999 -999 -999 -999 -999 -999
IBTr 07S BRYNA     920101 0000 148S 0546E -99 -99 0991 1010 0110 18 011 -999 -999 -999 -999 -999 -999
IBTr 07S BRYNA     920101 0600 150S 0538E -99 -99 0993 1010 0110 16 011 -999 -999 -999 -999 -999 -999
IBTr 07S BRYNA     920101 1200 151S 0531E -99 -99 0993 1010 0110 16 011 -999 -999 -999 -999 -999 -999
IBTr 07S BRYNA     920101 1800 153S 0524E -99 -99 0995 1010 0100 15 010 -999 -999 -999 -999 -999 -999
IBTr 07S BRYNA     920102 0000 153S 0516E -99 -99 0995 1010 0100 15 010 -999 -999 -999 -999 -999 -999
IBTr 07S BRYNA     920102 0600 154S 0508E -99 -99 0997 1010 0100 14 010 -999 -999 -999 -999 -999 -999
IBTr 07S BRYNA     920102 1200 154S 0499E -99 -99 0998 1010 0100 13 010 -999 -999 -999 -999 -999 -999
IBTr 07S BRYNA     920102 1800 154S 0489E -99 -99 1002 1010 0090 -9 009 -999 -999 -999 -999 -999 -999
IBTr 07S BRYNA     920103 0000 154S 0480E -99 -99 1004 1010 0090 -9 009 -999 -999 -999 -999 -999 -999
IBTr 07S BRYNA     920103 0600 152S 0472E -99 -99 1004 1010 0090 -9 009 -999 -999 -999 -999 -999 -999
IBTr 07S BRYNA     920103 1200 151S 0465E -99 -99 1004 1010 0090 10 009 -999 -999 -999 -999 -999 -999
IBTr 07S BRYNA     920103 1800 151S 0458E -99 -99 1002 1010 0090 12 009 -999 -999 -999 -999 -999 -999
IBTr 07S BRYNA     920104 0000 155S 0451E -99 -99 1004 1010 0090 10 009 -999 -999 -999 -999 -999 -999
IBTr 07S BRYNA     920104 0600 159S 0445E -99 -99 1006 1010 0090 10 009 -999 -999 -999 -999 -999 -999
IBTr 07S BRYNA     920104 1200 169S 0441E -99 -99 1004 1010 0090 10 009 -999 -999 -999 -999 -999 -999
IBTr 07S BRYNA     920104 1800 180S 0439E -99 -99 1004 1010 0090 10 009 -999 -999 -999 -999 -999 -999
IBTr 07S BRYNA     920105 0000 194S 0439E -99 -99 1006 1010 0090 10 009 -999 -999 -999 -999 -999 -999
IBTr 07S BRYNA     920105 0600 211S 0439E -99 -99 1007 1010 0090 -9 009 -999 -999 -999 -999 -999 -999
IBTr 07S BRYNA     920105 1200 219S 0446E -99 -99 1007 1010 0090 -9 009 -999 -999 -999 -999 -999 -999
IBTr 07S BRYNA     920105 1800 224S 0455E -99 -99 1007 1010 0090 -9 009 -999 -999 -999 -999 -999 -999
IBTr 07S BRYNA     920106 0000 228S 0463E -99 -99 1007 1010 0090 -9 009 -999 -999 -999 -999 -999 -999
IBTr 07S BRYNA     920106 0600 232S 0472E -99 -99 1007 1010 0090 -9 009 -999 -999 -999 -999 -999 -999
IBTr 07S BRYNA     920106 1200 236S 0481E -99 -99 1005 1010 0090 10 009 -999 -999 -999 -999 -999 -999
IBTr 07S BRYNA     920106 1800 239S 0491E -99 -99 1002 1010 0100 12 010 -999 -999 -999 -999 -999 -999
IBTr 07S BRYNA     920107 0000 242S 0501E -99 -99 0999 1010 0100 12 010 -999 -999 -999 -999 -999 -999
IBTr 07S BRYNA     920107 0600 245S 0512E -99 -99 0995 1010 0110 15 011 -999 -999 -999 -999 -999 -999
IBTr 07S BRYNA     920107 1200 249S 0520E -99 -99 0991 1010 0110 18 011 -999 -999 -999 -999 -999 -999
IBTr 07S BRYNA     920107 1800 254S 0530E -99 -99 0991 1010 0110 18 011 -999 -999 -999 -999 -999 -999
IBTr 07S BRYNA     920108 0000 258S 0539E -99 -99 0991 1010 0110 18 011 -999 -999 -999 -999 -999 -999
IBTr 07S BRYNA     920108 0600 264S 0548E -99 -99 0992 1010 0110 18 011 -999 -999 -999 -999 -999 -999
IBTr 07S BRYNA     920108 1200 273S 0551E -99 -99 0992 1010 0110 18 011 -999 -999 -999 -999 -999 -999
IBTr 07S BRYNA     920108 1800 281S 0546E -99 -99 0995 1010 0110 15 011 -999 -999 -999 -999 -999 -999
IBTr 07S BRYNA     920109 0000 285S 0538E -99 -99 0998 1010 0110 13 011 -999 -999 -999 -999 -999 -999
IBTr 07S BRYNA     920109 0600 285S 0530E -99 -99 1002 1010 0100 12 010 -999 -999 -999 -999 -999 -999
IBTr 07S BRYNA     920109 1200 285S 0523E -99 -99 1005 1010 0090 10 009 -999 -999 -999 -999 -999 -999
IBTr 07S BRYNA     920109 1800 287S 0516E -99 -99 1005 1010 0090 10 009 -999 -999 -999 -999 -999 -999
IBTr 07S BRYNA     920110 0000 291S 0511E -99 -99 0000 1010 0000 -9 000 -999 -999 -999 -999 -999 -999
IBTr 07S BRYNA     920110 0600 297S 0507E -99 -99 0000 1010 0000 -9 000 -999 -999 -999 -999 -999 -999
IBTr 07S BRYNA     920110 1200 307S 0515E -99 -99 0000 1010 0000 -9 000 -999 -999 -999 -999 -999 -999
