IBTr 09L EARL      920926 1800 262N 0691W -99 -99 1009 1010 0090 12 009 -999 -999 -999 -999 -999 -999
IBTr 09L EARL      920927 0000 258N 0708W -99 -99 1008 1010 0090 12 009 -999 -999 -999 -999 -999 -999
IBTr 09L EARL      920927 0600 263N 0723W -99 -99 1007 1010 0090 12 009 -999 -999 -999 -999 -999 -999
IBTr 09L EARL      920927 1200 270N 0739W -99 -99 1006 1010 0090 15 009 -999 -999 -999 -999 -999 -999
IBTr 09L EARL      920927 1800 277N 0755W -99 -99 1003 1010 0100 15 010 -999 -999 -999 -999 -999 -999
IBTr 09L EARL      920928 0000 280N 0766W -99 -99 1004 1010 0100 15 010 -999 -999 -999 -999 -999 -999
IBTr 09L EARL      920928 0600 283N 0777W -99 -99 1004 1010 0100 15 010 -999 -999 -999 -999 -999 -999
IBTr 09L EARL      920928 1200 286N 0786W -99 -99 1004 1010 0100 15 010 -999 -999 -999 -999 -999 -999
IBTr 09L EARL      920928 1800 289N 0792W -99 -99 1004 1010 0100 15 010 -999 -999 -999 -999 -999 -999
IBTr 09L EARL      920929 0000 292N 0794W -99 -99 1004 1010 0100 15 010 -999 -999 -999 -999 -999 -999
IBTr 09L EARL      920929 0600 294N 0795W -99 -99 1003 1010 0100 15 010 -999 -999 -999 -999 -999 -999
IBTr 09L EARL      920929 1200 297N 0793W -99 -99 1003 1010 0100 18 010 -999 -999 -999 -999 -999 -999
IBTr 09L EARL      920929 1800 298N 0791W -99 -99 1003 1010 0100 20 010 -999 -999 -999 -999 -999 -999
IBTr 09L EARL      920930 0000 299N 0788W -99 -99 1002 1010 0100 20 010 -999 -999 -999 -999 -999 -999
IBTr 09L EARL      920930 0600 300N 0781W -99 -99 1000 1010 0100 20 010 -999 -999 -999 -999 -999 -999
IBTr 09L EARL      920930 1200 301N 0771W -99 -99 0999 1010 0100 23 010 -999 -999 -999 -999 -999 -999
IBTr 09L EARL      920930 1800 299N 0758W -99 -99 0997 1010 0110 25 011 -999 -999 -999 -999 -999 -999
IBTr 09L EARL      921001 0000 297N 0744W -99 -99 0996 1010 0110 25 011 -999 -999 -999 -999 -999 -999
IBTr 09L EARL      921001 0600 293N 0730W -99 -99 0997 1010 0110 25 011 -999 -999 -999 -999 -999 -999
IBTr 09L EARL      921001 1200 289N 0716W -99 -99 0998 1010 0110 25 011 -999 -999 -999 -999 -999 -999
IBTr 09L EARL      921001 1800 284N 0703W -99 -99 0996 1010 0110 28 011 -999 -999 -999 -999 -999 -999
IBTr 09L EARL      921002 0000 280N 0690W -99 -99 0990 1010 0120 28 012 -999 -999 -999 -999 -999 -999
IBTr 09L EARL      921002 0600 276N 0680W -99 -99 0992 1010 0110 25 011 -999 -999 -999 -999 -999 -999
IBTr 09L EARL      921002 1200 275N 0670W -99 -99 1000 1010 0100 23 010 -999 -999 -999 -999 -999 -999
IBTr 09L EARL      921002 1800 274N 0661W -99 -99 1003 1010 0100 20 010 -999 -999 -999 -999 -999 -999
IBTr 09L EARL      921003 0000 275N 0652W -99 -99 1005 1010 0090 18 009 -999 -999 -999 -999 -999 -999
IBTr 09L EARL      921003 0600 278N 0645W -99 -99 1007 1010 0090 18 009 -999 -999 -999 -999 -999 -999
IBTr 09L EARL      921003 1200 282N 0637W -99 -99 1008 1010 0090 15 009 -999 -999 -999 -999 -999 -999
IBTr 09L EARL      921003 1800 284N 0629W -99 -99 1008 1010 0090 15 009 -999 -999 -999 -999 -999 -999
