IBTr 07L DANIELLE  920922 1200 325N 0746W -99 -99 1009 1010 0090 15 009 -999 -999 -999 -999 -999 -999
IBTr 07L DANIELLE  920922 1800 328N 0742W -99 -99 1006 1010 0090 23 009 -999 -999 -999 -999 -999 -999
IBTr 07L DANIELLE  920923 0000 336N 0738W -99 -99 1005 1010 0100 23 010 -999 -999 -999 -999 -999 -999
IBTr 07L DANIELLE  920923 0600 341N 0735W -99 -99 1005 1010 0100 23 010 -999 -999 -999 -999 -999 -999
IBTr 07L DANIELLE  920923 1200 343N 0732W -99 -99 1005 1010 0100 20 010 -999 -999 -999 -999 -999 -999
IBTr 07L DANIELLE  920923 1800 343N 0731W -99 -99 1006 1010 0090 20 009 -999 -999 -999 -999 -999 -999
IBTr 07L DANIELLE  920924 0000 340N 0730W -99 -99 1006 1010 0090 20 009 -999 -999 -999 -999 -999 -999
IBTr 07L DANIELLE  920924 0600 338N 0731W -99 -99 1005 1010 0100 20 010 -999 -999 -999 -999 -999 -999
IBTr 07L DANIELLE  920924 1200 339N 0733W -99 -99 1005 1010 0100 20 010 -999 -999 -999 -999 -999 -999
IBTr 07L DANIELLE  920924 1800 341N 0738W -99 -99 1005 1010 0100 20 010 -999 -999 -999 -999 -999 -999
IBTr 07L DANIELLE  920925 0000 343N 0743W -99 -99 1004 1010 0100 23 010 -999 -999 -999 -999 -999 -999
IBTr 07L DANIELLE  920925 0600 349N 0748W -99 -99 1004 1010 0100 23 010 -999 -999 -999 -999 -999 -999
IBTr 07L DANIELLE  920925 1200 359N 0752W -99 -99 1001 1010 0100 28 010 -999 -999 -999 -999 -999 -999
IBTr 07L DANIELLE  920925 1800 370N 0754W -99 -99 1007 1010 0090 28 009 -999 -999 -999 -999 -999 -999
IBTr 07L DANIELLE  920925 2200 378N 0755W -99 -99 1007 1010 0090 28 009 -999 -999 -999 -999 -999 -999
IBTr 07L DANIELLE  920926 0000 383N 0756W -99 -99 1008 1010 0090 20 009 -999 -999 -999 -999 -999 -999
IBTr 07L DANIELLE  920926 0600 396N 0759W -99 -99 1010 1010 0090 18 009 -999 -999 -999 -999 -999 -999
IBTr 07L DANIELLE  920926 1200 405N 0765W -99 -99 1014 1014 0090 12 009 -999 -999 -999 -999 -999 -999
