IBTr 09P DAMAN     920213 0000 86S  1790W -99 -99 -999 1010 0000 -9 000 -999 -999 -999 -999 -999 -999
IBTr 09P DAMAN     920213 0600 87S  1797E -99 -99 -999 1010 0000 -9 000 -999 -999 -999 -999 -999 -999
IBTr 09P DAMAN     920213 1200 88S  1784E -99 -99 -999 1010 0000 -9 000 -999 -999 -999 -999 -999 -999
IBTr 09P DAMAN     920213 1800 91S  1769E -99 -99 -999 1010 0000 -9 000 -999 -999 -999 -999 -999 -999
IBTr 09P DAMAN     920214 0000 98S  1754E -99 -99 -999 1010 0000 -9 000 -999 -999 -999 -999 -999 -999
IBTr 09P DAMAN     920214 0600 106S 1739E -99 -99 -999 1010 0000 -9 000 -999 -999 -999 -999 -999 -999
IBTr 09P DAMAN     920214 1200 115S 1726E -99 -99 -999 1010 0000 -9 000 -999 -999 -999 -999 -999 -999
IBTr 09P DAMAN     920214 1800 121S 1711E -99 -99 0997 1010 0100 15 010 -999 -999 -999 -999 -999 -999
IBTr 09P DAMAN     920215 0000 126S 1699E -99 -99 0995 1010 0100 18 010 -999 -999 -999 -999 -999 -999
IBTr 09P DAMAN     920215 0600 131S 1686E -99 -99 0990 1010 0110 20 011 -999 -999 -999 -999 -999 -999
IBTr 09P DAMAN     920215 1200 136S 1673E -99 -99 0987 1010 0110 23 011 -999 -999 -999 -999 -999 -999
IBTr 09P DAMAN     920215 1800 142S 1661E -99 -99 0985 1010 0120 25 012 -999 -999 -999 -999 -999 -999
IBTr 09P DAMAN     920216 0000 150S 1648E -99 -99 0980 1010 0120 28 012 -999 -999 -999 -999 -999 -999
IBTr 09P DAMAN     920216 0600 160S 1634E -99 -99 0975 1010 0130 30 013 -999 -999 -999 -999 -999 -999
IBTr 09P DAMAN     920216 1200 173S 1625E -99 -99 0970 1010 0130 33 013 -999 -999 -999 -999 -999 -999
IBTr 09P DAMAN     920216 1800 184S 1619E -99 -99 0965 1010 0130 36 013 -999 -999 -999 -999 -999 -999
IBTr 09P DAMAN     920217 0000 195S 1614E -99 -99 0965 1010 0130 36 013 -999 -999 -999 -999 -999 -999
IBTr 09P DAMAN     920217 0600 210S 1610E -99 -99 0965 1010 0140 36 014 -999 -999 -999 -999 -999 -999
IBTr 09P DAMAN     920217 1200 228S 1605E -99 -99 0965 1010 0140 36 014 -999 -999 -999 -999 -999 -999
IBTr 09P DAMAN     920217 1800 247S 1598E -99 -99 0965 1010 0140 32 014 -999 -999 -999 -999 -999 -999
IBTr 09P DAMAN     920218 0000 261S 1587E -99 -99 0965 1010 0140 32 014 -999 -999 -999 -999 -999 -999
IBTr 09P DAMAN     920218 0600 274S 1575E -99 -99 0975 1010 0130 30 013 -999 -999 -999 -999 -999 -999
IBTr 09P DAMAN     920218 1200 285S 1565E -99 -99 0975 1010 0130 30 013 -999 -999 -999 -999 -999 -999
IBTr 09P DAMAN     920218 1800 295S 1558E -99 -99 0980 1010 0130 27 013 -999 -999 -999 -999 -999 -999
IBTr 09P DAMAN     920219 0000 303S 1555E -99 -99 0980 1010 0130 27 013 -999 -999 -999 -999 -999 -999
IBTr 09P DAMAN     920219 0600 310S 1561E -99 -99 -999 1010 0000 -9 000 -999 -999 -999 -999 -999 -999
IBTr 09P DAMAN     920219 1200 318S 1573E -99 -99 -999 1010 0000 -9 000 -999 -999 -999 -999 -999 -999
IBTr 09P DAMAN     920219 1800 327S 1584E -99 -99 -999 1010 0000 -9 000 -999 -999 -999 -999 -999 -999
IBTr 09P DAMAN     920220 0000 342S 1597E -99 -99 -999 1010 0000 -9 000 -999 -999 -999 -999 -999 -999
IBTr 09P DAMAN     920220 0600 355S 1618E -99 -99 0994 1010 0120 23 012 -999 -999 -999 -999 -999 -999
IBTr 09P DAMAN     920220 1200 372S 1652E -99 -99 0992 1010 0120 20 012 -999 -999 -999 -999 -999 -999
IBTr 09P DAMAN     920220 1800 383S 1688E -99 -99 0992 1010 0120 20 012 -999 -999 -999 -999 -999 -999
IBTr 09P DAMAN     920221 0000 390S 1720E -99 -99 0992 1010 0120 20 012 -999 -999 -999 -999 -999 -999
IBTr 09P DAMAN     920221 0600 395S 1775E -99 -99 0993 1010 0120 18 012 -999 -999 -999 -999 -999 -999
IBTr 09P DAMAN     920221 1200 410S 1795E -99 -99 0993 1010 0120 15 012 -999 -999 -999 -999 -999 -999
IBTr 09P DAMAN     920221 1800 435S 1770W -99 -99 0994 1010 0120 15 012 -999 -999 -999 -999 -999 -999
IBTr 09P DAMAN     920222 0000 455S 1725W -99 -99 0988 1010 0130 15 013 -999 -999 -999 -999 -999 -999
IBTr 09P DAMAN     920222 0600 472S 1680W -99 -99 0988 1010 0130 15 013 -999 -999 -999 -999 -999 -999
IBTr 09P DAMAN     920222 1200 487S 1642W -99 -99 0988 1010 0130 15 013 -999 -999 -999 -999 -999 -999
IBTr 09P DAMAN     920222 1800 500S 1605W -99 -99 0988 1010 0130 15 013 -999 -999 -999 -999 -999 -999
IBTr 09P DAMAN     920223 0000 510S 1580W -99 -99 0988 1010 0130 15 013 -999 -999 -999 -999 -999 -999
