IBTr 01E EKEKA     920126 1800 52N  1544W -99 -99 0000 1010 0000 10 000 -999 -999 -999 -999 -999 -999
IBTr 01E EKEKA     920127 0000 48N  1543W -99 -99 0000 1010 0000 10 000 -999 -999 -999 -999 -999 -999
IBTr 01E EKEKA     920127 0600 43N  1545W -99 -99 0000 1010 0000 10 000 -999 -999 -999 -999 -999 -999
IBTr 01E EKEKA     920127 1200 42N  1550W -99 -99 0000 1010 0000 12 000 -999 -999 -999 -999 -999 -999
IBTr 01E EKEKA     920127 1800 42N  1556W -99 -99 0000 1010 0000 12 000 -999 -999 -999 -999 -999 -999
IBTr 01E EKEKA     920128 0000 43N  1562W -99 -99 0000 1010 0000 12 000 -999 -999 -999 -999 -999 -999
IBTr 01E EKEKA     920128 0600 45N  1568W -99 -99 0000 1010 0000 15 000 -999 -999 -999 -999 -999 -999
IBTr 01E EKEKA     920128 1200 48N  1576W -99 -99 0000 1010 0000 15 000 -999 -999 -999 -999 -999 -999
IBTr 01E EKEKA     920128 1800 52N  1582W -99 -99 0000 1010 0000 18 000 -999 -999 -999 -999 -999 -999
IBTr 01E EKEKA     920129 0000 54N  1584W -99 -99 0000 1010 0000 20 000 -999 -999 -999 -999 -999 -999
IBTr 01E EKEKA     920129 0600 57N  1590W -99 -99 0000 1010 0000 23 000 -999 -999 -999 -999 -999 -999
IBTr 01E EKEKA     920129 1200 59N  1607W -99 -99 0000 1010 0000 25 000 -999 -999 -999 -999 -999 -999
IBTr 01E EKEKA     920129 1800 60N  1623W -99 -99 0000 1010 0000 28 000 -999 -999 -999 -999 -999 -999
IBTr 01E EKEKA     920130 0000 60N  1634W -99 -99 0000 1010 0000 33 000 -999 -999 -999 -999 -999 -999
IBTr 01E EKEKA     920130 0600 61N  1643W -99 -99 0000 1010 0000 33 000 -999 -999 -999 -999 -999 -999
IBTr 01E EKEKA     920130 1200 61N  1647W -99 -99 0000 1010 0000 36 000 -999 -999 -999 -999 -999 -999
IBTr 01E EKEKA     920130 1800 62N  1654W -99 -99 0000 1010 0000 38 000 -999 -999 -999 -999 -999 -999
IBTr 01E EKEKA     920131 0000 64N  1664W -99 -99 0000 1010 0000 38 000 -999 -999 -999 -999 -999 -999
IBTr 01E EKEKA     920131 0600 66N  1674W -99 -99 0000 1010 0000 38 000 -999 -999 -999 -999 -999 -999
IBTr 01E EKEKA     920131 1200 70N  1686W -99 -99 0000 1010 0000 38 000 -999 -999 -999 -999 -999 -999
IBTr 01E EKEKA     920131 1800 74N  1695W -99 -99 0000 1010 0000 43 000 -999 -999 -999 -999 -999 -999
IBTr 01E EKEKA     920201 0000 82N  1712W -99 -99 0000 1010 0000 46 000 -999 -999 -999 -999 -999 -999
IBTr 01E EKEKA     920201 0600 84N  1718W -99 -99 0000 1010 0000 46 000 -999 -999 -999 -999 -999 -999
IBTr 01E EKEKA     920201 1200 87N  1728W -99 -99 0000 1010 0000 46 000 -999 -999 -999 -999 -999 -999
IBTr 01E EKEKA     920201 1800 90N  1732W -99 -99 0000 1010 0000 46 000 -999 -999 -999 -999 -999 -999
IBTr 01E EKEKA     920202 0000 92N  1737W -99 -99 0000 1010 0000 51 000 -999 -999 -999 -999 -999 -999
IBTr 01E EKEKA     920202 0600 93N  1742W -99 -99 0000 1010 0000 51 000 -999 -999 -999 -999 -999 -999
IBTr 01E EKEKA     920202 1200 95N  1746W -99 -99 0000 1010 0000 46 000 -999 -999 -999 -999 -999 -999
IBTr 01E EKEKA     920202 1800 96N  1751W -99 -99 0000 1010 0000 46 000 -999 -999 -999 -999 -999 -999
IBTr 01E EKEKA     920203 0000 95N  1757W -99 -99 0000 1010 0000 41 000 -999 -999 -999 -999 -999 -999
IBTr 01E EKEKA     920203 0600 96N  1764W -99 -99 0000 1010 0000 25 000 -999 -999 -999 -999 -999 -999
IBTr 01E EKEKA     920203 1200 94N  1781W -99 -99 0000 1010 0000 20 000 -999 -999 -999 -999 -999 -999
