IBTr 01B NOTNAMED  920515 0000 96N  0903E -99 -99 -999 1010 0000 -9 000 -999 -999 -999 -999 -999 -999
IBTr 01B NOTNAMED  920515 0600 100N 0897E -99 -99 -999 1010 0000 -9 000 -999 -999 -999 -999 -999 -999
IBTr 01B NOTNAMED  920515 1200 105N 0892E -99 -99 -999 1010 0000 -9 000 -999 -999 -999 -999 -999 -999
IBTr 01B NOTNAMED  920515 1800 106N 0887E -99 -99 1002 1010 0090 -9 009 -999 -999 -999 -999 -999 -999
IBTr 01B NOTNAMED  920516 0000 113N 0880E -99 -99 1002 1010 0090 12 009 -999 -999 -999 -999 -999 -999
IBTr 01B NOTNAMED  920516 0600 118N 0875E -99 -99 1000 1010 0100 12 010 -999 -999 -999 -999 -999 -999
IBTr 01B NOTNAMED  920516 1200 124N 0873E -99 -99 1000 1010 0100 12 010 -999 -999 -999 -999 -999 -999
IBTr 01B NOTNAMED  920516 1800 127N 0873E -99 -99 0998 1010 0100 12 010 -999 -999 -999 -999 -999 -999
IBTr 01B NOTNAMED  920517 0000 137N 0874E -99 -99 0996 1010 0100 15 010 -999 -999 -999 -999 -999 -999
IBTr 01B NOTNAMED  920517 0600 142N 0878E -99 -99 0996 1010 0100 15 010 -999 -999 -999 -999 -999 -999
IBTr 01B NOTNAMED  920517 1200 145N 0883E -99 -99 0996 1010 0100 15 010 -999 -999 -999 -999 -999 -999
IBTr 01B NOTNAMED  920517 1800 147N 0885E -99 -99 0994 1010 0110 15 011 -999 -999 -999 -999 -999 -999
IBTr 01B NOTNAMED  920518 0000 154N 0896E -99 -99 0994 1010 0110 18 011 -999 -999 -999 -999 -999 -999
IBTr 01B NOTNAMED  920518 0600 161N 0907E -99 -99 0992 1010 0110 18 011 -999 -999 -999 -999 -999 -999
IBTr 01B NOTNAMED  920518 1200 166N 0913E -99 -99 0994 1010 0110 18 011 -999 -999 -999 -999 -999 -999
IBTr 01B NOTNAMED  920518 1800 173N 0923E -99 -99 0992 1010 0110 18 011 -999 -999 -999 -999 -999 -999
IBTr 01B NOTNAMED  920519 0000 184N 0935E -99 -99 0994 1010 0110 18 011 -999 -999 -999 -999 -999 -999
IBTr 01B NOTNAMED  920519 0600 193N 0946E -99 -99 0998 1010 0100 12 010 -999 -999 -999 -999 -999 -999
IBTr 01B NOTNAMED  920519 1200 204N 0959E -99 -99 1000 1010 0100 -9 010 -999 -999 -999 -999 -999 -999
IBTr 01B NOTNAMED  920519 1800 222N 0980E -99 -99 -999 1010 0000 -9 000 -999 -999 -999 -999 -999 -999
IBTr 01B NOTNAMED  920520 0000 239N 0997E -99 -99 -999 1010 0000 -9 000 -999 -999 -999 -999 -999 -999
