IBTr 17W OMAR      920823 0000 68N  1586E -99 -99 -999 1010 0000 -9 000 -999 -999 -999 -999 -999 -999
IBTr 17W OMAR      920823 0600 69N  1575E -99 -99 -999 1010 0000 -9 000 -999 -999 -999 -999 -999 -999
IBTr 17W OMAR      920823 1200 71N  1566E -99 -99 -999 1010 0000 -9 000 -999 -999 -999 -999 -999 -999
IBTr 17W OMAR      920823 1800 75N  1562E -99 -99 1004 1010 0090 -9 009 -999 -999 -999 -999 -999 -999
IBTr 17W OMAR      920824 0000 80N  1556E -99 -99 1004 1010 0090 -9 009 -999 -999 -999 -999 -999 -999
IBTr 17W OMAR      920824 0600 87N  1551E -99 -99 1004 1010 0090 -9 009 -999 -999 -999 -999 -999 -999
IBTr 17W OMAR      920824 1200 89N  1546E -99 -99 1004 1010 0090 15 009 -999 -999 -999 -999 -999 -999
IBTr 17W OMAR      920824 1800 91N  1538E -99 -99 1004 1010 0090 18 009 -999 -999 -999 -999 -999 -999
IBTr 17W OMAR      920825 0000 94N  1528E -99 -99 1004 1010 0090 20 009 -999 -999 -999 -999 -999 -999
IBTr 17W OMAR      920825 0600 100N 1518E -99 -99 1000 1010 0100 23 010 -999 -999 -999 -999 -999 -999
IBTr 17W OMAR      920825 1200 103N 1508E -99 -99 1000 1010 0100 23 010 -999 -999 -999 -999 -999 -999
IBTr 17W OMAR      920825 1800 106N 1501E -99 -99 1000 1010 0100 25 010 -999 -999 -999 -999 -999 -999
IBTr 17W OMAR      920826 0000 108N 1496E -99 -99 0996 1010 0100 18 010 -999 -999 -999 -999 -999 -999
IBTr 17W OMAR      920826 0600 110N 1490E -99 -99 0992 1010 0110 20 011 -999 -999 -999 -999 -999 -999
IBTr 17W OMAR      920826 1200 112N 1487E -99 -99 0990 1010 0110 23 011 -999 -999 -999 -999 -999 -999
IBTr 17W OMAR      920826 1800 114N 1485E -99 -99 0985 1010 0120 25 012 -999 -999 -999 -999 -999 -999
IBTr 17W OMAR      920827 0000 118N 1484E -99 -99 0980 1010 0120 28 012 -999 -999 -999 -999 -999 -999
IBTr 17W OMAR      920827 0600 122N 1481E -99 -99 0975 1010 0130 30 013 -999 -999 -999 -999 -999 -999
IBTr 17W OMAR      920827 1200 124N 1476E -99 -99 0975 1010 0130 30 013 -999 -999 -999 -999 -999 -999
IBTr 17W OMAR      920827 1800 127N 1468E -99 -99 0975 1010 0130 30 013 -999 -999 -999 -999 -999 -999
IBTr 17W OMAR      920828 0000 131N 1459E -99 -99 0970 1010 0130 33 013 -999 -999 -999 -999 -999 -999
IBTr 17W OMAR      920828 0600 134N 1450E -99 -99 0960 1010 0130 36 013 -999 -999 -999 -999 -999 -999
IBTr 17W OMAR      920828 1200 136N 1441E -99 -99 0955 1010 0130 38 013 -999 -999 -999 -999 -999 -999
IBTr 17W OMAR      920828 1800 139N 1433E -99 -99 0950 1010 0130 41 013 -999 -999 -999 -999 -999 -999
IBTr 17W OMAR      920829 0000 141N 1425E -99 -99 0940 1010 0120 43 012 -999 -999 -999 -999 -999 -999
IBTr 17W OMAR      920829 0600 143N 1417E -99 -99 0935 1010 0120 46 012 -999 -999 -999 -999 -999 -999
IBTr 17W OMAR      920829 1200 142N 1411E -99 -99 0930 1010 0110 48 011 -999 -999 -999 -999 -999 -999
IBTr 17W OMAR      920829 1800 146N 1405E -99 -99 0920 1010 0100 51 010 -999 -999 -999 -999 -999 -999
IBTr 17W OMAR      920830 0000 149N 1400E -99 -99 0920 1010 0100 51 010 -999 -999 -999 -999 -999 -999
IBTr 17W OMAR      920830 0600 153N 1395E -99 -99 0920 1010 0100 51 010 -999 -999 -999 -999 -999 -999
IBTr 17W OMAR      920830 1200 157N 1391E -99 -99 0920 1010 0100 51 010 -999 -999 -999 -999 -999 -999
IBTr 17W OMAR      920830 1800 160N 1384E -99 -99 0920 1010 0100 51 010 -999 -999 -999 -999 -999 -999
IBTr 17W OMAR      920831 0000 165N 1376E -99 -99 0925 1010 0110 48 011 -999 -999 -999 -999 -999 -999
IBTr 17W OMAR      920831 0600 169N 1368E -99 -99 0925 1010 0110 48 011 -999 -999 -999 -999 -999 -999
IBTr 17W OMAR      920831 1200 172N 1360E -99 -99 0925 1010 0110 48 011 -999 -999 -999 -999 -999 -999
IBTr 17W OMAR      920831 1800 177N 1351E -99 -99 0935 1010 0120 46 012 -999 -999 -999 -999 -999 -999
IBTr 17W OMAR      920901 0000 184N 1341E -99 -99 0935 1010 0120 46 012 -999 -999 -999 -999 -999 -999
IBTr 17W OMAR      920901 0600 191N 1331E -99 -99 0935 1010 0120 46 012 -999 -999 -999 -999 -999 -999
IBTr 17W OMAR      920901 1200 199N 1320E -99 -99 0935 1010 0120 46 012 -999 -999 -999 -999 -999 -999
IBTr 17W OMAR      920901 1800 206N 1307E -99 -99 0945 1010 0130 43 013 -999 -999 -999 -999 -999 -999
IBTr 17W OMAR      920902 0000 211N 1295E -99 -99 0945 1010 0130 43 013 -999 -999 -999 -999 -999 -999
IBTr 17W OMAR      920902 0600 215N 1286E -99 -99 0950 1010 0130 41 013 -999 -999 -999 -999 -999 -999
IBTr 17W OMAR      920902 1200 217N 1279E -99 -99 0955 1010 0140 38 014 -999 -999 -999 -999 -999 -999
IBTr 17W OMAR      920902 1500 217N 1280E -99 -99 0955 1010 0140 38 014 -999 -999 -999 -999 -999 -999
IBTr 17W OMAR      920902 1800 219N 1272E -99 -99 0955 1010 0140 38 014 -999 -999 -999 -999 -999 -999
IBTr 17W OMAR      920902 2100 218N 1273E -99 -99 0955 1010 0140 38 014 -999 -999 -999 -999 -999 -999
IBTr 17W OMAR      920903 0000 221N 1264E -99 -99 0955 1010 0140 38 014 -999 -999 -999 -999 -999 -999
IBTr 17W OMAR      920903 0300 221N 1262E -99 -99 0955 1010 0140 38 014 -999 -999 -999 -999 -999 -999
IBTr 17W OMAR      920903 0600 224N 1254E -99 -99 0960 1010 0140 36 014 -999 -999 -999 -999 -999 -999
IBTr 17W OMAR      920903 0900 224N 1253E -99 -99 0965 1010 0140 36 014 -999 -999 -999 -999 -999 -999
IBTr 17W OMAR      920903 1200 225N 1248E -99 -99 0970 1010 0130 33 013 -999 -999 -999 -999 -999 -999
IBTr 17W OMAR      920903 1500 225N 1243E -99 -99 0975 1010 0130 30 013 -999 -999 -999 -999 -999 -999
IBTr 17W OMAR      920903 1800 227N 1239E -99 -99 0975 1010 0130 30 013 -999 -999 -999 -999 -999 -999
IBTr 17W OMAR      920903 2100 229N 1234E -99 -99 0975 1010 0130 30 013 -999 -999 -999 -999 -999 -999
IBTr 17W OMAR      920904 0000 229N 1231E -99 -99 0975 1010 0130 30 013 -999 -999 -999 -999 -999 -999
IBTr 17W OMAR      920904 0300 231N 1228E -99 -99 0975 1010 0130 30 013 -999 -999 -999 -999 -999 -999
IBTr 17W OMAR      920904 0600 232N 1224E -99 -99 0975 1010 0130 30 013 -999 -999 -999 -999 -999 -999
IBTr 17W OMAR      920904 0900 234N 1222E -99 -99 0975 1010 0130 30 013 -999 -999 -999 -999 -999 -999
IBTr 17W OMAR      920904 1200 235N 1214E -99 -99 0975 1010 0130 30 013 -999 -999 -999 -999 -999 -999
IBTr 17W OMAR      920904 1500 235N 1211E -99 -99 0980 1010 0130 28 013 -999 -999 -999 -999 -999 -999
IBTr 17W OMAR      920904 1800 238N 1202E -99 -99 0980 1010 0130 28 013 -999 -999 -999 -999 -999 -999
IBTr 17W OMAR      920904 2100 236N 1198E -99 -99 0985 1010 0120 25 012 -999 -999 -999 -999 -999 -999
IBTr 17W OMAR      920905 0000 243N 1192E -99 -99 0985 1010 0120 25 012 -999 -999 -999 -999 -999 -999
IBTr 17W OMAR      920905 0600 245N 1179E -99 -99 0985 1010 0120 23 012 -999 -999 -999 -999 -999 -999
IBTr 17W OMAR      920905 1200 244N 1168E -99 -99 0992 1010 0110 18 011 -999 -999 -999 -999 -999 -999
IBTr 17W OMAR      920905 1800 244N 1157E -99 -99 0994 1010 0110 15 011 -999 -999 -999 -999 -999 -999
IBTr 17W OMAR      920906 0000 244N 1143E -99 -99 0996 1010 0110 12 011 -999 -999 -999 -999 -999 -999
IBTr 17W OMAR      920906 0600 242N 1136E -99 -99 0996 1010 0110 10 011 -999 -999 -999 -999 -999 -999
IBTr 17W OMAR      920906 1200 236N 1127E -99 -99 0998 1010 0100 -9 010 -999 -999 -999 -999 -999 -999
IBTr 17W OMAR      920906 1800 233N 1123E -99 -99 0998 1010 0100 -9 010 -999 -999 -999 -999 -999 -999
IBTr 17W OMAR      920907 0000 230N 1118E -99 -99 1000 1010 0100 -9 010 -999 -999 -999 -999 -999 -999
IBTr 17W OMAR      920907 0600 229N 1115E -99 -99 1000 1010 0100 -9 010 -999 -999 -999 -999 -999 -999
IBTr 17W OMAR      920907 1200 226N 1107E -99 -99 1000 1010 0100 -9 010 -999 -999 -999 -999 -999 -999
IBTr 17W OMAR      920907 1800 221N 1100E -99 -99 1000 1010 0100 -9 010 -999 -999 -999 -999 -999 -999
IBTr 17W OMAR      920908 0000 215N 1088E -99 -99 1002 1010 0100 -9 010 -999 -999 -999 -999 -999 -999
IBTr 17W OMAR      920908 0600 211N 1081E -99 -99 1002 1010 0100 -9 010 -999 -999 -999 -999 -999 -999
IBTr 17W OMAR      920908 1200 207N 1074E -99 -99 1002 1010 0100 -9 010 -999 -999 -999 -999 -999 -999
IBTr 17W OMAR      920908 1800 207N 1066E -99 -99 1004 1010 0090 -9 009 -999 -999 -999 -999 -999 -999
IBTr 17W OMAR      920909 0000 206N 1060E -99 -99 1006 1010 0090 -9 009 -999 -999 -999 -999 -999 -999
