IBTr 18W POLLYPOLL 920823 1200 140N 1443E -99 -99 -999 1010 0000 10 000 -999 -999 -999 -999 -999 -999
IBTr 18W POLLYPOLL 920823 1800 141N 1434E -99 -99 -999 1010 0000 10 000 -999 -999 -999 -999 -999 -999
IBTr 18W POLLYPOLL 920824 0000 143N 1425E -99 -99 -999 1010 0000 10 000 -999 -999 -999 -999 -999 -999
IBTr 18W POLLYPOLL 920824 0600 145N 1416E -99 -99 -999 1010 0000 10 000 -999 -999 -999 -999 -999 -999
IBTr 18W POLLYPOLL 920824 1200 148N 1407E -99 -99 -999 1010 0000 10 000 -999 -999 -999 -999 -999 -999
IBTr 18W POLLYPOLL 920824 1800 152N 1398E -99 -99 -999 1010 0000 10 000 -999 -999 -999 -999 -999 -999
IBTr 18W POLLYPOLL 920825 0000 159N 1390E -99 -99 -999 1010 0000 10 000 -999 -999 -999 -999 -999 -999
IBTr 18W POLLYPOLL 920825 0600 167N 1380E -99 -99 -999 1010 0000 12 000 -999 -999 -999 -999 -999 -999
IBTr 18W POLLYPOLL 920825 1200 174N 1369E -99 -99 -999 1010 0000 12 000 -999 -999 -999 -999 -999 -999
IBTr 18W POLLYPOLL 920825 1800 185N 1357E -99 -99 -999 1010 0000 12 000 -999 -999 -999 -999 -999 -999
IBTr 18W POLLYPOLL 920826 0000 196N 1344E -99 -99 -999 1010 0000 12 000 -999 -999 -999 -999 -999 -999
IBTr 18W POLLYPOLL 920826 0600 205N 1330E -99 -99 -999 1010 0000 15 000 -999 -999 -999 -999 -999 -999
IBTr 18W POLLYPOLL 920826 1200 211N 1314E -99 -99 -999 1010 0000 18 000 -999 -999 -999 -999 -999 -999
IBTr 18W POLLYPOLL 920826 1800 210N 1292E -99 -99 -999 1010 0000 20 000 -999 -999 -999 -999 -999 -999
IBTr 18W POLLYPOLL 920827 0000 211N 1279E -99 -99 0998 1010 0100 20 010 -999 -999 -999 -999 -999 -999
IBTr 18W POLLYPOLL 920827 0600 214N 1272E -99 -99 0994 1010 0110 20 011 -999 -999 -999 -999 -999 -999
IBTr 18W POLLYPOLL 920827 1200 219N 1264E -99 -99 0994 1010 0110 20 011 -999 -999 -999 -999 -999 -999
IBTr 18W POLLYPOLL 920827 1800 222N 1256E -99 -99 0990 1010 0110 18 011 -999 -999 -999 -999 -999 -999
IBTr 18W POLLYPOLL 920828 0000 223N 1249E -99 -99 0990 1010 0110 20 011 -999 -999 -999 -999 -999 -999
IBTr 18W POLLYPOLL 920828 0300 223N 1249E -99 -99 0990 1010 0110 20 011 -999 -999 -999 -999 -999 -999
IBTr 18W POLLYPOLL 920828 0600 224N 1244E -99 -99 0985 1010 0120 23 012 -999 -999 -999 -999 -999 -999
IBTr 18W POLLYPOLL 920828 0900 225N 1244E -99 -99 0985 1010 0120 23 012 -999 -999 -999 -999 -999 -999
IBTr 18W POLLYPOLL 920828 1200 225N 1240E -99 -99 0985 1010 0120 23 012 -999 -999 -999 -999 -999 -999
IBTr 18W POLLYPOLL 920828 1500 226N 1240E -99 -99 0985 1010 0120 23 012 -999 -999 -999 -999 -999 -999
IBTr 18W POLLYPOLL 920828 1800 226N 1237E -99 -99 0985 1010 0120 23 012 -999 -999 -999 -999 -999 -999
IBTr 18W POLLYPOLL 920828 2100 227N 1236E -99 -99 0985 1010 0120 23 012 -999 -999 -999 -999 -999 -999
IBTr 18W POLLYPOLL 920829 0000 227N 1233E -99 -99 0985 1010 0120 23 012 -999 -999 -999 -999 -999 -999
IBTr 18W POLLYPOLL 920829 0300 229N 1232E -99 -99 0980 1010 0130 25 013 -999 -999 -999 -999 -999 -999
IBTr 18W POLLYPOLL 920829 0600 229N 1229E -99 -99 0980 1010 0130 25 013 -999 -999 -999 -999 -999 -999
IBTr 18W POLLYPOLL 920829 0900 231N 1228E -99 -99 0980 1010 0130 25 013 -999 -999 -999 -999 -999 -999
IBTr 18W POLLYPOLL 920829 1200 230N 1225E -99 -99 0980 1010 0130 25 013 -999 -999 -999 -999 -999 -999
IBTr 18W POLLYPOLL 920829 1500 233N 1225E -99 -99 0980 1010 0130 25 013 -999 -999 -999 -999 -999 -999
IBTr 18W POLLYPOLL 920829 1800 232N 1222E -99 -99 0980 1010 0130 25 013 -999 -999 -999 -999 -999 -999
IBTr 18W POLLYPOLL 920829 2100 236N 1223E -99 -99 0975 1010 0130 28 013 -999 -999 -999 -999 -999 -999
IBTr 18W POLLYPOLL 920830 0000 236N 1220E -99 -99 0975 1010 0130 28 013 -999 -999 -999 -999 -999 -999
IBTr 18W POLLYPOLL 920830 0300 240N 1220E -99 -99 0975 1010 0130 28 013 -999 -999 -999 -999 -999 -999
IBTr 18W POLLYPOLL 920830 0600 241N 1216E -99 -99 0975 1010 0130 28 013 -999 -999 -999 -999 -999 -999
IBTr 18W POLLYPOLL 920830 0900 245N 1215E -99 -99 0975 1010 0130 28 013 -999 -999 -999 -999 -999 -999
IBTr 18W POLLYPOLL 920830 1200 249N 1210E -99 -99 0975 1010 0130 28 013 -999 -999 -999 -999 -999 -999
IBTr 18W POLLYPOLL 920830 1500 253N 1209E -99 -99 0975 1010 0130 28 013 -999 -999 -999 -999 -999 -999
IBTr 18W POLLYPOLL 920830 1800 252N 1202E -99 -99 0975 1010 0130 28 013 -999 -999 -999 -999 -999 -999
IBTr 18W POLLYPOLL 920830 2100 256N 1202E -99 -99 0975 1010 0130 28 013 -999 -999 -999 -999 -999 -999
IBTr 18W POLLYPOLL 920831 0000 254N 1193E -99 -99 0980 1010 0130 25 013 -999 -999 -999 -999 -999 -999
IBTr 18W POLLYPOLL 920831 0600 256N 1188E -99 -99 0985 1010 0120 23 012 -999 -999 -999 -999 -999 -999
IBTr 18W POLLYPOLL 920831 1200 262N 1183E -99 -99 0990 1010 0120 10 012 -999 -999 -999 -999 -999 -999
IBTr 18W POLLYPOLL 920831 1800 278N 1183E -99 -99 0990 1010 0120 10 012 -999 -999 -999 -999 -999 -999
IBTr 18W POLLYPOLL 920901 0000 314N 1187E -99 -99 0992 1010 0120 10 012 -999 -999 -999 -999 -999 -999
IBTr 18W POLLYPOLL 920901 0600 338N 1189E -99 -99 0992 1010 0120 -9 012 -999 -999 -999 -999 -999 -999
IBTr 18W POLLYPOLL 920901 1200 350N 1200E -99 -99 0994 1010 0110 -9 011 -999 -999 -999 -999 -999 -999
IBTr 18W POLLYPOLL 920901 1800 357N 1211E -99 -99 0996 1010 0110 -9 011 -999 -999 -999 -999 -999 -999
IBTr 18W POLLYPOLL 920902 0000 360N 1215E -99 -99 1000 1010 0110 -9 011 -999 -999 -999 -999 -999 -999
IBTr 18W POLLYPOLL 920902 0600 365N 1225E -99 -99 1000 1010 0110 -9 011 -999 -999 -999 -999 -999 -999
IBTr 18W POLLYPOLL 920902 1200 373N 1232E -99 -99 1002 1010 0100 -9 010 -999 -999 -999 -999 -999 -999
IBTr 18W POLLYPOLL 920902 1800 390N 1240E -99 -99 1000 1010 0110 -9 011 -999 -999 -999 -999 -999 -999
IBTr 18W POLLYPOLL 920903 0000 400N 1240E -99 -99 1000 1010 0110 -9 011 -999 -999 -999 -999 -999 -999
IBTr 18W POLLYPOLL 920903 0600 410N 1250E -99 -99 0998 1010 0110 -9 011 -999 -999 -999 -999 -999 -999
IBTr 18W POLLYPOLL 920903 1200 410N 1275E -99 -99 1000 1010 0110 -9 011 -999 -999 -999 -999 -999 -999
IBTr 18W POLLYPOLL 920903 1800 410N 1310E -99 -99 1000 1010 0110 -9 011 -999 -999 -999 -999 -999 -999
IBTr 18W POLLYPOLL 920904 0000 410N 1340E -99 -99 1000 1010 0110 -9 011 -999 -999 -999 -999 -999 -999
IBTr 18W POLLYPOLL 920904 0600 400N 1350E -99 -99 1000 1010 0110 -9 011 -999 -999 -999 -999 -999 -999
IBTr 18W POLLYPOLL 920904 1200 395N 1370E -99 -99 1000 1010 0110 -9 011 -999 -999 -999 -999 -999 -999
