IBTr 16W NOTNAMED  920820 0600 66N  1733E -99 -99 -999 1010 0000 05 000 -999 -999 -999 -999 -999 -999
IBTr 16W NOTNAMED  920820 1200 67N  1723E -99 -99 -999 1010 0000 05 000 -999 -999 -999 -999 -999 -999
IBTr 16W NOTNAMED  920820 1800 68N  1713E -99 -99 -999 1010 0000 05 000 -999 -999 -999 -999 -999 -999
IBTr 16W NOTNAMED  920821 0000 69N  1703E -99 -99 -999 1010 0000 07 000 -999 -999 -999 -999 -999 -999
IBTr 16W NOTNAMED  920821 0600 70N  1694E -99 -99 -999 1010 0000 07 000 -999 -999 -999 -999 -999 -999
IBTr 16W NOTNAMED  920821 1200 70N  1685E -99 -99 -999 1010 0000 07 000 -999 -999 -999 -999 -999 -999
IBTr 16W NOTNAMED  920821 1800 70N  1676E -99 -99 -999 1010 0000 07 000 -999 -999 -999 -999 -999 -999
IBTr 16W NOTNAMED  920822 0000 70N  1666E -99 -99 -999 1010 0000 07 000 -999 -999 -999 -999 -999 -999
IBTr 16W NOTNAMED  920822 0600 71N  1656E -99 -99 -999 1010 0000 07 000 -999 -999 -999 -999 -999 -999
IBTr 16W NOTNAMED  920822 1200 72N  1646E -99 -99 -999 1010 0000 07 000 -999 -999 -999 -999 -999 -999
IBTr 16W NOTNAMED  920822 1800 72N  1635E -99 -99 -999 1010 0000 10 000 -999 -999 -999 -999 -999 -999
IBTr 16W NOTNAMED  920823 0000 73N  1624E -99 -99 -999 1010 0000 10 000 -999 -999 -999 -999 -999 -999
IBTr 16W NOTNAMED  920823 0600 74N  1612E -99 -99 -999 1010 0000 10 000 -999 -999 -999 -999 -999 -999
IBTr 16W NOTNAMED  920823 1200 75N  1600E -99 -99 -999 1010 0000 10 000 -999 -999 -999 -999 -999 -999
IBTr 16W NOTNAMED  920823 1800 77N  1588E -99 -99 -999 1010 0000 12 000 -999 -999 -999 -999 -999 -999
IBTr 16W NOTNAMED  920824 0000 80N  1576E -99 -99 -999 1010 0000 12 000 -999 -999 -999 -999 -999 -999
IBTr 16W NOTNAMED  920824 0600 83N  1565E -99 -99 -999 1010 0000 12 000 -999 -999 -999 -999 -999 -999
