IBTr 11W JANIS     920730 0000 50N  1543E -99 -99 -999 1010 0000 07 000 -999 -999 -999 -999 -999 -999
IBTr 11W JANIS     920730 0600 50N  1541E -99 -99 -999 1010 0000 07 000 -999 -999 -999 -999 -999 -999
IBTr 11W JANIS     920730 1200 50N  1539E -99 -99 -999 1010 0000 07 000 -999 -999 -999 -999 -999 -999
IBTr 11W JANIS     920730 1800 51N  1537E -99 -99 -999 1010 0000 10 000 -999 -999 -999 -999 -999 -999
IBTr 11W JANIS     920731 0000 53N  1535E -99 -99 -999 1010 0000 10 000 -999 -999 -999 -999 -999 -999
IBTr 11W JANIS     920731 0600 56N  1533E -99 -99 -999 1010 0000 10 000 -999 -999 -999 -999 -999 -999
IBTr 11W JANIS     920731 1200 59N  1531E -99 -99 -999 1010 0000 10 000 -999 -999 -999 -999 -999 -999
IBTr 11W JANIS     920731 1800 62N  1529E -99 -99 -999 1010 0000 10 000 -999 -999 -999 -999 -999 -999
IBTr 11W JANIS     920801 0000 66N  1525E -99 -99 -999 1010 0000 10 000 -999 -999 -999 -999 -999 -999
IBTr 11W JANIS     920801 0600 71N  1520E -99 -99 -999 1010 0000 10 000 -999 -999 -999 -999 -999 -999
IBTr 11W JANIS     920801 1200 77N  1514E -99 -99 -999 1010 0000 10 000 -999 -999 -999 -999 -999 -999
IBTr 11W JANIS     920801 1800 83N  1509E -99 -99 -999 1010 0000 10 000 -999 -999 -999 -999 -999 -999
IBTr 11W JANIS     920802 0000 91N  1498E -99 -99 -999 1010 0000 10 000 -999 -999 -999 -999 -999 -999
IBTr 11W JANIS     920802 0600 95N  1487E -99 -99 -999 1010 0000 10 000 -999 -999 -999 -999 -999 -999
IBTr 11W JANIS     920802 1200 99N  1474E -99 -99 -999 1010 0000 10 000 -999 -999 -999 -999 -999 -999
IBTr 11W JANIS     920802 1800 102N 1462E -99 -99 -999 1010 0000 12 000 -999 -999 -999 -999 -999 -999
IBTr 11W JANIS     920803 0000 108N 1452E -99 -99 1006 1010 0090 12 009 -999 -999 -999 -999 -999 -999
IBTr 11W JANIS     920803 0600 115N 1441E -99 -99 1004 1010 0090 15 009 -999 -999 -999 -999 -999 -999
IBTr 11W JANIS     920803 1200 123N 1432E -99 -99 1004 1010 0090 15 009 -999 -999 -999 -999 -999 -999
IBTr 11W JANIS     920803 1800 133N 1422E -99 -99 1000 1010 0100 18 010 -999 -999 -999 -999 -999 -999
IBTr 11W JANIS     920804 0000 145N 1413E -99 -99 1000 1010 0100 18 010 -999 -999 -999 -999 -999 -999
IBTr 11W JANIS     920804 0600 156N 1405E -99 -99 0996 1010 0100 20 010 -999 -999 -999 -999 -999 -999
IBTr 11W JANIS     920804 1200 167N 1397E -99 -99 0990 1010 0110 25 011 -999 -999 -999 -999 -999 -999
IBTr 11W JANIS     920804 1800 177N 1387E -99 -99 0985 1010 0120 28 012 -999 -999 -999 -999 -999 -999
IBTr 11W JANIS     920805 0000 186N 1375E -99 -99 0970 1010 0130 33 013 -999 -999 -999 -999 -999 -999
IBTr 11W JANIS     920805 0600 191N 1363E -99 -99 0960 1010 0140 38 014 -999 -999 -999 -999 -999 -999
IBTr 11W JANIS     920805 1200 199N 1351E -99 -99 0955 1010 0140 38 014 -999 -999 -999 -999 -999 -999
IBTr 11W JANIS     920805 1800 208N 1340E -99 -99 0955 1010 0140 38 014 -999 -999 -999 -999 -999 -999
IBTr 11W JANIS     920806 0000 217N 1331E -99 -99 0950 1010 0130 41 013 -999 -999 -999 -999 -999 -999
IBTr 11W JANIS     920806 0300 223N 1326E -99 -99 0950 1010 0130 41 013 -999 -999 -999 -999 -999 -999
IBTr 11W JANIS     920806 0600 228N 1321E -99 -99 0945 1010 0130 41 013 -999 -999 -999 -999 -999 -999
IBTr 11W JANIS     920806 0900 235N 1318E -99 -99 0945 1010 0130 41 013 -999 -999 -999 -999 -999 -999
IBTr 11W JANIS     920806 1200 241N 1312E -99 -99 0940 1010 0130 46 013 -999 -999 -999 -999 -999 -999
IBTr 11W JANIS     920806 1500 248N 1307E -99 -99 0935 1010 0120 48 012 -999 -999 -999 -999 -999 -999
IBTr 11W JANIS     920806 1800 253N 1302E -99 -99 0935 1010 0120 48 012 -999 -999 -999 -999 -999 -999
IBTr 11W JANIS     920806 2100 259N 1299E -99 -99 0940 1010 0130 46 013 -999 -999 -999 -999 -999 -999
IBTr 11W JANIS     920807 0000 265N 1296E -99 -99 0940 1010 0130 46 013 -999 -999 -999 -999 -999 -999
IBTr 11W JANIS     920807 0300 274N 1294E -99 -99 0945 1010 0130 43 013 -999 -999 -999 -999 -999 -999
IBTr 11W JANIS     920807 0600 281N 1293E -99 -99 0945 1010 0130 43 013 -999 -999 -999 -999 -999 -999
IBTr 11W JANIS     920807 0900 288N 1291E -99 -99 0950 1010 0140 41 014 -999 -999 -999 -999 -999 -999
IBTr 11W JANIS     920807 1200 294N 1291E -99 -99 0950 1010 0140 41 014 -999 -999 -999 -999 -999 -999
IBTr 11W JANIS     920807 1500 300N 1293E -99 -99 0950 1010 0140 41 014 -999 -999 -999 -999 -999 -999
IBTr 11W JANIS     920807 1800 309N 1296E -99 -99 0955 1010 0140 38 014 -999 -999 -999 -999 -999 -999
IBTr 11W JANIS     920807 2100 317N 1300E -99 -99 0960 1010 0140 38 014 -999 -999 -999 -999 -999 -999
IBTr 11W JANIS     920808 0000 326N 1304E -99 -99 0965 1010 0140 36 014 -999 -999 -999 -999 -999 -999
IBTr 11W JANIS     920808 0300 337N 1311E -99 -99 0975 1010 0140 30 014 -999 -999 -999 -999 -999 -999
IBTr 11W JANIS     920808 0400 339N 1312E -99 -99 0975 1010 0140 30 014 -999 -999 -999 -999 -999 -999
IBTr 11W JANIS     920808 0600 342N 1320E -99 -99 0980 1010 0130 28 013 -999 -999 -999 -999 -999 -999
IBTr 11W JANIS     920808 0900 350N 1330E -99 -99 0980 1010 0130 28 013 -999 -999 -999 -999 -999 -999
IBTr 11W JANIS     920808 1200 357N 1341E -99 -99 0985 1010 0130 25 013 -999 -999 -999 -999 -999 -999
IBTr 11W JANIS     920808 1500 366N 1350E -99 -99 0985 1010 0130 25 013 -999 -999 -999 -999 -999 -999
IBTr 11W JANIS     920808 1800 369N 1359E -99 -99 0990 1010 0120 23 012 -999 -999 -999 -999 -999 -999
IBTr 11W JANIS     920808 2100 378N 1374E -99 -99 0994 1010 0120 20 012 -999 -999 -999 -999 -999 -999
IBTr 11W JANIS     920809 0000 385N 1381E -99 -99 0996 1010 0110 20 011 -999 -999 -999 -999 -999 -999
IBTr 11W JANIS     920809 0300 397N 1393E -99 -99 0996 1010 0110 -9 011 -999 -999 -999 -999 -999 -999
IBTr 11W JANIS     920809 0600 407N 1413E -99 -99 0998 1010 0110 18 011 -999 -999 -999 -999 -999 -999
IBTr 11W JANIS     920809 1200 429N 1436E -99 -99 0998 1010 0110 18 011 -999 -999 -999 -999 -999 -999
IBTr 11W JANIS     920809 1800 450N 1458E -99 -99 0998 1010 0110 15 011 -999 -999 -999 -999 -999 -999
IBTr 11W JANIS     920810 0000 470N 1470E -99 -99 0998 1010 0110 15 011 -999 -999 -999 -999 -999 -999
IBTr 11W JANIS     920810 0600 480N 1480E -99 -99 0998 1010 0110 -9 011 -999 -999 -999 -999 -999 -999
IBTr 11W JANIS     920810 1200 490N 1490E -99 -99 1000 1010 0110 -9 011 -999 -999 -999 -999 -999 -999
IBTr 11W JANIS     920810 1800 500N 1500E -99 -99 1004 1010 0100 -9 010 -999 -999 -999 -999 -999 -999
IBTr 11W JANIS     920811 0000 510N 1510E -99 -99 1006 1010 0100 -9 010 -999 -999 -999 -999 -999 -999
IBTr 11W JANIS     920811 0600 520N 1520E -99 -99 1006 1010 0100 -9 010 -999 -999 -999 -999 -999 -999
IBTr 11W JANIS     920811 1200 530N 1540E -99 -99 1006 1010 0100 -9 010 -999 -999 -999 -999 -999 -999
IBTr 11W JANIS     920811 1800 540N 1550E -99 -99 1008 1010 0100 -9 010 -999 -999 -999 -999 -999 -999
IBTr 11W JANIS     920812 0000 540N 1600E -99 -99 1010 1010 0100 -9 010 -999 -999 -999 -999 -999 -999
IBTr 11W JANIS     920812 0600 540N 1620E -99 -99 1008 1010 0100 -9 010 -999 -999 -999 -999 -999 -999
IBTr 11W JANIS     920812 1200 550N 1650E -99 -99 1008 1010 0100 -9 010 -999 -999 -999 -999 -999 -999
IBTr 11W JANIS     920812 1800 560N 1680E -99 -99 1008 1010 0100 -9 010 -999 -999 -999 -999 -999 -999
IBTr 11W JANIS     920813 0000 560N 1720E -99 -99 1008 1010 0100 -9 010 -999 -999 -999 -999 -999 -999
IBTr 11W JANIS     920813 0600 560N 1780E -99 -99 1002 1010 0110 -9 011 -999 -999 -999 -999 -999 -999
