IBTr 14W KENT      920803 1800 66N  1795E -99 -99 -999 1010 0000 10 000 -999 -999 -999 -999 -999 -999
IBTr 14W KENT      920804 0000 70N  1782E -99 -99 -999 1010 0000 10 000 -999 -999 -999 -999 -999 -999
IBTr 14W KENT      920804 0600 74N  1769E -99 -99 -999 1010 0000 10 000 -999 -999 -999 -999 -999 -999
IBTr 14W KENT      920804 1200 79N  1754E -99 -99 -999 1010 0000 10 000 -999 -999 -999 -999 -999 -999
IBTr 14W KENT      920804 1800 83N  1740E -99 -99 -999 1010 0000 10 000 -999 -999 -999 -999 -999 -999
IBTr 14W KENT      920805 0000 88N  1725E -99 -99 -999 1010 0000 12 000 -999 -999 -999 -999 -999 -999
IBTr 14W KENT      920805 0600 93N  1714E -99 -99 1006 1010 0090 12 009 -999 -999 -999 -999 -999 -999
IBTr 14W KENT      920805 1200 98N  1704E -99 -99 1006 1010 0090 12 009 -999 -999 -999 -999 -999 -999
IBTr 14W KENT      920805 1800 103N 1695E -99 -99 1004 1010 0090 15 009 -999 -999 -999 -999 -999 -999
IBTr 14W KENT      920806 0000 108N 1686E -99 -99 1004 1010 0090 18 009 -999 -999 -999 -999 -999 -999
IBTr 14W KENT      920806 0600 116N 1679E -99 -99 0996 1010 0100 18 010 -999 -999 -999 -999 -999 -999
IBTr 14W KENT      920806 1200 121N 1669E -99 -99 0990 1010 0110 23 011 -999 -999 -999 -999 -999 -999
IBTr 14W KENT      920806 1800 127N 1658E -99 -99 0990 1010 0110 23 011 -999 -999 -999 -999 -999 -999
IBTr 14W KENT      920807 0000 133N 1647E -99 -99 0980 1010 0120 28 012 -999 -999 -999 -999 -999 -999
IBTr 14W KENT      920807 0600 138N 1635E -99 -99 0980 1010 0120 28 012 -999 -999 -999 -999 -999 -999
IBTr 14W KENT      920807 1200 144N 1625E -99 -99 0975 1010 0130 30 013 -999 -999 -999 -999 -999 -999
IBTr 14W KENT      920807 1800 151N 1615E -99 -99 0970 1010 0130 33 013 -999 -999 -999 -999 -999 -999
IBTr 14W KENT      920808 0000 157N 1606E -99 -99 0970 1010 0130 33 013 -999 -999 -999 -999 -999 -999
IBTr 14W KENT      920808 0600 165N 1597E -99 -99 0970 1010 0130 33 013 -999 -999 -999 -999 -999 -999
IBTr 14W KENT      920808 1200 171N 1589E -99 -99 0970 1010 0130 33 013 -999 -999 -999 -999 -999 -999
IBTr 14W KENT      920808 1800 175N 1578E -99 -99 0970 1010 0130 33 013 -999 -999 -999 -999 -999 -999
IBTr 14W KENT      920809 0000 179N 1566E -99 -99 0970 1010 0130 33 013 -999 -999 -999 -999 -999 -999
IBTr 14W KENT      920809 0600 183N 1555E -99 -99 0970 1010 0130 33 013 -999 -999 -999 -999 -999 -999
IBTr 14W KENT      920809 1200 188N 1545E -99 -99 0970 1010 0130 33 013 -999 -999 -999 -999 -999 -999
IBTr 14W KENT      920809 1800 191N 1537E -99 -99 0965 1010 0130 36 013 -999 -999 -999 -999 -999 -999
IBTr 14W KENT      920810 0000 193N 1529E -99 -99 0960 1010 0140 38 014 -999 -999 -999 -999 -999 -999
IBTr 14W KENT      920810 0600 195N 1521E -99 -99 0955 1010 0140 41 014 -999 -999 -999 -999 -999 -999
IBTr 14W KENT      920810 1200 198N 1512E -99 -99 0950 1010 0130 41 013 -999 -999 -999 -999 -999 -999
IBTr 14W KENT      920810 1800 201N 1502E -99 -99 0945 1010 0130 43 013 -999 -999 -999 -999 -999 -999
IBTr 14W KENT      920811 0000 205N 1493E -99 -99 0935 1010 0120 46 012 -999 -999 -999 -999 -999 -999
IBTr 14W KENT      920811 0600 208N 1485E -99 -99 0935 1010 0120 46 012 -999 -999 -999 -999 -999 -999
IBTr 14W KENT      920811 1200 212N 1478E -99 -99 0930 1010 0120 48 012 -999 -999 -999 -999 -999 -999
IBTr 14W KENT      920811 1800 216N 1471E -99 -99 0930 1010 0120 48 012 -999 -999 -999 -999 -999 -999
IBTr 14W KENT      920812 0000 220N 1464E -99 -99 0930 1010 0120 48 012 -999 -999 -999 -999 -999 -999
IBTr 14W KENT      920812 0600 225N 1458E -99 -99 0935 1010 0120 46 012 -999 -999 -999 -999 -999 -999
IBTr 14W KENT      920812 1200 228N 1454E -99 -99 0940 1010 0130 43 013 -999 -999 -999 -999 -999 -999
IBTr 14W KENT      920812 1800 232N 1451E -99 -99 0950 1010 0140 41 014 -999 -999 -999 -999 -999 -999
IBTr 14W KENT      920813 0000 236N 1449E -99 -99 0950 1010 0140 41 014 -999 -999 -999 -999 -999 -999
IBTr 14W KENT      920813 0600 240N 1447E -99 -99 0955 1010 0140 38 014 -999 -999 -999 -999 -999 -999
IBTr 14W MARK      920813 1200 169N 1124E -99 -99 -999 1010 0000 07 000 -999 -999 -999 -999 -999 -999
IBTr 14W MARK      920813 1800 171N 1132E -99 -99 -999 1010 0000 07 000 -999 -999 -999 -999 -999 -999
IBTr 14W MARK      920814 0000 174N 1140E -99 -99 -999 1010 0000 07 000 -999 -999 -999 -999 -999 -999
IBTr 14W KENT      920814 0300 260N 1436E -99 -99 0960 1010 0140 38 014 -999 -999 -999 -999 -999 -999
IBTr 14W MARK      920814 0600 177N 1149E -99 -99 -999 1010 0000 07 000 -999 -999 -999 -999 -999 -999
IBTr 14W KENT      920814 0900 263N 1432E -99 -99 0965 1010 0140 36 014 -999 -999 -999 -999 -999 -999
IBTr 14W MARK      920814 1200 180N 1158E -99 -99 -999 1010 0000 07 000 -999 -999 -999 -999 -999 -999
IBTr 14W KENT      920814 1500 266N 1429E -99 -99 0965 1010 0140 36 014 -999 -999 -999 -999 -999 -999
IBTr 14W MARK      920814 1800 184N 1166E -99 -99 -999 1010 0000 10 000 -999 -999 -999 -999 -999 -999
IBTr 14W KENT      920814 2100 269N 1423E -99 -99 0970 1010 0140 33 014 -999 -999 -999 -999 -999 -999
IBTr 14W MARK      920815 0000 187N 1172E -99 -99 -999 1010 0000 10 000 -999 -999 -999 -999 -999 -999
IBTr 14W KENT      920815 0300 271N 1418E -99 -99 0970 1010 0140 33 014 -999 -999 -999 -999 -999 -999
IBTr 14W MARK      920815 0600 191N 1173E -99 -99 1000 1010 0100 10 010 -999 -999 -999 -999 -999 -999
IBTr 14W KENT      920815 0900 273N 1413E -99 -99 0970 1010 0140 33 014 -999 -999 -999 -999 -999 -999
IBTr 14W MARK      920815 1200 198N 1172E -99 -99 1000 1010 0100 12 010 -999 -999 -999 -999 -999 -999
IBTr 14W KENT      920815 1500 275N 1407E -99 -99 0970 1010 0140 33 014 -999 -999 -999 -999 -999 -999
IBTr 14W MARK      920815 1800 205N 1171E -99 -99 0998 1010 0100 12 010 -999 -999 -999 -999 -999 -999
IBTr 14W KENT      920815 2100 277N 1400E -99 -99 0970 1010 0140 33 014 -999 -999 -999 -999 -999 -999
IBTr 14W MARK      920816 0000 209N 1172E -99 -99 0996 1010 0110 20 011 -999 -999 -999 -999 -999 -999
IBTr 14W MARK      920816 0600 209N 1172E -99 -99 0994 1010 0110 20 011 -999 -999 -999 -999 -999 -999
IBTr 14W MARK      920816 1200 209N 1173E -99 -99 0992 1010 0110 23 011 -999 -999 -999 -999 -999 -999
IBTr 14W MARK      920816 1800 212N 1175E -99 -99 0992 1010 0110 23 011 -999 -999 -999 -999 -999 -999
IBTr 14W MARK      920817 0000 214N 1175E -99 -99 0992 1010 0110 23 011 -999 -999 -999 -999 -999 -999
IBTr 14W KENT      920817 0300 291N 1346E -99 -99 0970 1010 0140 30 014 -999 -999 -999 -999 -999 -999
IBTr 14W MARK      920817 0600 218N 1176E -99 -99 0990 1010 0110 23 011 -999 -999 -999 -999 -999 -999
IBTr 14W KENT      920817 0900 297N 1338E -99 -99 0970 1010 0140 30 014 -999 -999 -999 -999 -999 -999
IBTr 14W MARK      920817 1200 221N 1178E -99 -99 0990 1010 0110 23 011 -999 -999 -999 -999 -999 -999
IBTr 14W KENT      920817 1500 301N 1331E -99 -99 0970 1010 0140 30 014 -999 -999 -999 -999 -999 -999
IBTr 14W MARK      920817 1800 224N 1178E -99 -99 0990 1010 0110 23 011 -999 -999 -999 -999 -999 -999
IBTr 14W KENT      920817 2100 306N 1325E -99 -99 0970 1010 0140 30 014 -999 -999 -999 -999 -999 -999
IBTr 14W MARK      920818 0000 227N 1178E -99 -99 0990 1010 0110 23 011 -999 -999 -999 -999 -999 -999
IBTr 14W KENT      920818 0300 313N 1321E -99 -99 0975 1010 0140 28 014 -999 -999 -999 -999 -999 -999
IBTr 14W MARK      920818 0600 230N 1178E -99 -99 0990 1010 0120 23 012 -999 -999 -999 -999 -999 -999
IBTr 14W KENT      920818 0900 321N 1319E -99 -99 0980 1010 0130 25 013 -999 -999 -999 -999 -999 -999
IBTr 14W KENT      920818 1100 325N 1319E -99 -99 0985 1010 0130 23 013 -999 -999 -999 -999 -999 -999
IBTr 14W MARK      920818 1200 233N 1177E -99 -99 0994 1010 0110 20 011 -999 -999 -999 -999 -999 -999
IBTr 14W KENT      920818 1500 334N 1315E -99 -99 0990 1010 0120 20 012 -999 -999 -999 -999 -999 -999
IBTr 14W KENT      920818 1700 338N 1313E -99 -99 0990 1010 0120 20 012 -999 -999 -999 -999 -999 -999
IBTr 14W MARK      920818 1800 235N 1175E -99 -99 0994 1010 0110 20 011 -999 -999 -999 -999 -999 -999
IBTr 14W KENT      920818 2100 347N 1311E -99 -99 0990 1010 0120 20 012 -999 -999 -999 -999 -999 -999
IBTr 14W MARK      920819 0000 236N 1171E -99 -99 0996 1010 0110 20 011 -999 -999 -999 -999 -999 -999
IBTr 14W KENT      920819 0300 356N 1314E -99 -99 0992 1010 0120 18 012 -999 -999 -999 -999 -999 -999
IBTr 14W MARK      920819 0600 235N 1164E -99 -99 0998 1010 0100 18 010 -999 -999 -999 -999 -999 -999
IBTr 14W MARK      920819 1200 233N 1162E -99 -99 1000 1010 0100 15 010 -999 -999 -999 -999 -999 -999
IBTr 14W MARK      920819 1800 230N 1161E -99 -99 1000 1010 0100 15 010 -999 -999 -999 -999 -999 -999
IBTr 14W MARK      920820 0000 228N 1159E -99 -99 1000 1010 0100 12 010 -999 -999 -999 -999 -999 -999
IBTr 14W MARK      920820 0600 226N 1158E -99 -99 -999 1010 0000 12 000 -999 -999 -999 -999 -999 -999
IBTr 14W MARK      920820 1200 223N 1156E -99 -99 -999 1010 0000 12 000 -999 -999 -999 -999 -999 -999
IBTr 14W MARK      920820 1800 221N 1153E -99 -99 -999 1010 0000 12 000 -999 -999 -999 -999 -999 -999
IBTr 14W MARK      920821 0000 219N 1149E -99 -99 -999 1010 0000 10 000 -999 -999 -999 -999 -999 -999
IBTr 14W MARK      920821 0600 216N 1143E -99 -99 -999 1010 0000 10 000 -999 -999 -999 -999 -999 -999
IBTr 14W MARK      920821 1200 215N 1135E -99 -99 -999 1010 0000 10 000 -999 -999 -999 -999 -999 -999
IBTr 14W MARK      920821 1800 218N 1127E -99 -99 -999 1010 0000 10 000 -999 -999 -999 -999 -999 -999
IBTr 14W MARK      920822 0000 224N 1122E -99 -99 -999 1010 0000 07 000 -999 -999 -999 -999 -999 -999
