IBTr 10B NOTNAMED  921031 1200 121N 0928E -99 -99 -999 1010 0000 -9 000 -999 -999 -999 -999 -999 -999
IBTr 10B NOTNAMED  921031 1800 123N 0923E -99 -99 -999 1010 0000 -9 000 -999 -999 -999 -999 -999 -999
IBTr 10B NOTNAMED  921101 0000 127N 0920E -99 -99 -999 1010 0000 -9 000 -999 -999 -999 -999 -999 -999
IBTr 10B NOTNAMED  921101 0600 131N 0918E -99 -99 -999 1010 0000 -9 000 -999 -999 -999 -999 -999 -999
IBTr 10B NOTNAMED  921101 1200 135N 0917E -99 -99 -999 1010 0000 -9 000 -999 -999 -999 -999 -999 -999
IBTr 10B NOTNAMED  921101 1800 138N 0916E -99 -99 -999 1010 0000 -9 000 -999 -999 -999 -999 -999 -999
IBTr 10B NOTNAMED  921102 0000 141N 0915E -99 -99 -999 1010 0000 -9 000 -999 -999 -999 -999 -999 -999
IBTr 10B NOTNAMED  921102 0600 143N 0913E -99 -99 -999 1010 0000 -9 000 -999 -999 -999 -999 -999 -999
IBTr 10B NOTNAMED  921102 1200 145N 0910E -99 -99 -999 1010 0000 -9 000 -999 -999 -999 -999 -999 -999
IBTr 10B NOTNAMED  921102 1800 147N 0906E -99 -99 -999 1010 0000 -9 000 -999 -999 -999 -999 -999 -999
IBTr 10B NOTNAMED  921103 0000 149N 0901E -99 -99 1002 1010 0090 -9 009 -999 -999 -999 -999 -999 -999
IBTr 10B NOTNAMED  921103 0600 150N 0899E -99 -99 1000 1010 0100 15 010 -999 -999 -999 -999 -999 -999
IBTr 10B NOTNAMED  921103 1200 152N 0895E -99 -99 0998 1010 0100 15 010 -999 -999 -999 -999 -999 -999
IBTr 10B NOTNAMED  921103 1800 153N 0889E -99 -99 1000 1010 0100 15 010 -999 -999 -999 -999 -999 -999
IBTr 10B NOTNAMED  921104 0000 154N 0886E -99 -99 0998 1010 0100 18 010 -999 -999 -999 -999 -999 -999
IBTr 10B NOTNAMED  921104 0600 156N 0876E -99 -99 0998 1010 0100 18 010 -999 -999 -999 -999 -999 -999
IBTr 10B NOTNAMED  921104 1200 157N 0872E -99 -99 0998 1010 0100 18 010 -999 -999 -999 -999 -999 -999
IBTr 10B NOTNAMED  921104 1800 158N 0870E -99 -99 1000 1010 0100 18 010 -999 -999 -999 -999 -999 -999
IBTr 10B NOTNAMED  921105 0000 161N 0864E -99 -99 0998 1010 0100 23 010 -999 -999 -999 -999 -999 -999
IBTr 10B NOTNAMED  921105 0600 162N 0861E -99 -99 0998 1010 0100 23 010 -999 -999 -999 -999 -999 -999
IBTr 10B NOTNAMED  921105 1200 162N 0860E -99 -99 0996 1010 0100 23 010 -999 -999 -999 -999 -999 -999
IBTr 10B NOTNAMED  921105 1800 162N 0859E -99 -99 0998 1010 0100 23 010 -999 -999 -999 -999 -999 -999
IBTr 10B NOTNAMED  921106 0000 164N 0855E -99 -99 1000 1010 0100 23 010 -999 -999 -999 -999 -999 -999
IBTr 10B NOTNAMED  921106 0600 164N 0854E -99 -99 1000 1010 0100 23 010 -999 -999 -999 -999 -999 -999
IBTr 10B NOTNAMED  921106 1200 163N 0852E -99 -99 1000 1010 0100 18 010 -999 -999 -999 -999 -999 -999
IBTr 10B NOTNAMED  921106 1800 162N 0845E -99 -99 1002 1010 0090 15 009 -999 -999 -999 -999 -999 -999
IBTr 10B NOTNAMED  921107 0000 157N 0836E -99 -99 1004 1010 0090 15 009 -999 -999 -999 -999 -999 -999
IBTr 10B NOTNAMED  921107 0600 150N 0831E -99 -99 1008 1010 0080 -9 008 -999 -999 -999 -999 -999 -999
IBTr 10B NOTNAMED  921107 1200 139N 0827E -99 -99 -999 1010 0000 -9 000 -999 -999 -999 -999 -999 -999
IBTr 10B NOTNAMED  921107 1800 132N 0821E -99 -99 -999 1010 0000 -9 000 -999 -999 -999 -999 -999 -999
IBTr 10B NOTNAMED  921108 0000 128N 0817E -99 -99 -999 1010 0000 -9 000 -999 -999 -999 -999 -999 -999
