IBTr 10L FRANCES   921022 1200 263N 0608W -99 -99 1009 1010 0090 15 009 -999 -999 -999 -999 -999 -999
IBTr 10L FRANCES   921022 1800 266N 0612W -99 -99 1004 1010 0100 20 010 -999 -999 -999 -999 -999 -999
IBTr 10L FRANCES   921023 0000 271N 0614W -99 -99 0996 1010 0110 25 011 -999 -999 -999 -999 -999 -999
IBTr 10L FRANCES   921023 0600 277N 0614W -99 -99 0992 1010 0110 28 011 -999 -999 -999 -999 -999 -999
IBTr 10L FRANCES   921023 1200 283N 0613W -99 -99 0990 1010 0120 30 012 -999 -999 -999 -999 -999 -999
IBTr 10L FRANCES   921023 1800 287N 0611W -99 -99 0986 1010 0120 33 012 -999 -999 -999 -999 -999 -999
IBTr 10L FRANCES   921024 0000 290N 0606W -99 -99 0978 1010 0130 33 013 -999 -999 -999 -999 -999 -999
IBTr 10L FRANCES   921024 0600 296N 0599W -99 -99 0977 1010 0130 36 013 -999 -999 -999 -999 -999 -999
IBTr 10L FRANCES   921024 1200 306N 0588W -99 -99 0976 1010 0130 38 013 -999 -999 -999 -999 -999 -999
IBTr 10L FRANCES   921024 1800 321N 0574W -99 -99 0976 1010 0140 38 014 -999 -999 -999 -999 -999 -999
IBTr 10L FRANCES   921025 0000 338N 0562W -99 -99 0978 1010 0130 36 013 -999 -999 -999 -999 -999 -999
IBTr 10L FRANCES   921025 0600 357N 0549W -99 -99 0980 1010 0130 33 013 -999 -999 -999 -999 -999 -999
IBTr 10L FRANCES   921025 1200 377N 0537W -99 -99 0982 1010 0130 33 013 -999 -999 -999 -999 -999 -999
IBTr 10L FRANCES   921025 1800 396N 0527W -99 -99 0983 1010 0130 30 013 -999 -999 -999 -999 -999 -999
IBTr 10L FRANCES   921026 0000 414N 0517W -99 -99 0985 1010 0130 30 013 -999 -999 -999 -999 -999 -999
IBTr 10L FRANCES   921026 0600 432N 0502W -99 -99 0986 1010 0130 30 013 -999 -999 -999 -999 -999 -999
IBTr 10L FRANCES   921026 1200 448N 0486W -99 -99 0987 1010 0130 30 013 -999 -999 -999 -999 -999 -999
IBTr 10L FRANCES   921026 1800 460N 0469W -99 -99 0988 1010 0130 28 013 -999 -999 -999 -999 -999 -999
IBTr 10L FRANCES   921027 0000 470N 0449W -99 -99 0989 1010 0130 28 013 -999 -999 -999 -999 -999 -999
IBTr 10L FRANCES   921027 0600 476N 0427W -99 -99 0992 1010 0120 25 012 -999 -999 -999 -999 -999 -999
IBTr 10L FRANCES   921027 1200 480N 0400W -99 -99 0994 1010 0120 23 012 -999 -999 -999 -999 -999 -999
IBTr 10L FRANCES   921027 1800 480N 0370W -99 -99 0998 1010 0110 20 011 -999 -999 -999 -999 -999 -999
IBTr 10L FRANCES   921028 0000 480N 0340W -99 -99 1002 1010 0110 20 011 -999 -999 -999 -999 -999 -999
IBTr 10L FRANCES   921028 0600 475N 0310W -99 -99 1004 1010 0100 18 010 -999 -999 -999 -999 -999 -999
IBTr 10L FRANCES   921028 1200 470N 0275W -99 -99 1002 1010 0110 18 011 -999 -999 -999 -999 -999 -999
IBTr 10L FRANCES   921028 1800 460N 0240W -99 -99 0999 1010 0110 18 011 -999 -999 -999 -999 -999 -999
IBTr 10L FRANCES   921029 0000 450N 0200W -99 -99 0999 1010 0110 20 011 -999 -999 -999 -999 -999 -999
IBTr 10L FRANCES   921029 0600 440N 0160W -99 -99 1001 1010 0110 18 011 -999 -999 -999 -999 -999 -999
IBTr 10L FRANCES   921029 1200 435N 0120W -99 -99 1002 1010 0110 18 011 -999 -999 -999 -999 -999 -999
IBTr 10L FRANCES   921029 1800 430N 0090W -99 -99 1003 1010 0100 15 010 -999 -999 -999 -999 -999 -999
IBTr 10L FRANCES   921030 0000 430N 0070W -99 -99 1002 1010 0110 15 011 -999 -999 -999 -999 -999 -999
