IBTr 19S NEVILLE   920404 1800 83S  1316E -99 -99 -999 1010 0000 -9 000 -999 -999 -999 -999 -999 -999
IBTr 19S NEVILLE   920405 0000 85S  1320E -99 -99 -999 1010 0000 -9 000 -999 -999 -999 -999 -999 -999
IBTr 19S NEVILLE   920405 0600 87S  1324E -99 -99 -999 1010 0000 -9 000 -999 -999 -999 -999 -999 -999
IBTr 19S NEVILLE   920405 1200 89S  1328E -99 -99 -999 1010 0000 -9 000 -999 -999 -999 -999 -999 -999
IBTr 19S NEVILLE   920405 1800 92S  1331E -99 -99 -999 1010 0000 -9 000 -999 -999 -999 -999 -999 -999
IBTr 19S NEVILLE   920406 0000 95S  1334E -99 -99 -999 1010 0000 -9 000 -999 -999 -999 -999 -999 -999
IBTr 19S NEVILLE   920406 0600 98S  1336E -99 -99 -999 1010 0000 -9 000 -999 -999 -999 -999 -999 -999
IBTr 19S NEVILLE   920406 1200 101S 1335E -99 -99 -999 1010 0000 -9 000 -999 -999 -999 -999 -999 -999
IBTr 19S NEVILLE   920406 1800 103S 1332E -99 -99 -999 1010 0000 -9 000 -999 -999 -999 -999 -999 -999
IBTr 19S NEVILLE   920407 0000 104S 1328E -99 -99 -999 1010 0000 -9 000 -999 -999 -999 -999 -999 -999
IBTr 19S NEVILLE   920407 0130 107S 1327E -99 -99 0994 1010 0100 23 010 -999 -999 -999 -999 -999 -999
IBTr 19S NEVILLE   920407 0600 106S 1323E -99 -99 0988 1010 0110 23 011 -999 -999 -999 -999 -999 -999
IBTr 19S NEVILLE   920407 1200 108S 1317E -99 -99 0987 1010 0110 23 011 -999 -999 -999 -999 -999 -999
IBTr 19S NEVILLE   920407 1800 110S 1309E -99 -99 0986 1010 0110 25 011 -999 -999 -999 -999 -999 -999
IBTr 19S NEVILLE   920407 2230 112S 1304E -99 -99 0980 1010 0120 28 012 -999 -999 -999 -999 -999 -999
IBTr 19S NEVILLE   920408 0000 111S 1303E -99 -99 0975 1010 0130 30 013 -999 -999 -999 -999 -999 -999
IBTr 19S NEVILLE   920408 0600 111S 1296E -99 -99 0965 1010 0130 33 013 -999 -999 -999 -999 -999 -999
IBTr 19S NEVILLE   920408 1200 112S 1291E -99 -99 0950 1010 0130 41 013 -999 -999 -999 -999 -999 -999
IBTr 19S NEVILLE   920408 1800 113S 1288E -99 -99 0945 1010 0130 43 013 -999 -999 -999 -999 -999 -999
IBTr 19S NEVILLE   920409 0000 114S 1284E -99 -99 0950 1010 0130 41 013 -999 -999 -999 -999 -999 -999
IBTr 19S NEVILLE   920409 0600 115S 1283E -99 -99 0950 1010 0130 41 013 -999 -999 -999 -999 -999 -999
IBTr 19S NEVILLE   920409 0900 116S 1285E -99 -99 0952 1010 0130 40 013 -999 -999 -999 -999 -999 -999
IBTr 19S NEVILLE   920409 1200 115S 1282E -99 -99 0954 1010 0130 38 013 -999 -999 -999 -999 -999 -999
IBTr 19S NEVILLE   920409 1800 115S 1281E -99 -99 0958 1010 0130 36 013 -999 -999 -999 -999 -999 -999
IBTr 19S NEVILLE   920410 0000 116S 1280E -99 -99 0960 1010 0130 36 013 -999 -999 -999 -999 -999 -999
IBTr 19S NEVILLE   920410 0600 116S 1277E -99 -99 0962 1010 0130 33 013 -999 -999 -999 -999 -999 -999
IBTr 19S NEVILLE   920410 1200 116S 1274E -99 -99 0966 1010 0130 33 013 -999 -999 -999 -999 -999 -999
IBTr 19S NEVILLE   920410 1800 118S 1270E -99 -99 0970 1010 0130 33 013 -999 -999 -999 -999 -999 -999
IBTr 19S NEVILLE   920411 0000 119S 1268E -99 -99 0972 1010 0130 30 013 -999 -999 -999 -999 -999 -999
IBTr 19S NEVILLE   920411 0600 119S 1264E -99 -99 0974 1010 0130 30 013 -999 -999 -999 -999 -999 -999
IBTr 19S NEVILLE   920411 1200 120S 1261E -99 -99 0976 1010 0130 30 013 -999 -999 -999 -999 -999 -999
IBTr 19S NEVILLE   920411 1800 121S 1259E -99 -99 0978 1010 0120 28 012 -999 -999 -999 -999 -999 -999
IBTr 19S NEVILLE   920412 0000 121S 1258E -99 -99 0980 1010 0120 25 012 -999 -999 -999 -999 -999 -999
IBTr 19S NEVILLE   920412 0600 121S 1255E -99 -99 0982 1010 0120 23 012 -999 -999 -999 -999 -999 -999
IBTr 19S NEVILLE   920412 1200 123S 1254E -99 -99 0984 1010 0120 20 012 -999 -999 -999 -999 -999 -999
IBTr 19S NEVILLE   920412 1800 124S 1253E -99 -99 0988 1010 0110 18 011 -999 -999 -999 -999 -999 -999
IBTr 19S NEVILLE   920413 0000 126S 1251E -99 -99 0994 1010 0110 18 011 -999 -999 -999 -999 -999 -999
IBTr 19S NEVILLE   920413 0600 129S 1249E -99 -99 -999 1010 0000 -9 000 -999 -999 -999 -999 -999 -999
IBTr 19S NEVILLE   920413 1200 130S 1247E -99 -99 -999 1010 0000 -9 000 -999 -999 -999 -999 -999 -999
IBTr 19S NEVILLE   920413 1800 131S 1245E -99 -99 -999 1010 0000 -9 000 -999 -999 -999 -999 -999 -999
IBTr 19S NEVILLE   920414 0000 133S 1244E -99 -99 -999 1010 0000 -9 000 -999 -999 -999 -999 -999 -999
IBTr 19S NEVILLE   920414 0600 135S 1243E -99 -99 -999 1010 0000 -9 000 -999 -999 -999 -999 -999 -999
IBTr 19S NEVILLE   920414 1200 136S 1241E -99 -99 -999 1010 0000 -9 000 -999 -999 -999 -999 -999 -999
IBTr 19S NEVILLE   920414 1800 137S 1238E -99 -99 -999 1010 0000 -9 000 -999 -999 -999 -999 -999 -999
IBTr 19S NEVILLE   920415 0000 138S 1235E -99 -99 -999 1010 0000 -9 000 -999 -999 -999 -999 -999 -999
IBTr 19S NEVILLE   920415 0600 139S 1232E -99 -99 -999 1010 0000 -9 000 -999 -999 -999 -999 -999 -999
IBTr 19S NEVILLE   920415 1200 140S 1230E -99 -99 -999 1010 0000 -9 000 -999 -999 -999 -999 -999 -999
