IBTr 15P HETTIE    920323 1800 100S 1481W -99 -99 -999 1010 0000 -9 000 -999 -999 -999 -999 -999 -999
IBTr 15P HETTIE    920324 0000 104S 1483W -99 -99 -999 1010 0000 -9 000 -999 -999 -999 -999 -999 -999
IBTr 15P HETTIE    920324 0600 108S 1485W -99 -99 -999 1010 0000 -9 000 -999 -999 -999 -999 -999 -999
IBTr 15P HETTIE    920324 1200 113S 1487W -99 -99 -999 1010 0000 -9 000 -999 -999 -999 -999 -999 -999
IBTr 15P HETTIE    920324 1800 118S 1490W -99 -99 -999 1010 0000 -9 000 -999 -999 -999 -999 -999 -999
IBTr 15P HETTIE    920325 0000 123S 1492W -99 -99 -999 1010 0000 -9 000 -999 -999 -999 -999 -999 -999
IBTr 15P HETTIE    920325 0300 140S 1490W -99 -99 0997 1010 0100 15 010 -999 -999 -999 -999 -999 -999
IBTr 15P HETTIE    920325 0600 132S 1493W -99 -99 0997 1010 0100 15 010 -999 -999 -999 -999 -999 -999
IBTr 15P HETTIE    920325 1200 139S 1495W -99 -99 0995 1010 0100 18 010 -999 -999 -999 -999 -999 -999
IBTr 15P HETTIE    920325 1800 146S 1494W -99 -99 0995 1010 0100 18 010 -999 -999 -999 -999 -999 -999
IBTr 15P HETTIE    920326 0000 155S 1490W -99 -99 0990 1010 0110 20 011 -999 -999 -999 -999 -999 -999
IBTr 15P HETTIE    920326 0600 168S 1485W -99 -99 0990 1010 0110 20 011 -999 -999 -999 -999 -999 -999
IBTr 15P HETTIE    920326 1200 181S 1479W -99 -99 0990 1010 0110 20 011 -999 -999 -999 -999 -999 -999
IBTr 15P HETTIE    920326 1800 196S 1471W -99 -99 0990 1010 0110 20 011 -999 -999 -999 -999 -999 -999
IBTr 15P HETTIE    920327 0000 210S 1462W -99 -99 0987 1010 0120 23 012 -999 -999 -999 -999 -999 -999
IBTr 15P HETTIE    920327 0600 223S 1452W -99 -99 0987 1010 0120 23 012 -999 -999 -999 -999 -999 -999
IBTr 15P HETTIE    920327 1200 234S 1439W -99 -99 0987 1010 0120 23 012 -999 -999 -999 -999 -999 -999
IBTr 15P HETTIE    920327 1800 245S 1423W -99 -99 0987 1010 0120 23 012 -999 -999 -999 -999 -999 -999
IBTr 15P HETTIE    920328 0000 254S 1406W -99 -99 0990 1010 0120 20 012 -999 -999 -999 -999 -999 -999
IBTr 15P HETTIE    920328 0600 264S 1387W -99 -99 0990 1010 0120 20 012 -999 -999 -999 -999 -999 -999
IBTr 15P HETTIE    920328 1200 274S 1366W -99 -99 0990 1010 0120 20 012 -999 -999 -999 -999 -999 -999
IBTr 15P HETTIE    920328 1800 283S 1341W -99 -99 0990 1010 0120 20 012 -999 -999 -999 -999 -999 -999
IBTr 15P HETTIE    920329 0000 290S 1312W -99 -99 0990 1010 0120 20 012 -999 -999 -999 -999 -999 -999
IBTr 15P HETTIE    920329 0600 293S 1281W -99 -99 0995 1010 0110 18 011 -999 -999 -999 -999 -999 -999
