IBTr 13W LOIS      920813 1200 133N 1296E -99 -99 -999 1010 0000 07 000 -999 -999 -999 -999 -999 -999
IBTr 13W LOIS      920813 1800 137N 1291E -99 -99 -999 1010 0000 07 000 -999 -999 -999 -999 -999 -999
IBTr 13W LOIS      920814 0000 141N 1281E -99 -99 -999 1010 0000 10 000 -999 -999 -999 -999 -999 -999
IBTr 13W LOIS      920814 0600 145N 1280E -99 -99 1002 1010 0090 10 009 -999 -999 -999 -999 -999 -999
IBTr 13W LOIS      920814 1200 148N 1282E -99 -99 1002 1010 0090 10 009 -999 -999 -999 -999 -999 -999
IBTr 13W LOIS      920814 1800 153N 1287E -99 -99 1002 1010 0090 12 009 -999 -999 -999 -999 -999 -999
IBTr 13W LOIS      920815 0000 157N 1293E -99 -99 1002 1010 0090 12 009 -999 -999 -999 -999 -999 -999
IBTr 13W LOIS      920815 0600 161N 1298E -99 -99 1002 1010 0090 12 009 -999 -999 -999 -999 -999 -999
IBTr 13W LOIS      920815 1200 164N 1302E -99 -99 1002 1010 0090 12 009 -999 -999 -999 -999 -999 -999
IBTr 13W LOIS      920815 1800 168N 1307E -99 -99 1002 1010 0090 15 009 -999 -999 -999 -999 -999 -999
IBTr 13W LOIS      920816 0000 171N 1312E -99 -99 1002 1010 0090 15 009 -999 -999 -999 -999 -999 -999
IBTr 13W LOIS      920816 0600 173N 1320E -99 -99 1002 1010 0090 15 009 -999 -999 -999 -999 -999 -999
IBTr 13W LOIS      920816 1200 178N 1333E -99 -99 1000 1010 0100 15 010 -999 -999 -999 -999 -999 -999
IBTr 13W LOIS      920816 1800 181N 1340E -99 -99 1000 1010 0100 15 010 -999 -999 -999 -999 -999 -999
IBTr 13W LOIS      920817 0000 184N 1345E -99 -99 1000 1010 0100 18 010 -999 -999 -999 -999 -999 -999
IBTr 13W LOIS      920817 0600 187N 1350E -99 -99 1000 1010 0100 18 010 -999 -999 -999 -999 -999 -999
IBTr 13W LOIS      920817 1200 190N 1355E -99 -99 1000 1010 0100 18 010 -999 -999 -999 -999 -999 -999
IBTr 13W LOIS      920817 1800 195N 1360E -99 -99 1000 1010 0100 20 010 -999 -999 -999 -999 -999 -999
IBTr 13W LOIS      920818 0000 202N 1364E -99 -99 0998 1010 0100 20 010 -999 -999 -999 -999 -999 -999
IBTr 13W LOIS      920818 0600 210N 1371E -99 -99 0998 1010 0100 20 010 -999 -999 -999 -999 -999 -999
IBTr 13W LOIS      920818 1200 219N 1375E -99 -99 0998 1010 0100 18 010 -999 -999 -999 -999 -999 -999
IBTr 13W LOIS      920818 1800 229N 1379E -99 -99 0998 1010 0100 18 010 -999 -999 -999 -999 -999 -999
IBTr 13W LOIS      920819 0000 240N 1384E -99 -99 0998 1010 0100 18 010 -999 -999 -999 -999 -999 -999
IBTr 13W LOIS      920819 0600 250N 1390E -99 -99 0996 1010 0110 18 011 -999 -999 -999 -999 -999 -999
IBTr 13W LOIS      920819 1200 260N 1397E -99 -99 0996 1010 0110 18 011 -999 -999 -999 -999 -999 -999
IBTr 13W LOIS      920819 1800 270N 1405E -99 -99 0996 1010 0110 18 011 -999 -999 -999 -999 -999 -999
IBTr 13W LOIS      920820 0000 280N 1415E -99 -99 0996 1010 0110 18 011 -999 -999 -999 -999 -999 -999
IBTr 13W LOIS      920820 0600 288N 1427E -99 -99 0996 1010 0110 18 011 -999 -999 -999 -999 -999 -999
IBTr 13W LOIS      920820 1200 296N 1440E -99 -99 0996 1010 0110 18 011 -999 -999 -999 -999 -999 -999
IBTr 13W LOIS      920820 1800 307N 1454E -99 -99 0996 1010 0110 18 011 -999 -999 -999 -999 -999 -999
IBTr 13W LOIS      920821 0000 325N 1470E -99 -99 0998 1010 0110 15 011 -999 -999 -999 -999 -999 -999
IBTr 13W LOIS      920821 0600 344N 1488E -99 -99 1000 1010 0100 12 010 -999 -999 -999 -999 -999 -999
IBTr 13W LOIS      920821 1200 363N 1501E -99 -99 1000 1010 0110 12 011 -999 -999 -999 -999 -999 -999
IBTr 13W LOIS      920821 1800 378N 1518E -99 -99 1000 1010 0110 12 011 -999 -999 -999 -999 -999 -999
IBTr 13W LOIS      920822 0000 393N 1535E -99 -99 1004 1010 0100 12 010 -999 -999 -999 -999 -999 -999
IBTr 13W LOIS      920822 0600 399N 1555E -99 -99 1004 1010 0100 12 010 -999 -999 -999 -999 -999 -999
IBTr 13W LOIS      920822 1200 405N 1570E -99 -99 1004 1010 0100 -9 010 -999 -999 -999 -999 -999 -999
IBTr 13W LOIS      920822 1800 410N 1585E -99 -99 1006 1010 0100 -9 010 -999 -999 -999 -999 -999 -999
IBTr 13W LOIS      920823 0000 410N 1595E -99 -99 1006 1010 0100 -9 010 -999 -999 -999 -999 -999 -999
IBTr 13W LOIS      920823 0600 410N 1610E -99 -99 1006 1010 0100 -9 010 -999 -999 -999 -999 -999 -999
IBTr 13W LOIS      920823 1200 415N 1620E -99 -99 1008 1010 0090 -9 009 -999 -999 -999 -999 -999 -999
IBTr 13W LOIS      920823 1800 420N 1630E -99 -99 1008 1010 0090 -9 009 -999 -999 -999 -999 -999 -999
IBTr 13W LOIS      920824 0000 425N 1640E -99 -99 1008 1010 0090 -9 009 -999 -999 -999 -999 -999 -999
IBTr 13W LOIS      920824 0600 435N 1675E -99 -99 1008 1010 0090 -9 009 -999 -999 -999 -999 -999 -999
IBTr 13W LOIS      920824 1200 440N 1700E -99 -99 1008 1010 0090 -9 009 -999 -999 -999 -999 -999 -999
IBTr 13W LOIS      920824 1800 440N 1720E -99 -99 1008 1010 0090 -9 009 -999 -999 -999 -999 -999 -999
IBTr 13W LOIS      920825 0000 435N 1745E -99 -99 1008 1010 0090 -9 009 -999 -999 -999 -999 -999 -999
IBTr 13W LOIS      920825 0600 435N 1775E -99 -99 1006 1010 0100 -9 010 -999 -999 -999 -999 -999 -999
