IBTr 16E KAY       920818 0600 191N 1114W -99 -99 1010 1010 0080 12 008 -999 -999 -999 -999 -999 -999
IBTr 16E KAY       920818 1200 190N 1128W -99 -99 1009 1010 0080 15 008 -999 -999 -999 -999 -999 -999
IBTr 16E KAY       920818 1800 190N 1143W -99 -99 1008 1010 0090 15 009 -999 -999 -999 -999 -999 -999
IBTr 16E KAY       920819 0000 191N 1158W -99 -99 1006 1010 0090 18 009 -999 -999 -999 -999 -999 -999
IBTr 16E KAY       920819 0600 191N 1172W -99 -99 1002 1010 0100 20 010 -999 -999 -999 -999 -999 -999
IBTr 16E KAY       920819 1200 191N 1184W -99 -99 1001 1010 0100 23 010 -999 -999 -999 -999 -999 -999
IBTr 16E KAY       920819 1800 191N 1198W -99 -99 1000 1010 0100 23 010 -999 -999 -999 -999 -999 -999
IBTr 16E KAY       920820 0000 191N 1214W -99 -99 1000 1010 0100 23 010 -999 -999 -999 -999 -999 -999
IBTr 16E KAY       920820 0600 190N 1230W -99 -99 1000 1010 0100 23 010 -999 -999 -999 -999 -999 -999
IBTr 16E KAY       920820 1200 189N 1246W -99 -99 1001 1010 0100 23 010 -999 -999 -999 -999 -999 -999
IBTr 16E KAY       920820 1800 187N 1261W -99 -99 1005 1010 0090 20 009 -999 -999 -999 -999 -999 -999
IBTr 16E KAY       920821 0000 186N 1278W -99 -99 1007 1010 0090 18 009 -999 -999 -999 -999 -999 -999
IBTr 16E KAY       920821 0600 185N 1294W -99 -99 1008 1010 0090 15 009 -999 -999 -999 -999 -999 -999
IBTr 16E KAY       920821 1200 185N 1310W -99 -99 1009 1010 0080 15 008 -999 -999 -999 -999 -999 -999
IBTr 16E KAY       920821 1800 184N 1325W -99 -99 1009 1010 0080 15 008 -999 -999 -999 -999 -999 -999
IBTr 16E KAY       920822 0000 183N 1340W -99 -99 1009 1010 0080 12 008 -999 -999 -999 -999 -999 -999
IBTr 16E KAY       920822 0600 182N 1355W -99 -99 1009 1010 0080 12 008 -999 -999 -999 -999 -999 -999
IBTr 16E KAY       920822 1200 180N 1371W -99 -99 1009 1010 0080 12 008 -999 -999 -999 -999 -999 -999
IBTr 16E KAY       920822 1800 178N 1386W -99 -99 1009 1010 0080 12 008 -999 -999 -999 -999 -999 -999
