IBTr 23E ROSLYN    920913 1200 168N 1110W -99 -99 1010 1010 0080 12 008 -999 -999 -999 -999 -999 -999
IBTr 23E ROSLYN    920913 1800 172N 1112W -99 -99 1009 1010 0080 15 008 -999 -999 -999 -999 -999 -999
IBTr 23E ROSLYN    920914 0000 175N 1114W -99 -99 1009 1010 0080 15 008 -999 -999 -999 -999 -999 -999
IBTr 23E ROSLYN    920914 0600 177N 1119W -99 -99 1008 1010 0090 15 009 -999 -999 -999 -999 -999 -999
IBTr 23E ROSLYN    920914 1200 179N 1123W -99 -99 1005 1010 0090 18 009 -999 -999 -999 -999 -999 -999
IBTr 23E ROSLYN    920914 1800 180N 1126W -99 -99 0997 1010 0100 25 010 -999 -999 -999 -999 -999 -999
IBTr 23E ROSLYN    920915 0000 181N 1128W -99 -99 0994 1010 0110 28 011 -999 -999 -999 -999 -999 -999
IBTr 23E ROSLYN    920915 0600 182N 1130W -99 -99 0992 1010 0110 30 011 -999 -999 -999 -999 -999 -999
IBTr 23E ROSLYN    920915 1200 183N 1132W -99 -99 0992 1010 0110 30 011 -999 -999 -999 -999 -999 -999
IBTr 23E ROSLYN    920915 1800 184N 1135W -99 -99 0993 1010 0110 30 011 -999 -999 -999 -999 -999 -999
IBTr 23E ROSLYN    920916 0000 185N 1140W -99 -99 0994 1010 0110 28 011 -999 -999 -999 -999 -999 -999
IBTr 23E ROSLYN    920916 0600 187N 1150W -99 -99 0994 1010 0110 28 011 -999 -999 -999 -999 -999 -999
IBTr 23E ROSLYN    920916 1200 189N 1164W -99 -99 0995 1010 0110 28 011 -999 -999 -999 -999 -999 -999
IBTr 23E ROSLYN    920916 1800 192N 1178W -99 -99 0995 1010 0110 28 011 -999 -999 -999 -999 -999 -999
IBTr 23E ROSLYN    920917 0000 195N 1192W -99 -99 0995 1010 0110 28 011 -999 -999 -999 -999 -999 -999
IBTr 23E ROSLYN    920917 0600 197N 1206W -99 -99 0995 1010 0110 28 011 -999 -999 -999 -999 -999 -999
IBTr 23E ROSLYN    920917 1200 194N 1219W -99 -99 0995 1010 0110 28 011 -999 -999 -999 -999 -999 -999
IBTr 23E ROSLYN    920917 1800 192N 1230W -99 -99 0995 1010 0110 28 011 -999 -999 -999 -999 -999 -999
IBTr 23E ROSLYN    920918 0000 190N 1241W -99 -99 0994 1010 0110 28 011 -999 -999 -999 -999 -999 -999
IBTr 23E ROSLYN    920918 0600 192N 1250W -99 -99 0991 1010 0110 30 011 -999 -999 -999 -999 -999 -999
IBTr 23E ROSLYN    920918 1200 193N 1257W -99 -99 0991 1010 0110 30 011 -999 -999 -999 -999 -999 -999
IBTr 23E ROSLYN    920918 1800 194N 1263W -99 -99 0994 1010 0110 28 011 -999 -999 -999 -999 -999 -999
IBTr 23E SIBYL     920919 0000 445N 1790W -99 -99 -999 1010 0000 -9 000 -999 -999 -999 -999 -999 -999
IBTr 23E ROSLYN    920919 0600 195N 1275W -99 -99 1002 1010 0100 20 010 -999 -999 -999 -999 -999 -999
IBTr 23E ROSLYN    920919 1200 195N 1280W -99 -99 1000 1010 0100 23 010 -999 -999 -999 -999 -999 -999
IBTr 23E ROSLYN    920919 1800 196N 1284W -99 -99 0998 1010 0100 25 010 -999 -999 -999 -999 -999 -999
IBTr 23E ROSLYN    920920 0000 197N 1288W -99 -99 1000 1010 0100 23 010 -999 -999 -999 -999 -999 -999
IBTr 23E ROSLYN    920920 0600 197N 1292W -99 -99 1000 1010 0100 23 010 -999 -999 -999 -999 -999 -999
IBTr 23E ROSLYN    920920 1200 198N 1295W -99 -99 1000 1010 0100 23 010 -999 -999 -999 -999 -999 -999
IBTr 23E ROSLYN    920920 1800 197N 1298W -99 -99 1000 1010 0100 23 010 -999 -999 -999 -999 -999 -999
IBTr 23E ROSLYN    920921 0000 196N 1301W -99 -99 1002 1010 0100 20 010 -999 -999 -999 -999 -999 -999
IBTr 23E ROSLYN    920921 0600 195N 1304W -99 -99 1002 1010 0100 20 010 -999 -999 -999 -999 -999 -999
IBTr 23E ROSLYN    920921 1200 194N 1307W -99 -99 1001 1010 0100 20 010 -999 -999 -999 -999 -999 -999
IBTr 23E ROSLYN    920921 1800 193N 1311W -99 -99 1000 1010 0100 23 010 -999 -999 -999 -999 -999 -999
IBTr 23E ROSLYN    920922 0000 192N 1315W -99 -99 0997 1010 0100 25 010 -999 -999 -999 -999 -999 -999
IBTr 23E ROSLYN    920922 0600 191N 1320W -99 -99 0994 1010 0110 28 011 -999 -999 -999 -999 -999 -999
IBTr 23E ROSLYN    920922 1200 190N 1325W -99 -99 0990 1010 0110 30 011 -999 -999 -999 -999 -999 -999
IBTr 23E ROSLYN    920922 1800 190N 1330W -99 -99 0984 1010 0120 36 012 -999 -999 -999 -999 -999 -999
IBTr 23E ROSLYN    920923 0000 190N 1338W -99 -99 0980 1010 0120 38 012 -999 -999 -999 -999 -999 -999
IBTr 23E ROSLYN    920923 0600 189N 1348W -99 -99 0975 1010 0130 43 013 -999 -999 -999 -999 -999 -999
IBTr 23E ROSLYN    920923 1200 188N 1359W -99 -99 0978 1010 0130 41 013 -999 -999 -999 -999 -999 -999
IBTr 23E ROSLYN    920923 1800 185N 1371W -99 -99 0981 1010 0120 38 012 -999 -999 -999 -999 -999 -999
IBTr 23E ROSLYN    920924 0000 183N 1382W -99 -99 0985 1010 0120 33 012 -999 -999 -999 -999 -999 -999
IBTr 23E ROSLYN    920924 0600 183N 1393W -99 -99 0990 1010 0110 33 011 -999 -999 -999 -999 -999 -999
IBTr 23E ROSLYN    920924 1200 183N 1405W -99 -99 0992 1010 0110 30 011 -999 -999 -999 -999 -999 -999
IBTr 23E ROSLYN    920924 1800 182N 1419W -99 -99 0994 1010 0110 28 011 -999 -999 -999 -999 -999 -999
IBTr 23E ROSLYN    920925 0000 181N 1430W -99 -99 0997 1010 0100 25 010 -999 -999 -999 -999 -999 -999
IBTr 23E ROSLYN    920925 0600 182N 1438W -99 -99 0998 1010 0100 25 010 -999 -999 -999 -999 -999 -999
IBTr 23E ROSLYN    920925 1200 184N 1449W -99 -99 -999 1010 0000 -9 000 -999 -999 -999 -999 -999 -999
IBTr 23E ROSLYN    920925 1800 184N 1453W -99 -99 -999 1010 0000 -9 000 -999 -999 -999 -999 -999 -999
IBTr 23E ROSLYN    920926 0000 184N 1459W -99 -99 -999 1010 0000 -9 000 -999 -999 -999 -999 -999 -999
IBTr 23E ROSLYN    920926 0600 183N 1469W -99 -99 -999 1010 0000 -9 000 -999 -999 -999 -999 -999 -999
IBTr 23E ROSLYN    920926 1200 183N 1474W -99 -99 -999 1010 0000 -9 000 -999 -999 -999 -999 -999 -999
IBTr 23E ROSLYN    920926 1800 182N 1480W -99 -99 -999 1010 0000 -9 000 -999 -999 -999 -999 -999 -999
IBTr 23E ROSLYN    920927 0000 181N 1493W -99 -99 -999 1010 0000 -9 000 -999 -999 -999 -999 -999 -999
IBTr 23E ROSLYN    920927 0600 180N 1497W -99 -99 -999 1010 0000 -9 000 -999 -999 -999 -999 -999 -999
IBTr 23E ROSLYN    920927 1200 181N 1503W -99 -99 -999 1010 0000 -9 000 -999 -999 -999 -999 -999 -999
IBTr 23E ROSLYN    920927 1800 183N 1503W -99 -99 -999 1010 0000 -9 000 -999 -999 -999 -999 -999 -999
IBTr 23E ROSLYN    920928 0000 185N 1500W -99 -99 -999 1010 0000 -9 000 -999 -999 -999 -999 -999 -999
IBTr 23E ROSLYN    920928 0600 186N 1502W -99 -99 -999 1010 0000 -9 000 -999 -999 -999 -999 -999 -999
IBTr 23E ROSLYN    920928 1200 189N 1500W -99 -99 -999 1010 0000 -9 000 -999 -999 -999 -999 -999 -999
IBTr 23E ROSLYN    920928 1800 191N 1496W -99 -99 -999 1010 0000 -9 000 -999 -999 -999 -999 -999 -999
IBTr 23E ROSLYN    920929 0000 193N 1492W -99 -99 -999 1010 0000 -9 000 -999 -999 -999 -999 -999 -999
IBTr 23E ROSLYN    920929 0600 195N 1488W -99 -99 -999 1010 0000 -9 000 -999 -999 -999 -999 -999 -999
IBTr 23E ROSLYN    920929 1200 197N 1484W -99 -99 -999 1010 0000 -9 000 -999 -999 -999 -999 -999 -999
IBTr 23E ROSLYN    920929 1800 198N 1479W -99 -99 -999 1010 0000 -9 000 -999 -999 -999 -999 -999 -999
IBTr 23E ROSLYN    920930 0000 199N 1473W -99 -99 -999 1010 0000 -9 000 -999 -999 -999 -999 -999 -999
IBTr 23E ROSLYN    920930 0600 202N 1470W -99 -99 -999 1010 0000 -9 000 -999 -999 -999 -999 -999 -999
IBTr 23E ROSLYN    920930 1200 208N 1466W -99 -99 -999 1010 0000 -9 000 -999 -999 -999 -999 -999 -999
IBTr 23E ROSLYN    920930 1800 215N 1465W -99 -99 -999 1010 0000 -9 000 -999 -999 -999 -999 -999 -999
