IBTr 26W VAL       920919 0000 48N  1748E -99 -99 -999 1010 0000 07 000 -999 -999 -999 -999 -999 -999
IBTr 26W VAL       920919 0600 50N  1741E -99 -99 -999 1010 0000 07 000 -999 -999 -999 -999 -999 -999
IBTr 26W VAL       920919 1200 52N  1734E -99 -99 -999 1010 0000 07 000 -999 -999 -999 -999 -999 -999
IBTr 26W VAL       920919 1800 53N  1727E -99 -99 -999 1010 0000 07 000 -999 -999 -999 -999 -999 -999
IBTr 26W VAL       920920 0000 53N  1720E -99 -99 -999 1010 0000 07 000 -999 -999 -999 -999 -999 -999
IBTr 26W VAL       920920 0600 53N  1713E -99 -99 -999 1010 0000 10 000 -999 -999 -999 -999 -999 -999
IBTr 26W VAL       920920 1200 55N  1704E -99 -99 -999 1010 0000 10 000 -999 -999 -999 -999 -999 -999
IBTr 26W VAL       920920 1800 62N  1695E -99 -99 -999 1010 0000 10 000 -999 -999 -999 -999 -999 -999
IBTr 26W VAL       920921 0000 69N  1683E -99 -99 -999 1010 0000 10 000 -999 -999 -999 -999 -999 -999
IBTr 26W VAL       920921 0600 78N  1668E -99 -99 -999 1010 0000 10 000 -999 -999 -999 -999 -999 -999
IBTr 26W VAL       920921 1200 87N  1654E -99 -99 -999 1010 0000 10 000 -999 -999 -999 -999 -999 -999
IBTr 26W VAL       920921 1800 95N  1642E -99 -99 -999 1010 0000 10 000 -999 -999 -999 -999 -999 -999
IBTr 26W VAL       920922 0000 103N 1632E -99 -99 -999 1010 0000 10 000 -999 -999 -999 -999 -999 -999
IBTr 26W VAL       920922 0600 109N 1623E -99 -99 -999 1010 0000 10 000 -999 -999 -999 -999 -999 -999
IBTr 26W VAL       920922 1200 116N 1614E -99 -99 -999 1010 0000 10 000 -999 -999 -999 -999 -999 -999
IBTr 26W VAL       920922 1800 122N 1605E -99 -99 -999 1010 0000 10 000 -999 -999 -999 -999 -999 -999
IBTr 26W VAL       920923 0000 128N 1596E -99 -99 -999 1010 0000 12 000 -999 -999 -999 -999 -999 -999
IBTr 26W VAL       920923 0600 136N 1590E -99 -99 -999 1010 0000 12 000 -999 -999 -999 -999 -999 -999
IBTr 26W VAL       920923 1200 144N 1584E -99 -99 -999 1010 0000 12 000 -999 -999 -999 -999 -999 -999
IBTr 26W VAL       920923 1800 153N 1579E -99 -99 -999 1010 0000 12 000 -999 -999 -999 -999 -999 -999
IBTr 26W VAL       920924 0000 162N 1574E -99 -99 -999 1010 0000 12 000 -999 -999 -999 -999 -999 -999
IBTr 26W VAL       920924 0600 172N 1569E -99 -99 1002 1010 0090 15 009 -999 -999 -999 -999 -999 -999
IBTr 26W VAL       920924 1200 182N 1568E -99 -99 1002 1010 0100 15 010 -999 -999 -999 -999 -999 -999
IBTr 26W VAL       920924 1800 192N 1566E -99 -99 1002 1010 0100 18 010 -999 -999 -999 -999 -999 -999
IBTr 26W VAL       920925 0000 203N 1562E -99 -99 1000 1010 0100 18 010 -999 -999 -999 -999 -999 -999
IBTr 26W VAL       920925 0600 217N 1555E -99 -99 0998 1010 0100 18 010 -999 -999 -999 -999 -999 -999
IBTr 26W VAL       920925 1200 228N 1546E -99 -99 0996 1010 0110 20 011 -999 -999 -999 -999 -999 -999
IBTr 26W VAL       920925 1800 244N 1537E -99 -99 0992 1010 0110 23 011 -999 -999 -999 -999 -999 -999
IBTr 26W VAL       920926 0000 259N 1532E -99 -99 0992 1010 0110 23 011 -999 -999 -999 -999 -999 -999
IBTr 26W VAL       920926 0600 276N 1527E -99 -99 0992 1010 0110 23 011 -999 -999 -999 -999 -999 -999
IBTr 26W VAL       920926 1200 294N 1518E -99 -99 0990 1010 0120 23 012 -999 -999 -999 -999 -999 -999
IBTr 26W VAL       920926 1800 316N 1508E -99 -99 0990 1010 0120 23 012 -999 -999 -999 -999 -999 -999
IBTr 26W WARD      920927 0000 152N 1798E -99 -99 1000 1010 0100 18 010 -999 -999 -999 -999 -999 -999
IBTr 26W WARD      920927 0600 156N 1791E -99 -99 1000 1010 0100 18 010 -999 -999 -999 -999 -999 -999
IBTr 26W WARD      920927 1200 160N 1784E -99 -99 0996 1010 0100 20 010 -999 -999 -999 -999 -999 -999
IBTr 26W WARD      920927 1800 164N 1777E -99 -99 0994 1010 0110 20 011 -999 -999 -999 -999 -999 -999
IBTr 26W WARD      920928 0000 167N 1771E -99 -99 0990 1010 0110 23 011 -999 -999 -999 -999 -999 -999
IBTr 26W WARD      920928 0600 168N 1766E -99 -99 0985 1010 0120 25 012 -999 -999 -999 -999 -999 -999
IBTr 26W WARD      920928 1200 169N 1766E -99 -99 0985 1010 0120 25 012 -999 -999 -999 -999 -999 -999
IBTr 26W WARD      920928 1800 171N 1770E -99 -99 0980 1010 0120 28 012 -999 -999 -999 -999 -999 -999
IBTr 26W WARD      920929 0000 175N 1774E -99 -99 0970 1010 0130 33 013 -999 -999 -999 -999 -999 -999
IBTr 26W WARD      920929 0600 184N 1776E -99 -99 0965 1010 0130 36 013 -999 -999 -999 -999 -999 -999
IBTr 26W WARD      920929 1200 194N 1777E -99 -99 0965 1010 0130 36 013 -999 -999 -999 -999 -999 -999
IBTr 26W WARD      920929 1800 208N 1774E -99 -99 0965 1010 0140 36 014 -999 -999 -999 -999 -999 -999
IBTr 26W WARD      920930 0000 224N 1766E -99 -99 0970 1010 0130 33 013 -999 -999 -999 -999 -999 -999
IBTr 26W WARD      920930 0600 236N 1758E -99 -99 0975 1010 0130 30 013 -999 -999 -999 -999 -999 -999
IBTr 26W WARD      920930 1200 246N 1750E -99 -99 0975 1010 0130 30 013 -999 -999 -999 -999 -999 -999
IBTr 26W WARD      920930 1800 253N 1737E -99 -99 0975 1010 0130 30 013 -999 -999 -999 -999 -999 -999
IBTr 26W WARD      921001 0000 258N 1719E -99 -99 0970 1010 0140 33 014 -999 -999 -999 -999 -999 -999
IBTr 26W WARD      921001 0600 258N 1703E -99 -99 0970 1010 0140 33 014 -999 -999 -999 -999 -999 -999
IBTr 26W WARD      921001 1200 255N 1686E -99 -99 0965 1010 0140 36 014 -999 -999 -999 -999 -999 -999
IBTr 26W WARD      921001 1800 252N 1670E -99 -99 0955 1010 0140 38 014 -999 -999 -999 -999 -999 -999
IBTr 26W WARD      921002 0000 248N 1656E -99 -99 0950 1010 0140 41 014 -999 -999 -999 -999 -999 -999
IBTr 26W WARD      921002 0600 244N 1642E -99 -99 0950 1010 0140 41 014 -999 -999 -999 -999 -999 -999
IBTr 26W WARD      921002 1200 240N 1630E -99 -99 0950 1010 0140 41 014 -999 -999 -999 -999 -999 -999
IBTr 26W WARD      921002 1800 237N 1618E -99 -99 0945 1010 0130 43 013 -999 -999 -999 -999 -999 -999
IBTr 26W WARD      921003 0000 236N 1609E -99 -99 0945 1010 0130 43 013 -999 -999 -999 -999 -999 -999
IBTr 26W WARD      921003 0600 238N 1601E -99 -99 0950 1010 0140 41 014 -999 -999 -999 -999 -999 -999
IBTr 26W WARD      921003 1200 242N 1596E -99 -99 0950 1010 0140 41 014 -999 -999 -999 -999 -999 -999
IBTr 26W WARD      921003 1800 248N 1592E -99 -99 0955 1010 0140 38 014 -999 -999 -999 -999 -999 -999
IBTr 26W WARD      921004 0000 254N 1590E -99 -99 0955 1010 0140 38 014 -999 -999 -999 -999 -999 -999
IBTr 26W WARD      921004 0600 262N 1590E -99 -99 0960 1010 0140 38 014 -999 -999 -999 -999 -999 -999
IBTr 26W WARD      921004 1200 271N 1591E -99 -99 0965 1010 0140 36 014 -999 -999 -999 -999 -999 -999
IBTr 26W WARD      921004 1800 283N 1592E -99 -99 0965 1010 0140 36 014 -999 -999 -999 -999 -999 -999
IBTr 26W WARD      921005 0000 293N 1587E -99 -99 0965 1010 0140 36 014 -999 -999 -999 -999 -999 -999
IBTr 26W WARD      921005 0600 305N 1587E -99 -99 0965 1010 0140 36 014 -999 -999 -999 -999 -999 -999
IBTr 26W WARD      921005 1200 318N 1589E -99 -99 0965 1010 0140 36 014 -999 -999 -999 -999 -999 -999
IBTr 26W WARD      921005 1800 331N 1590E -99 -99 0970 1010 0140 33 014 -999 -999 -999 -999 -999 -999
IBTr 26W WARD      921006 0000 346N 1591E -99 -99 0975 1010 0140 30 014 -999 -999 -999 -999 -999 -999
IBTr 26W WARD      921006 0600 362N 1600E -99 -99 0980 1010 0130 28 013 -999 -999 -999 -999 -999 -999
IBTr 26W WARD      921006 1200 382N 1613E -99 -99 0980 1010 0130 28 013 -999 -999 -999 -999 -999 -999
IBTr 26W WARD      921006 1800 406N 1639E -99 -99 0985 1010 0130 25 013 -999 -999 -999 -999 -999 -999
IBTr 26W WARD      921007 0000 430N 1670E -99 -99 0992 1010 0120 20 012 -999 -999 -999 -999 -999 -999
IBTr 26W WARD      921007 0600 455N 1728E -99 -99 0996 1010 0120 -9 012 -999 -999 -999 -999 -999 -999
IBTr 26W WARD      921007 1200 479N 1790E -99 -99 1000 1010 0110 -9 011 -999 -999 -999 -999 -999 -999
