IBTr 22E PAINE     920911 0000 187N 1128W -99 -99 1012 1012 0080 15 008 -999 -999 -999 -999 -999 -999
IBTr 22E PAINE     920911 0600 185N 1139W -99 -99 1009 1010 0080 15 008 -999 -999 -999 -999 -999 -999
IBTr 22E PAINE     920911 1200 183N 1150W -99 -99 1008 1010 0090 15 009 -999 -999 -999 -999 -999 -999
IBTr 22E PAINE     920911 1800 182N 1164W -99 -99 1005 1010 0090 18 009 -999 -999 -999 -999 -999 -999
IBTr 22E PAINE     920912 0000 181N 1181W -99 -99 1003 1010 0090 20 009 -999 -999 -999 -999 -999 -999
IBTr 22E PAINE     920912 0600 179N 1195W -99 -99 1001 1010 0100 23 010 -999 -999 -999 -999 -999 -999
IBTr 22E PAINE     920912 1200 176N 1205W -99 -99 0998 1010 0100 25 010 -999 -999 -999 -999 -999 -999
IBTr 22E PAINE     920912 1800 172N 1210W -99 -99 0996 1010 0100 25 010 -999 -999 -999 -999 -999 -999
IBTr 22E PAINE     920913 0000 170N 1214W -99 -99 0994 1010 0110 28 011 -999 -999 -999 -999 -999 -999
IBTr 22E PAINE     920913 0600 171N 1220W -99 -99 0992 1010 0110 30 011 -999 -999 -999 -999 -999 -999
IBTr 22E PAINE     920913 1200 174N 1224W -99 -99 0990 1010 0110 30 011 -999 -999 -999 -999 -999 -999
IBTr 22E PAINE     920913 1800 178N 1228W -99 -99 0987 1010 0120 33 012 -999 -999 -999 -999 -999 -999
IBTr 22E PAINE     920914 0000 181N 1231W -99 -99 0987 1010 0120 33 012 -999 -999 -999 -999 -999 -999
IBTr 22E PAINE     920914 0600 183N 1232W -99 -99 0987 1010 0120 33 012 -999 -999 -999 -999 -999 -999
IBTr 22E PAINE     920914 1200 184N 1231W -99 -99 0987 1010 0120 33 012 -999 -999 -999 -999 -999 -999
IBTr 22E PAINE     920914 1800 184N 1229W -99 -99 0988 1010 0120 30 012 -999 -999 -999 -999 -999 -999
IBTr 22E PAINE     920915 0000 184N 1226W -99 -99 0990 1010 0110 30 011 -999 -999 -999 -999 -999 -999
IBTr 22E PAINE     920915 0600 183N 1225W -99 -99 0994 1010 0110 28 011 -999 -999 -999 -999 -999 -999
IBTr 22E PAINE     920915 1200 181N 1224W -99 -99 0997 1010 0100 25 010 -999 -999 -999 -999 -999 -999
IBTr 22E PAINE     920915 1800 177N 1222W -99 -99 1001 1010 0100 23 010 -999 -999 -999 -999 -999 -999
IBTr 22E PAINE     920916 0000 173N 1220W -99 -99 1004 1010 0090 20 009 -999 -999 -999 -999 -999 -999
IBTr 22E PAINE     920916 0600 169N 1218W -99 -99 1007 1010 0090 18 009 -999 -999 -999 -999 -999 -999
IBTr 22E PAINE     920916 1200 167N 1220W -99 -99 1009 1010 0080 18 008 -999 -999 -999 -999 -999 -999
