IBTr 21E INIKI     920905 0600 117N 1315W -99 -99 -999 1010 0000 -9 000 -999 -999 -999 -999 -999 -999
IBTr 21E INIKI     920905 1200 117N 1330W -99 -99 -999 1010 0000 -9 000 -999 -999 -999 -999 -999 -999
IBTr 21E INIKI     920905 1800 117N 1339W -99 -99 1010 1010 0080 12 008 -999 -999 -999 -999 -999 -999
IBTr 21E INIKI     920906 0000 117N 1359W -99 -99 1010 1010 0080 12 008 -999 -999 -999 -999 -999 -999
IBTr 21E INIKI     920906 0600 118N 1371W -99 -99 1010 1010 0080 12 008 -999 -999 -999 -999 -999 -999
IBTr 21E INIKI     920906 1200 119N 1384W -99 -99 1009 1010 0080 15 008 -999 -999 -999 -999 -999 -999
IBTr 21E INIKI     920906 1800 119N 1396W -99 -99 1008 1010 0080 15 008 -999 -999 -999 -999 -999 -999
IBTr 21E INIKI     920907 0000 119N 1407W -99 -99 1008 1010 0080 12 008 -999 -999 -999 -999 -999 -999
IBTr 21E INIKI     920907 0600 120N 1414W -99 -99 1007 1010 0090 12 009 -999 -999 -999 -999 -999 -999
IBTr 21E INIKI     920907 1200 120N 1423W -99 -99 1006 1010 0090 15 009 -999 -999 -999 -999 -999 -999
IBTr 21E INIKI     920907 1800 120N 1431W -99 -99 1004 1010 0090 15 009 -999 -999 -999 -999 -999 -999
IBTr 21E INIKI     920908 0000 119N 1445W -99 -99 1002 1010 0090 18 009 -999 -999 -999 -999 -999 -999
IBTr 21E INIKI     920908 0600 120N 1460W -99 -99 1000 1010 0100 20 010 -999 -999 -999 -999 -999 -999
IBTr 21E INIKI     920908 1200 121N 1475W -99 -99 1000 1010 0100 20 010 -999 -999 -999 -999 -999 -999
IBTr 21E INIKI     920908 1800 123N 1490W -99 -99 0996 1010 0100 25 010 -999 -999 -999 -999 -999 -999
IBTr 21E INIKI     920909 0000 124N 1502W -99 -99 0996 1010 0100 30 010 -999 -999 -999 -999 -999 -999
IBTr 21E INIKI     920909 0600 127N 1516W -99 -99 0992 1010 0110 33 011 -999 -999 -999 -999 -999 -999
IBTr 21E INIKI     920909 1200 130N 1529W -99 -99 0992 1010 0110 33 011 -999 -999 -999 -999 -999 -999
IBTr 21E INIKI     920909 1800 134N 1542W -99 -99 0984 1010 0120 41 012 -999 -999 -999 -999 -999 -999
IBTr 21E INIKI     920910 0000 138N 1555W -99 -99 0980 1010 0120 43 012 -999 -999 -999 -999 -999 -999
IBTr 21E INIKI     920910 0600 143N 1568W -99 -99 0960 1010 0130 46 013 -999 -999 -999 -999 -999 -999
IBTr 21E INIKI     920910 1200 147N 1577W -99 -99 0960 1010 0130 51 013 -999 -999 -999 -999 -999 -999
IBTr 21E INIKI     920910 1800 152N 1586W -99 -99 0951 1010 0130 51 013 -999 -999 -999 -999 -999 -999
IBTr 21E INIKI     920911 0000 159N 1593W -99 -99 0948 1010 0130 56 013 -999 -999 -999 -999 -999 -999
IBTr 21E INIKI     920911 0600 168N 1598W -99 -99 0947 1010 0130 59 013 -999 -999 -999 -999 -999 -999
IBTr 21E INIKI     920911 1200 181N 1602W -99 -99 0939 1010 0120 61 012 -999 -999 -999 -999 -999 -999
IBTr 21E INIKI     920911 1800 195N 1600W -99 -99 0938 1010 0120 64 012 -999 -999 -999 -999 -999 -999
IBTr 21E INIKI     920912 0000 215N 1598W -99 -99 0945 1010 0130 59 013 -999 -999 -999 -999 -999 -999
IBTr 21E INIKI     920912 0600 237N 1594W -99 -99 0959 1010 0140 51 014 -999 -999 -999 -999 -999 -999
IBTr 21E INIKI     920912 1200 257N 1590W -99 -99 0980 1010 0130 41 013 -999 -999 -999 -999 -999 -999
IBTr 21E INIKI     920912 1800 280N 1589W -99 -99 0980 1010 0130 41 013 -999 -999 -999 -999 -999 -999
IBTr 21E INIKI     920913 0000 304N 1588W -99 -99 0990 1010 0120 33 012 -999 -999 -999 -999 -999 -999
IBTr 21E INIKI     920913 0600 330N 1587W -99 -99 0990 1010 0120 33 012 -999 -999 -999 -999 -999 -999
IBTr 21E INIKI     920913 1200 350N 1585W -99 -99 1000 1010 0110 25 011 -999 -999 -999 -999 -999 -999
IBTr 21E INIKI     920913 1800 367N 1581W -99 -99 1002 1010 0100 20 010 -999 -999 -999 -999 -999 -999
