IBTr 24E TINA      920917 1200 104N 0985W -99 -99 1010 1010 0080 12 008 -999 -999 -999 -999 -999 -999
IBTr 24E TINA      920917 1800 105N 0991W -99 -99 1010 1010 0080 12 008 -999 -999 -999 -999 -999 -999
IBTr 24E TINA      920918 0000 106N 0996W -99 -99 1010 1010 0080 12 008 -999 -999 -999 -999 -999 -999
IBTr 24E TINA      920918 0600 106N 1001W -99 -99 1009 1010 0080 15 008 -999 -999 -999 -999 -999 -999
IBTr 24E TINA      920918 1200 107N 1006W -99 -99 1007 1010 0080 15 008 -999 -999 -999 -999 -999 -999
IBTr 24E TINA      920918 1800 108N 1013W -99 -99 1003 1010 0090 20 009 -999 -999 -999 -999 -999 -999
IBTr 24E TINA      920919 0000 109N 1020W -99 -99 0999 1010 0100 23 010 -999 -999 -999 -999 -999 -999
IBTr 24E TINA      920919 0600 109N 1026W -99 -99 0996 1010 0100 25 010 -999 -999 -999 -999 -999 -999
IBTr 24E TINA      920919 1200 109N 1032W -99 -99 0995 1010 0100 28 010 -999 -999 -999 -999 -999 -999
IBTr 24E TINA      920919 1800 109N 1038W -99 -99 0994 1010 0100 28 010 -999 -999 -999 -999 -999 -999
IBTr 24E TINA      920920 0000 109N 1044W -99 -99 0994 1010 0100 28 010 -999 -999 -999 -999 -999 -999
IBTr 24E TINA      920920 0600 110N 1051W -99 -99 0994 1010 0100 28 010 -999 -999 -999 -999 -999 -999
IBTr 24E TINA      920920 1200 112N 1059W -99 -99 0993 1010 0110 28 011 -999 -999 -999 -999 -999 -999
IBTr 24E TINA      920920 1800 114N 1064W -99 -99 0990 1010 0110 30 011 -999 -999 -999 -999 -999 -999
IBTr 24E TINA      920921 0000 115N 1067W -99 -99 0983 1010 0120 36 012 -999 -999 -999 -999 -999 -999
IBTr 24E TINA      920921 0600 117N 1070W -99 -99 0979 1010 0120 38 012 -999 -999 -999 -999 -999 -999
IBTr 24E TINA      920921 1200 118N 1073W -99 -99 0979 1010 0120 38 012 -999 -999 -999 -999 -999 -999
IBTr 24E TINA      920921 1800 119N 1075W -99 -99 0988 1010 0110 36 011 -999 -999 -999 -999 -999 -999
IBTr 24E TINA      920922 0000 121N 1077W -99 -99 0990 1010 0110 30 011 -999 -999 -999 -999 -999 -999
IBTr 24E TINA      920922 0600 123N 1079W -99 -99 0992 1010 0110 28 011 -999 -999 -999 -999 -999 -999
IBTr 24E TINA      920922 1200 124N 1083W -99 -99 0997 1010 0100 28 010 -999 -999 -999 -999 -999 -999
IBTr 24E TINA      920922 1800 123N 1088W -99 -99 0998 1010 0100 28 010 -999 -999 -999 -999 -999 -999
IBTr 24E TINA      920923 0000 123N 1091W -99 -99 0990 1010 0110 30 011 -999 -999 -999 -999 -999 -999
IBTr 24E TINA      920923 0600 123N 1094W -99 -99 0988 1010 0110 33 011 -999 -999 -999 -999 -999 -999
IBTr 24E TINA      920923 1200 123N 1097W -99 -99 0986 1010 0120 33 012 -999 -999 -999 -999 -999 -999
IBTr 24E TINA      920923 1800 124N 1099W -99 -99 0983 1010 0120 36 012 -999 -999 -999 -999 -999 -999
IBTr 24E TINA      920924 0000 126N 1100W -99 -99 0981 1010 0120 38 012 -999 -999 -999 -999 -999 -999
IBTr 24E TINA      920924 0600 128N 1099W -99 -99 0982 1010 0120 36 012 -999 -999 -999 -999 -999 -999
IBTr 24E TINA      920924 1200 131N 1097W -99 -99 0985 1010 0120 36 012 -999 -999 -999 -999 -999 -999
IBTr 24E TINA      920924 1800 135N 1095W -99 -99 0987 1010 0110 33 011 -999 -999 -999 -999 -999 -999
IBTr 24E TINA      920925 0000 140N 1090W -99 -99 0988 1010 0110 30 011 -999 -999 -999 -999 -999 -999
IBTr 24E TINA      920925 0600 147N 1086W -99 -99 0989 1010 0110 28 011 -999 -999 -999 -999 -999 -999
IBTr 24E TINA      920925 1200 154N 1083W -99 -99 0990 1010 0110 28 011 -999 -999 -999 -999 -999 -999
IBTr 24E TINA      920925 1800 162N 1078W -99 -99 0992 1010 0110 28 011 -999 -999 -999 -999 -999 -999
IBTr 24E TINA      920926 0000 169N 1076W -99 -99 0995 1010 0110 28 011 -999 -999 -999 -999 -999 -999
IBTr 24E TINA      920926 0600 175N 1075W -99 -99 0995 1010 0110 28 011 -999 -999 -999 -999 -999 -999
IBTr 24E TINA      920926 1200 178N 1077W -99 -99 0993 1010 0110 28 011 -999 -999 -999 -999 -999 -999
IBTr 24E TINA      920926 1800 181N 1079W -99 -99 0989 1010 0110 30 011 -999 -999 -999 -999 -999 -999
IBTr 24E TINA      920927 0000 184N 1083W -99 -99 0984 1010 0120 36 012 -999 -999 -999 -999 -999 -999
IBTr 24E TINA      920927 0600 184N 1086W -99 -99 0977 1010 0130 41 013 -999 -999 -999 -999 -999 -999
IBTr 24E TINA      920927 1200 183N 1089W -99 -99 0972 1010 0130 46 013 -999 -999 -999 -999 -999 -999
IBTr 24E TINA      920927 1800 181N 1093W -99 -99 0967 1010 0130 48 013 -999 -999 -999 -999 -999 -999
IBTr 24E TINA      920928 0000 178N 1096W -99 -99 0963 1010 0130 51 013 -999 -999 -999 -999 -999 -999
IBTr 24E TINA      920928 0600 176N 1100W -99 -99 0960 1010 0130 51 013 -999 -999 -999 -999 -999 -999
IBTr 24E TINA      920928 1200 173N 1105W -99 -99 0957 1010 0130 54 013 -999 -999 -999 -999 -999 -999
IBTr 24E TINA      920928 1800 171N 1112W -99 -99 0955 1010 0130 56 013 -999 -999 -999 -999 -999 -999
IBTr 24E TINA      920929 0000 170N 1119W -99 -99 0953 1010 0130 56 013 -999 -999 -999 -999 -999 -999
IBTr 24E TINA      920929 0600 169N 1127W -99 -99 0951 1010 0130 56 013 -999 -999 -999 -999 -999 -999
IBTr 24E TINA      920929 1200 170N 1136W -99 -99 0950 1010 0130 59 013 -999 -999 -999 -999 -999 -999
IBTr 24E TINA      920929 1800 170N 1146W -99 -99 0947 1010 0130 59 013 -999 -999 -999 -999 -999 -999
IBTr 24E TINA      920930 0000 171N 1155W -99 -99 0944 1010 0130 61 013 -999 -999 -999 -999 -999 -999
IBTr 24E TINA      920930 0600 172N 1166W -99 -99 0938 1010 0120 64 012 -999 -999 -999 -999 -999 -999
IBTr 24E TINA      920930 1200 173N 1177W -99 -99 0932 1010 0120 66 012 -999 -999 -999 -999 -999 -999
IBTr 24E TINA      920930 1800 174N 1188W -99 -99 0933 1010 0120 66 012 -999 -999 -999 -999 -999 -999
IBTr 24E TINA      921001 0000 174N 1200W -99 -99 0933 1010 0120 66 012 -999 -999 -999 -999 -999 -999
IBTr 24E TINA      921001 0600 175N 1211W -99 -99 0934 1010 0120 66 012 -999 -999 -999 -999 -999 -999
IBTr 24E TINA      921001 1200 174N 1221W -99 -99 0935 1010 0120 64 012 -999 -999 -999 -999 -999 -999
IBTr 24E TINA      921001 1800 175N 1230W -99 -99 0941 1010 0130 61 013 -999 -999 -999 -999 -999 -999
IBTr 24E TINA      921002 0000 175N 1237W -99 -99 0947 1010 0130 59 013 -999 -999 -999 -999 -999 -999
IBTr 24E TINA      921002 0600 177N 1243W -99 -99 0953 1010 0130 54 013 -999 -999 -999 -999 -999 -999
IBTr 24E TINA      921002 1200 179N 1249W -99 -99 0960 1010 0130 51 013 -999 -999 -999 -999 -999 -999
IBTr 24E TINA      921002 1800 181N 1254W -99 -99 0966 1010 0130 48 013 -999 -999 -999 -999 -999 -999
IBTr 24E TINA      921003 0000 185N 1258W -99 -99 0972 1010 0130 46 013 -999 -999 -999 -999 -999 -999
IBTr 24E TINA      921003 0600 188N 1261W -99 -99 0975 1010 0130 43 013 -999 -999 -999 -999 -999 -999
IBTr 24E TINA      921003 1200 193N 1264W -99 -99 0978 1010 0130 41 013 -999 -999 -999 -999 -999 -999
IBTr 24E TINA      921003 1800 197N 1269W -99 -99 0981 1010 0120 38 012 -999 -999 -999 -999 -999 -999
IBTr 24E TINA      921004 0000 202N 1274W -99 -99 0984 1010 0120 36 012 -999 -999 -999 -999 -999 -999
IBTr 24E TINA      921004 0600 206N 1279W -99 -99 0987 1010 0120 33 012 -999 -999 -999 -999 -999 -999
IBTr 24E TINA      921004 1200 210N 1284W -99 -99 0990 1010 0110 33 011 -999 -999 -999 -999 -999 -999
IBTr 24E TINA      921004 1800 214N 1289W -99 -99 0992 1010 0110 30 011 -999 -999 -999 -999 -999 -999
IBTr 24E TINA      921005 0000 217N 1294W -99 -99 0994 1010 0110 28 011 -999 -999 -999 -999 -999 -999
IBTr 24E TINA      921005 0600 220N 1298W -99 -99 0996 1010 0110 25 011 -999 -999 -999 -999 -999 -999
IBTr 24E TINA      921005 1200 222N 1300W -99 -99 0998 1010 0100 25 010 -999 -999 -999 -999 -999 -999
IBTr 24E TINA      921005 1800 223N 1303W -99 -99 0999 1010 0100 23 010 -999 -999 -999 -999 -999 -999
IBTr 24E TINA      921006 0000 225N 1307W -99 -99 1001 1010 0100 23 010 -999 -999 -999 -999 -999 -999
IBTr 24E TINA      921006 0600 227N 1310W -99 -99 1002 1010 0100 20 010 -999 -999 -999 -999 -999 -999
IBTr 24E TINA      921006 1200 229N 1314W -99 -99 1003 1010 0100 20 010 -999 -999 -999 -999 -999 -999
IBTr 24E TINA      921006 1800 231N 1317W -99 -99 1004 1010 0090 18 009 -999 -999 -999 -999 -999 -999
IBTr 24E TINA      921007 0000 232N 1319W -99 -99 1005 1010 0090 18 009 -999 -999 -999 -999 -999 -999
IBTr 24E TINA      921007 0600 233N 1322W -99 -99 1006 1010 0090 18 009 -999 -999 -999 -999 -999 -999
IBTr 24E TINA      921007 1200 234N 1324W -99 -99 1007 1010 0090 15 009 -999 -999 -999 -999 -999 -999
IBTr 24E TINA      921007 1800 234N 1327W -99 -99 1008 1010 0090 15 009 -999 -999 -999 -999 -999 -999
IBTr 24E TINA      921008 0000 236N 1333W -99 -99 1008 1010 0090 15 009 -999 -999 -999 -999 -999 -999
IBTr 24E TINA      921008 0600 237N 1340W -99 -99 1009 1010 0090 15 009 -999 -999 -999 -999 -999 -999
IBTr 24E TINA      921008 1200 237N 1347W -99 -99 1009 1010 0090 15 009 -999 -999 -999 -999 -999 -999
IBTr 24E TINA      921008 1800 238N 1356W -99 -99 1009 1010 0090 15 009 -999 -999 -999 -999 -999 -999
IBTr 24E TINA      921009 0000 238N 1366W -99 -99 1010 1010 0080 15 008 -999 -999 -999 -999 -999 -999
IBTr 24E TINA      921009 0600 237N 1378W -99 -99 1010 1010 0080 15 008 -999 -999 -999 -999 -999 -999
IBTr 24E TINA      921009 1200 238N 1390W -99 -99 1010 1010 0080 15 008 -999 -999 -999 -999 -999 -999
IBTr 24E TINA      921009 1800 240N 1401W -99 -99 1010 1010 0080 15 008 -999 -999 -999 -999 -999 -999
IBTr 24E TINA      921010 0000 245N 1410W -99 -99 1011 1011 0080 12 008 -999 -999 -999 -999 -999 -999
IBTr 24E TINA      921010 0600 253N 1419W -99 -99 1011 1011 0080 12 008 -999 -999 -999 -999 -999 -999
IBTr 24E TINA      921010 1200 265N 1425W -99 -99 1011 1011 0090 12 009 -999 -999 -999 -999 -999 -999
IBTr 24E TINA      921010 1800 276N 1429W -99 -99 1011 1011 0090 12 009 -999 -999 -999 -999 -999 -999
IBTr 24E TINA      921011 0000 289N 1429W -99 -99 1012 1012 0090 12 009 -999 -999 -999 -999 -999 -999
IBTr 24E TINA      921011 0600 301N 1430W -99 -99 1012 1012 0090 12 009 -999 -999 -999 -999 -999 -999
IBTr 24E TINA      921011 1200 315N 1430W -99 -99 1012 1012 0090 12 009 -999 -999 -999 -999 -999 -999
IBTr 24E TINA      921011 1800 330N 1430W -99 -99 1013 1013 0090 10 009 -999 -999 -999 -999 -999 -999
