IBTr 20E ORLENE    920902 1800 99N  1025W -99 -99 1009 1010 0080 15 008 -999 -999 -999 -999 -999 -999
IBTr 20E ORLENE    920903 0000 101N 1038W -99 -99 1005 1010 0090 18 009 -999 -999 -999 -999 -999 -999
IBTr 20E ORLENE    920903 0600 104N 1051W -99 -99 1002 1010 0090 20 009 -999 -999 -999 -999 -999 -999
IBTr 20E ORLENE    920903 1200 107N 1064W -99 -99 0999 1010 0100 25 010 -999 -999 -999 -999 -999 -999
IBTr 20E ORLENE    920903 1800 110N 1079W -99 -99 0989 1010 0110 33 011 -999 -999 -999 -999 -999 -999
IBTr 20E ORLENE    920904 0000 112N 1095W -99 -99 0981 1010 0120 38 012 -999 -999 -999 -999 -999 -999
IBTr 20E ORLENE    920904 0600 114N 1111W -99 -99 0975 1010 0130 43 013 -999 -999 -999 -999 -999 -999
IBTr 20E ORLENE    920904 1200 116N 1127W -99 -99 0965 1010 0130 48 013 -999 -999 -999 -999 -999 -999
IBTr 20E ORLENE    920904 1800 119N 1142W -99 -99 0956 1010 0130 54 013 -999 -999 -999 -999 -999 -999
IBTr 20E ORLENE    920905 0000 121N 1158W -99 -99 0951 1010 0130 56 013 -999 -999 -999 -999 -999 -999
IBTr 20E ORLENE    920905 0600 125N 1173W -99 -99 0947 1010 0130 59 013 -999 -999 -999 -999 -999 -999
IBTr 20E ORLENE    920905 1200 129N 1188W -99 -99 0943 1010 0130 61 013 -999 -999 -999 -999 -999 -999
IBTr 20E ORLENE    920905 1800 134N 1203W -99 -99 0939 1010 0120 61 012 -999 -999 -999 -999 -999 -999
IBTr 20E ORLENE    920906 0000 140N 1217W -99 -99 0936 1010 0120 64 012 -999 -999 -999 -999 -999 -999
IBTr 20E ORLENE    920906 0600 144N 1231W -99 -99 0934 1010 0120 64 012 -999 -999 -999 -999 -999 -999
IBTr 20E ORLENE    920906 1200 149N 1245W -99 -99 0935 1010 0120 64 012 -999 -999 -999 -999 -999 -999
IBTr 20E ORLENE    920906 1800 154N 1257W -99 -99 0936 1010 0120 64 012 -999 -999 -999 -999 -999 -999
IBTr 20E ORLENE    920907 0000 159N 1269W -99 -99 0937 1010 0120 64 012 -999 -999 -999 -999 -999 -999
IBTr 20E ORLENE    920907 0600 164N 1280W -99 -99 0940 1010 0120 61 012 -999 -999 -999 -999 -999 -999
IBTr 20E ORLENE    920907 1200 169N 1291W -99 -99 0948 1010 0130 59 013 -999 -999 -999 -999 -999 -999
IBTr 20E ORLENE    920907 1800 174N 1301W -99 -99 0953 1010 0130 56 013 -999 -999 -999 -999 -999 -999
IBTr 20E ORLENE    920908 0000 178N 1311W -99 -99 0960 1010 0130 51 013 -999 -999 -999 -999 -999 -999
IBTr 20E ORLENE    920908 0600 182N 1322W -99 -99 0965 1010 0130 48 013 -999 -999 -999 -999 -999 -999
IBTr 20E ORLENE    920908 1200 185N 1331W -99 -99 0974 1010 0130 43 013 -999 -999 -999 -999 -999 -999
IBTr 20E ORLENE    920908 1800 188N 1339W -99 -99 0979 1010 0130 38 013 -999 -999 -999 -999 -999 -999
IBTr 20E ORLENE    920909 0000 191N 1344W -99 -99 0979 1010 0130 38 013 -999 -999 -999 -999 -999 -999
IBTr 20E ORLENE    920909 0600 194N 1347W -99 -99 0977 1010 0130 41 013 -999 -999 -999 -999 -999 -999
IBTr 20E ORLENE    920909 1200 197N 1349W -99 -99 0972 1010 0130 43 013 -999 -999 -999 -999 -999 -999
IBTr 20E ORLENE    920909 1800 202N 1351W -99 -99 0970 1010 0130 46 013 -999 -999 -999 -999 -999 -999
IBTr 20E ORLENE    920910 0000 206N 1353W -99 -99 0970 1010 0130 46 013 -999 -999 -999 -999 -999 -999
IBTr 20E ORLENE    920910 0600 210N 1355W -99 -99 0972 1010 0130 46 013 -999 -999 -999 -999 -999 -999
IBTr 20E ORLENE    920910 1200 214N 1358W -99 -99 0974 1010 0130 43 013 -999 -999 -999 -999 -999 -999
IBTr 20E ORLENE    920910 1800 218N 1361W -99 -99 0977 1010 0130 41 013 -999 -999 -999 -999 -999 -999
IBTr 20E ORLENE    920911 0000 222N 1364W -99 -99 0980 1010 0130 38 013 -999 -999 -999 -999 -999 -999
IBTr 20E ORLENE    920911 0600 225N 1367W -99 -99 0987 1010 0120 33 012 -999 -999 -999 -999 -999 -999
IBTr 20E ORLENE    920911 1200 227N 1372W -99 -99 0991 1010 0110 30 011 -999 -999 -999 -999 -999 -999
IBTr 20E ORLENE    920911 1800 228N 1379W -99 -99 0994 1010 0110 28 011 -999 -999 -999 -999 -999 -999
IBTr 20E ORLENE    920912 0000 227N 1388W -99 -99 1000 1010 0100 23 010 -999 -999 -999 -999 -999 -999
IBTr 20E ORLENE    920912 0600 226N 1400W -99 -99 1002 1010 0100 20 010 -999 -999 -999 -999 -999 -999
IBTr 20E ORLENE    920912 1200 228N 1414W -99 -99 1005 1010 0090 15 009 -999 -999 -999 -999 -999 -999
IBTr 20E ORLENE    920912 1800 227N 1429W -99 -99 1006 1010 0090 15 009 -999 -999 -999 -999 -999 -999
IBTr 20E ORLENE    920913 0000 225N 1447W -99 -99 1007 1010 0090 12 009 -999 -999 -999 -999 -999 -999
IBTr 20E ORLENE    920913 0600 221N 1466W -99 -99 1007 1010 0090 12 009 -999 -999 -999 -999 -999 -999
IBTr 20E ORLENE    920913 1200 214N 1484W -99 -99 1008 1010 0090 12 009 -999 -999 -999 -999 -999 -999
IBTr 20E ORLENE    920913 1800 208N 1499W -99 -99 1009 1010 0080 12 008 -999 -999 -999 -999 -999 -999
IBTr 20E ORLENE    920914 0000 202N 1510W -99 -99 1009 1010 0080 12 008 -999 -999 -999 -999 -999 -999
IBTr 20E ORLENE    920914 0600 197N 1523W -99 -99 1010 1010 0080 12 008 -999 -999 -999 -999 -999 -999
IBTr 20E ORLENE    920914 1200 193N 1540W -99 -99 1010 1010 0080 12 008 -999 -999 -999 -999 -999 -999
IBTr 20E ORLENE    920914 1800 192N 1552W -99 -99 1010 1010 0080 12 008 -999 -999 -999 -999 -999 -999
