IBTr 28W YVETTE    921003 0600 157N 1397E -99 -99 -999 1010 0000 07 000 -999 -999 -999 -999 -999 -999
IBTr 28W YVETTE    921003 1200 160N 1395E -99 -99 -999 1010 0000 07 000 -999 -999 -999 -999 -999 -999
IBTr 28W YVETTE    921003 1800 163N 1393E -99 -99 -999 1010 0000 07 000 -999 -999 -999 -999 -999 -999
IBTr 28W YVETTE    921004 0000 165N 1392E -99 -99 -999 1010 0000 07 000 -999 -999 -999 -999 -999 -999
IBTr 28W YVETTE    921004 0600 167N 1392E -99 -99 -999 1010 0000 07 000 -999 -999 -999 -999 -999 -999
IBTr 28W YVETTE    921004 1200 169N 1391E -99 -99 -999 1010 0000 07 000 -999 -999 -999 -999 -999 -999
IBTr 28W YVETTE    921004 1800 169N 1389E -99 -99 -999 1010 0000 07 000 -999 -999 -999 -999 -999 -999
IBTr 28W YVETTE    921005 0000 170N 1387E -99 -99 -999 1010 0000 07 000 -999 -999 -999 -999 -999 -999
IBTr 28W YVETTE    921005 0600 169N 1384E -99 -99 -999 1010 0000 07 000 -999 -999 -999 -999 -999 -999
IBTr 28W YVETTE    921005 1200 169N 1381E -99 -99 -999 1010 0000 07 000 -999 -999 -999 -999 -999 -999
IBTr 28W YVETTE    921005 1800 168N 1378E -99 -99 -999 1010 0000 07 000 -999 -999 -999 -999 -999 -999
IBTr 28W YVETTE    921006 0000 168N 1374E -99 -99 -999 1010 0000 07 000 -999 -999 -999 -999 -999 -999
IBTr 28W YVETTE    921006 0600 166N 1368E -99 -99 -999 1010 0000 07 000 -999 -999 -999 -999 -999 -999
IBTr 28W YVETTE    921006 1200 164N 1361E -99 -99 -999 1010 0000 07 000 -999 -999 -999 -999 -999 -999
IBTr 28W YVETTE    921006 1800 163N 1352E -99 -99 -999 1010 0000 10 000 -999 -999 -999 -999 -999 -999
IBTr 28W YVETTE    921007 0000 160N 1340E -99 -99 1006 1010 0090 10 009 -999 -999 -999 -999 -999 -999
IBTr 28W YVETTE    921007 0600 159N 1332E -99 -99 1006 1010 0090 10 009 -999 -999 -999 -999 -999 -999
IBTr 28W YVETTE    921007 1200 158N 1325E -99 -99 1006 1010 0090 12 009 -999 -999 -999 -999 -999 -999
IBTr 28W YVETTE    921007 1800 158N 1319E -99 -99 1004 1010 0090 12 009 -999 -999 -999 -999 -999 -999
IBTr 28W YVETTE    921008 0000 157N 1312E -99 -99 1004 1010 0090 15 009 -999 -999 -999 -999 -999 -999
IBTr 28W YVETTE    921008 0600 156N 1304E -99 -99 1002 1010 0090 18 009 -999 -999 -999 -999 -999 -999
IBTr 28W YVETTE    921008 1200 155N 1296E -99 -99 1000 1010 0100 18 010 -999 -999 -999 -999 -999 -999
IBTr 28W YVETTE    921008 1800 153N 1287E -99 -99 0998 1010 0100 20 010 -999 -999 -999 -999 -999 -999
IBTr 28W YVETTE    921009 0000 151N 1278E -99 -99 0992 1010 0110 23 011 -999 -999 -999 -999 -999 -999
IBTr 28W YVETTE    921009 0600 151N 1269E -99 -99 0985 1010 0120 25 012 -999 -999 -999 -999 -999 -999
IBTr 28W YVETTE    921009 1200 151N 1261E -99 -99 0980 1010 0120 28 012 -999 -999 -999 -999 -999 -999
IBTr 28W YVETTE    921009 1800 151N 1257E -99 -99 0980 1010 0120 28 012 -999 -999 -999 -999 -999 -999
IBTr 28W YVETTE    921010 0000 152N 1256E -99 -99 0975 1010 0130 30 013 -999 -999 -999 -999 -999 -999
IBTr 28W YVETTE    921010 0600 154N 1257E -99 -99 0965 1010 0130 36 013 -999 -999 -999 -999 -999 -999
IBTr 28W YVETTE    921010 1200 156N 1258E -99 -99 0950 1010 0130 41 013 -999 -999 -999 -999 -999 -999
IBTr 28W YVETTE    921010 1800 158N 1257E -99 -99 0940 1010 0120 43 012 -999 -999 -999 -999 -999 -999
IBTr 28W YVETTE    921011 0000 157N 1258E -99 -99 0930 1010 0110 46 011 -999 -999 -999 -999 -999 -999
IBTr 28W YVETTE    921011 0600 158N 1261E -99 -99 0930 1010 0110 46 011 -999 -999 -999 -999 -999 -999
IBTr 28W YVETTE    921011 1200 159N 1263E -99 -99 0930 1010 0110 46 011 -999 -999 -999 -999 -999 -999
IBTr 28W YVETTE    921011 1800 161N 1266E -99 -99 0935 1010 0120 46 012 -999 -999 -999 -999 -999 -999
IBTr 28W YVETTE    921012 0000 164N 1269E -99 -99 0940 1010 0120 43 012 -999 -999 -999 -999 -999 -999
IBTr 28W YVETTE    921012 0600 168N 1273E -99 -99 0940 1010 0120 43 012 -999 -999 -999 -999 -999 -999
IBTr 28W YVETTE    921012 1200 171N 1276E -99 -99 0940 1010 0120 43 012 -999 -999 -999 -999 -999 -999
IBTr 28W YVETTE    921012 1800 174N 1281E -99 -99 0940 1010 0120 43 012 -999 -999 -999 -999 -999 -999
IBTr 28W YVETTE    921013 0000 177N 1285E -99 -99 0935 1010 0120 46 012 -999 -999 -999 -999 -999 -999
IBTr 28W YVETTE    921013 0600 181N 1289E -99 -99 0930 1010 0110 46 011 -999 -999 -999 -999 -999 -999
IBTr 28W YVETTE    921013 1200 186N 1292E -99 -99 0925 1010 0110 48 011 -999 -999 -999 -999 -999 -999
IBTr 28W YVETTE    921013 1800 191N 1293E -99 -99 0920 1010 0100 51 010 -999 -999 -999 -999 -999 -999
IBTr 28W YVETTE    921014 0000 196N 1293E -99 -99 0915 1010 0090 51 009 -999 -999 -999 -999 -999 -999
IBTr 28W YVETTE    921014 0600 202N 1295E -99 -99 0915 1010 0090 51 009 -999 -999 -999 -999 -999 -999
IBTr 28W YVETTE    921014 1200 208N 1299E -99 -99 0915 1010 0090 51 009 -999 -999 -999 -999 -999 -999
IBTr 28W YVETTE    921014 1800 214N 1305E -99 -99 0920 1010 0100 51 010 -999 -999 -999 -999 -999 -999
IBTr 28W YVETTE    921015 0000 220N 1313E -99 -99 0920 1010 0100 51 010 -999 -999 -999 -999 -999 -999
IBTr 28W YVETTE    921015 0600 225N 1320E -99 -99 0925 1010 0110 48 011 -999 -999 -999 -999 -999 -999
IBTr 28W YVETTE    921015 1200 232N 1330E -99 -99 0930 1010 0120 46 012 -999 -999 -999 -999 -999 -999
IBTr 28W YVETTE    921015 1800 241N 1339E -99 -99 0935 1010 0120 46 012 -999 -999 -999 -999 -999 -999
IBTr 28W YVETTE    921016 0000 250N 1350E -99 -99 0940 1010 0130 43 013 -999 -999 -999 -999 -999 -999
IBTr 28W YVETTE    921016 0600 261N 1363E -99 -99 0945 1010 0130 43 013 -999 -999 -999 -999 -999 -999
IBTr 28W YVETTE    921016 1200 270N 1378E -99 -99 0950 1010 0140 41 014 -999 -999 -999 -999 -999 -999
IBTr 28W YVETTE    921016 1500 275N 1385E -99 -99 0955 1010 0140 41 014 -999 -999 -999 -999 -999 -999
IBTr 28W YVETTE    921016 1800 279N 1393E -99 -99 0960 1010 0140 38 014 -999 -999 -999 -999 -999 -999
IBTr 28W YVETTE    921016 2100 283N 1401E -99 -99 0965 1010 0140 36 014 -999 -999 -999 -999 -999 -999
IBTr 28W YVETTE    921017 0000 287N 1404E -99 -99 0965 1010 0140 36 014 -999 -999 -999 -999 -999 -999
IBTr 28W YVETTE    921017 0300 291N 1413E -99 -99 0970 1010 0140 33 014 -999 -999 -999 -999 -999 -999
IBTr 28W YVETTE    921017 0600 294N 1416E -99 -99 0970 1010 0140 33 014 -999 -999 -999 -999 -999 -999
IBTr 28W YVETTE    921017 0900 299N 1425E -99 -99 0975 1010 0140 30 014 -999 -999 -999 -999 -999 -999
IBTr 28W YVETTE    921017 1200 302N 1429E -99 -99 0980 1010 0130 28 013 -999 -999 -999 -999 -999 -999
IBTr 28W YVETTE    921017 1800 308N 1448E -99 -99 0990 1010 0120 23 012 -999 -999 -999 -999 -999 -999
IBTr 28W YVETTE    921018 0000 313N 1466E -99 -99 0998 1010 0110 18 011 -999 -999 -999 -999 -999 -999
IBTr 28W YVETTE    921018 0600 320N 1485E -99 -99 1004 1010 0100 -9 010 -999 -999 -999 -999 -999 -999
IBTr 28W YVETTE    921018 1200 330N 1520E -99 -99 1006 1010 0090 -9 009 -999 -999 -999 -999 -999 -999
IBTr 28W YVETTE    921018 1800 340N 1540E -99 -99 1008 1010 0090 -9 009 -999 -999 -999 -999 -999 -999
