IBTr 25E SEYMORESE 920917 1200 169N 1077W -99 -99 1009 1010 0080 15 008 -999 -999 -999 -999 -999 -999
IBTr 25E SEYMORESE 920917 1800 178N 1083W -99 -99 1008 1010 0090 15 009 -999 -999 -999 -999 -999 -999
IBTr 25E SEYMORESE 920918 0000 186N 1091W -99 -99 1005 1010 0090 18 009 -999 -999 -999 -999 -999 -999
IBTr 25E SEYMORESE 920918 0600 191N 1101W -99 -99 1002 1010 0100 20 010 -999 -999 -999 -999 -999 -999
IBTr 25E SEYMORESE 920918 1200 194N 1109W -99 -99 0997 1010 0100 23 010 -999 -999 -999 -999 -999 -999
IBTr 25E SEYMORESE 920918 1800 196N 1118W -99 -99 0995 1010 0110 25 011 -999 -999 -999 -999 -999 -999
IBTr 25E SEYMORESE 920919 0000 199N 1124W -99 -99 0992 1010 0110 28 011 -999 -999 -999 -999 -999 -999
IBTr 25E SEYMORESE 920919 0600 202N 1128W -99 -99 0990 1010 0110 30 011 -999 -999 -999 -999 -999 -999
IBTr 25E SEYMORESE 920919 1200 205N 1130W -99 -99 0987 1010 0120 33 012 -999 -999 -999 -999 -999 -999
IBTr 25E SEYMORESE 920919 1800 210N 1133W -99 -99 0984 1010 0120 33 012 -999 -999 -999 -999 -999 -999
IBTr 25E SEYMORESE 920920 0000 214N 1135W -99 -99 0982 1010 0120 33 012 -999 -999 -999 -999 -999 -999
IBTr 25E SEYMORESE 920920 0600 219N 1139W -99 -99 0981 1010 0130 36 013 -999 -999 -999 -999 -999 -999
IBTr 25E SEYMORESE 920920 1200 223N 1143W -99 -99 0980 1010 0130 38 013 -999 -999 -999 -999 -999 -999
IBTr 25E SEYMORESE 920920 1800 227N 1147W -99 -99 0983 1010 0120 36 012 -999 -999 -999 -999 -999 -999
IBTr 25E SEYMORESE 920921 0000 231N 1150W -99 -99 0987 1010 0120 33 012 -999 -999 -999 -999 -999 -999
IBTr 25E SEYMORESE 920921 0600 234N 1155W -99 -99 0990 1010 0120 30 012 -999 -999 -999 -999 -999 -999
IBTr 25E SEYMORESE 920921 1200 235N 1161W -99 -99 0994 1010 0110 28 011 -999 -999 -999 -999 -999 -999
IBTr 25E SEYMORESE 920921 1800 236N 1166W -99 -99 0996 1010 0110 25 011 -999 -999 -999 -999 -999 -999
IBTr 25E SEYMORESE 920922 0000 237N 1174W -99 -99 0999 1010 0100 25 010 -999 -999 -999 -999 -999 -999
IBTr 25E SEYMORESE 920922 0600 238N 1181W -99 -99 1000 1010 0100 23 010 -999 -999 -999 -999 -999 -999
IBTr 25E SEYMORESE 920922 1200 238N 1187W -99 -99 0995 1010 0110 28 011 -999 -999 -999 -999 -999 -999
IBTr 25E SEYMORESE 920922 1800 240N 1193W -99 -99 0990 1010 0120 33 012 -999 -999 -999 -999 -999 -999
IBTr 25E SEYMORESE 920923 0000 243N 1199W -99 -99 0983 1010 0120 33 012 -999 -999 -999 -999 -999 -999
IBTr 25E SEYMORESE 920923 0600 244N 1204W -99 -99 0982 1010 0130 36 013 -999 -999 -999 -999 -999 -999
IBTr 25E SEYMORESE 920923 1200 245N 1209W -99 -99 0985 1010 0120 33 012 -999 -999 -999 -999 -999 -999
IBTr 25E SEYMORESE 920923 1800 245N 1214W -99 -99 0987 1010 0120 30 012 -999 -999 -999 -999 -999 -999
IBTr 25E SEYMORESE 920924 0000 243N 1218W -99 -99 0994 1010 0110 28 011 -999 -999 -999 -999 -999 -999
IBTr 25E SEYMORESE 920924 0600 241N 1221W -99 -99 0995 1010 0110 28 011 -999 -999 -999 -999 -999 -999
IBTr 25E SEYMORESE 920924 1200 237N 1225W -99 -99 0997 1010 0110 25 011 -999 -999 -999 -999 -999 -999
IBTr 25E SEYMORESE 920924 1800 231N 1229W -99 -99 1000 1010 0100 23 010 -999 -999 -999 -999 -999 -999
IBTr 25E SEYMORESE 920925 0000 226N 1233W -99 -99 1004 1010 0090 20 009 -999 -999 -999 -999 -999 -999
IBTr 25E SEYMORESE 920925 0600 222N 1238W -99 -99 1005 1010 0090 18 009 -999 -999 -999 -999 -999 -999
IBTr 25E SEYMORESE 920925 1200 218N 1243W -99 -99 1008 1010 0090 15 009 -999 -999 -999 -999 -999 -999
IBTr 25E SEYMORESE 920925 1800 216N 1247W -99 -99 1009 1010 0090 15 009 -999 -999 -999 -999 -999 -999
IBTr 25E SEYMORESE 920926 0000 216N 1252W -99 -99 1009 1010 0090 12 009 -999 -999 -999 -999 -999 -999
IBTr 25E SEYMORESE 920926 0600 215N 1257W -99 -99 1009 1010 0090 12 009 -999 -999 -999 -999 -999 -999
IBTr 25E SEYMORESE 920926 1200 215N 1263W -99 -99 1010 1010 0080 12 008 -999 -999 -999 -999 -999 -999
IBTr 25E SEYMORESE 920926 1800 216N 1270W -99 -99 1010 1010 0080 12 008 -999 -999 -999 -999 -999 -999
IBTr 25E SEYMORESE 920927 0000 221N 1276W -99 -99 1010 1010 0080 12 008 -999 -999 -999 -999 -999 -999
IBTr 25E SEYMORESE 920927 0600 230N 1283W -99 -99 1010 1010 0080 12 008 -999 -999 -999 -999 -999 -999
