IBTr 24W TED       920914 1200 106N 1592E -99 -99 -999 1010 0000 07 000 -999 -999 -999 -999 -999 -999
IBTr 24W TED       920914 1800 112N 1573E -99 -99 -999 1010 0000 07 000 -999 -999 -999 -999 -999 -999
IBTr 24W TED       920915 0000 118N 1554E -99 -99 -999 1010 0000 07 000 -999 -999 -999 -999 -999 -999
IBTr 24W TED       920915 0600 124N 1536E -99 -99 -999 1010 0000 07 000 -999 -999 -999 -999 -999 -999
IBTr 24W TED       920915 1200 129N 1518E -99 -99 -999 1010 0000 07 000 -999 -999 -999 -999 -999 -999
IBTr 24W TED       920915 1800 135N 1502E -99 -99 -999 1010 0000 07 000 -999 -999 -999 -999 -999 -999
IBTr 24W TED       920916 0000 144N 1487E -99 -99 -999 1010 0000 07 000 -999 -999 -999 -999 -999 -999
IBTr 24W TED       920916 0600 147N 1475E -99 -99 -999 1010 0000 07 000 -999 -999 -999 -999 -999 -999
IBTr 24W TED       920916 1200 146N 1464E -99 -99 -999 1010 0000 07 000 -999 -999 -999 -999 -999 -999
IBTr 24W TED       920916 1800 143N 1453E -99 -99 -999 1010 0000 07 000 -999 -999 -999 -999 -999 -999
IBTr 24W TED       920917 0000 142N 1439E -99 -99 -999 1010 0000 07 000 -999 -999 -999 -999 -999 -999
IBTr 24W TED       920917 0600 141N 1425E -99 -99 -999 1010 0000 10 000 -999 -999 -999 -999 -999 -999
IBTr 24W TED       920917 1200 141N 1410E -99 -99 -999 1010 0000 10 000 -999 -999 -999 -999 -999 -999
IBTr 24W TED       920917 1800 143N 1397E -99 -99 1004 1010 0090 12 009 -999 -999 -999 -999 -999 -999
IBTr 24W TED       920918 0000 149N 1382E -99 -99 1004 1010 0090 12 009 -999 -999 -999 -999 -999 -999
IBTr 24W TED       920918 0600 152N 1368E -99 -99 1000 1010 0100 15 010 -999 -999 -999 -999 -999 -999
IBTr 24W TED       920918 1200 154N 1347E -99 -99 1000 1010 0100 15 010 -999 -999 -999 -999 -999 -999
IBTr 24W TED       920918 1800 155N 1329E -99 -99 1000 1010 0100 18 010 -999 -999 -999 -999 -999 -999
IBTr 24W TED       920919 0000 156N 1313E -99 -99 1000 1010 0100 20 010 -999 -999 -999 -999 -999 -999
IBTr 24W TED       920919 0600 159N 1296E -99 -99 0998 1010 0100 18 010 -999 -999 -999 -999 -999 -999
IBTr 24W TED       920919 1200 163N 1282E -99 -99 0996 1010 0100 18 010 -999 -999 -999 -999 -999 -999
IBTr 24W TED       920919 1800 168N 1273E -99 -99 0992 1010 0110 20 011 -999 -999 -999 -999 -999 -999
IBTr 24W TED       920920 0000 176N 1263E -99 -99 0990 1010 0110 23 011 -999 -999 -999 -999 -999 -999
IBTr 24W TED       920920 0600 182N 1248E -99 -99 0990 1010 0110 23 011 -999 -999 -999 -999 -999 -999
IBTr 24W TED       920920 1200 186N 1236E -99 -99 0985 1010 0120 25 012 -999 -999 -999 -999 -999 -999
IBTr 24W TED       920920 1800 189N 1228E -99 -99 0985 1010 0120 25 012 -999 -999 -999 -999 -999 -999
IBTr 24W TED       920921 0000 191N 1224E -99 -99 0985 1010 0120 25 012 -999 -999 -999 -999 -999 -999
IBTr 24W TED       920921 0600 196N 1222E -99 -99 0985 1010 0120 25 012 -999 -999 -999 -999 -999 -999
IBTr 24W TED       920921 1200 203N 1219E -99 -99 0985 1010 0120 25 012 -999 -999 -999 -999 -999 -999
IBTr 24W TED       920921 1800 210N 1218E -99 -99 0985 1010 0120 25 012 -999 -999 -999 -999 -999 -999
IBTr 24W TED       920922 0000 219N 1217E -99 -99 0985 1010 0120 25 012 -999 -999 -999 -999 -999 -999
IBTr 24W TED       920922 0600 235N 1215E -99 -99 0985 1010 0120 25 012 -999 -999 -999 -999 -999 -999
IBTr 24W TED       920922 0900 243N 1216E -99 -99 0985 1010 0120 25 012 -999 -999 -999 -999 -999 -999
IBTr 24W TED       920922 1200 251N 1210E -99 -99 0985 1010 0120 25 012 -999 -999 -999 -999 -999 -999
IBTr 24W TED       920922 1500 257N 1213E -99 -99 0985 1010 0120 25 012 -999 -999 -999 -999 -999 -999
IBTr 24W TED       920922 1800 263N 1209E -99 -99 0985 1010 0120 25 012 -999 -999 -999 -999 -999 -999
IBTr 24W TED       920922 2100 270N 1212E -99 -99 0985 1010 0120 25 012 -999 -999 -999 -999 -999 -999
IBTr 24W TED       920923 0000 278N 1208E -99 -99 0990 1010 0120 25 012 -999 -999 -999 -999 -999 -999
IBTr 24W TED       920923 0600 293N 1206E -99 -99 0990 1010 0120 23 012 -999 -999 -999 -999 -999 -999
IBTr 24W TED       920923 1200 306N 1207E -99 -99 0994 1010 0110 23 011 -999 -999 -999 -999 -999 -999
IBTr 24W TED       920923 1800 320N 1212E -99 -99 0994 1010 0110 23 011 -999 -999 -999 -999 -999 -999
IBTr 24W TED       920924 0000 335N 1222E -99 -99 0994 1010 0110 23 011 -999 -999 -999 -999 -999 -999
IBTr 24W TED       920924 0600 347N 1245E -99 -99 0994 1010 0110 23 011 -999 -999 -999 -999 -999 -999
IBTr 24W TED       920924 0900 356N 1259E -99 -99 0994 1010 0120 20 012 -999 -999 -999 -999 -999 -999
IBTr 24W TED       920924 1200 360N 1275E -99 -99 0994 1010 0120 20 012 -999 -999 -999 -999 -999 -999
IBTr 24W TED       920924 1500 374N 1299E -99 -99 0994 1010 0120 -9 012 -999 -999 -999 -999 -999 -999
IBTr 24W TED       920924 1800 378N 1313E -99 -99 0992 1010 0120 18 012 -999 -999 -999 -999 -999 -999
IBTr 24W TED       920925 0000 397N 1352E -99 -99 0990 1010 0120 -9 012 -999 -999 -999 -999 -999 -999
IBTr 24W TED       920925 0600 411N 1401E -99 -99 0990 1010 0120 -9 012 -999 -999 -999 -999 -999 -999
IBTr 24W TED       920925 1200 425N 1429E -99 -99 0990 1010 0120 -9 012 -999 -999 -999 -999 -999 -999
IBTr 24W TED       920925 1800 450N 1470E -99 -99 0988 1010 0130 -9 013 -999 -999 -999 -999 -999 -999
IBTr 24W TED       920926 0000 466N 1500E -99 -99 0988 1010 0130 -9 013 -999 -999 -999 -999 -999 -999
IBTr 24W TED       920926 0600 485N 1550E -99 -99 0990 1010 0130 -9 013 -999 -999 -999 -999 -999 -999
IBTr 24W TED       920926 1200 500N 1600E -99 -99 0996 1010 0120 -9 012 -999 -999 -999 -999 -999 -999
IBTr 24W TED       920926 1800 510N 1650E -99 -99 0996 1010 0120 -9 012 -999 -999 -999 -999 -999 -999
IBTr 24W TED       920927 0000 510N 1700E -99 -99 0996 1010 0120 -9 012 -999 -999 -999 -999 -999 -999
IBTr 24W TED       920927 0600 505N 1740E -99 -99 1000 1010 0110 -9 011 -999 -999 -999 -999 -999 -999
IBTr 24W TED       920927 1200 500N 1790E -99 -99 1006 1010 0100 -9 010 -999 -999 -999 -999 -999 -999
