IBTr 35W ELSIE     921027 1200 56N  1502E -99 -99 -999 1010 0000 05 000 -999 -999 -999 -999 -999 -999
IBTr 35W ELSIE     921027 1800 59N  1505E -99 -99 -999 1010 0000 05 000 -999 -999 -999 -999 -999 -999
IBTr 35W ELSIE     921028 0000 62N  1508E -99 -99 -999 1010 0000 07 000 -999 -999 -999 -999 -999 -999
IBTr 35W ELSIE     921028 0600 65N  1510E -99 -99 -999 1010 0000 07 000 -999 -999 -999 -999 -999 -999
IBTr 35W ELSIE     921028 1200 69N  1512E -99 -99 -999 1010 0000 07 000 -999 -999 -999 -999 -999 -999
IBTr 35W ELSIE     921028 1800 73N  1512E -99 -99 -999 1010 0000 10 000 -999 -999 -999 -999 -999 -999
IBTr 35W ELSIE     921029 0000 77N  1512E -99 -99 -999 1010 0000 10 000 -999 -999 -999 -999 -999 -999
IBTr 35W ELSIE     921029 0600 79N  1511E -99 -99 1002 1010 0090 12 009 -999 -999 -999 -999 -999 -999
IBTr 35W ELSIE     921029 1200 78N  1509E -99 -99 1002 1010 0090 12 009 -999 -999 -999 -999 -999 -999
IBTr 35W ELSIE     921029 1800 81N  1507E -99 -99 1000 1010 0090 15 009 -999 -999 -999 -999 -999 -999
IBTr 35W ELSIE     921030 0000 84N  1506E -99 -99 0998 1010 0100 18 010 -999 -999 -999 -999 -999 -999
IBTr 35W ELSIE     921030 0600 87N  1505E -99 -99 0996 1010 0100 20 010 -999 -999 -999 -999 -999 -999
IBTr 35W ELSIE     921030 1200 90N  1501E -99 -99 0990 1010 0110 25 011 -999 -999 -999 -999 -999 -999
IBTr 35W ELSIE     921030 1800 93N  1495E -99 -99 0985 1010 0120 25 012 -999 -999 -999 -999 -999 -999
IBTr 35W ELSIE     921031 0000 95N  1489E -99 -99 0980 1010 0120 28 012 -999 -999 -999 -999 -999 -999
IBTr 35W ELSIE     921031 0600 96N  1482E -99 -99 0975 1010 0120 30 012 -999 -999 -999 -999 -999 -999
IBTr 35W ELSIE     921031 1200 96N  1475E -99 -99 0975 1010 0120 30 012 -999 -999 -999 -999 -999 -999
IBTr 35W ELSIE     921031 1800 96N  1471E -99 -99 0975 1010 0120 30 012 -999 -999 -999 -999 -999 -999
IBTr 35W ELSIE     921101 0000 96N  1468E -99 -99 0970 1010 0130 33 013 -999 -999 -999 -999 -999 -999
IBTr 35W ELSIE     921101 0600 99N  1466E -99 -99 0970 1010 0130 33 013 -999 -999 -999 -999 -999 -999
IBTr 35W ELSIE     921101 1200 103N 1462E -99 -99 0970 1010 0130 33 013 -999 -999 -999 -999 -999 -999
IBTr 35W ELSIE     921101 1800 107N 1459E -99 -99 0970 1010 0130 33 013 -999 -999 -999 -999 -999 -999
IBTr 35W ELSIE     921102 0000 111N 1456E -99 -99 0970 1010 0130 33 013 -999 -999 -999 -999 -999 -999
IBTr 35W ELSIE     921102 0600 115N 1454E -99 -99 0965 1010 0130 36 013 -999 -999 -999 -999 -999 -999
IBTr 35W ELSIE     921102 1200 117N 1451E -99 -99 0965 1010 0130 36 013 -999 -999 -999 -999 -999 -999
IBTr 35W ELSIE     921102 1800 122N 1446E -99 -99 0965 1010 0130 36 013 -999 -999 -999 -999 -999 -999
IBTr 35W ELSIE     921103 0000 127N 1438E -99 -99 0965 1010 0130 36 013 -999 -999 -999 -999 -999 -999
IBTr 35W ELSIE     921103 0600 131N 1431E -99 -99 0955 1010 0130 38 013 -999 -999 -999 -999 -999 -999
IBTr 35W ELSIE     921103 1200 134N 1422E -99 -99 0950 1010 0130 41 013 -999 -999 -999 -999 -999 -999
IBTr 35W ELSIE     921103 1800 139N 1414E -99 -99 0940 1010 0120 43 012 -999 -999 -999 -999 -999 -999
IBTr 35W ELSIE     921104 0000 143N 1403E -99 -99 0930 1010 0110 46 011 -999 -999 -999 -999 -999 -999
IBTr 35W ELSIE     921104 0600 148N 1393E -99 -99 0925 1010 0110 48 011 -999 -999 -999 -999 -999 -999
IBTr 35W ELSIE     921104 1200 154N 1382E -99 -99 0925 1010 0110 48 011 -999 -999 -999 -999 -999 -999
IBTr 35W ELSIE     921104 1800 160N 1371E -99 -99 0920 1010 0100 51 010 -999 -999 -999 -999 -999 -999
IBTr 35W ELSIE     921105 0000 169N 1361E -99 -99 0915 1010 0090 51 009 -999 -999 -999 -999 -999 -999
IBTr 35W ELSIE     921105 0600 178N 1351E -99 -99 0915 1010 0090 51 009 -999 -999 -999 -999 -999 -999
IBTr 35W ELSIE     921105 1200 189N 1343E -99 -99 0915 1010 0090 51 009 -999 -999 -999 -999 -999 -999
IBTr 35W ELSIE     921105 1800 203N 1338E -99 -99 0915 1010 0090 51 009 -999 -999 -999 -999 -999 -999
IBTr 35W ELSIE     921106 0000 217N 1338E -99 -99 0920 1010 0100 51 010 -999 -999 -999 -999 -999 -999
IBTr 35W ELSIE     921106 0600 233N 1345E -99 -99 0925 1010 0110 48 011 -999 -999 -999 -999 -999 -999
IBTr 35W ELSIE     921106 1200 253N 1356E -99 -99 0935 1010 0120 46 012 -999 -999 -999 -999 -999 -999
IBTr 35W ELSIE     921106 1800 276N 1370E -99 -99 0945 1010 0130 43 013 -999 -999 -999 -999 -999 -999
IBTr 35W ELSIE     921106 2100 285N 1377E -99 -99 0950 1010 0140 41 014 -999 -999 -999 -999 -999 -999
IBTr 35W ELSIE     921107 0000 294N 1384E -99 -99 0955 1010 0140 38 014 -999 -999 -999 -999 -999 -999
IBTr 35W ELSIE     921107 0300 300N 1393E -99 -99 0960 1010 0140 36 014 -999 -999 -999 -999 -999 -999
IBTr 35W ELSIE     921107 0600 306N 1403E -99 -99 0965 1010 0140 36 014 -999 -999 -999 -999 -999 -999
IBTr 35W ELSIE     921107 0900 310N 1415E -99 -99 0970 1010 0140 33 014 -999 -999 -999 -999 -999 -999
IBTr 35W ELSIE     921107 1200 316N 1425E -99 -99 0975 1010 0140 30 014 -999 -999 -999 -999 -999 -999
IBTr 35W ELSIE     921107 1800 326N 1443E -99 -99 0986 1010 0120 33 012 -999 -999 -999 -999 -999 -999
IBTr 35W ELSIE     921108 0000 334N 1464E -99 -99 0992 1010 0120 30 012 -999 -999 -999 -999 -999 -999
IBTr 35W ELSIE     921108 0600 338N 1488E -99 -99 0998 1010 0110 28 011 -999 -999 -999 -999 -999 -999
IBTr 35W ELSIE     921108 1200 340N 1513E -99 -99 1002 1010 0100 25 010 -999 -999 -999 -999 -999 -999
IBTr 35W ELSIE     921108 1800 341N 1538E -99 -99 1004 1010 0100 25 010 -999 -999 -999 -999 -999 -999
IBTr 35W ELSIE     921109 0000 342N 1562E -99 -99 1008 1010 0090 23 009 -999 -999 -999 -999 -999 -999
IBTr 35W ELSIE     921109 0600 346N 1588E -99 -99 1012 1012 0090 20 009 -999 -999 -999 -999 -999 -999
