IBTr 38B FARRESTFO 921115 1200 85N  0991E -99 -99 -999 1010 0000 28 000 -999 -999 -999 -999 -999 -999
IBTr 38B FARRESTFO 921115 1800 87N  0975E -99 -99 -999 1010 0000 28 000 -999 -999 -999 -999 -999 -999
IBTr 38B FARRESTFO 921116 0000 90N  0962E -99 -99 1006 1010 0090 25 009 -999 -999 -999 -999 -999 -999
IBTr 38B FARRESTFO 921116 0600 93N  0950E -99 -99 1004 1010 0090 12 009 -999 -999 -999 -999 -999 -999
IBTr 38B FARRESTFO 921116 1200 94N  0939E -99 -99 1002 1010 0090 12 009 -999 -999 -999 -999 -999 -999
IBTr 38B FARRESTFO 921116 1800 95N  0930E -99 -99 1000 1010 0090 15 009 -999 -999 -999 -999 -999 -999
IBTr 38B FARRESTFO 921117 0000 96N  0918E -99 -99 1000 1010 0100 18 010 -999 -999 -999 -999 -999 -999
IBTr 38B FARRESTFO 921117 0600 97N  0905E -99 -99 0996 1010 0100 23 010 -999 -999 -999 -999 -999 -999
IBTr 38B FARRESTFO 921117 1200 102N 0896E -99 -99 0990 1010 0110 28 011 -999 -999 -999 -999 -999 -999
IBTr 38B FARRESTFO 921117 1800 108N 0889E -99 -99 0986 1010 0110 33 011 -999 -999 -999 -999 -999 -999
IBTr 38B FARRESTFO 921118 0000 115N 0882E -99 -99 0978 1010 0120 39 012 -999 -999 -999 -999 -999 -999
IBTr 38B FARRESTFO 921118 0600 125N 0878E -99 -99 0976 1010 0130 39 013 -999 -999 -999 -999 -999 -999
IBTr 38B FARRESTFO 921118 1200 138N 0876E -99 -99 0974 1010 0130 39 013 -999 -999 -999 -999 -999 -999
IBTr 38B FARRESTFO 921118 1800 148N 0876E -99 -99 0974 1010 0130 39 013 -999 -999 -999 -999 -999 -999
IBTr 38B FARRESTFO 921119 0000 159N 0876E -99 -99 0966 1010 0130 46 013 -999 -999 -999 -999 -999 -999
IBTr 38B FARRESTFO 921119 0600 166N 0878E -99 -99 0952 1010 0130 52 013 -999 -999 -999 -999 -999 -999
IBTr 38B FARRESTFO 921119 1200 173N 0883E -99 -99 0952 1010 0130 52 013 -999 -999 -999 -999 -999 -999
IBTr 38B FARRESTFO 921119 1800 179N 0885E -99 -99 0954 1010 0130 52 013 -999 -999 -999 -999 -999 -999
IBTr 38B FARRESTFO 921120 0000 185N 0889E -99 -99 0954 1010 0130 52 013 -999 -999 -999 -999 -999 -999
IBTr 38B FARRESTFO 921120 0600 190N 0894E -99 -99 0956 1010 0140 52 014 -999 -999 -999 -999 -999 -999
IBTr 38B FARRESTFO 921120 1200 194N 0900E -99 -99 0968 1010 0130 46 013 -999 -999 -999 -999 -999 -999
IBTr 38B FARRESTFO 921120 1800 195N 0908E -99 -99 0972 1010 0130 46 013 -999 -999 -999 -999 -999 -999
IBTr 38B FARRESTFO 921121 0000 199N 0914E -99 -99 0972 1010 0130 46 013 -999 -999 -999 -999 -999 -999
IBTr 38B FARRESTFO 921121 0600 201N 0923E -99 -99 1000 1010 0100 23 010 -999 -999 -999 -999 -999 -999
IBTr 38B FARRESTFO 921121 1200 203N 0932E -99 -99 1000 1010 0100 18 010 -999 -999 -999 -999 -999 -999
IBTr 38B FARRESTFO 921121 1800 204N 0939E -99 -99 1008 1010 0090 07 009 -999 -999 -999 -999 -999 -999
IBTr 38B FARRESTFO 921122 0000 199N 0945E -99 -99 -999 1010 0000 15 000 -999 -999 -999 -999 -999 -999
