NHC  01C ONE       150710 0600 114N 1703W 270 041 1006 1010 0389 15 185 -999 -999 -999 -999 -999 -999
NHC  01C ONE       150710 1200 114N 1708W 270 036 1006 1010 0389 15 185 -999 -999 -999 -999 -999 -999
NHC  01C ONE       150710 1800 117N 1716W 280 036 1006 1010 0389 15 185 -999 -999 -999 -999 -999 -999
NHC  01C ONE       150711 0000 114N 1726W 270 041 1004 1010 0389 15 185 -999 -999 -999 -999 -999 -999
NHC  01C HALOLA    150711 0600 112N 1741W 265 051 1004 1010 0389 18 056 0056 -999 -999 00569 -999 -999 -999
NHC  01C HALOLA    150711 1200 112N 1750W 270 057 1003 1010 0389 21 056 0065 -999 -999 00659 -999 -999 -999
NHC  01C HALOLA    150711 1800 105N 1758W 255 057 1002 1010 0389 23 065 0074 -999 -999 00749 -999 -999 -999
NHC  01C HALOLA    150712 0000 108N 1767W 265 046 1002 1010 0389 23 065 0074 -999 -999 00749 -999 -999 -999
NHC  01C HALOLA    150712 0600 113N 1776W 290 046 0999 1010 0463 26 056 0111 0056 0056 00936 -999 -999 0056
NHC  01C HALOLA    150712 1200 117N 1786W 295 057 0999 1010 0426 26 056 0093 0056 0056 00836 -999 -999 0056
NHC  01C HALOLA    150712 1800 125N 1796W 300 051 0999 1010 0426 26 056 0093 0056 0056 00836 -999 -999 0056
JTWC 01C HALOLA    150713 0600 136N 1788E 300 052 0982 1009 0343 28 037 0102 0074 0111 0084
JTWC 01C HALOLA    150713 1200 143N 1775E 305 057 0978 1009 0343 31 037 0084 0084 0065 0074
JTWC 01C HALOLA    150713 1800 147N 1766E 300 052 0978 1008 0398 31 037 0084 0084 0065 0074
JTWC 01C HALOLA    150714 0000 151N 1755E 295 057 0963 1008 0398 41 018 0167 0111 0111 0167
JTWC 01C HALOLA    150714 0600 157N 1744E 295 057 0959 1009 0370 43 018 0167 0111 0093 0167
JTWC 01C HALOLA    150714 1200 165N 1732E 300 062 0959 1009 0370 43 018 0185 0111 0093 0185
JTWC 01C HALOLA    150714 1800 168N 1719E 295 067 0959 1009 0352 43 027 0185 0111 0093 0185
JTWC 01C HALOLA    150715 0000 170N 1716E 295 052 0963 1010 0352 41 027 0185 0111 0093 0185
JTWC 01C HALOLA    150715 0600 175N 1700E 290 057 0963 1010 0352 41 027 0195 0130 0121 0185
JTWC 01C HALOLA    150715 1200 177N 1686E 285 062 0967 1010 0352 38 027 0195 0130 0121 0185
JTWC 01C HALOLA    150715 1800 183N 1672E 290 072 0967 1010 0352 38 027 0195 0130 0121 0185
JTWC 01C HALOLA    150716 0000 191N 1660E 295 072 0970 1010 0333 36 027 0139 0093 0084 0158
JTWC 01C HALOLA    150716 0600 191N 1657E 295 052 0974 1010 0296 33 027 0139 0093 0084 0158
JTWC 01C HALOLA    150716 1200 186N 1641E 275 052 0982 1011 0296 28 027 0121 0093 0084 0093
JTWC 01C HALOLA    150716 1800 184N 1620E 270 067 0996 1011 0278 18 027 -999 -999 -999 -999
JTWC 01C HALOLA    150717 0000 185N 1610E 275 072 0996 1011 0278 18 027 -999 -999 -999 -999
JTWC 01C HALOLA    150717 0600 185N 1596E 270 072 0996 1009 0222 18 037 0121 0093 0084 0093
JTWC 01C HALOLA    150717 1200 180N 1582E 265 062 0996 1007 0222 18 037 0121 0093 0084 0093
JTWC 01C HALOLA    150717 1800 184N 1570E 270 067 0996 1008 0278 18 064 -999 -999 -999 -999
JTWC 01C HALOLA    150718 0000 181N 1557E 265 062 0996 1008 0278 18 064 0121 0093 0084 0093
JTWC 01C HALOLA    150718 0600 181N 1558E 265 042 1000 1007 0306 15 064 -999 -999 -999 -999
JTWC 01C HALOLA    150718 1200 180N 1549E 260 042 1000 1007 0306 15 064 -999 -999 -999 -999
JTWC 01C HALOLA    150718 1800 180N 1533E 265 052 1006 1010 0296 13 064 -999 -999 -999 -999
JTWC 01C HALOLA    150719 0000 185N 1519E 275 057 1000 1008 0296 15 064 -999 -999 -999 -999
JTWC 01C HALOLA    150719 0600 190N 1515E 290 047 1000 1008 0324 15 064 -999 -999 -999 -999
JTWC 01C HALOLA    150719 1200 199N 1504E 300 052 1000 1008 0324 15 064 -999 -999 -999 -999
JTWC 01C HALOLA    150719 1800 204N 1495E 305 052 1000 1007 0315 15 055 -999 -999 -999 -999
JTWC 01C HALOLA    150720 0000 209N 1485E 300 057 0996 1007 0315 18 046 -999 -999 -999 -999
JTWC 01C HALOLA    150720 0600 215N 1476E 300 057 0993 1007 0315 20 046 0093 0084 0047 0074
JTWC 01C HALOLA    150720 1200 218N 1464E 295 057 0985 1009 0343 26 046 0130 0102 0047 0148
JTWC 01C HALOLA    150720 1800 219N 1455E 290 052 0982 1011 0352 28 046 0130 0102 0047 0148
JTWC 01C HALOLA    150721 0000 224N 1441E 285 057 0978 1009 0352 31 046 0130 0102 0047 0148
JTWC 01C HALOLA    150721 0600 226N 1429E 285 057 0974 1009 0352 33 012 0130 0102 0047 0148
JTWC 01C HALOLA    150721 1200 229N 1417E 285 062 0967 1009 0389 38 012 0148 0130 0111 0167
JTWC 01C HALOLA    150721 1800 230N 1407E 280 057 0967 1009 0389 38 012 0176 0158 0130 0176
JTWC 01C HALOLA    150722 0000 232N 1396E 280 052 0967 1009 0389 38 018 0176 0158 0130 0176
JTWC 01C HALOLA    150722 1200 239N 1376E 290 052 0967 1009 0389 38 018 0195 0176 0139 0195
JTWC 01C HALOLA    150722 1800 241N 1367E 290 047 0956 1009 0352 46 022 0176 0158 0158 0176
JTWC 01C HALOLA    150723 0000 243N 1359E 290 042 0956 1009 0352 46 018 0176 0158 0158 0176
JTWC 01C HALOLA    150723 0600 245N 1351E 285 042 0956 1009 0352 46 018 0222 0176 0158 0204
JTWC 01C HALOLA    150723 1200 246N 1343E 285 037 0959 1009 0352 43 037 0222 0195 0158 0204
JTWC 01C HALOLA    150723 1800 247N 1334E 280 042 0963 1009 0352 41 022 0185 0185 0176 0185
JTWC 01C HALOLA    150724 0000 248N 1327E 280 037 0963 1009 0352 41 022 0185 0185 0176 0185
JTWC 01C HALOLA    150724 0600 250N 1318E 280 042 0967 1009 0352 38 022 0185 0185 0176 0185
JTWC 01C HALOLA    150724 1200 250N 1310E 280 037 0970 1009 0352 36 027 0185 0185 0176 0185
JTWC 01C HALOLA    150724 1800 255N 1306E 290 037 0974 1009 0352 33 027 0185 0195 0185 0213
JTWC 01C HALOLA    150725 0000 261N 1299E 305 037 0974 1009 0352 33 027 0185 0195 0185 0213
JTWC 01C HALOLA    150725 0600 274N 1296E 330 047 0978 1009 0352 31 027 0195 0167 0167 0176
JTWC 01C HALOLA    150725 1200 283N 1290E 335 052 0982 1009 0333 28 027 0176 0130 0130 0158
JTWC 01C HALOLA    150725 1800 295N 1292E 350 057 0985 1006 0259 26 064 0167 0148 0148 0130
JTWC 01C HALOLA    150726 0000 309N 1292E 355 062 0993 1007 0259 20 064 0148 0130 0167 0148
JTWC 01C HALOLA    150726 0600 323N 1294E 005 067 0996 1007 0259 18 064 -999 -999 -999 -999
JTWC 01C HALOLA    150726 1200 333N 1300E 010 067 1004 1007 0241 13 064 -999 -999 -999 -999
