NHC  01L ANA       150508 0000 314N 0776W 350 010 1004 1014 0297 21 148 0259 -999 0148 02229 -999 -999 -999
NHC  01L ANA       150508 0600 315N 0777W 330 005 1004 1016 0371 21 130 0259 -999 0148 02229 -999 -999 -999
NHC  01L ANA       150508 1200 315N 0775W 360 005 1005 1016 0389 21 130 0241 0185 -999 01859 -999 -999 -999
NHC  01L ANA       150508 1800 315N 0774W 360 000 1001 1016 0371 21 111 0185 0185 0148 01859 -999 -999 -999
NHC  01L ANA       150509 0000 319N 0773W 015 010 1000 1014 0259 26 111 0222 0222 0148 01858 -999 -999 -999
NHC  01L ANA       150509 0600 322N 0775W 340 015 0998 1014 0259 26 102 0185 0204 0148 01670 -999 -999 -999
NHC  01L ANA       150509 1200 326N 0778W 340 021 1001 1016 0278 26 074 0185 0204 0148 01673 0093 -999 -999
NHC  01L ANA       150509 1800 327N 0781W 320 015 1001 1016 0278 26 074 0185 0204 0148 01673 0093 -999 -999
NHC  01L ANA       150510 0000 330N 0782W 325 021 1001 1016 0278 26 074 0167 0204 0111 00933 0093 -999 -999
NHC  01L ANA       150510 0600 336N 0786W 330 021 1003 1016 0222 21 074 0130 0204 0111 00749 -999 -999 -999
NHC  01L ANA       150510 1200 339N 0789W 330 021 1002 1016 0185 18 074 0130 0204 0111 -999 -999 -999
NHC  01L ANA       150510 1800 341N 0788W 360 015 1006 1016 0167 15 111 -999 -999 -999 -999 -999 -999
