NHC  02C TWO       150710 0600 108N 1545W 250 041 1006 1009 0241 15 111 -999 -999 -999 -999 -999 -999
NHC  02C TWO       150710 1200 113N 1550W 275 026 1005 1010 0334 15 093 -999 -999 -999 -999 -999 -999
NHC  02C TWO       150711 0000 125N 1552W 330 026 1005 1009 0241 15 065 -999 -999 -999 -999 -999 -999
NHC  02C TWO       150711 0600 132N 1557W 325 036 1005 1009 0259 15 056 -999 -999 -999 -999 -999 -999
NHC  02C TWO       150711 1200 136N 1567W 310 041 1005 1009 0259 15 056 -999 -999 -999 -999 -999 -999
NHC  02C TWO       150711 1800 144N 1574W 310 051 1003 1009 0259 18 065 0065 -999 -999 -999 -999 -999
NHC  02C IUNE      150712 0000 150N 1586W 305 057 1003 1009 0259 18 074 -999 -999 -999 00939 -999 -999 -999
NHC  02C IUNE      150712 0600 153N 1594W 295 051 1004 1009 0278 18 074 -999 -999 -999 00939 -999 -999 -999
NHC  02C IUNE      150712 1200 152N 1601W 290 041 1004 1009 0278 18 074 -999 -999 -999 00939 -999 -999 -999
NHC  02C IUNE      150712 1800 148N 1606W 265 036 1006 1012 0222 15 111 -999 -999 -999 -999 -999 -999
NHC  02C IUNE      150713 0000 146N 1614W 250 036 1007 1010 0167 13 111 -999 -999 -999 -999 -999 -999
NHC  02C IUNE      150713 0600 144N 1623W 255 041 1008 1010 0167 13 111 -999 -999 -999 -999 -999 -999
NHC  02C IUNE      150713 1200 144N 1636W 265 046 1009 1010 0167 13 111 -999 -999 -999 -999 -999 -999
NHC  02C IUNE      150713 1800 143N 1645W 265 051 1009 1010 0167 13 111 -999 -999 -999 -999 -999 -999
NHC  02C IUNE      150714 0000 143N 1653W 270 051 1008 1009 0213 10 111 -999 -999 -999 -999 -999 -999
NHC  02C IUNE      150715 0000 140N 1698W 265 057 1008 1009 0093 10 056 -999 -999 -999 -999 -999 -999
NHC  02C IUNE      150715 0600 143N 1710W 275 057 1008 1009 0093 10 056 -999 -999 -999 -999 -999 -999
NHC  02C IUNE      150715 1200 146N 1719W 280 057 1008 1009 0093 10 056 -999 -999 -999 -999 -999 -999
NHC  02C IUNE      150715 1800 144N 1725W 280 046 1009 1010 0093 10 056 -999 -999 -999 -999 -999 -999
NHC  02C IUNE      150716 0000 145N 1735W 275 041 1009 1010 0093 10 056 -999 -999 -999 -999 -999 -999
NHC  02C IUNE      150716 0600 144N 1735W 270 031 1009 1010 0093 10 056 -999 -999 -999 -999 -999 -999
NHC  02C IUNE      150716 1200 147N 1749W 280 036 1009 1010 0093 10 056 -999 -999 -999 -999 -999 -999
NHC  02C IUNE      150716 1800 146N 1759W 275 046 1009 1010 0093 10 056 -999 -999 -999 -999 -999 -999
NHC  02C IUNE      150717 0000 149N 1766W 280 046 1009 1010 0093 10 056 -999 -999 -999 -999 -999 -999
NHC  02C IUNE      150717 0600 151N 1771W 280 036 1009 1010 0278 10 093 -999 -999 -999 -999 -999 -999
NHC  02C IUNE      150717 1200 156N 1779W 300 036 1009 1010 0278 10 093 -999 -999 -999 -999 -999 -999
NHC  02C IUNE      150717 1800 164N 1787W 305 041 1009 1010 0278 10 093 -999 -999 -999 -999 -999 -999
NHC  02C IUNE      150718 0000 172N 1792W 315 046 1009 1010 0278 10 093 -999 -999 -999 -999 -999 -999
