NHC  02E TWO       150601 0000 123N 1031W 295 021 1006 1010 0278 15 056 -999 -999 -999 -999 -999 -999
NHC  02E TWO       150601 0600 131N 1038W 310 031 1006 1009 0297 15 056 -999 -999 -999 -999 -999 -999
NHC  02E TWO       150601 1200 135N 1041W 305 036 1004 1009 0297 18 056 0056 0056 -999 -999 -999 -999
NHC  02E BLANCA    150601 1800 133N 1039W 360 000 1003 1009 0334 21 056 0074 0074 -999 -999 -999 -999
NHC  02E BLANCA    150602 0000 132N 1040W 240 005 1001 1009 0334 23 056 0074 0074 -999 -999 -999 -999
NHC  02E BLANCA    150602 0600 133N 1046W 270 005 1001 1010 0259 23 037 0074 0074 -999 00569 -999 -999 -999
NHC  02E BLANCA    150602 1200 131N 1046W 250 010 0999 1010 0315 28 037 0093 0093 0037 00567 0037 -999 -999
NHC  02E BLANCA    150602 1800 131N 1046W 360 000 0989 1009 0334 33 037 0111 0111 0093 01116 0056 0037 0056
NHC  02E BLANCA    150603 0000 128N 1047W 235 005 0980 1008 0352 39 037 0130 0130 0111 01304 0074 0056 0074
NHC  02E BLANCA    150603 0600 126N 1047W 210 005 0972 1008 0278 44 028 0130 0148 0130 01306 0056 0056 0056
NHC  02E BLANCA    150603 1200 125N 1047W 205 005 0948 1008 0278 59 028 0148 0148 0130 01486 0056 0056 0056
NHC  02E BLANCA    150603 1800 123N 1047W 180 010 0945 1008 0278 62 028 0185 0185 0148 01486 0056 0056 0056
NHC  02E BLANCA    150604 0000 121N 1047W 200 010 0943 1007 0445 62 028 0148 0148 0130 01486 0074 0056 0056
NHC  02E BLANCA    150604 0600 119N 1049W 215 010 0950 1008 0445 57 028 0222 0167 0167 01853 0074 0056 0074
NHC  02E BLANCA    150604 1200 122N 1049W 250 005 0960 1008 0445 51 028 0222 0167 0167 01853 0074 0056 0074
NHC  02E BLANCA    150604 1800 125N 1050W 325 010 0975 1008 0445 44 028 0278 0315 0222 02221 0130 0074 0074
NHC  02E BLANCA    150605 0000 133N 1054W 335 031 0975 1007 0445 44 065 0278 0315 0222 02220 0130 0074 0074
NHC  02E BLANCA    150605 0600 139N 1059W 325 046 0972 1007 0445 44 065 0278 0241 0241 02590 0130 0130 0130
NHC  02E BLANCA    150605 1200 147N 1066W 325 046 0972 1007 0445 44 065 0297 0241 0241 02590 0130 0130 0130
NHC  02E BLANCA    150605 1800 150N 1072W 315 046 0975 1007 0445 41 056 0324 0259 0259 02591 0130 0148 0111
NHC  02E BLANCA    150606 0000 158N 1080W 315 051 0971 1007 0463 44 065 0315 0259 0222 02410 0148 0148 0130
NHC  02E BLANCA    150606 0600 164N 1085W 315 051 0961 1007 0500 49 065 0334 0278 0241 02598 0167 0167 0148
NHC  02E BLANCA    150606 1200 173N 1092W 320 051 0943 1007 0500 59 065 0334 0278 0241 02418 0167 0167 0148
NHC  02E BLANCA    150606 1800 179N 1097W 320 046 0955 1007 0500 54 065 0278 0278 0241 02418 0167 0167 0148
NHC  02E BLANCA    150607 0000 188N 1102W 330 046 0952 1007 0463 54 056 0278 0259 0222 02418 0148 0148 0148
NHC  02E BLANCA    150607 0600 193N 1106W 330 041 0960 1007 0463 49 056 0278 0315 0222 02418 0148 0148 0148
NHC  02E BLANCA    150607 1200 200N 1109W 340 046 0964 1007 0463 46 056 0278 0315 0222 02418 0148 0148 0148
NHC  02E BLANCA    150607 1800 209N 1109W 343 041 0977 1007 0463 36 056 0278 0278 0222 02411 0111 0111 0111
NHC  02E BLANCA    150608 0000 219N 1111W 345 051 0988 1006 0371 28 056 0241 0241 0204 02041 0111 0111 0111
NHC  02E BLANCA    150608 0600 231N 1113W 345 062 0994 1007 0389 23 056 0241 0241 0204 02049 -999 -999 -999
NHC  02E BLANCA    150608 1200 245N 1118W 345 067 0994 1008 0334 21 056 0185 0185 0185 01489 -999 -999 -999
NHC  02E BLANCA    150608 1800 261N 1127W 340 077 0998 1008 0278 18 056 0148 0148 0111 01489 -999 -999 -999
NHC  02E BLANCA    150609 0000 273N 1135W 335 077 1001 1008 0278 15 056 -999 -999 -999 -999 -999 -999
NHC  02E BLANCA    150609 0600 285N 1140W 335 072 1005 1008 0278 13 056 -999 -999 -999 -999 -999 -999
