NHC  04C FOUR      150821 0000 150N 1775W 010 021 1003 1007 0259 15 083 -999 -999 -999 -999 -999 -999
NHC  04C FOUR      150821 0600 154N 1771W 035 021 1003 1007 0371 15 083 -999 -999 -999 -999 -999 -999
NHC  04C FOUR      150821 1200 157N 1772W 010 015 1003 1007 0371 15 083 -999 -999 -999 -999 -999 -999
NHC  04C FOUR      150821 1800 162N 1771W 010 021 1001 1007 0371 21 037 0037 0037 0037 00379 -999 -999 -999
NHC  04C LOKE      150822 0000 165N 1773W 355 021 1001 1007 0371 21 037 0056 0037 0037 00569 -999 -999 -999
NHC  04C LOKE      150822 0600 169N 1772W 360 021 1001 1008 0371 21 056 0093 0056 0056 00749 -999 -999 -999
NHC  04C LOKE      150822 1200 172N 1778W 325 021 1005 1008 0334 15 056 -999 -999 -999 -999 -999 -999
NHC  04C LOKE      150822 1800 178N 1784W 320 031 1005 1008 0297 15 056 -999 -999 -999 -999 -999 -999
NHC  04C LOKE      150823 0000 184N 1789W 320 036 1003 1008 0371 18 037 0037 0037 -999 -999 -999 -999
NHC  04C LOKE      150823 0600 191N 1792W 330 041 1003 1008 0371 18 037 0056 0037 -999 -999 -999 -999
NHC  04C LOKE      150823 1800 213N 1796W 345 051 1003 1008 0371 18 037 0056 0037 -999 -999 -999 -999
NHC  04C LOKE      150824 0000 223N 1794W 355 057 1000 1008 0278 23 056 0083 0056 -999 -999 -999 -999
NHC  04C LOKE      150824 0600 234N 1788W 025 057 0997 1007 0334 26 037 0093 0074 0037 00567 -999 -999 -999
NHC  04C LOKE      150824 1200 246N 1780W 030 067 0994 1007 0334 28 056 0074 0093 -999 -999 -999 -999
NHC  04C LOKE      150824 1800 252N 1768W 040 062 0994 1007 0334 28 056 0074 0093 -999 -999 -999 -999
NHC  04C LOKE      150825 0000 261N 1753W 050 067 0986 1007 0371 33 028 0074 0111 0037 00377 0056 -999 -999
NHC  04C LOKE      150825 0600 275N 1744W 030 077 0985 1007 0371 33 028 0074 0111 0037 00377 0056 -999 -999
NHC  04C LOKE      150825 1200 291N 1727W 040 093 0986 1006 0334 33 028 0093 0111 0037 00567 0056 -999 0037
NHC  04C LOKE      150825 1800 302N 1731W 360 082 0988 1005 0334 31 037 0111 0093 0037 00566 0046 -999 0037
NHC  04C LOKE      150826 0000 312N 1734W 345 057 0988 1004 0259 26 056 0222 0111 -999 01111 -999 -999 -999
NHC  04C LOKE      150826 0600 325N 1744W 330 072 0992 1004 0241 23 056 0222 0111 -999 01119 -999 -999 -999
NHC  04C LOKE      150826 1200 345N 1763W 320 124 0990 1004 0222 26 111 0278 0222 -999 01391 -999 -999 -999
NHC  04C LOKE      150826 1800 366N 1792W 320 124 0990 1004 0222 26 111 0278 0222 -999 01391 -999 -999 -999
