NHC  04E FOUR      150708 0000 151N 1395W 300 077 1005 1010 0463 15 093 -999 -999 -999 -999 -999 -999
NHC  04E FOUR      150708 0600 166N 1405W 315 082 1006 1010 0463 15 111 -999 -999 -999 -999 -999 -999
NHC  04E FOUR      150708 1200 171N 1415W 310 072 1006 1010 0463 15 111 -999 -999 -999 -999 -999 -999
NHC  04E FOUR      150708 1800 172N 1433W 300 072 1004 1010 0463 15 111 -999 -999 -999 -999 -999 -999
NHC  04E FOUR      150709 0000 179N 1441W 300 067 1006 1010 0463 15 111 -999 -999 -999 -999 -999 -999
NHC  04E ELA       150709 0600 190N 1447W 320 057 1003 1009 0408 18 111 0130 -999 -999 -999 -999 -999
NHC  04E ELA       150709 1200 198N 1457W 320 062 1003 1008 0334 18 111 0130 -999 -999 -999 -999 -999
NHC  04E ELA       150709 1800 202N 1462W 320 051 1003 1008 0334 18 111 0130 -999 -999 -999 -999 -999
NHC  04E ELA       150710 0000 214N 1470W 320 057 1004 1008 0334 15 111 -999 -999 -999 -999 -999 -999
NHC  04E ELA       150710 0600 220N 1478W 320 051 1007 1011 0278 15 167 -999 -999 -999 -999 -999 -999
NHC  04E ELA       150710 1800 220N 1491W 300 036 1008 1011 0278 15 232 -999 -999 -999 -999 -999 -999
NHC  04E ELA       150711 0000 221N 1498W 290 031 1009 1011 0259 15 232 -999 -999 -999 -999 -999 -999
NHC  04E ELA       150711 0600 223N 1506W 290 036 1010 1011 0259 13 130 -999 -999 -999 -999 -999 -999
NHC  04E ELA       150711 1200 226N 1514W 285 041 1010 1011 0232 13 130 -999 -999 -999 -999 -999 -999
NHC  04E ELA       150711 1800 228N 1521W 290 036 1010 1011 0232 13 130 -999 -999 -999 -999 -999 -999
NHC  04E ELA       150712 0600 227N 1543W 275 046 1013 1014 0222 10 167 -999 -999 -999 -999 -999 -999
NHC  04E ELA       150712 1200 227N 1556W 270 057 1013 1014 0222 10 167 -999 -999 -999 -999 -999 -999
