NHC  04L FOUR      150818 1200 105N 0359W 280 057 1009 1013 0278 15 074 -999 -999 -999 -999 -999 -999
NHC  04L FOUR      150818 1800 108N 0370W 280 057 1008 1013 0278 18 074 0074 0074 -999 00749 -999 -999 -999
NHC  04L DANNY     150819 0000 111N 0383W 285 062 1000 1013 0278 23 037 0074 0074 0056 00749 -999 -999 -999
NHC  04L DANNY     150819 0600 113N 0396W 285 062 1000 1013 0278 23 037 0074 0074 0056 00749 -999 -999 -999
NHC  04L DANNY     150819 1200 111N 0407W 275 051 1000 1013 0324 23 037 0074 0074 0056 00749 -999 -999 -999
NHC  04L DANNY     150819 1800 114N 0415W 280 046 1000 1011 0278 23 037 0111 0056 0056 00749 -999 -999 -999
NHC  04L DANNY     150820 0000 119N 0423W 295 046 1000 1011 0278 23 037 0111 0056 -999 00749 -999 -999 -999
NHC  04L DANNY     150820 0600 121N 0432W 290 046 1000 1011 0278 23 037 0111 0056 -999 00749 -999 -999 -999
NHC  04L DANNY     150820 1200 123N 0444W 285 051 0992 1011 0278 31 019 0093 0074 0056 00747 0037 0019 0037
NHC  04L DANNY     150820 1800 128N 0453W 295 051 0992 1010 0278 33 019 0093 0074 0056 00747 0037 0037 0037
NHC  04L DANNY     150821 0000 132N 0462W 295 051 0990 1011 0278 36 019 0093 0074 0056 00747 0037 0037 0037
NHC  04L DANNY     150821 0600 135N 0470W 290 046 0987 1011 0278 39 019 0093 0074 0056 00747 0037 0037 0037
NHC  04L DANNY     150821 1200 138N 0478W 290 046 0980 1011 0278 44 019 0111 0074 0056 00936 0037 0037 0056
NHC  04L DANNY     150821 1800 143N 0486W 295 046 0974 1012 0297 51 009 0093 0056 0056 00936 0037 0037 0056
NHC  04L DANNY     150822 0000 146N 0493W 295 041 0977 1012 0185 49 009 0093 0056 0056 00936 0037 0037 0056
NHC  04L DANNY     150822 0600 150N 0503W 295 046 0982 1012 0185 44 009 0093 0056 0056 00936 0037 0037 0056
NHC  04L DANNY     150822 1200 153N 0514W 290 051 0984 1012 0185 41 009 0093 0056 0056 00746 0037 0037 0056
NHC  04L DANNY     150822 1800 157N 0527W 285 062 0990 1011 0185 36 009 0093 0056 0056 00936 0037 0037 0056
NHC  04L DANNY     150823 0000 156N 0541W 275 067 0997 1010 0167 28 009 0093 0056 0037 00937 -999 -999 -999
NHC  04L DANNY     150823 0600 157N 0553W 275 067 0999 1010 0185 26 019 0093 0056 0037 00937 -999 -999 -999
NHC  04L DANNY     150823 1200 157N 0567W 270 067 1003 1011 0185 23 019 0093 0056 0037 00749 -999 -999 -999
NHC  04L DANNY     150823 1800 156N 0582W 260 072 1004 1010 0185 21 019 0093 0056 -999 00749 -999 -999 -999
NHC  04L DANNY     150824 0000 156N 0593W 270 067 1008 1011 0185 18 019 0056 -999 -999 -999 -999 -999
NHC  04L DANNY     150824 0600 157N 0601W 275 041 1008 1012 0185 18 028 0056 -999 -999 -999 -999 -999
NHC  04L DANNY     150824 1200 159N 0615W 275 051 1009 1012 0185 13 028 -999 -999 -999 -999 -999 -999
