NHC  05C FIVE      150919 0000 181N 1748W 025 067 1005 1008 0324 15 074 -999 -999 -999 -999 -999 -999
NHC  05C FIVE      150919 0600 184N 1741W 040 051 1005 1008 0334 15 074 -999 -999 -999 -999 -999 -999
NHC  05C FIVE      150919 1200 190N 1736W 045 041 1005 1008 0334 15 074 -999 -999 -999 -999 -999 -999
NHC  05C FIVE      150919 1800 187N 1745W 030 015 1005 1008 0334 15 074 -999 -999 -999 -999 -999 -999
NHC  05C FIVE      150920 0000 194N 1743W 015 041 1005 1008 0334 15 074 -999 -999 -999 -999 -999 -999
NHC  05C FIVE      150920 0600 200N 1742W 010 036 1005 1008 0371 15 074 -999 -999 -999 -999 -999 -999
NHC  05C FIVE      150920 1200 207N 1739W 015 036 1005 1008 0371 15 074 -999 -999 -999 -999 -999 -999
NHC  05C FIVE      150920 1800 216N 1735W 020 041 1005 1008 0371 15 093 -999 -999 -999 -999 -999 -999
NHC  05C FIVE      150921 0000 230N 1732W 015 051 1004 1008 0371 15 093 -999 -999 -999 -999 -999 -999
NHC  05C FIVE      150921 0600 239N 1719W 030 062 1004 1006 0463 15 093 -999 -999 -999 -999 -999 -999
NHC  05C MALIA     150921 1200 247N 1712W 030 051 1001 1006 0241 18 074 0185 0111 -999 00939 -999 -999 -999
NHC  05C MALIA     150921 1800 263N 1711W 360 072 1001 1006 0241 18 074 0222 0111 -999 00939 -999 -999 -999
NHC  05C MALIA     150922 0000 271N 1720W 320 057 1001 1006 0297 18 074 0297 0278 -999 01119 -999 -999 -999
NHC  05C MALIA     150922 0600 275N 1722W 340 046 1001 1006 0297 18 074 0297 0278 -999 01119 -999 -999 -999
NHC  05C MALIA     150922 1200 282N 1730W 320 041 1002 1006 0297 18 074 0334 0167 -999 01119 -999 -999 -999
