NHC  05E FIVE      150711 1200 129N 0984W 295 051 1005 1009 0334 15 130 -999 -999 -999 -999 -999 -999
NHC  05E FIVE      150711 1800 134N 0992W 300 051 1005 1009 0334 15 130 -999 -999 -999 -999 -999 -999
NHC  05E FIVE      150712 0000 136N 0997W 300 036 1005 1009 0334 15 111 -999 -999 -999 -999 -999 -999
NHC  05E DOLORES   150712 0600 143N 1005W 300 041 1002 1009 0334 21 102 0222 0222 -999 01679 -999 -999 -999
NHC  05E DOLORES   150712 1200 151N 1013W 305 046 1002 1009 0297 21 093 0222 0222 0093 01679 -999 -999 -999
NHC  05E DOLORES   150712 1800 154N 1025W 295 051 1001 1009 0297 23 083 0222 -999 -999 01859 -999 -999 -999
NHC  05E DOLORES   150713 0000 160N 1034W 300 051 1001 1010 0222 23 083 0222 -999 -999 01859 -999 -999 -999
NHC  05E DOLORES   150713 0600 164N 1045W 290 057 0997 1010 0222 28 046 0222 0093 0056 01853 -999 -999 0056
NHC  05E DOLORES   150713 1200 170N 1056W 295 057 0994 1010 0222 31 046 0222 0111 0074 01853 -999 -999 0056
NHC  05E DOLORES   150713 1800 172N 1063W 295 046 0991 1011 0278 33 037 0222 0148 0111 01853 0056 -999 0056
NHC  05E DOLORES   150714 0000 172N 1067W 285 031 0991 1011 0278 33 037 0222 0148 0111 01853 0056 -999 0074
NHC  05E DOLORES   150714 0600 172N 1072W 280 031 0984 1011 0278 36 037 0241 0167 0111 01851 0074 -999 0074
NHC  05E DOLORES   150714 1200 176N 1079W 290 031 0983 1011 0278 36 028 0241 0167 0111 01851 0074 0037 0074
NHC  05E DOLORES   150714 1800 178N 1083W 295 031 0980 1010 0278 39 028 0241 0167 0111 01851 0074 0056 0074
NHC  05E DOLORES   150715 0000 181N 1089W 295 031 0973 1008 0371 44 028 0241 0278 0111 01851 0111 0056 0074
NHC  05E DOLORES   150715 0600 182N 1095W 295 031 0944 1009 0408 59 028 0259 0278 0130 01851 0111 0056 0074
NHC  05E DOLORES   150715 1200 182N 1099W 285 026 0946 1009 0519 59 028 0259 0278 0130 01851 0111 0056 0074
NHC  05E DOLORES   150715 1800 185N 1103W 290 026 0952 1010 0463 57 028 0259 0278 0185 01853 0093 0056 0074
NHC  05E DOLORES   150716 0000 189N 1107W 300 026 0956 1010 0463 54 028 0259 0278 0148 01854 0074 0056 0074
NHC  05E DOLORES   150716 0600 193N 1111W 315 026 0960 1010 0463 51 028 0222 0259 0148 01854 0074 0056 0074
NHC  05E DOLORES   150716 1200 197N 1116W 310 031 0964 1009 0556 49 037 0222 0204 0204 02224 0074 0074 0074
NHC  05E DOLORES   150716 1800 200N 1123W 300 036 0968 1010 0463 46 037 0222 0204 0204 02224 0074 0074 0074
NHC  05E DOLORES   150717 0000 206N 1128W 310 041 0966 1010 0463 46 028 0222 0204 0204 02224 0074 0074 0074
NHC  05E DOLORES   150717 0600 210N 1138W 300 046 0982 1010 0463 36 028 0222 0204 0204 02224 0056 0074 0074
NHC  05E DOLORES   150717 1200 213N 1148W 295 046 0986 1009 0556 33 028 0204 0185 0204 02046 0037 0056 0056
NHC  05E DOLORES   150717 1800 212N 1157W 280 051 0996 1009 0463 26 056 0167 0167 0148 01679 -999 -999 0056
NHC  05E DOLORES   150718 0000 215N 1164W 290 046 0999 1009 0463 23 056 0167 0167 0148 01679 -999 -999 -999
NHC  05E DOLORES   150718 0600 217N 1171W 290 046 1003 1009 0463 21 056 0148 0148 0130 01309 -999 -999 -999
NHC  05E DOLORES   150718 1200 227N 1177W 315 046 1005 1009 0556 18 056 0148 0148 0130 01119 -999 -999 -999
NHC  05E DOLORES   150718 1800 236N 1181W 330 051 1007 1011 0556 15 056 -999 -999 -999 -999 -999 -999
NHC  05E DOLORES   150719 0000 249N 1188W 335 072 1006 1010 0500 15 093 -999 -999 -999 -999 -999 -999
NHC  05E DOLORES   150720 0000 301N 1207W 340 072 1005 1010 0500 15 111 -999 -999 -999 -999 -999 -999
