NHC  05L ERIKA     150825 0000 144N 0469W 275 093 1003 1012 0408 21 093 0130 0130 -999 -999 -999 -999
NHC  05L ERIKA     150825 0600 145N 0486W 275 088 1003 1012 0445 21 093 0130 0130 -999 -999 -999 -999
NHC  05L ERIKA     150825 1200 150N 0502W 280 088 1003 1011 0334 21 093 0130 0130 -999 -999 -999 -999
NHC  05L ERIKA     150825 1800 153N 0519W 280 088 1005 1011 0278 18 093 0130 0130 -999 01309 -999 -999 -999
NHC  05L ERIKA     150826 0000 158N 0536W 285 082 1006 1012 0278 18 093 0167 0130 -999 -999 -999 -999
NHC  05L ERIKA     150826 0600 159N 0552W 280 077 1005 1010 0334 18 093 0167 0130 -999 -999 -999 -999
NHC  05L ERIKA     150826 1200 162N 0568W 280 082 1005 1010 0334 21 111 0167 0167 -999 -999 -999 -999
NHC  05L ERIKA     150826 1800 164N 0582W 280 077 1005 1010 0324 21 111 0167 0167 -999 -999 -999 -999
NHC  05L ERIKA     150827 0000 167N 0595W 280 072 1006 1010 0324 21 111 0167 0167 -999 -999 -999 -999
NHC  05L ERIKA     150827 0600 168N 0608W 280 072 1001 1010 0324 23 056 0167 0111 -999 -999 -999 -999
NHC  05L ERIKA     150827 1200 165N 0625W 270 077 1004 1010 0324 23 056 0167 0111 -999 -999 -999 -999
NHC  05L ERIKA     150827 1800 166N 0635W 285 067 1006 1010 0324 21 056 0222 0222 -999 -999 -999 -999
NHC  05L ERIKA     150828 0000 168N 0646W 275 062 1007 1010 0324 21 056 0222 0222 -999 -999 -999 -999
NHC  05L ERIKA     150828 0600 174N 0669W 285 077 1007 1010 0324 23 056 0241 0222 -999 -999 -999 -999
NHC  05L ERIKA     150828 1200 176N 0684W 285 072 1008 1010 0324 23 093 0241 0222 -999 -999 -999 -999
NHC  05L ERIKA     150828 1800 176N 0704W 275 088 1009 1012 0232 23 093 0222 0222 -999 -999 -999 -999
NHC  05L ERIKA     150829 0000 182N 0720W 280 082 1008 1012 0232 21 093 0222 0222 -999 -999 -999 -999
NHC  05L ERIKA     150829 0600 189N 0740W 290 093 1008 1012 0232 18 093 0222 0222 -999 -999 -999 -999
NHC  05L ERIKA     150829 1200 213N 0756W 290 098 1011 1012 0185 15 093 -999 -999 -999 -999 -999 -999
