JTWC 05S FIVE      150111 0600 163S 0547E 075 026 0996 1007 0333 18 074 -999 -999 -999 -999
JTWC 05S BANSI     150111 1200 167S 0549E 110 021 0989 1007 0370 23 055 0074 0074 0074 0074
JTWC 05S BANSI     150111 1800 171S 0551E 145 021 0974 1006 0370 33 031 0139 0139 0130 0130
JTWC 05S BANSI     150112 0600 172S 0559E 120 021 0948 1008 0380 51 027 0195 0176 0148 0167
JTWC 05S BANSI     150112 1200 175S 0566E 105 026 0937 1009 0370 59 018 0222 0204 0167 0185
JTWC 05S BANSI     150112 1800 176S 0568E 105 026 0926 1008 0389 66 022 0241 0269 0232 0250
JTWC 05S BANSI     150113 0000 176S 0573E 105 026 0918 1007 0389 71 022 0278 0269 0241 0250
JTWC 05S BANSI     150113 0600 173S 0576E 080 016 0926 1007 0389 66 022 0232 0204 0176 0185
JTWC 05S BANSI     150113 1200 172S 0579E 070 021 0926 1006 0389 66 018 0222 0222 0176 0139
JTWC 05S BANSI     150113 1800 173S 0581E 070 016 0937 1006 0407 59 018 0222 0222 0176 0139
JTWC 05S BANSI     150114 0000 174S 0582E 100 011 0944 1006 0407 54 018 0222 0222 0176 0139
JTWC 05S BANSI     150114 0600 173S 0585E 100 011 0956 1006 0463 46 018 0222 0213 0167 0167
JTWC 05S BANSI     150114 1200 173S 0591E 090 016 0956 1006 0463 46 018 0204 0185 0167 0158
JTWC 05S BANSI     150114 1800 174S 0596E 090 021 0956 1003 0407 46 022 0204 0185 0185 0204
JTWC 05S BANSI     150115 0000 177S 0602E 105 032 0952 1002 0407 48 037 0241 0222 0222 0241
JTWC 05S BANSI     150115 0600 180S 0607E 110 032 0933 1002 0407 61 046 0241 0222 0222 0241
JTWC 05S BANSI     150115 1200 179S 0615E 105 032 0933 1001 0407 61 046 0241 0222 0222 0241
JTWC 05S BANSI     150115 1800 183S 0629E 105 047 0937 1001 0407 59 037 0259 0241 0241 0259
JTWC 05S BANSI     150116 0000 190S 0641E 110 057 0937 1001 0426 59 027 0259 0241 0241 0259
JTWC 05S BANSI     150116 0600 200S 0653E 120 067 0926 1001 0426 66 037 0296 0278 0278 0296
JTWC 05S BANSI     150116 1200 215S 0662E 135 077 0929 1000 0407 64 037 0296 0278 0278 0296
JTWC 05S BANSI     150116 1800 226S 0671E 145 077 0941 1000 0407 56 049 0296 0278 0278 0296
JTWC 05S BANSI     150117 0000 233S 0678E 145 067 0944 1000 0389 54 040 0296 0278 0278 0296
JTWC 05S BANSI     150117 0600 238S 0685E 140 052 0952 1001 0417 48 049 0296 0370 0426 0250
JTWC 05S BANSI     150117 1200 244S 0699E 125 052 0952 0999 0417 48 031 0296 0389 0370 0250
JTWC 05S BANSI     150117 1800 248S 0721E 110 072 0967 0999 0370 38 031 0287 0333 0352 0250
JTWC 05S BANSI     150118 0000 250S 0742E 105 093 0967 0999 0370 38 031 0287 0333 0352 0250
JTWC 05S BANSI     150118 0600 254S 0759E 100 093 0974 0998 0370 33 031 0250 0259 0222 0222
JTWC 05S BANSI     150118 1200 258S 0787E 100 103 0982 0997 0370 28 031 0176 0213 0185 0185
JTWC 05S BANSI     150118 1800 276S 0820E 110 128 0993 0997 0324 20 031 -999 -999 -999 -999
