JTWC 05W FIVE      150403 0600 079N 1557E 290 062 1000 1008 0333 15 083 -999 -999 -999 -999
JTWC 05W FIVE      150403 1200 084N 1547E 290 062 1000 1008 0333 15 083 -999 -999 -999 -999
JTWC 05W FIVE      150403 1800 084N 1540E 290 047 1000 1008 0306 15 083 -999 -999 -999 -999
JTWC 05W FIVE      150404 0000 086N 1529E 285 052 0996 1008 0315 18 083 -999 -999 -999 -999
JTWC 05W FIVE      150404 0600 089N 1521E 280 047 0989 1005 0259 23 083 0111 0111 0102 0084
JTWC 05W HAISHEN   150404 1200 093N 1517E 290 042 0989 1005 0287 23 083 0111 0111 0102 0084
JTWC 05W HAISHEN   150404 1800 096N 1512E 295 032 0989 1005 0287 23 083 0111 0111 0102 0084
JTWC 05W HAISHEN   150405 0000 097N 1512E 305 021 0993 1005 0124 20 083 0084 0084 0084 0084
JTWC 05W HAISHEN   150405 0600 089N 1509E 265 016 0993 1004 0278 20 083 0084 0084 0084 0084
JTWC 05W HAISHEN   150405 1200 090N 1507E 270 016 0993 1006 0278 20 083 0084 0084 0084 0084
JTWC 05W HAISHEN   150405 1800 091N 1508E 285 006 1000 1006 0278 15 083 -999 -999 -999 -999
JTWC 05W HAISHEN   150406 0000 090N 1508E 315 001 1000 1006 0278 15 083 -999 -999 -999 -999
JTWC 05W HAISHEN   150406 0600 089N 1507E 180 001 1000 1005 0278 15 083 -999 -999 -999 -999
JTWC 05W HAISHEN   150406 1200 095N 1504E 315 011 1004 1007 0278 13 083 -999 -999 -999 -999
