NHC  06E INVEST    150712 1200 135N 1249W 305 031 1003 1008 0602 15 130 -999 -999 -999 -999 -999 -999
NHC  06E SIX       150712 1800 135N 1256W 290 031 1003 1009 0556 15 074 -999 -999 -999 -999 -999 -999
NHC  06E SIX       150713 0000 139N 1259W 300 026 1003 1009 0556 15 074 -999 -999 -999 -999 -999 -999
NHC  06E SIX       150713 0600 148N 1261W 325 031 1001 1009 0556 18 074 0093 0074 -999 -999 -999 -999
NHC  06E ENRIQUE   150713 1200 156N 1264W 340 046 1001 1007 0463 18 074 0111 0093 -999 -999 -999 -999
NHC  06E ENRIQUE   150713 1800 165N 1272W 330 051 1003 1009 0510 18 074 0111 0093 -999 -999 -999 -999
NHC  06E ENRIQUE   150714 0000 167N 1281W 300 046 1003 1009 0463 18 074 0111 0093 -999 -999 -999 -999
NHC  06E ENRIQUE   150714 0600 171N 1287W 300 041 1003 1008 0417 18 074 0111 0093 -999 -999 -999 -999
NHC  06E ENRIQUE   150714 1200 176N 1292W 305 041 1002 1008 0417 21 074 0111 0130 -999 -999 -999 -999
NHC  06E ENRIQUE   150714 1800 182N 1301W 305 041 1000 1008 0417 23 074 0167 0167 -999 00749 -999 -999 -999
NHC  06E ENRIQUE   150715 0000 185N 1309W 295 046 1000 1008 0417 23 074 0130 -999 -999 01309 -999 -999 -999
NHC  06E ENRIQUE   150715 0600 186N 1318W 290 041 1000 1009 0417 23 074 0130 -999 -999 01309 -999 -999 -999
NHC  06E ENRIQUE   150715 1200 188N 1326W 290 041 1002 1009 0417 21 074 0130 -999 -999 01309 -999 -999 -999
NHC  06E ENRIQUE   150715 1800 191N 1333W 290 041 1003 1009 0417 18 074 0130 -999 -999 01309 -999 -999 -999
NHC  06E ENRIQUE   150716 0000 191N 1338W 280 026 1003 1009 0417 18 074 0130 -999 -999 01309 -999 -999 -999
NHC  06E ENRIQUE   150716 0600 193N 1345W 285 031 1004 1009 0417 15 074 -999 -999 -999 -999 -999 -999
NHC  06E ENRIQUE   150716 1200 197N 1353W 285 036 1004 1009 0417 18 111 0111 -999 -999 01309 -999 -999 -999
NHC  06E ENRIQUE   150716 1800 201N 1357W 305 036 1005 1010 0371 15 111 -999 -999 -999 -999 -999 -999
NHC  06E ENRIQUE   150717 0000 204N 1361W 310 026 1007 1011 0371 15 111 -999 -999 -999 -999 -999 -999
NHC  06E ENRIQUE   150717 0600 206N 1366W 300 026 1007 1012 0278 15 111 -999 -999 -999 -999 -999 -999
NHC  06E ENRIQUE   150717 1200 205N 1368W 280 015 1005 1012 0278 18 074 -999 -999 -999 00939 -999 -999 -999
NHC  06E ENRIQUE   150717 1800 205N 1370W 270 010 1006 1012 0278 18 074 -999 -999 -999 00939 -999 -999 -999
NHC  06E ENRIQUE   150718 0000 204N 1372W 245 010 1007 1012 0278 15 093 -999 -999 -999 -999 -999 -999
