JTWC 06S INVEST    150116 0000 191S 0424E 090 026 0996 1004 0426 18 083 -999 -999 -999 -999
JTWC 06S CHEDZA    150116 0600 194S 0433E 095 032 0989 1004 0435 23 074 0139 0130 0130 0139
JTWC 06S CHEDZA    150116 1200 197S 0438E 105 032 0985 1002 0407 26 055 0139 0130 0130 0139
JTWC 06S CHEDZA    150116 1800 204S 0447E 115 042 0996 1002 0333 18 055 -999 -999 -999 -999
JTWC 06S CHEDZA    150117 0000 212S 0460E 125 052 1000 1002 0315 15 055 -999 -999 -999 -999
JTWC 06S CHEDZA    150117 0600 219S 0479E 120 077 1000 1002 0333 15 055 -999 -999 -999 -999
JTWC 06S CHEDZA    150117 1200 219S 0490E 110 072 1000 1002 0370 15 055 -999 -999 -999 -999
JTWC 06S CHEDZA    150117 1800 222S 0501E 105 067 1004 1005 0315 13 055 -999 -999 -999 -999
JTWC 06S CHEDZA    150118 0000 227S 0513E 105 057 1004 1005 0296 13 055 -999 -999 -999 -999
JTWC 06S CHEDZA    150118 1800 235S 0525E 125 026 1000 1005 0296 15 055 -999 -999 -999 -999
JTWC 06S CHEDZA    150119 0000 241S 0537E 125 037 1004 1005 0296 13 055 -999 -999 -999 -999
