NHC  07C SEVEN     151003 0600 133N 1547W 070 036 1001 1006 0500 15 111 -999 -999 -999 -999 -999 -999
NHC  07C SEVEN     151003 1200 139N 1545W 030 026 1000 1006 0556 15 111 -999 -999 -999 -999 -999 -999
NHC  07C OHO       151003 1800 143N 1541W 040 031 1000 1006 0649 18 056 0056 -999 -999 00569 -999 -999 -999
NHC  07C OHO       151004 0000 129N 1546W 075 021 1000 1006 0649 18 056 0056 0556 0463 00569 -999 -999 -999
NHC  07C OHO       151004 0600 132N 1542W 050 021 0999 1006 0649 18 556 -999 0556 -999 -999 -999 -999
NHC  07C OHO       151004 1200 133N 1549W 285 026 1001 1006 0556 18 074 -999 -999 -999 00749 -999 -999 -999
NHC  07C OHO       151004 1800 135N 1549W 335 010 1001 1006 0556 18 074 -999 -999 -999 00749 -999 -999 -999
NHC  07C OHO       151005 0000 136N 1548W 045 021 0996 1006 0556 21 074 0093 0093 0093 00939 -999 -999 -999
NHC  07C OHO       151005 0600 137N 1547W 025 005 0989 1006 0408 23 056 0074 0185 0185 00939 -999 -999 -999
NHC  07C OHO       151005 1200 140N 1547W 015 010 0989 1006 0408 23 056 0093 0185 0167 00939 -999 -999 -999
NHC  07C OHO       151005 1800 145N 1540W 040 031 0984 1006 0408 26 037 0111 0204 0185 01117 0037 0037 0037
NHC  07C OHO       151006 0000 148N 1538W 040 026 0984 1006 0408 28 037 0111 0204 0185 01116 0056 0056 0056
NHC  07C OHO       151006 0600 149N 1531W 060 031 0982 1004 0306 31 056 0130 0204 0167 01306 0056 -999 -999
NHC  07C OHO       151006 1200 151N 1519W 075 046 0980 1004 0306 33 046 0167 0259 0222 01395 0083 0065 0046
NHC  07C OHO       151006 1800 159N 1507W 070 057 0975 1004 0371 39 046 0185 0278 0232 01484 0093 0074 0056
NHC  07C OHO       151007 0000 171N 1494W 060 072 0976 1004 0371 39 046 0185 0278 0232 01484 0093 0074 0056
NHC  07C OHO       151007 0600 191N 1479W 045 103 0962 0999 0297 46 046 0241 0278 0204 01852 0093 0074 0074
NHC  07C OHO       151007 1200 219N 1466W 025 134 0957 0999 0315 49 046 0259 0278 0204 02041 0102 0074 0083
NHC  07C OHO       151007 1800 250N 1452W 020 170 0966 1006 0890 46 046 0259 0278 0204 02041 0102 0074 0083
NHC  07C OHO       151008 0000 288N 1452W 015 170 0968 1004 0612 39 065 0371 0371 0463 04637 0167 -999 -999
NHC  07C OHO       151008 0600 310N 1441W 015 160 0978 1004 0612 33 065 0371 0371 0463 04637 0167 -999 -999
NHC  07C OHO       151008 1200 330N 1420W 020 144 0983 1004 0612 31 074 0371 0371 0463 04637 0167 -999 -999
