NHC  08C EIGHT     151003 1200 121N 1712W 115 005 1001 1006 0463 15 111 -999 -999 -999 -999 -999 -999
NHC  08C EIGHT     151003 1800 118N 1716W 250 021 1002 1006 0463 15 111 -999 -999 -999 -999 -999 -999
NHC  08C EIGHT     151004 0000 112N 1718W 170 021 1001 1005 0741 15 111 -999 -999 -999 -999 -999 -999
NHC  08C EIGHT     151004 0600 107N 1716W 170 026 1002 1006 0741 13 111 -999 -999 -999 -999 -999 -999
NHC  08C EIGHT     151004 1200 107N 1716W 170 000 1002 1006 0649 13 111 -999 -999 -999 -999 -999 -999
NHC  08C EIGHT     151004 1800 113N 1719W 315 005 1002 1006 0649 13 111 -999 -999 -999 -999 -999 -999
NHC  08C EIGHT     151005 0000 121N 1723W 335 026 1002 1006 0649 13 111 -999 -999 -999 -999 -999 -999
NHC  08C EIGHT     151005 0600 114N 1739W 280 041 1002 1005 0417 13 111 -999 -999 -999 -999 -999 -999
NHC  08C EIGHT     151005 1200 113N 1745W 270 046 1002 1005 0436 13 083 -999 -999 -999 -999 -999 -999
NHC  08C EIGHT     151005 1800 114N 1745W 270 031 1002 1005 0436 13 083 -999 -999 -999 -999 -999 -999
NHC  08C EIGHT     151006 0000 124N 1759W 300 041 1002 1005 0436 13 083 -999 -999 -999 -999 -999 -999
NHC  08C EIGHT     151006 0600 128N 1780W 295 062 1002 1005 0436 13 083 -999 -999 -999 -999 -999 -999
NHC  08C EIGHT     151006 1200 128N 1790W 290 077 1002 1004 0436 13 083 -999 -999 -999 -999 -999 -999
JTWC 08C EIGHT     151007 0000 136N 1770E 280 088 1004 1006 0315 10 083 -999 -999 -999 -999
JTWC 08C EIGHT     151008 0600 196N 1697E 320 103 1007 1011 0315 10 083 -999 -999 -999 -999
JTWC 08C EIGHT     151008 1200 206N 1675E 310 103 1007 1011 0315 10 083 -999 -999 -999 -999
