JTWC 08W EIGHT     150620 1200 153N 1113E 295 016 1001 1003 0370 13 083 -999 -999 -999 -999
JTWC 08W EIGHT     150620 1800 152N 1111E 270 016 1004 1005 0352 13 083 -999 -999 -999 -999
JTWC 08W EIGHT     150621 0000 154N 1114E 295 011 1000 1004 0343 15 083 -999 -999 -999 -999
JTWC 08W KUJIRA    150621 0600 164N 1115E 350 021 1000 1002 0343 15 083 -999 -999 -999 -999
JTWC 08W KUJIRA    150621 1200 168N 1116E 000 026 0998 1000 0296 15 083 -999 -999 -999 -999
JTWC 08W KUJIRA    150621 1800 172N 1114E 355 021 1000 1001 0343 15 083 -999 -999 -999 -999
JTWC 08W KUJIRA    150622 0000 178N 1111E 345 026 0996 1001 0343 18 083 -999 -999 -999 -999
JTWC 08W KUJIRA    150622 0600 185N 1111E 340 032 0989 0998 0343 23 046 0111 0139 0158 0111
JTWC 08W KUJIRA    150622 1200 192N 1106E 340 037 0996 0998 0306 18 074 -999 -999 -999 -999
JTWC 08W KUJIRA    150622 1800 191N 1098E 315 032 0992 0998 0306 18 074 0111 0139 0158 0111
JTWC 08W KUJIRA    150623 0000 197N 1093E 315 032 0995 1000 0343 15 074 -999 -999 -999 -999
JTWC 08W KUJIRA    150623 0600 203N 1083E 310 042 0996 1000 0343 18 074 -999 -999 -999 -999
JTWC 08W KUJIRA    150623 1200 201N 1078E 300 037 0996 1000 0343 18 074 -999 -999 -999 -999
JTWC 08W KUJIRA    150623 1800 202N 1069E 285 042 0993 1000 0343 18 074 -999 -999 -999 -999
JTWC 08W KUJIRA    150624 0000 204N 1064E 280 037 0994 1000 0343 15 074 -999 -999 -999 -999
JTWC 08W KUJIRA    150624 0600 208N 1067E 305 021 1004 1005 0324 13 074 -999 -999 -999 -999
