NHC  09E INVEST    150730 0000 080N 1247W 280 067 1005 1010 0408 15 111 -999 -999 -999 -999 -999 -999
NHC  09E GUILLERMO 150730 0600 083N 1257W 280 062 1004 1010 0408 18 093 0093 -999 -999 00939 -999 -999 -999
NHC  09E GUILLERMO 150730 1200 088N 1268W 290 057 1002 1009 0278 21 093 0093 0093 -999 00939 -999 -999 -999
NHC  09E GUILLERMO 150730 1800 095N 1277W 300 057 1001 1009 0278 23 093 0130 0111 -999 01119 -999 -999 -999
NHC  09E GUILLERMO 150731 0000 104N 1285W 310 062 0994 1008 0278 28 037 0148 0130 0074 01307 -999 -999 -999
NHC  09E GUILLERMO 150731 0600 110N 1299W 300 067 0990 1008 0278 33 037 0185 0185 0111 01674 0074 0056 0074
NHC  09E GUILLERMO 150731 1200 121N 1320W 300 082 0975 1008 0278 41 037 0185 0185 0111 01674 0074 0056 0074
NHC  09E GUILLERMO 150731 1800 125N 1340W 295 098 0970 1008 0278 46 037 0185 0185 0111 01674 0074 0056 0074
NHC  09E GUILLERMO 150801 0000 129N 1355W 285 093 0970 1006 0278 46 028 0185 0185 0111 01674 0074 0056 0074
NHC  09E GUILLERMO 150801 0600 133N 1368W 285 082 0970 1006 0278 46 028 0222 0185 0111 01673 0074 0056 0074
NHC  09E GUILLERMO 150801 1200 134N 1384W 280 077 0970 1006 0278 46 028 0222 0185 0111 01673 0074 0056 0074
NHC  09E GUILLERMO 150801 1800 137N 1395W 280 067 0970 1006 0278 46 028 0222 0185 0111 01673 0074 0056 0074
NHC  09E GUILLERMO 150802 0000 138N 1406W 280 062 0970 1008 0306 46 037 0222 0185 0111 01673 0074 0056 0074
NHC  09E GUILLERMO 150802 0600 141N 1418W 280 057 0970 1008 0334 46 037 0222 0204 0130 01853 0083 0056 0083
NHC  09E GUILLERMO 150802 1200 143N 1429W 280 062 0970 1008 0324 46 037 0185 0139 0111 01673 0056 0046 0083
NHC  09E GUILLERMO 150802 1800 149N 1437W 290 057 0978 1008 0306 41 046 0222 0139 0111 01679 0074 0046 0065
NHC  09E GUILLERMO 150803 0000 153N 1446W 295 051 0981 1008 0306 39 046 0222 0139 0111 01679 0074 0046 0065
NHC  09E GUILLERMO 150803 0600 160N 1450W 310 046 0990 1008 0306 36 037 0213 0185 0111 01480 0074 0046 0065
NHC  09E GUILLERMO 150803 1200 164N 1457W 305 041 0992 1007 0259 31 037 0204 0185 0093 01393 0056 0037 0056
NHC  09E GUILLERMO 150803 1800 173N 1464W 315 046 0991 1007 0222 28 037 0204 0158 0074 01391 0056 -999 0037
NHC  09E GUILLERMO 150804 0000 178N 1470W 315 046 0991 1007 0259 28 037 0222 0158 0111 01393 0056 -999 0037
NHC  09E GUILLERMO 150804 0600 185N 1474W 325 041 0991 1008 0334 31 074 0259 0167 0093 01391 -999 -999 -999
NHC  09E GUILLERMO 150804 1200 193N 1481W 325 046 0989 1008 0334 31 074 0278 0222 0093 01670 -999 -999 0093
NHC  09E GUILLERMO 150804 1800 199N 1486W 325 046 0990 1008 0334 31 074 0278 0222 0093 01679 -999 -999 0093
NHC  09E GUILLERMO 150805 0000 199N 1493W 310 041 0998 1008 0334 31 056 0278 0204 0111 01678 -999 -999 0074
NHC  09E GUILLERMO 150805 0600 202N 1500W 295 036 0999 1009 0334 28 056 0297 0167 0093 01677 -999 -999 0074
NHC  09E GUILLERMO 150805 1200 204N 1507W 285 036 0999 1009 0389 26 056 0297 0111 0074 01677 -999 -999 0074
NHC  09E GUILLERMO 150805 1800 212N 1512W 305 036 1001 1009 0352 26 056 0297 0167 0074 01677 -999 -999 -999
NHC  09E GUILLERMO 150806 0000 214N 1518W 300 036 1003 1009 0324 23 056 0278 0139 0056 01679 -999 -999 -999
NHC  09E GUILLERMO 150806 0600 217N 1527W 305 041 1004 1010 0241 23 056 0259 0139 0056 01589 -999 -999 -999
NHC  09E GUILLERMO 150806 1200 218N 1538W 280 046 1006 1012 0241 18 065 0241 0102 -999 01399 -999 -999 -999
NHC  09E GUILLERMO 150806 1800 217N 1548W 275 046 1006 1012 0241 18 065 0185 -999 -999 01399 -999 -999 -999
NHC  09E GUILLERMO 150807 0000 216N 1552W 270 041 1008 1011 0241 15 056 -999 -999 -999 -999 -999 -999
NHC  09E GUILLERMO 150807 0600 221N 1565W 280 046 1008 1011 0204 15 065 -999 -999 -999 -999 -999 -999
NHC  09E GUILLERMO 150807 1800 230N 1595W 290 072 1011 1013 0167 13 074 -999 -999 -999 -999 -999 -999
NHC  09E GUILLERMO 150808 0600 236N 1623W 285 067 1012 1014 0167 13 074 -999 -999 -999 -999 -999 -999
