NHC  09L NINE      150916 1200 146N 0430W 340 036 1010 1012 0334 13 148 -999 -999 -999 -999 -999 -999
NHC  09L NINE      150916 1800 150N 0444W 310 041 1009 1012 0334 13 148 -999 -999 -999 -999 -999 -999
NHC  09L NINE      150917 0000 155N 0449W 305 046 1008 1012 0334 13 148 -999 -999 -999 -999 -999 -999
NHC  09L NINE      150917 1200 159N 0452W 325 021 1006 1011 0334 15 130 -999 -999 -999 -999 -999 -999
NHC  09L NINE      150917 1800 162N 0450W 360 015 1006 1011 0334 13 130 -999 -999 -999 -999 -999 -999
NHC  09L NINE      150918 0000 170N 0450W 360 021 1007 1011 0334 13 130 -999 -999 -999 -999 -999 -999
NHC  09L NINE      150918 0600 173N 0454W 340 031 1007 1010 0334 13 130 -999 -999 -999 -999 -999 -999
NHC  09L NINE      150918 1200 175N 0466W 290 036 1007 1009 0334 13 130 -999 -999 -999 -999 -999 -999
NHC  09L NINE      150918 1800 177N 0470W 295 026 1007 1010 0334 13 130 -999 -999 -999 -999 -999 -999
NHC  09L NINE      150919 0000 181N 0479W 290 036 1007 1010 0334 13 130 -999 -999 -999 -999 -999 -999
NHC  09L NINE      150919 0600 184N 0490W 290 051 1007 1010 0334 13 130 -999 -999 -999 -999 -999 -999
NHC  09L NINE      150919 1200 184N 0494W 280 021 1007 1010 0334 13 130 -999 -999 -999 -999 -999 -999
NHC  09L NINE      150919 1800 187N 0497W 290 015 1007 1010 0334 13 130 -999 -999 -999 -999 -999 -999
NHC  09L NINE      150920 0000 192N 0500W 310 021 1008 1010 0334 10 130 -999 -999 -999 -999 -999 -999
