JTWC 09W NINE      150630 1200 096N 1603E 300 016 1000 1008 0407 15 074 -999 -999 -999 -999
JTWC 09W CHAN-HOM  150630 1800 100N 1599E 300 016 1000 1007 0407 15 074 -999 -999 -999 -999
JTWC 09W CHAN-HOM  150701 0000 106N 1573E 290 057 0993 1008 0407 20 083 0084 0084 0093 0093
JTWC 09W CHAN-HOM  150701 0600 107N 1560E 285 067 0993 1006 0407 20 083 0084 0084 0093 0093
JTWC 09W CHAN-HOM  150701 1200 111N 1557E 290 052 0989 1006 0333 23 083 0084 0084 0093 0093
JTWC 09W CHAN-HOM  150701 1800 112N 1545E 285 042 0989 1007 0370 23 074 0084 0084 0093 0093
JTWC 09W CHAN-HOM  150702 0000 112N 1525E 275 062 0982 1007 0370 28 046 0130 0121 0139 0139
JTWC 09W CHAN-HOM  150702 0600 107N 1505E 265 083 0982 1007 0370 28 046 0130 0121 0139 0139
JTWC 09W CHAN-HOM  150702 1200 101N 1486E 260 093 0974 1007 0407 33 046 0158 0130 0148 0176
JTWC 09W CHAN-HOM  150702 1800 101N 1483E 255 072 0974 1007 0407 33 046 0158 0130 0148 0176
JTWC 09W CHAN-HOM  150703 0000 102N 1481E 260 042 0982 1007 0389 28 027 0158 0130 0148 0176
JTWC 09W CHAN-HOM  150703 0600 108N 1485E 320 016 0989 1003 0370 23 092 -999 -999 0148 -999
JTWC 09W CHAN-HOM  150703 1200 111N 1488E 010 016 0989 1003 0361 23 074 -999 0093 0185 -999
JTWC 09W CHAN-HOM  150703 1800 115N 1487E 025 026 0989 1003 0361 23 074 -999 0093 0185 -999
JTWC 09W CHAN-HOM  150704 0000 124N 1484E 355 026 0989 1001 0389 23 074 -999 0093 0185 -999
JTWC 09W CHAN-HOM  150704 0600 132N 1475E 330 042 0989 1003 0407 23 074 0158 0139 0139 0158
JTWC 09W CHAN-HOM  150704 1200 135N 1461E 305 057 0989 1003 0407 23 074 0158 0139 0139 0158
JTWC 09W CHAN-HOM  150704 1800 138N 1457E 295 047 0993 1003 0407 20 074 0158 0139 0139 0158
JTWC 09W CHAN-HOM  150705 0000 141N 1451E 295 037 0993 1005 0407 20 074 0158 0139 0139 0158
JTWC 09W CHAN-HOM  150705 0600 141N 1453E 310 016 0985 1005 0426 26 055 0158 0139 0139 0158
JTWC 09W CHAN-HOM  150705 1200 150N 1443E 310 032 0985 1005 0426 26 064 0158 0139 0139 0158
JTWC 09W CHAN-HOM  150705 1800 157N 1428E 305 047 0985 1005 0500 26 064 0158 0139 0139 0158
JTWC 09W CHAN-HOM  150706 0000 164N 1425E 310 062 0982 1004 0500 28 037 0158 0139 0139 0158
JTWC 09W CHAN-HOM  150706 0600 172N 1407E 305 072 0978 1004 0463 31 037 0241 0167 0167 0241
JTWC 09W CHAN-HOM  150706 1200 179N 1394E 305 072 0974 1004 0463 33 046 0241 0167 0167 0241
JTWC 09W CHAN-HOM  150707 0000 179N 1373E 285 057 0967 1004 0481 38 046 0241 0204 0185 0259
JTWC 09W CHAN-HOM  150707 0600 183N 1364E 280 052 0963 1002 0463 41 027 0241 0278 0259 0259
JTWC 09W CHAN-HOM  150707 1200 184N 1354E 280 047 0963 1001 0463 41 027 0241 0278 0259 0232
JTWC 09W CHAN-HOM  150707 1800 191N 1343E 295 052 0963 1001 0463 41 027 0241 0278 0259 0232
JTWC 09W CHAN-HOM  150708 0000 196N 1334E 295 052 0963 1001 0463 41 027 0222 0204 0204 0232
JTWC 09W CHAN-HOM  150708 0600 205N 1327E 310 057 0959 1000 0444 43 037 0222 0259 0269 0250
JTWC 09W CHAN-HOM  150708 1200 210N 1317E 310 052 0956 1000 0444 46 027 0222 0259 0269 0222
JTWC 09W CHAN-HOM  150708 1800 217N 1306E 310 057 0956 0998 0444 46 031 0222 0259 0269 0222
JTWC 09W CHAN-HOM  150709 0000 225N 1297E 305 057 0956 0998 0444 46 037 0222 0259 0269 0222
JTWC 09W CHAN-HOM  150709 0600 233N 1286E 310 062 0956 0998 0407 46 046 0278 0259 0259 0278
JTWC 09W CHAN-HOM  150709 1200 242N 1276E 315 062 0948 0998 0407 51 022 0370 0296 0296 0370
JTWC 09W CHAN-HOM  150709 1800 251N 1266E 315 067 0937 0996 0407 59 031 0500 0500 0481 0518
JTWC 09W CHAN-HOM  150710 0000 256N 1255E 310 062 0933 0996 0407 61 022 0500 0500 0481 0518
JTWC 09W CHAN-HOM  150710 0600 266N 1247E 315 062 0941 0996 0407 56 018 0500 0463 0463 0500
JTWC 09W CHAN-HOM  150710 1200 273N 1240E 315 057 0948 0996 0407 51 018 0500 0463 0463 0500
JTWC 09W CHAN-HOM  150710 1800 278N 1233E 320 052 0956 0996 0407 46 027 0463 0444 0444 0481
JTWC 09W CHAN-HOM  150711 0000 286N 1229E 320 047 0956 0996 0407 46 027 0444 0426 0426 0463
JTWC 09W CHAN-HOM  150711 0600 295N 1224E 330 047 0959 0997 0380 43 027 0370 0352 0315 0333
JTWC 09W CHAN-HOM  150711 1200 303N 1228E 350 042 0963 0998 0407 41 027 0315 0296 0269 0306
JTWC 09W CHAN-HOM  150711 1800 317N 1234E 010 052 0974 0998 0389 33 027 0333 0278 0287 0269
JTWC 09W CHAN-HOM  150712 0000 333N 1240E 020 067 0982 0998 0352 28 027 0315 0259 0269 0278
JTWC 09W CHAN-HOM  150712 0600 349N 1241E 015 083 0989 0997 0352 26 037 0315 0259 0269 0278
JTWC 09W CHAN-HOM  150712 1200 368N 1247E 010 088 0989 0996 0370 23 083 0315 0259 0250 0278
