NHC  10E TEN       150806 0000 124N 1293W 275 057 1006 1008 0278 15 093 -999 -999 -999 -999 -999 -999
NHC  10E TEN       150806 0600 125N 1303W 275 057 1006 1009 0278 15 074 -999 -999 -999 -999 -999 -999
NHC  10E TEN       150806 1200 127N 1316W 275 057 1004 1009 0324 18 056 0056 -999 -999 00569 -999 -999 -999
NHC  10E HILDA     150806 1800 127N 1328W 275 062 1001 1009 0324 23 056 0056 -999 -999 00569 -999 -999 -999
NHC  10E HILDA     150807 0000 127N 1340W 270 062 0999 1008 0297 26 019 0093 0093 0056 00937 0037 -999 0037
NHC  10E HILDA     150807 0600 126N 1350W 270 057 0999 1009 0297 26 019 0093 0093 0056 00937 0037 -999 0037
NHC  10E HILDA     150807 1200 127N 1361W 275 057 0999 1008 0297 26 019 0093 0093 0056 00937 0037 -999 0037
NHC  10E HILDA     150807 1800 126N 1376W 270 067 0991 1008 0297 31 019 0111 0111 0074 01116 0056 0037 0056
NHC  10E HILDA     150808 0000 129N 1390W 280 067 0975 1008 0259 46 019 0111 0111 0074 01116 0056 0037 0056
NHC  10E HILDA     150808 0600 132N 1403W 280 067 0973 1008 0278 46 019 0111 0130 0093 01116 0074 0037 0056
NHC  10E HILDA     150808 1200 135N 1416W 280 067 0969 1009 0278 49 019 0130 0130 0093 01114 0074 0037 0056
NHC  10E HILDA     150808 1800 136N 1428W 280 067 0946 1009 0278 62 019 0204 0130 0130 01853 0074 0037 0093
NHC  10E HILDA     150809 0000 139N 1440W 285 057 0950 1009 0324 59 019 0204 0148 0130 01853 0074 0037 0093
NHC  10E HILDA     150809 0600 143N 1451W 290 057 0951 1010 0334 59 019 0204 0167 0130 01853 0074 0037 0093
NHC  10E HILDA     150809 1200 146N 1462W 290 057 0963 1009 0334 51 019 0148 0111 0074 01116 0056 0037 0056
NHC  10E HILDA     150809 1800 148N 1470W 290 051 0964 1009 0334 49 019 0148 0111 0074 01116 0056 0037 0056
NHC  10E HILDA     150810 0000 151N 1479W 285 046 0970 1009 0334 44 019 0111 0074 0056 00936 0056 0037 0056
NHC  10E HILDA     150810 0600 155N 1487W 290 046 0974 1010 0297 44 019 0111 0056 0037 00744 0019 0019 0037
NHC  10E HILDA     150810 1200 160N 1495W 305 041 0979 1009 0297 41 019 0111 0056 0037 00744 0019 0019 0037
NHC  10E HILDA     150810 1800 162N 1500W 300 041 0976 1009 0297 41 019 0148 0083 0065 00934 0037 0028 0037
NHC  10E HILDA     150811 0000 166N 1505W 305 036 0978 1009 0297 41 019 0148 0083 0065 00934 0037 0028 0037
NHC  10E HILDA     150811 0600 169N 1507W 315 021 0981 1009 0334 41 037 0111 0083 0056 00836 0046 -999 0046
NHC  10E HILDA     150811 1200 173N 1511W 315 031 0985 1010 0334 39 037 0111 0083 0056 00836 0046 -999 0046
NHC  10E HILDA     150811 1800 171N 1516W 290 021 0998 1009 0297 33 037 0139 0111 0065 01206 -999 -999 0037
NHC  10E HILDA     150812 0000 170N 1520W 270 021 1000 1009 0297 28 037 0139 0111 0065 01207 -999 -999 -999
NHC  10E HILDA     150812 0600 171N 1516W 290 005 0996 1009 0297 26 028 0093 0056 0037 00468 -999 -999 -999
NHC  10E HILDA     150812 1200 174N 1518W 305 021 1000 1009 0241 21 028 0111 0046 0028 00569 -999 -999 -999
NHC  10E HILDA     150812 1800 173N 1517W 020 005 1003 1009 0241 21 028 0111 -999 -999 00749 -999 -999 -999
NHC  10E HILDA     150813 0000 172N 1523W 270 015 1003 1009 0241 21 028 0111 -999 -999 00749 -999 -999 -999
NHC  10E HILDA     150813 0600 172N 1524W 270 005 1003 1009 0241 21 028 0111 -999 -999 00749 -999 -999 -999
NHC  10E HILDA     150813 1200 171N 1532W 260 026 1005 1009 0241 18 028 0093 -999 -999 00569 -999 -999 -999
NHC  10E HILDA     150813 1800 165N 1542W 250 031 1007 1010 0222 15 074 -999 -999 -999 -999 -999 -999
NHC  10E HILDA     150814 0000 160N 1553W 245 046 1008 1010 0167 13 111 -999 -999 -999 -999 -999 -999
NHC  10E HILDA     150814 0600 157N 1562W 245 051 1008 1010 0167 13 111 -999 -999 -999 -999 -999 -999
NHC  10E HILDA     150814 1200 155N 1577W 255 062 1008 1010 0167 13 111 -999 -999 -999 -999 -999 -999
