NHC  10L TEN       150918 1200 130N 0364W 285 041 1009 1012 0222 13 130 -999 -999 -999 -999 -999 -999
NHC  10L TEN       150918 1800 132N 0370W 285 036 1008 1011 0297 15 093 -999 -999 -999 -999 -999 -999
NHC  10L TEN       150919 0000 136N 0373W 305 026 1007 1011 0297 15 093 -999 -999 -999 -999 -999 -999
NHC  10L IDA       150919 0600 141N 0380W 305 041 1006 1010 0278 18 046 0056 -999 -999 -999 -999 -999
NHC  10L IDA       150919 1200 145N 0392W 295 051 1006 1012 0222 18 046 0056 -999 -999 -999 -999 -999
NHC  10L IDA       150919 1800 153N 0403W 300 062 1006 1011 0222 18 046 0056 -999 -999 -999 -999 -999
NHC  10L IDA       150920 0000 157N 0419W 290 067 1007 1012 0278 15 056 -999 -999 -999 -999 -999 -999
NHC  10L IDA       150920 0600 163N 0430W 295 072 1006 1012 0278 18 056 0204 0204 -999 00749 -999 -999 -999
NHC  10L IDA       150920 1200 168N 0443W 295 072 1006 1012 0278 18 056 0204 0204 -999 00749 -999 -999 -999
NHC  10L IDA       150920 1800 179N 0456W 305 077 1005 1011 0259 21 093 0278 0278 -999 -999 -999 -999
NHC  10L IDA       150921 0000 186N 0466W 310 067 1005 1012 0278 21 093 0278 0278 -999 -999 -999 -999
NHC  10L IDA       150921 0600 195N 0472W 315 051 1003 1012 0278 23 074 0278 0278 -999 00749 -999 -999 -999
NHC  10L IDA       150921 1200 202N 0477W 325 041 1003 1011 0278 23 074 0278 0278 -999 00749 -999 -999 -999
NHC  10L IDA       150921 1800 210N 0485W 320 051 1003 1012 0334 23 148 0278 0334 -999 -999 -999 -999
NHC  10L IDA       150922 0000 216N 0495W 315 046 1005 1012 0334 21 148 0278 0334 -999 -999 -999 -999
NHC  10L IDA       150922 0600 214N 0488W 105 026 1005 1012 0334 21 148 0278 0334 -999 -999 -999 -999
NHC  10L IDA       150922 1200 210N 0480W 090 010 1005 1012 0334 21 148 0278 0334 -999 -999 -999 -999
NHC  10L IDA       150922 1800 206N 0480W 125 031 1005 1012 0334 21 148 0278 0334 -999 -999 -999 -999
NHC  10L IDA       150923 0000 212N 0468W 070 010 1005 1012 0389 21 148 0278 0334 -999 -999 -999 -999
NHC  10L IDA       150923 0600 205N 0472W 180 010 1005 1010 0371 18 148 0222 0278 -999 -999 -999 -999
NHC  10L IDA       150923 1200 200N 0472W 180 015 1005 1010 0371 18 148 0222 0278 -999 -999 -999 -999
NHC  10L IDA       150923 1800 199N 0468W 175 015 1005 1010 0371 18 148 0222 0278 -999 -999 -999 -999
NHC  10L IDA       150924 0000 198N 0463W 100 026 1005 1010 0334 18 148 0222 0278 -999 -999 -999 -999
NHC  10L IDA       150924 0600 195N 0457W 110 026 1005 1010 0371 18 148 -999 0222 -999 -999 -999 -999
NHC  10L IDA       150924 1200 200N 0449W 085 031 1005 1010 0371 18 148 -999 0222 -999 -999 -999 -999
NHC  10L IDA       150924 1800 210N 0450W 045 031 1006 1010 0371 15 148 -999 -999 -999 -999 -999 -999
NHC  10L IDA       150925 0000 212N 0452W 330 026 1007 1012 0371 15 148 -999 -999 -999 -999 -999 -999
NHC  10L IDA       150925 0600 215N 0453W 330 015 1007 1011 0371 15 278 -999 -999 -999 -999 -999 -999
NHC  10L IDA       150925 1200 219N 0450W 360 015 1007 1011 0371 13 278 -999 -999 -999 -999 -999 -999
NHC  10L IDA       150925 1800 223N 0453W 350 021 1007 1011 0371 13 278 -999 -999 -999 -999 -999 -999
NHC  10L IDA       150926 0000 225N 0454W 345 015 1008 1013 0334 13 167 -999 -999 -999 -999 -999 -999
NHC  10L IDA       150926 0600 230N 0458W 325 031 1006 1012 0408 15 093 -999 -999 -999 -999 -999 -999
NHC  10L IDA       150926 1200 239N 0462W 330 036 1006 1012 0408 15 093 -999 -999 -999 -999 -999 -999
NHC  10L IDA       150926 1800 242N 0468W 320 036 1006 1012 0408 15 111 -999 -999 -999 -999 -999 -999
NHC  10L IDA       150927 0000 242N 0472W 285 021 1006 1011 0408 15 111 -999 -999 -999 -999 -999 -999
NHC  10L IDA       150927 0600 243N 0478W 280 026 1007 1011 0408 13 111 -999 -999 -999 -999 -999 -999
NHC  10L IDA       150927 1200 247N 0482W 285 026 1007 1012 0463 13 111 -999 -999 -999 -999 -999 -999
NHC  10L IDA       150927 1800 246N 0485W 275 021 1008 1012 0371 13 111 -999 -999 -999 -999 -999 -999
