JTWC 10W TEN       150702 0600 142N 1285E 320 037 1000 1007 0370 15 092 -999 -999 -999 -999
JTWC 10W TEN       150702 1200 157N 1284E 330 047 1000 1007 0370 15 092 -999 -999 -999 -999
JTWC 10W LINFA     150702 1800 161N 1279E 325 047 0996 1007 0370 18 092 -999 -999 -999 -999
JTWC 10W LINFA     150703 0000 163N 1266E 305 047 0996 1007 0370 18 092 -999 -999 -999 -999
JTWC 10W LINFA     150703 0600 152N 1260E 270 042 0989 1003 0333 23 074 0111 0074 0074 0111
JTWC 10W LINFA     150703 1200 151N 1252E 250 047 0989 1004 0370 23 074 0084 0074 0102 0139
JTWC 10W LINFA     150703 1800 152N 1246E 260 037 0989 1004 0370 23 074 0111 0139 0130 0102
JTWC 10W LINFA     150704 0000 159N 1242E 285 032 0989 1003 0389 23 074 0111 0139 0130 0102
JTWC 10W LINFA     150704 0600 167N 1238E 310 037 0985 1002 0352 26 055 0148 0121 0121 0148
JTWC 10W LINFA     150704 1200 174N 1234E 325 042 0985 1002 0352 26 055 0148 0121 0121 0148
JTWC 10W LINFA     150704 1800 179N 1230E 330 037 0985 1002 0389 26 055 0148 0121 0121 0148
JTWC 10W LINFA     150705 0000 177N 1220E 300 037 0989 1003 0407 23 055 0148 0121 0121 0148
JTWC 10W LINFA     150705 0600 180N 1213E 295 037 0989 1003 0407 23 064 0148 0121 0121 0148
JTWC 10W LINFA     150705 1200 180N 1196E 280 052 0985 1001 0389 26 064 0148 0121 0121 0148
JTWC 10W LINFA     150705 1800 181N 1193E 280 042 0985 1001 0389 26 064 0148 0121 0121 0148
JTWC 10W LINFA     150706 0000 188N 1194E 305 037 0993 1000 0389 20 074 0148 0121 0121 0148
JTWC 10W LINFA     150706 0600 192N 1192E 325 026 0989 1000 0389 23 074 0148 0121 0121 0148
JTWC 10W LINFA     150706 1200 197N 1193E 355 026 0993 1000 0352 20 074 0148 0121 0121 0148
JTWC 10W LINFA     150706 1800 200N 1193E 000 021 0996 1000 0352 18 074 -999 -999 -999 -999
JTWC 10W LINFA     150707 0000 206N 1190E 350 026 0993 1000 0352 20 074 0139 0121 0121 0130
JTWC 10W LINFA     150707 0600 206N 1189E 340 021 0989 1000 0352 23 055 0139 0130 0121 0121
JTWC 10W LINFA     150707 1200 208N 1189E 345 016 0985 1000 0352 26 055 0121 0139 0121 0111
JTWC 10W LINFA     150707 1800 212N 1188E 355 016 0985 1000 0352 26 055 0121 0139 0121 0111
JTWC 10W LINFA     150708 0000 216N 1188E 355 021 0982 1000 0352 28 055 0148 0130 0130 0139
JTWC 10W LINFA     150708 0600 218N 1187E 350 016 0982 0999 0333 28 046 0111 0130 0139 0111
JTWC 10W LINFA     150708 1200 222N 1184E 340 021 0978 0999 0324 31 027 0121 0121 0121 0121
JTWC 10W LINFA     150708 1800 225N 1177E 315 026 0974 0999 0324 33 022 0121 0121 0121 0121
JTWC 10W LINFA     150709 0000 226N 1168E 295 032 0974 0999 0324 33 027 0139 0130 0130 0139
JTWC 10W LINFA     150709 0600 229N 1160E 290 042 0978 0999 0324 31 027 0139 0111 0111 0139
JTWC 10W LINFA     150709 1200 230N 1145E 280 052 0982 0998 0315 28 046 0139 0111 0111 0139
JTWC 10W LINFA     150709 1800 233N 1133E 280 057 0993 0999 0315 20 064 0139 0111 0111 0139
JTWC 10W LINFA     150710 0000 234N 1117E 275 062 0999 1000 0315 15 074 -999 -999 -999 -999
