JTWC 11S FUNDI     150206 1800 228S 0429E 130 037 0996 1005 0370 18 046 -999 -999 -999 -999
JTWC 11S FUNDI     150207 0000 233S 0431E 145 032 0996 1005 0398 18 046 -999 -999 -999 -999
JTWC 11S FUNDI     150207 0600 235S 0436E 145 032 0993 1007 0389 20 046 0065 0065 0074 0074
JTWC 11S FUNDI     150207 1200 247S 0432E 170 032 0996 1007 0389 18 046 -999 -999 -999 -999
JTWC 11S FUNDI     150207 1800 256S 0435E 175 042 0996 1007 0370 18 046 -999 -999 -999 -999
JTWC 11S FUNDI     150208 0000 267S 0436E 175 052 0993 1007 0343 20 046 0065 0074 0056 0056
JTWC 11S FUNDI     150208 0600 280S 0439E 170 057 0993 1007 0333 20 046 0065 0074 0056 0056
JTWC 11S FUNDI     150208 1200 303S 0442E 175 083 0989 1007 0324 23 046 0065 0074 0056 0056
JTWC 11S FUNDI     150208 1800 328S 0442E 175 103 0996 1007 0343 18 046 -999 -999 -999 -999
JTWC 11S FUNDI     150209 0000 343S 0437E 180 108 1000 1007 0343 15 046 -999 -999 -999 -999
JTWC 11S FUNDI     150209 0600 353S 0431E 190 088 1000 1007 0343 15 046 -999 -999 -999 -999
