JTWC 12W TWELVE    150723 0600 175N 1231E 340 032 1004 1008 0259 13 083 -999 -999 -999 -999
JTWC 12W TWELVE    150723 1200 177N 1233E 350 021 1004 1008 0259 13 083 -999 -999 -999 -999
JTWC 12W TWELVE    150723 1800 180N 1232E 355 016 1004 1008 0259 13 083 -999 -999 -999 -999
JTWC 12W TWELVE    150724 0000 186N 1232E 000 021 1004 1008 0259 13 083 -999 -999 -999 -999
JTWC 12W TWELVE    150724 0600 178N 1239E 080 011 0993 1008 0259 20 064 -999 -999 -999 0084
JTWC 12W TWELVE    150724 1200 177N 1244E 100 021 0993 1008 0259 20 064 -999 -999 -999 0084
JTWC 12W TWELVE    150724 1800 180N 1249E 085 021 0996 1008 0278 18 064 -999 -999 -999 -999
JTWC 12W TWELVE    150725 0000 182N 1259E 080 032 1000 1008 0278 15 074 -999 -999 -999 -999
JTWC 12W TWELVE    150725 0600 187N 1261E 060 032 1004 1008 0278 13 074 -999 -999 -999 -999
JTWC 12W TWELVE    150725 1200 202N 1263E 025 047 1004 1008 0278 13 074 -999 -999 -999 -999
