NHC  13E THIRTEEN  150826 1800 106N 1126W 280 088 1007 1009 0278 13 148 -999 -999 -999 -999 -999 -999
NHC  13E THIRTEEN  150827 0000 115N 1141W 285 082 1006 1010 0278 15 111 -999 -999 -999 -999 -999 -999
NHC  13E JIMENA    150827 0600 122N 1157W 290 088 1005 1010 0222 18 056 0056 -999 -999 -999 -999 -999
NHC  13E JIMENA    150827 1200 125N 1171W 285 077 1003 1009 0297 21 056 0056 -999 -999 00569 -999 -999 -999
NHC  13E JIMENA    150827 1800 124N 1181W 275 057 0999 1011 0315 26 037 0093 0056 0037 00747 -999 -999 0037
NHC  13E JIMENA    150828 0000 123N 1193W 265 057 0993 1011 0315 31 028 0111 0074 0056 00936 0037 -999 0056
NHC  13E JIMENA    150828 0600 122N 1205W 265 057 0990 1010 0315 36 019 0148 0148 0093 01116 0056 0037 0056
NHC  13E JIMENA    150828 1200 123N 1215W 270 051 0979 1008 0334 41 019 0148 0148 0093 01116 0056 0037 0056
NHC  13E JIMENA    150828 1800 123N 1226W 270 051 0975 1010 0334 44 028 0167 0148 0148 01673 0074 0074 0093
NHC  13E JIMENA    150829 0000 124N 1237W 275 051 0961 1010 0334 54 028 0167 0148 0148 01673 0074 0074 0093
NHC  13E JIMENA    150829 0600 122N 1244W 270 046 0943 1010 0334 64 019 0167 0148 0148 01673 0074 0074 0093
NHC  13E JIMENA    150829 1200 123N 1251W 270 036 0936 1008 0408 67 019 0185 0167 0148 01853 0093 0056 0093
NHC  13E JIMENA    150829 1800 126N 1259W 285 041 0945 1009 0408 62 019 0204 0185 0167 01851 0093 0074 0111
NHC  13E JIMENA    150830 0000 131N 1270W 290 046 0945 1009 0408 59 019 0204 0185 0167 01851 0093 0074 0111
NHC  13E JIMENA    150830 0600 134N 1278W 290 046 0945 1009 0408 62 019 0204 0185 0167 01851 0093 0074 0111
NHC  13E JIMENA    150830 1200 140N 1290W 295 062 0949 1009 0463 59 019 0204 0185 0167 01851 0093 0074 0111
NHC  13E JIMENA    150830 1800 145N 1303W 295 067 0940 1009 0463 64 037 0222 0185 0185 02041 0093 0093 0111
NHC  13E JIMENA    150831 0000 149N 1318W 290 072 0936 1009 0463 67 037 0222 0185 0185 02041 0093 0093 0111
NHC  13E JIMENA    150831 0600 152N 1333W 285 077 0936 1010 0463 67 028 0278 0222 0185 02228 0130 0111 0130
NHC  13E JIMENA    150831 1200 154N 1347W 280 072 0936 1010 0463 67 028 0278 0222 0185 02228 0130 0111 0130
NHC  13E JIMENA    150831 1800 158N 1362W 280 072 0940 1010 0463 64 028 0278 0222 0185 02228 0130 0111 0130
NHC  13E JIMENA    150901 0000 161N 1375W 285 072 0948 1010 0463 59 028 0297 0278 0204 02598 0130 0111 0148
NHC  13E JIMENA    150901 0600 163N 1387W 280 062 0948 1010 0445 59 037 0297 0278 0204 02598 0130 0111 0148
NHC  13E JIMENA    150901 1800 168N 1405W 285 051 0955 1009 0417 54 037 0334 0259 0167 02787 0148 0111 0148
NHC  13E JIMENA    150902 0000 171N 1412W 295 041 0959 1009 0417 51 037 0297 0241 0176 02788 0130 0102 0148
NHC  13E JIMENA    150902 0600 175N 1419W 300 041 0959 1010 0352 51 046 0297 0241 0176 02788 0130 0102 0148
NHC  13E JIMENA    150902 1200 176N 1425W 295 036 0961 1009 0352 49 046 0297 0241 0222 02786 0148 0139 0167
NHC  13E JIMENA    150902 1800 178N 1430W 290 031 0966 1009 0436 46 046 0297 0241 0222 02786 0148 0139 0167
NHC  13E JIMENA    150903 0000 182N 1433W 300 026 0965 1008 0463 46 046 0297 0241 0222 02786 0148 0139 0167
NHC  13E JIMENA    150903 0600 184N 1435W 315 021 0961 1009 0334 49 046 0297 0241 0222 02786 0148 0139 0167
NHC  13E JIMENA    150903 1200 187N 1439W 315 021 0961 1008 0436 49 046 0315 0259 0222 02785 0158 0139 0167
NHC  13E JIMENA    150903 1800 189N 1440W 315 015 0965 1010 0445 46 046 0334 0259 0222 02977 0148 0111 0148
NHC  13E JIMENA    150904 0000 191N 1443W 315 015 0968 1009 0408 44 046 0297 0259 0185 02597 0130 0093 0148
NHC  13E JIMENA    150904 0600 194N 1446W 315 021 0971 1007 0361 41 046 0297 0250 0176 02507 0130 0093 0148
NHC  13E JIMENA    150904 1200 196N 1449W 310 021 0975 1007 0371 39 046 0297 0250 0213 02597 0130 0120 0148
NHC  13E JIMENA    150904 1800 198N 1452W 310 015 0978 1007 0334 36 046 0297 0250 0213 02597 0130 0120 0148
NHC  13E JIMENA    150905 0000 202N 1455W 320 021 0981 1007 0334 33 046 0371 0250 0204 03347 0130 0120 0148
NHC  13E JIMENA    150905 0600 206N 1457W 325 021 0975 1009 0445 39 037 0371 0241 0167 03717 0111 0093 0167
NHC  13E JIMENA    150905 1200 210N 1461W 320 031 0978 1008 0445 36 028 0334 0241 0148 03340 0093 0074 0130
NHC  13E JIMENA    150905 1800 215N 1465W 325 026 0982 1008 0408 33 028 0297 0222 0130 02971 0074 0056 0111
NHC  13E JIMENA    150906 0000 222N 1470W 325 036 0988 1008 0389 28 037 0334 0222 0167 03343 0074 0037 0093
NHC  13E JIMENA    150906 0600 226N 1476W 325 036 0991 1009 0389 26 056 0334 0259 0130 03344 -999 -999 0074
NHC  13E JIMENA    150906 1200 237N 1478W 325 041 0991 1009 0371 26 056 0334 0259 0130 02594 -999 -999 0074
NHC  13E JIMENA    150906 1800 245N 1481W 335 046 0994 1009 0371 23 056 0334 0204 0167 02789 -999 -999 -999
NHC  13E JIMENA    150907 0000 253N 1488W 325 046 0995 1009 0371 23 083 0334 0241 0167 02789 -999 -999 -999
NHC  13E JIMENA    150907 0600 259N 1494W 320 041 0995 1010 0371 23 093 0334 0241 0167 02789 -999 -999 -999
NHC  13E JIMENA    150907 1200 262N 1501W 305 036 0995 1011 0408 23 111 0352 0222 0148 02599 -999 -999 -999
NHC  13E JIMENA    150907 1800 263N 1502W 310 026 0995 1012 0408 23 111 0352 0222 0148 02599 -999 -999 -999
NHC  13E JIMENA    150908 0000 264N 1506W 295 021 0997 1012 0408 21 111 0352 0222 0148 02599 -999 -999 -999
NHC  13E JIMENA    150908 0600 267N 1514W 295 026 0999 1012 0408 21 111 0352 0222 0148 02599 -999 -999 -999
NHC  13E JIMENA    150908 1200 265N 1523W 280 031 0996 1012 0408 23 111 0352 0222 0148 02599 -999 -999 -999
NHC  13E JIMENA    150908 1800 265N 1531W 270 036 0998 1012 0408 21 111 0352 0222 0148 02599 -999 -999 -999
NHC  13E JIMENA    150909 0000 261N 1535W 265 036 0998 1010 0334 23 111 0222 -999 -999 02229 -999 -999 -999
NHC  13E JIMENA    150909 0600 258N 1545W 255 036 1000 1010 0297 21 111 0204 -999 -999 02049 -999 -999 -999
NHC  13E JIMENA    150909 1200 256N 1554W 255 041 1004 1011 0334 15 111 -999 -999 -999 -999 -999 -999
NHC  13E JIMENA    150909 1800 250N 1560W 250 041 1005 1011 0334 15 222 -999 -999 -999 -999 -999 -999
NHC  13E JIMENA    150910 0000 247N 1568W 255 041 1005 1011 0389 15 334 -999 -999 -999 -999 -999 -999
