NHC  15E FIFTEEN   150906 0000 128N 1069W 315 036 1001 1007 0334 15 111 -999 -999 -999 -999 -999 -999
NHC  15E FIFTEEN   150906 0600 133N 1079W 305 051 1001 1008 0371 15 074 -999 -999 -999 -999 -999 -999
NHC  15E FIFTEEN   150906 1200 138N 1086W 305 046 1000 1008 0408 21 074 0074 0074 -999 00749 -999 -999 -999
NHC  15E LINDA     150906 1800 143N 1093W 305 046 0996 1007 0371 26 056 0111 0093 0074 01116 -999 -999 -999
NHC  15E LINDA     150907 0000 154N 1099W 320 057 0991 1007 0445 31 056 0148 0148 0093 01304 0056 -999 0056
NHC  15E LINDA     150907 0600 162N 1109W 315 062 0985 1008 0445 36 037 0167 0167 0111 01484 0074 0056 0074
NHC  15E LINDA     150907 1200 172N 1118W 320 062 0977 1008 0445 41 037 0185 0185 0130 01673 0093 0056 0074
NHC  15E LINDA     150907 1800 178N 1123W 320 051 0969 1008 0445 46 037 0185 0185 0130 01673 0093 0056 0074
NHC  15E LINDA     150908 0000 186N 1125W 325 046 0975 1007 0445 41 037 0185 0185 0130 01673 0093 0056 0074
NHC  15E LINDA     150908 0600 195N 1130W 330 046 0975 1006 0556 41 037 0167 0167 0130 01483 0093 0056 0074
NHC  15E LINDA     150908 1200 207N 1136W 335 062 0960 1007 0556 51 037 0167 0167 0130 01483 0093 0056 0074
NHC  15E LINDA     150908 1800 215N 1145W 325 062 0951 1007 0556 57 037 0297 0297 0167 01673 0093 0074 0074
NHC  15E LINDA     150909 0000 223N 1153W 325 057 0955 1007 0556 54 037 0297 0297 0167 01673 0093 0074 0074
NHC  15E LINDA     150909 0600 228N 1160W 315 051 0965 1008 0556 46 037 0259 0259 0167 01673 0093 0074 0074
NHC  15E LINDA     150909 1200 238N 1166W 325 057 0976 1008 0556 39 037 0259 0259 0167 01673 0093 0074 0074
NHC  15E LINDA     150909 1800 241N 1170W 325 051 0986 1008 0556 31 037 0259 0259 0167 01673 0093 0074 0074
NHC  15E LINDA     150910 0000 247N 1175W 320 041 0988 1008 0556 28 037 0259 0259 0167 01674 0074 0056 0056
NHC  15E LINDA     150910 0600 253N 1180W 325 041 0996 1008 0510 23 046 0111 -999 -999 01119 -999 -999 -999
NHC  15E LINDA     150910 1200 257N 1184W 320 031 1002 1008 0389 18 056 0111 -999 -999 01119 -999 -999 -999
NHC  15E LINDA     150910 1800 261N 1188W 320 031 1002 1008 0389 15 056 -999 -999 -999 -999 -999 -999
