JTWC 15W FIFTEEN   150807 0000 214N 1480E 340 052 1002 1006 0370 13 092 -999 -999 -999 -999
JTWC 15W FIFTEEN   150807 0600 226N 1474E 335 067 1004 1006 0370 13 083 -999 -999 -999 -999
JTWC 15W FIFTEEN   150807 1200 239N 1467E 330 067 1000 1006 0389 15 083 -999 -999 -999 -999
JTWC 15W MOLAVE    150807 1800 252N 1460E 335 072 1000 1006 0389 15 083 -999 -999 -999 -999
JTWC 15W MOLAVE    150808 0000 259N 1446E 325 072 1000 1006 0389 15 083 -999 -999 -999 -999
JTWC 15W MOLAVE    150808 0600 262N 1434E 310 067 0996 1005 0389 18 083 -999 -999 -999 -999
JTWC 15W MOLAVE    150808 1200 264N 1422E 295 062 0996 1006 0389 18 083 -999 -999 -999 -999
JTWC 15W MOLAVE    150808 1800 270N 1415E 290 052 0996 1006 0370 18 083 -999 -999 -999 -999
JTWC 15W MOLAVE    150809 0000 272N 1408E 295 042 0996 1006 0352 18 083 -999 -999 -999 -999
JTWC 15W MOLAVE    150809 0600 278N 1407E 315 032 0996 1004 0352 18 083 -999 -999 -999 -999
JTWC 15W MOLAVE    150809 1200 286N 1406E 335 037 1002 1003 0352 13 092 -999 -999 -999 -999
JTWC 15W MOLAVE    150809 1800 293N 1405E 355 037 1004 1005 0352 13 111 -999 -999 -999 -999
JTWC 15W MOLAVE    150810 0000 298N 1404E 355 037 1004 1005 0333 13 111 -999 -999 -999 -999
JTWC 15W MOLAVE    150810 1200 310N 1412E 020 032 0996 1004 0333 18 111 -999 -999 -999 -999
JTWC 15W MOLAVE    150810 1800 313N 1419E 040 037 0996 1004 0333 18 111 -999 -999 -999 -999
JTWC 15W MOLAVE    150811 0000 316N 1427E 055 037 0993 1004 0333 20 111 -999 -999 -999 -999
JTWC 15W MOLAVE    150811 0600 322N 1438E 060 042 0989 1004 0343 23 055 0093 0139 0074 0084
JTWC 15W MOLAVE    150811 1200 325N 1445E 060 042 0989 1004 0315 23 055 0093 0130 0065 0074
JTWC 15W MOLAVE    150811 1800 330N 1454E 060 047 0989 1004 0352 23 074 0185 0185 -999 -999
JTWC 15W MOLAVE    150812 0000 336N 1469E 060 052 0989 1004 0352 23 074 0185 0185 -999 -999
JTWC 15W MOLAVE    150812 0600 341N 1484E 065 062 0989 1004 0370 23 074 0148 0222 0148 0093
JTWC 15W MOLAVE    150812 1200 338N 1499E 075 067 0993 1004 0370 20 055 0111 0204 0102 0074
JTWC 15W MOLAVE    150812 1800 341N 1517E 080 067 0996 1004 0324 18 055 -999 -999 -999 -999
JTWC 15W MOLAVE    150813 0000 352N 1537E 070 083 1000 1004 0315 15 055 -999 -999 -999 -999
JTWC 15W MOLAVE    150813 0600 358N 1552E 065 083 0989 1004 0333 23 055 0130 0139 0111 0121
JTWC 15W MOLAVE    150813 1200 363N 1569E 060 083 0993 1004 0333 20 074 0130 0232 0084 0084
JTWC 15W MOLAVE    150813 1800 371N 1594E 065 088 0996 1004 0333 18 074 -999 -999 -999 -999
