JTWC 16W SIXTEEN   150814 0000 123N 1503E 285 047 1004 1008 0417 13 092 -999 -999 -999 -999
JTWC 16W SIXTEEN   150814 0600 124N 1498E 285 042 1004 1007 0417 13 092 -999 -999 -999 -999
JTWC 16W SIXTEEN   150814 1200 127N 1491E 290 032 1000 1009 0417 15 083 -999 -999 -999 -999
JTWC 16W SIXTEEN   150814 1800 128N 1483E 285 037 0996 1007 0417 18 083 -999 -999 -999 -999
JTWC 16W GONI      150815 0000 133N 1473E 290 047 0996 1007 0417 18 083 -999 -999 -999 -999
JTWC 16W GONI      150815 0600 141N 1463E 300 052 0989 1006 0333 23 083 0102 0121 0121 0111
JTWC 16W GONI      150815 1200 144N 1458E 300 047 0985 1008 0370 26 046 0102 0093 0102 0111
JTWC 16W GONI      150815 1800 146N 1452E 300 042 0985 1008 0370 26 046 0111 0093 0093 0111
JTWC 16W GONI      150816 0000 149N 1447E 300 032 0982 1006 0352 28 046 0111 0093 0093 0111
JTWC 16W GONI      150816 0600 151N 1441E 295 032 0978 1005 0352 31 046 0111 0093 0093 0111
JTWC 16W GONI      150816 1200 156N 1435E 305 037 0974 1006 0352 33 046 0121 0121 0121 0139
JTWC 16W GONI      150816 1800 160N 1427E 305 037 0963 1005 0370 41 018 0176 0148 0148 0176
JTWC 16W GONI      150817 0000 165N 1417E 300 047 0937 1005 0370 59 018 0204 0176 0176 0204
JTWC 16W GONI      150817 0600 170N 1405E 295 057 0937 1004 0370 59 012 0204 0185 0195 0213
JTWC 16W GONI      150817 1200 174N 1393E 295 062 0937 1005 0370 59 018 0195 0185 0213 0213
JTWC 16W GONI      150817 1800 179N 1378E 290 067 0937 1005 0370 59 012 0195 0185 0213 0213
JTWC 16W GONI      150818 0000 182N 1361E 285 077 0944 1004 0370 54 018 0195 0185 0213 0213
JTWC 16W GONI      150818 0600 186N 1346E 285 077 0944 1004 0370 54 018 0195 0185 0213 0213
JTWC 16W GONI      150818 1200 187N 1329E 280 083 0948 1004 0370 51 018 0195 0185 0213 0213
JTWC 16W GONI      150818 1800 187N 1312E 275 083 0948 1003 0370 51 018 0195 0185 0213 0213
JTWC 16W GONI      150819 0000 188N 1299E 275 077 0948 1004 0370 51 018 0195 0185 0213 0213
JTWC 16W GONI      150819 0600 189N 1284E 275 072 0948 1004 0389 51 037 0195 0185 0213 0213
JTWC 16W GONI      150819 1200 189N 1273E 275 062 0941 1004 0389 56 022 0204 0185 0213 0222
JTWC 16W GONI      150819 1800 189N 1261E 270 062 0937 1004 0389 59 040 0213 0213 0250 0259
JTWC 16W GONI      150820 0000 189N 1253E 270 052 0937 1004 0389 59 049 0213 0213 0250 0259
JTWC 16W GONI      150820 0600 189N 1246E 270 047 0937 1004 0407 59 046 0213 0222 0241 0232
JTWC 16W GONI      150820 1200 190N 1240E 275 037 0937 1003 0407 59 040 0176 0222 0213 0195
JTWC 16W GONI      150820 1800 192N 1233E 280 032 0944 1003 0407 54 031 0176 0222 0213 0195
JTWC 16W GONI      150821 0000 192N 1228E 280 032 0948 1003 0407 51 031 0176 0222 0213 0195
JTWC 16W GONI      150821 0600 193N 1223E 280 026 0948 1001 0389 51 022 0158 0232 0222 0185
JTWC 16W GONI      150821 1200 194N 1223E 290 016 0952 1001 0389 48 018 0167 0232 0222 0204
JTWC 16W GONI      150821 1800 198N 1225E 335 011 0956 1000 0370 46 012 0167 0232 0222 0204
JTWC 16W GONI      150822 0000 201N 1226E 015 016 0959 0999 0389 43 012 0167 0232 0222 0204
JTWC 16W GONI      150822 0600 207N 1227E 015 026 0963 0999 0389 41 018 0167 0232 0222 0204
JTWC 16W GONI      150822 1200 214N 1230E 015 032 0963 0999 0389 41 027 0167 0232 0222 0204
JTWC 16W GONI      150822 1800 223N 1232E 015 042 0963 0999 0389 41 018 0204 0232 0222 0167
JTWC 16W GONI      150823 0000 233N 1234E 015 047 0963 0997 0352 41 018 0204 0232 0222 0167
JTWC 16W GONI      150823 0600 239N 1235E 010 042 0956 0997 0370 46 031 0204 0232 0222 0167
JTWC 16W GONI      150823 1200 245N 1239E 015 042 0948 0997 0407 51 037 0204 0232 0222 0167
JTWC 16W GONI      150823 1800 252N 1246E 030 037 0937 0999 0407 59 027 0167 0278 0167 0167
JTWC 16W GONI      150824 0000 262N 1258E 040 052 0941 0997 0370 56 022 0204 0278 0185 0167
JTWC 16W GONI      150824 0600 278N 1273E 040 077 0941 0997 0370 56 027 0259 0278 0185 0167
JTWC 16W GONI      150824 1200 296N 1288E 040 098 0941 0997 0370 56 022 0259 0278 0185 0167
JTWC 16W GONI      150824 1800 315N 1299E 035 108 0941 1001 0407 56 022 0222 0241 0241 0167
JTWC 16W GONI      150825 0000 340N 1307E 025 118 0963 1001 0380 41 027 0222 0185 0185 0158
JTWC 16W GONI      150825 0600 353N 1310E 015 103 0970 1001 0407 36 046 0241 0241 0213 0195
JTWC 16W GONI      150825 1200 364N 1316E 015 088 0978 1001 0407 31 046 0241 0241 0213 0195
