NHC  17E SEVENTEEN 150926 1800 131N 1030W 330 021 1005 1009 0324 15 093 -999 -999 -999 -999 -999 -999
NHC  17E SEVENTEEN 150927 0000 133N 1031W 345 015 1003 1008 0324 18 074 0074 0074 -999 -999 -999 -999
NHC  17E MARTY     150927 0600 141N 1031W 355 026 1000 1008 0278 23 056 0111 0130 -999 -999 -999 -999
NHC  17E MARTY     150927 1200 147N 1029W 015 031 0997 1008 0278 26 037 0111 0130 0037 00377 0037 -999 -999
NHC  17E MARTY     150927 1800 150N 1030W 005 026 0997 1008 0278 26 037 0148 0130 0037 01307 0037 -999 0037
NHC  17E MARTY     150928 0000 152N 1030W 360 010 0994 1008 0278 28 037 0148 0130 0037 01306 0037 -999 0037
NHC  17E MARTY     150928 0600 155N 1031W 360 015 0990 1008 0324 31 037 0148 0130 0037 01306 0037 -999 0037
NHC  17E MARTY     150928 1200 160N 1031W 360 015 0990 1008 0278 31 037 0167 0130 0037 01304 0037 -999 0037
NHC  17E MARTY     150928 1800 166N 1024W 040 026 0987 1009 0259 36 028 0148 0111 0074 01304 0037 0037 0056
NHC  17E MARTY     150929 0000 167N 1020W 055 026 0987 1009 0259 36 028 0130 0111 0074 01114 0056 0037 0056
NHC  17E MARTY     150929 0600 165N 1018W 070 015 0991 1009 0259 31 028 0130 0130 0074 01304 0056 0037 0056
NHC  17E MARTY     150929 1200 162N 1017W 135 015 0984 1009 0259 28 028 0130 0130 0074 01304 0056 0037 0056
NHC  17E MARTY     150929 1800 161N 1012W 115 015 0999 1009 0259 23 028 0130 0130 0074 01309 -999 -999 -999
NHC  17E MARTY     150930 0000 163N 1012W 360 005 0999 1009 0259 23 028 0130 0130 0074 01309 -999 -999 -999
NHC  17E MARTY     150930 0600 161N 1017W 180 000 1002 1009 0259 15 028 -999 -999 -999 -999 -999 -999
NHC  17E MARTY     150930 1200 162N 1023W 280 026 1003 1007 0222 15 028 -999 -999 -999 -999 -999 -999
NHC  17E MARTY     150930 1800 163N 1027W 275 026 1005 1010 0222 13 056 -999 -999 -999 -999 -999 -999
NHC  17E MARTY     151001 0000 165N 1033W 280 036 1006 1010 0222 13 056 -999 -999 -999 -999 -999 -999
NHC  17E MARTY     151001 0600 166N 1040W 285 031 1006 1010 0222 13 056 -999 -999 -999 -999 -999 -999
NHC  17E MARTY     151002 0000 173N 1079W 280 062 1006 1010 0222 13 056 -999 -999 -999 -999 -999 -999
NHC  17E MARTY     151002 0600 176N 1092W 280 067 1006 1010 0222 13 056 -999 -999 -999 -999 -999 -999
NHC  17E MARTY     151003 1200 175N 1101W 280 015 1003 1006 0278 13 056 -999 -999 -999 -999 -999 -999
NHC  17E MARTY     151003 1800 178N 1097W 345 005 1004 1006 0278 10 093 -999 -999 -999 -999 -999 -999
