JTWC 17P PAM       150309 1200 084S 1703E 130 021 0989 1001 0463 23 055 0056 0056 0056 -999
JTWC 17P PAM       150309 1800 096S 1704E 150 026 0982 1001 0481 28 037 0130 0111 0121 0139
JTWC 17P PAM       150310 0000 098S 1705E 165 032 0974 1001 0481 33 037 0130 0111 0121 0139
JTWC 17P PAM       150310 0600 101S 1705E 175 021 0974 0996 0426 33 037 0130 0121 0121 0139
JTWC 17P PAM       150310 1200 106S 1703E 185 021 0963 1001 0426 41 037 0296 0269 0259 0287
JTWC 17P PAM       150310 1800 111S 1701E 195 026 0959 1001 0426 43 037 0296 0269 0259 0287
JTWC 17P PAM       150311 0000 110S 1698E 220 021 0948 1001 0426 51 037 0296 0269 0259 0287
JTWC 17P PAM       150311 0600 112S 1697E 225 016 0944 0992 0398 54 037 0241 0250 0259 0296
JTWC 17P PAM       150311 1200 115S 1697E 205 016 0937 0992 0398 59 037 0241 0250 0259 0296
JTWC 17P PAM       150311 1800 119S 1701E 160 016 0937 0992 0398 59 037 0241 0250 0259 0296
JTWC 17P PAM       150312 0000 126S 1702E 160 026 0937 0992 0417 59 037 0296 0269 0259 0287
JTWC 17P PAM       150312 0600 134S 1701E 170 032 0933 0992 0417 61 027 0296 0315 0296 0278
JTWC 17P PAM       150312 1200 142S 1699E 185 042 0922 0992 0417 69 027 0315 0333 0315 0296
JTWC 17P PAM       150312 1800 150S 1696E 195 042 0918 0992 0417 71 022 0315 0333 0315 0296
JTWC 17P PAM       150313 0000 159S 1693E 195 047 0918 0992 0417 71 022 0315 0333 0315 0296
JTWC 17P PAM       150313 0600 169S 1689E 200 052 0914 0992 0417 74 022 0315 0333 0315 0296
JTWC 17P PAM       150313 1200 177S 1687E 200 047 0914 0992 0417 74 022 0315 0333 0315 0296
JTWC 17P PAM       150313 1800 189S 1690E 185 052 0922 0992 0417 69 022 0315 0333 0315 0296
JTWC 17P PAM       150314 0000 205S 1693E 175 062 0922 0992 0417 69 027 0315 0333 0315 0296
JTWC 17P PAM       150314 0600 224S 1702E 165 088 0922 0992 0417 69 027 0315 0333 0343 0296
JTWC 17P PAM       150314 1200 246S 1711E 160 103 0926 0993 0435 66 027 0315 0333 0343 0296
JTWC 17P PAM       150314 1800 269S 1727E 155 123 0937 0993 0435 59 027 0315 0333 0333 0296
JTWC 17P PAM       150315 0000 293S 1750E 150 144 0948 0993 0435 51 037 0333 0333 0278 0278
JTWC 17P PAM       150315 0600 316S 1766E 145 144 0963 0993 0435 41 037 0333 0333 0278 0278
JTWC 17P PAM       150315 1200 333S 1783E 145 139 0974 0993 0435 33 037 0296 0296 0259 0259
