JTWC 17W SEVENTEEN 150814 0600 151N 1630E 330 037 1004 1007 0389 13 092 -999 -999 -999 -999
JTWC 17W SEVENTEEN 150814 1200 151N 1623E 320 032 1000 1009 0398 15 083 -999 -999 -999 -999
JTWC 17W SEVENTEEN 150814 1800 151N 1619E 295 021 1000 1007 0398 15 083 -999 -999 -999 -999
JTWC 17W ATSANI    150815 0000 149N 1621E 270 011 0996 1007 0398 18 074 -999 -999 -999 -999
JTWC 17W ATSANI    150815 0600 150N 1619E 280 011 0993 1006 0398 20 074 0093 0093 0093 0093
JTWC 17W ATSANI    150815 1200 151N 1618E 295 011 0989 1007 0370 23 055 0093 0093 0074 0093
JTWC 17W ATSANI    150815 1800 152N 1613E 290 016 0982 1006 0407 28 046 0121 0102 0102 0121
JTWC 17W ATSANI    150816 0000 149N 1610E 265 016 0982 1006 0407 28 046 0121 0102 0102 0121
JTWC 17W ATSANI    150816 0600 146N 1605E 250 021 0974 1005 0389 33 046 0121 0102 0111 0130
JTWC 17W ATSANI    150816 1200 146N 1599E 255 026 0974 1006 0370 33 046 0121 0102 0111 0130
JTWC 17W ATSANI    150816 1800 144N 1594E 255 026 0970 1005 0407 36 037 0167 0148 0148 0167
JTWC 17W ATSANI    150817 0000 144N 1592E 260 021 0967 1005 0407 38 040 0241 0204 0204 0241
JTWC 17W ATSANI    150817 0600 146N 1584E 275 026 0959 1004 0398 43 031 0232 0222 0222 0232
JTWC 17W ATSANI    150817 1200 150N 1580E 290 032 0952 1006 0398 48 027 0204 0195 0213 0222
JTWC 17W ATSANI    150817 1800 156N 1571E 300 042 0944 1004 0398 54 018 0306 0315 0315 0306
JTWC 17W ATSANI    150818 0000 160N 1562E 305 047 0937 1004 0398 59 018 0306 0315 0315 0306
JTWC 17W ATSANI    150818 0600 163N 1553E 295 052 0937 1004 0398 59 027 0306 0315 0315 0306
JTWC 17W ATSANI    150818 1200 170N 1548E 305 047 0933 1004 0398 61 022 0306 0315 0315 0306
JTWC 17W ATSANI    150818 1800 179N 1539E 310 052 0933 1004 0398 61 027 0306 0315 0315 0306
JTWC 17W ATSANI    150819 0000 186N 1529E 315 057 0926 1004 0398 66 018 0306 0315 0315 0306
JTWC 17W ATSANI    150819 0600 192N 1519E 310 062 0926 1004 0398 66 027 0306 0315 0315 0306
JTWC 17W ATSANI    150819 1200 196N 1513E 305 052 0918 1004 0398 71 040 0333 0315 0315 0324
JTWC 17W ATSANI    150819 1800 204N 1504E 310 052 0918 1002 0463 71 055 0398 0407 0398 0398
JTWC 17W ATSANI    150820 0000 212N 1495E 310 052 0922 1002 0463 69 049 0398 0407 0398 0398
JTWC 17W ATSANI    150820 0600 220N 1486E 315 062 0922 1001 0463 69 049 0333 0370 0398 0417
JTWC 17W ATSANI    150820 1200 225N 1478E 310 057 0926 1002 0463 66 049 0333 0370 0389 0407
JTWC 17W ATSANI    150820 1800 233N 1470E 315 052 0937 1002 0463 59 055 0333 0370 0389 0407
JTWC 17W ATSANI    150821 0000 241N 1465E 320 052 0937 1002 0463 59 049 0333 0370 0389 0407
JTWC 17W ATSANI    150821 0600 249N 1461E 325 052 0941 1002 0509 56 049 0343 0407 0398 0361
JTWC 17W ATSANI    150821 1200 256N 1455E 330 047 0948 1000 0463 51 049 0324 0370 0370 0287
JTWC 17W ATSANI    150821 1800 264N 1453E 335 042 0956 1000 0463 46 022 0426 0389 0370 0315
JTWC 17W ATSANI    150822 0000 271N 1449E 335 042 0959 1000 0444 43 037 0426 0389 0370 0315
JTWC 17W ATSANI    150822 0600 277N 1449E 345 037 0963 1000 0444 41 046 0426 0389 0370 0315
JTWC 17W ATSANI    150822 1200 283N 1451E 355 032 0963 1000 0611 41 046 0407 0352 0333 0370
JTWC 17W ATSANI    150822 1800 289N 1452E 010 032 0963 1000 0592 41 046 0370 0417 0417 0370
JTWC 17W ATSANI    150823 0000 296N 1455E 015 037 0963 1000 0592 41 046 0370 0417 0417 0370
JTWC 17W ATSANI    150823 0600 301N 1460E 025 037 0963 1000 0592 41 031 0370 0417 0417 0370
JTWC 17W ATSANI    150823 1200 306N 1466E 035 037 0967 1000 0574 38 027 0370 0417 0417 0370
JTWC 17W ATSANI    150823 1800 313N 1473E 040 042 0967 1000 0555 38 027 0389 0417 0417 0343
JTWC 17W ATSANI    150824 0000 320N 1481E 045 047 0974 1000 0518 33 027 0389 0417 0417 0343
JTWC 17W ATSANI    150824 0600 326N 1492E 045 052 0974 1000 0518 33 027 0389 0417 0417 0343
JTWC 17W ATSANI    150824 1200 329N 1508E 060 057 0978 1000 0518 31 027 0352 0370 0389 0343
JTWC 17W ATSANI    150824 1800 338N 1529E 065 077 0978 1002 0537 31 027 0352 0370 0389 0343
JTWC 17W ATSANI    150825 0000 352N 1558E 065 103 0978 1002 0537 31 037 0333 0370 0370 0195
