JTWC 21S TWENTY-ON 150405 1800 127S 0878E 135 032 0989 1005 0352 23 083 -999 -999 -999 -999
JTWC 21S TWENTY-ON 150406 0000 136S 0886E 140 042 0982 1005 0370 28 055 0130 0139 0121 0121
JTWC 21S TWENTY-ON 150406 0600 142S 0892E 140 047 0974 1005 0315 33 055 0185 0139 0121 0121
JTWC 21S IKOLA     150406 1200 149S 0901E 135 052 0970 1004 0315 36 027 0204 0167 0148 0130
JTWC 21S IKOLA     150406 1800 159S 0912E 135 057 0952 1004 0315 48 012 0204 0167 0167 0130
JTWC 21S IKOLA     150407 0000 170S 0923E 135 067 0948 1004 0333 51 018 0204 0167 0167 0130
JTWC 21S IKOLA     150407 0600 180S 0934E 135 077 0944 1006 0333 54 012 0204 0167 0167 0130
JTWC 21S IKOLA     150407 1200 192S 0947E 135 083 0959 1006 0333 43 046 0185 0213 0213 0185
JTWC 21S IKOLA     150407 1800 204S 0960E 135 083 0963 1006 0333 41 046 0176 0213 0204 0176
JTWC 21S IKOLA     150408 0000 219S 0974E 135 093 0970 1006 0333 36 037 0176 0213 0204 0176
JTWC 21S IKOLA     150408 0600 212S 0986E 120 072 0996 1007 0333 18 064 -999 -999 -999 -999
JTWC 21S IKOLA     150408 1200 225S 1003E 120 077 0996 1007 0333 18 064 0176 0213 0204 0176
