JTWC 21W TWENTY-ON 150922 0000 165N 1406E 290 052 1000 1007 0444 13 101 -999 -999 -999 -999
JTWC 21W TWENTY-ON 150922 0600 174N 1409E 310 042 1000 1007 0444 13 092 -999 -999 -999 -999
JTWC 21W TWENTY-ON 150922 1200 176N 1396E 300 047 1000 1007 0444 13 092 -999 -999 -999 -999
JTWC 21W TWENTY-ON 150922 1800 175N 1383E 285 057 0999 1005 0481 15 083 -999 -999 -999 -999
JTWC 21W DUJUAN    150923 0000 176N 1367E 275 067 0993 1007 0481 20 074 0084 0148 0185 0167
JTWC 21W DUJUAN    150923 0600 183N 1356E 285 067 0993 1005 0481 20 074 0084 0148 0185 0167
JTWC 21W DUJUAN    150923 1200 185N 1346E 290 057 0993 1005 0481 20 074 0084 0148 0185 0167
JTWC 21W DUJUAN    150923 1800 184N 1334E 280 057 0989 1002 0481 23 074 0093 0176 0250 0074
JTWC 21W DUJUAN    150924 0000 189N 1329E 285 047 0985 1002 0481 26 064 0111 0213 0250 0111
JTWC 21W DUJUAN    150924 0600 186N 1325E 280 032 0982 1001 0481 28 055 0111 0213 0250 0111
JTWC 21W DUJUAN    150924 1200 185N 1322E 270 026 0982 1001 0481 28 055 0111 0250 0213 0111
JTWC 21W DUJUAN    150924 1800 189N 1322E 290 016 0982 1001 0333 28 055 0148 0222 0222 0148
JTWC 21W DUJUAN    150925 0000 192N 1322E 310 016 0974 1001 0444 33 027 0185 0222 0222 0185
JTWC 21W DUJUAN    150925 0600 193N 1318E 310 016 0967 1000 0444 38 027 0185 0222 0222 0185
JTWC 21W DUJUAN    150925 1200 198N 1312E 310 026 0963 1000 0444 41 027 0185 0222 0222 0185
JTWC 21W DUJUAN    150926 0000 209N 1302E 315 037 0956 1002 0417 46 037 0185 0213 0213 0185
JTWC 21W DUJUAN    150926 0600 214N 1297E 320 042 0956 1002 0417 46 040 0278 0269 0259 0204
JTWC 21W DUJUAN    150926 1200 219N 1289E 310 042 0952 1002 0417 48 046 0278 0269 0259 0204
JTWC 21W DUJUAN    150926 1800 221N 1281E 300 042 0944 1002 0435 54 040 0278 0269 0259 0269
JTWC 21W DUJUAN    150927 0000 222N 1274E 290 042 0937 1002 0435 59 040 0343 0343 0315 0306
JTWC 21W DUJUAN    150927 0600 225N 1266E 285 037 0929 1002 0435 64 049 0324 0343 0315 0361
JTWC 21W DUJUAN    150927 1200 227N 1258E 285 037 0929 1002 0435 64 049 0324 0343 0315 0361
JTWC 21W DUJUAN    150927 1800 230N 1248E 290 042 0929 1002 0380 64 046 0222 0278 0250 0250
JTWC 21W DUJUAN    150928 0000 233N 1237E 285 047 0929 1003 0370 64 049 0222 0241 0241 0222
JTWC 21W DUJUAN    150928 0600 240N 1229E 295 052 0933 1003 0370 61 037 0222 0241 0241 0222
JTWC 21W DUJUAN    150928 1200 244N 1215E 295 057 0948 1003 0370 51 037 -999 -999 -999 -999
JTWC 21W DUJUAN    150928 1800 243N 1201E 285 062 0956 1003 0370 46 046 0222 0241 0241 0222
JTWC 21W DUJUAN    150929 0000 250N 1191E 285 062 0967 1003 0370 38 046 0222 0241 0241 0222
JTWC 21W DUJUAN    150929 0600 253N 1182E 290 057 0974 1003 0370 33 046 0204 0204 0204 0148
JTWC 21W DUJUAN    150929 1200 260N 1170E 300 057 0982 1003 0370 28 046 0204 0204 0204 0148
