JTWC 23P TWENTY-TH 150410 0000 140S 1605E 225 047 0989 1008 0370 23 000 0056 0065 0065 0056
JTWC 23P TWENTY-TH 150410 0600 144S 1603E 220 037 0989 1006 0315 23 000 0093 0102 0084 0074
JTWC 23P TWENTY-TH 150410 1200 160S 1605E 195 042 0989 1008 0333 23 000 0093 0084 0084 0074
JTWC 23P SOLO      150410 1800 170S 1611E 170 052 0985 1008 0352 26 046 0093 0111 0102 0084
JTWC 23P SOLO      150411 0000 176S 1615E 160 052 0982 1008 0352 28 037 0102 0121 0111 0093
JTWC 23P SOLO      150411 0600 189S 1616E 160 052 0982 1008 0352 28 037 0102 0121 0111 0093
JTWC 23P SOLO      150411 1200 191S 1626E 145 047 0985 1009 0352 26 046 0130 0121 0111 0093
JTWC 23P SOLO      150411 1800 191S 1638E 125 047 0989 1008 0370 23 083 0130 0130 0093 -999
JTWC 23P SOLO      150412 0000 202S 1657E 120 072 0996 1009 0352 18 083 -999 -999 -999 -999
JTWC 23P SOLO      150412 0600 214S 1681E 120 098 1000 1009 0352 15 083 -999 -999 -999 -999
JTWC 23P SOLO      150412 1200 232S 1701E 125 118 1000 1009 0352 15 083 -999 -999 -999 -999
