JTWC 23W JANGMI    150101 0600 067N 1187E 235 026 1006 1007 0306 10 074 -999 -999 -999 -999
JTWC 23W JANGMI    150101 1200 064N 1183E 235 026 1006 1007 0306 10 074 -999 -999 -999 -999
JTWC 23W CHOI-WAN  151002 1200 191N 1667E 340 021 1004 1009 0722 13 185 -999 -999 -999 -999
JTWC 23W CHOI-WAN  151002 1800 186N 1666E 310 011 1000 1007 0722 15 166 -999 -999 -999 -999
JTWC 23W CHOI-WAN  151003 0000 188N 1664E 315 011 0990 1007 0722 18 166 -999 -999 -999 -999
JTWC 23W CHOI-WAN  151003 0600 190N 1651E 290 026 0993 1007 0722 20 166 0518 0555 0611 0426
JTWC 23W CHOI-WAN  151003 1200 191N 1633E 280 057 0993 1007 0722 20 166 0518 0555 0611 0426
JTWC 23W CHOI-WAN  151003 1800 195N 1624E 280 067 0993 1007 0722 20 148 0518 0555 0611 0426
JTWC 23W CHOI-WAN  151004 0000 202N 1606E 285 077 0985 1004 0722 26 120 0518 0555 0611 0426
JTWC 23W CHOI-WAN  151004 0600 209N 1588E 295 077 0985 1004 0722 26 120 0518 0555 0611 0426
JTWC 23W CHOI-WAN  151004 1200 213N 1572E 290 088 0985 1004 0722 26 120 0518 0444 0454 0555
JTWC 23W CHOI-WAN  151004 1800 218N 1559E 290 083 0982 1004 0722 28 111 0518 0444 0454 0555
JTWC 23W CHOI-WAN  151005 0000 216N 1545E 280 072 0982 1004 0722 28 111 0518 0444 0454 0555
JTWC 23W CHOI-WAN  151005 0600 219N 1537E 280 057 0982 1004 0722 28 111 0518 0444 0454 0555
JTWC 23W CHOI-WAN  151005 1200 222N 1525E 280 057 0978 1004 0694 31 083 0555 0444 0454 0555
JTWC 23W CHOI-WAN  151005 1800 229N 1517E 295 052 0978 1004 0694 31 083 0555 0444 0454 0555
JTWC 23W CHOI-WAN  151006 0000 236N 1512E 305 052 0974 1004 0694 33 083 0555 0444 0454 0555
JTWC 23W CHOI-WAN  151006 0600 243N 1507E 315 047 0974 1004 0740 33 092 0444 0444 0500 0463
JTWC 23W CHOI-WAN  151006 1200 251N 1507E 340 042 0970 1004 0713 36 092 0481 0500 0491 0518
JTWC 23W CHOI-WAN  151006 1800 265N 1508E 355 052 0970 1004 0713 36 111 0500 0389 0389 0500
JTWC 23W CHOI-WAN  151007 0000 284N 1509E 000 072 0974 1004 0713 33 111 0500 0389 0389 0500
JTWC 23W CHOI-WAN  151007 0600 313N 1512E 005 108 0974 1004 0740 33 148 0444 0370 0370 0500
JTWC 23W CHOI-WAN  151007 1200 337N 1512E 005 123 0978 1004 0740 31 157 0481 0435 0417 0500
JTWC 23W CHOI-WAN  151007 1800 376N 1504E 000 159 0982 1004 0740 28 138 0537 0555 0463 0500
