NHC  90L INVEST    150506 0600 265N 0790W 005 041 1016 1018 0222 13 093 -999 -999 -999 -999 -999 -999
NHC  90L INVEST    150506 1200 268N 0794W 360 026 1016 1017 0222 13 093 -999 -999 -999 -999 -999 -999
NHC  90L INVEST    150506 1800 278N 0787W 005 036 1015 1017 0222 13 093 -999 -999 -999 -999 -999 -999
NHC  90L INVEST    150507 0000 300N 0780W 010 051 1014 1017 0222 13 093 -999 -999 -999 -999 -999 -999
NHC  90L INVEST    150507 0600 308N 0778W 340 005 1011 1017 0297 15 093 -999 -999 -999 -999 -999 -999
NHC  90L INVEST    150507 1200 308N 0775W 360 000 1007 1016 0389 18 185 0241 -999 -999 02599 -999 -999 -999
NHC  90L INVEST    150507 1800 312N 0775W 360 015 1004 1016 0334 21 185 0259 -999 -999 02599 -999 -999 -999
NHC  90L INVEST    150508 0000 314N 0776W 350 010 1004 1014 0297 21 148 0259 -999 0148 02229 -999 -999 -999
NHC  90L ERIKA     150829 1800 224N 0775W 300 108 1012 1013 0139 18 111 0139 0139 -999 -999 -999 -999
NHC  90L ERIKA     150830 0000 235N 0793W 315 113 1012 1013 0139 15 111 -999 -999 -999 -999 -999 -999
NHC  90L ERIKA     150830 0600 247N 0809W 305 103 1012 1013 0222 15 111 -999 -999 -999 -999 -999 -999
NHC  90L ERIKA     150830 1200 247N 0824W 300 088 1013 1013 0334 13 167 -999 -999 -999 -999 -999 -999
NHC  90L INVEST    150929 1200 235N 0555W 290 051 1009 1013 0278 13 222 -999 -999 -999 -999 -999 -999
NHC  90L INVEST    150929 1800 242N 0572W 295 062 1009 1013 0278 13 222 -999 -999 -999 -999 -999 -999
NHC  90L INVEST    150930 0000 245N 0575W 270 026 1009 1013 0278 13 111 -999 -999 -999 -999 -999 -999
NHC  90L INVEST    150930 0600 248N 0580W 295 036 1009 1013 0278 13 111 -999 -999 -999 -999 -999 -999
NHC  90L INVEST    150930 1200 250N 0575W 360 000 1009 1013 0278 13 111 -999 -999 -999 -999 -999 -999
NHC  90L INVEST    150930 1800 255N 0575W 360 015 1008 1013 0278 13 167 -999 -999 -999 -999 -999 -999
NHC  90L INVEST    151001 0000 255N 0565W 060 021 1008 1012 0371 15 185 -999 -999 -999 -999 -999 -999
NHC  90L INVEST    151001 0600 259N 0568W 040 015 1008 1012 0371 15 185 -999 -999 -999 -999 -999 -999
NHC  90L INVEST    151001 1200 260N 0560W 055 015 1007 1011 0371 15 185 -999 -999 -999 -999 -999 -999
NHC  90L INVEST    151001 1800 258N 0552W 090 036 1005 1011 0371 18 185 0278 -999 -999 -999 -999 -999
NHC  90L INVEST    151002 0000 262N 0540W 085 051 1003 1011 0371 18 185 0278 -999 -999 -999 -999 -999
NHC  90L INVEST    151002 0600 262N 0538W 080 036 1003 1011 0371 18 185 0278 -999 -999 -999 -999 -999
NHC  90L INVEST    151002 1200 266N 0533W 055 036 1003 1008 0445 18 185 0278 -999 -999 -999 -999 -999
NHC  90L INVEST    151002 1800 266N 0526W 070 031 1002 1008 0389 18 111 0130 -999 -999 -999 -999 -999
NHC  90L INVEST    151003 0000 263N 0526W 090 026 1004 1011 0371 18 130 0148 -999 -999 01489 -999 -999 -999
NHC  90L INVEST    151003 0600 264N 0527W 085 015 1005 1011 0371 18 130 0148 -999 -999 01489 -999 -999 -999
NHC  90L INVEST    151003 1200 275N 0531W 010 021 1006 1012 0371 15 130 -999 -999 -999 -999 -999 -999
NHC  90L INVEST    151003 1800 275N 0537W 325 021 1007 1011 0371 15 130 -999 -999 -999 -999 -999 -999
NHC  90L INVEST    151004 0000 274N 0531W 345 005 1007 1011 0334 15 130 -999 -999 -999 -999 -999 -999
NHC  90L INVEST    151004 0600 273N 0528W 105 005 1008 1012 0334 15 130 -999 -999 -999 -999 -999 -999
NHC  90L INVEST    151004 1200 273N 0527W 100 015 1008 1012 0334 15 130 -999 -999 -999 -999 -999 -999
NHC  90L INVEST    151004 1800 271N 0526W 125 010 1008 1012 0334 15 130 -999 -999 -999 -999 -999 -999
NHC  90L INVEST    151005 0000 269N 0519W 115 015 1010 1013 0222 13 167 -999 -999 -999 -999 -999 -999
NHC  90L INVEST    151005 0600 269N 0515W 110 021 1010 1012 0222 13 167 -999 -999 -999 -999 -999 -999
