JTWC 90P INVEST    150108 1800 087S 1577E 200 032 1001 1002 0370 10 083 -999 -999 -999 -999
JTWC 90P INVEST    150109 0000 104S 1563E 225 057 1002 1004 0370 10 083 -999 -999 -999 -999
JTWC 90P INVEST    150110 0000 111S 1591E 150 026 0999 1004 0296 13 074 -999 -999 -999 -999
JTWC 90P INVEST    150110 0600 114S 1595E 140 021 0999 1003 0324 15 074 -999 -999 -999 -999
JTWC 90P INVEST    150110 1200 119S 1592E 165 021 0999 1005 0306 15 074 -999 -999 -999 -999
JTWC 90P INVEST    150110 1800 121S 1592E 170 021 0998 1005 0306 15 074 -999 -999 -999 -999
JTWC 90P INVEST    150111 0000 128S 1590E 185 026 0998 1005 0306 15 074 -999 -999 -999 -999
JTWC 90P INVEST    150111 1200 139S 1561E 240 057 1000 1004 0296 15 074 -999 -999 -999 -999
JTWC 90P INVEST    150327 0600 135S 1703W 205 026 1006 1008 0315 10 083 -999 -999 -999 -999
JTWC 90P INVEST    150327 1200 144S 1703W 200 032 1007 1008 0315 10 083 -999 -999 -999 -999
JTWC 90P INVEST    150330 1800 233S 1553W 105 052 0996 1008 0296 18 064 -999 -999 -999 -999
JTWC 90P INVEST    150625 1200 055S 1638E 125 021 1007 1009 0370 10 083 -999 -999 -999 -999
JTWC 90P INVEST    150625 1800 058S 1641E 125 026 1007 1009 0370 10 083 -999 -999 -999 -999
JTWC 90P INVEST    150626 0000 035S 1645E 035 037 1010 1011 0370 08 083 -999 -999 -999 -999
JTWC 90P INVEST    150627 0600 062S 1638E 240 037 1010 1011 0370 08 083 -999 -999 -999 -999
JTWC 90P INVEST    150628 0600 054S 1622E 240 026 1007 1009 0370 10 083 -999 -999 -999 -999
JTWC 90P INVEST    150628 1200 046S 1628E 245 021 1010 1011 0370 08 083 -999 -999 -999 -999
JTWC 90P INVEST    150628 1800 044S 1634E 215 011 1005 1009 0370 13 083 -999 -999 -999 -999
JTWC 90P INVEST    150629 0000 045S 1623E 250 032 1004 1009 0370 13 083 -999 -999 -999 -999
JTWC 90P INVEST    150629 1200 042S 1615E 285 026 1004 1009 0370 13 083 -999 -999 -999 -999
JTWC 90P INVEST    150629 1800 036S 1612E 305 032 1004 1008 0370 13 083 -999 -999 -999 -999
JTWC 90P INVEST    150630 0000 042S 1608E 270 021 1004 1008 0370 13 083 -999 -999 -999 -999
JTWC 90P INVEST    150630 0600 045S 1605E 255 021 1000 1007 0370 15 083 -999 -999 -999 -999
