JTWC 90S INVEST    150216 1800 077S 0784E 250 021 1007 1009 0370 10 092 -999 -999 -999 -999
JTWC 90S INVEST    150217 0000 080S 0778E 245 026 1007 1009 0370 10 092 -999 -999 -999 -999
JTWC 90S INVEST    150217 1800 105S 0816E 125 032 1007 1009 0370 10 092 -999 -999 -999 -999
JTWC 90S INVEST    150218 0000 109S 0816E 145 026 1007 1009 0370 10 092 -999 -999 -999 -999
JTWC 90S INVEST    150218 1200 091S 0873E 105 032 1005 1008 0333 10 092 -999 -999 -999 -999
JTWC 90S INVEST    150220 1800 121S 0888E 250 037 1007 1009 0333 10 092 -999 -999 -999 -999
JTWC 90S INVEST    150221 0000 123S 0875E 255 047 1007 1009 0333 10 092 -999 -999 -999 -999
JTWC 90S INVEST    150221 1200 130S 0847E 260 062 1004 1008 0333 13 092 -999 -999 -999 -999
JTWC 90S INVEST    150221 1800 135S 0830E 255 072 1007 1008 0333 10 092 -999 -999 -999 -999
JTWC 90S INVEST    150222 0000 139S 0815E 255 077 1007 1008 0333 10 092 -999 -999 -999 -999
JTWC 90S INVEST    150222 0600 132S 0791E 265 093 1004 1007 0352 13 092 -999 -999 -999 -999
JTWC 90S INVEST    150222 1200 132S 0771E 270 093 1000 1007 0352 15 083 -999 -999 -999 -999
JTWC 90S INVEST    150222 1800 129S 0754E 275 088 1000 1007 0352 15 083 -999 -999 -999 -999
JTWC 90S INVEST    150223 0000 128S 0744E 275 077 1000 1007 0352 15 083 -999 -999 -999 -999
JTWC 90S INVEST    150223 0600 135S 0747E 260 042 1000 1006 0352 15 083 -999 -999 -999 -999
JTWC 90S INVEST    150223 1200 144S 0747E 230 032 1000 1008 0370 15 083 -999 -999 -999 -999
JTWC 90S INVEST    150223 1800 153S 0741E 215 042 1000 1007 0398 15 092 -999 -999 -999 -999
JTWC 90S INVEST    150224 0000 166S 0729E 220 057 1000 1008 0426 15 092 -999 -999 -999 -999
JTWC 90S INVEST    150928 0600 070S 0714E 260 021 1007 1008 0278 10 000 -999 -999 -999 -999
JTWC 90S INVEST    150928 1200 071S 0710E 255 021 1007 1008 0278 10 000 -999 -999 -999 -999
