JTWC 91P INVEST    150730 0600 048S 1664E 130 026 1004 1008 0296 13 083 -999 -999 -999 -999
JTWC 91P INVEST    150730 1800 060S 1671E 150 032 1004 1008 0296 13 083 -999 -999 -999 -999
JTWC 91P INVEST    150731 0000 067S 1675E 150 037 1004 1008 0296 13 083 -999 -999 -999 -999
JTWC 91P INVEST    150731 0600 072S 1678E 150 037 1004 1008 0296 13 083 -999 -999 -999 -999
JTWC 91P INVEST    150731 1200 078S 1679E 155 037 1007 1008 0296 10 083 -999 -999 -999 -999
JTWC 91P INVEST    150731 1800 083S 1680E 165 032 1004 1008 0296 10 083 -999 -999 -999 -999
JTWC 91P INVEST    150801 0000 091S 1697E 135 047 1004 1006 0324 10 083 -999 -999 -999 -999
JTWC 91P INVEST    150801 0600 094S 1704E 125 047 1004 1006 0324 13 083 -999 -999 -999 -999
JTWC 91P INVEST    150801 1200 095S 1714E 110 042 1004 1006 0324 13 083 -999 -999 -999 -999
JTWC 91P INVEST    150801 1800 110S 1715E 140 047 1003 1006 0324 13 083 -999 -999 -999 -999
JTWC 91P INVEST    150802 0000 114S 1712E 160 042 1004 1006 0324 13 083 -999 -999 -999 -999
JTWC 91P INVEST    150802 0600 112S 1719E 150 032 1000 1006 0324 15 083 -999 -999 -999 -999
JTWC 91P INVEST    150802 1200 111S 1725E 125 021 1000 1007 0324 15 083 -999 -999 -999 -999
