NHC  92L INVEST    150712 0000 356N 0753W 090 036 1012 1014 0278 10 111 -999 -999 -999 -999 -999 -999
NHC  92L INVEST    150712 0600 354N 0742W 095 041 1012 1014 0278 10 111 -999 -999 -999 -999 -999 -999
NHC  92L INVEST    150712 1200 351N 0738W 100 036 1012 1014 0278 10 148 -999 -999 -999 -999 -999 -999
NHC  92L INVEST    150712 1800 354N 0724W 090 041 1011 1014 0185 13 093 -999 -999 -999 -999 -999 -999
NHC  92L INVEST    150713 0000 355N 0722W 085 036 1011 1014 0222 13 074 -999 -999 -999 -999 -999 -999
NHC  92L INVEST    150713 0600 361N 0711W 065 046 1010 1014 0222 13 074 -999 -999 -999 -999 -999 -999
NHC  92L INVEST    150713 1200 368N 0694W 060 051 1008 1012 0222 15 056 -999 -999 -999 -999 -999 -999
NHC  92L INVEST    150907 1800 311N 0613W 090 015 1014 1017 0222 13 111 -999 -999 -999 -999 -999 -999
NHC  92L INVEST    150908 0000 309N 0609W 105 015 1014 1017 0222 13 111 -999 -999 -999 -999 -999 -999
NHC  92L INVEST    150908 0600 312N 0620W 090 005 1014 1017 0222 13 111 -999 -999 -999 -999 -999 -999
NHC  92L INVEST    150908 1200 312N 0620W 360 000 1014 1017 0222 13 111 -999 -999 -999 -999 -999 -999
NHC  92L INVEST    150908 1800 314N 0617W 360 005 1013 1016 0222 13 111 -999 -999 -999 -999 -999 -999
NHC  92L INVEST    150909 0000 308N 0616W 170 010 1011 1017 0222 15 130 -999 -999 -999 -999 -999 -999
