NHC  93C INVEST    150818 0000 075N 1432W 270 026 1007 1008 0120 10 093 -999 -999 -999 -999 -999 -999
NHC  93C INVEST    150818 0600 077N 1493W 270 010 1007 1009 0250 10 093 -999 -999 -999 -999 -999 -999
NHC  93C INVEST    150818 1200 078N 1495W 280 010 1007 1008 0222 10 083 -999 -999 -999 -999 -999 -999
NHC  93C INVEST    150818 1800 083N 1500W 305 021 1007 1008 0222 10 083 -999 -999 -999 -999 -999 -999
NHC  93C INVEST    150819 0000 084N 1485W 040 010 1007 1008 0222 10 083 -999 -999 -999 -999 -999 -999
NHC  93C INVEST    150819 0600 085N 1480W 060 015 1007 1008 0297 10 083 -999 -999 -999 -999 -999 -999
NHC  93C INVEST    150819 1200 088N 1479W 050 015 1007 1008 0297 10 083 -999 -999 -999 -999 -999 -999
NHC  93C INVEST    150819 1800 084N 1456W 090 005 1007 1008 0297 10 083 -999 -999 -999 -999 -999 -999
NHC  93C INVEST    150820 0000 100N 1470W 315 005 1007 1008 0297 10 083 -999 -999 -999 -999 -999 -999
NHC  93C INVEST    150820 0600 098N 1470W 290 005 1007 1008 0222 10 083 -999 -999 -999 -999 -999 -999
NHC  93C INVEST    150820 1200 099N 1474W 290 021 1006 1008 0297 13 111 -999 -999 -999 -999 -999 -999
NHC  93C INVEST    150820 1800 108N 1495W 280 072 1005 1008 0371 15 111 -999 -999 -999 -999 -999 -999
