JTWC 93P INVEST    150306 0600 092S 1707E 245 042 1010 1011 0370 08 092 -999 -999 -999 -999
JTWC 93P INVEST    150306 1200 092S 1697E 265 047 1010 1011 0370 08 092 -999 -999 -999 -999
JTWC 93P INVEST    150306 1800 092S 1692E 270 032 1002 1004 0370 08 092 -999 -999 -999 -999
JTWC 93P INVEST    150307 0000 078S 1699E 235 021 1010 1011 0370 08 092 -999 -999 -999 -999
JTWC 93P INVEST    150307 0600 080S 1696E 235 021 1007 1011 0370 10 092 -999 -999 -999 -999
JTWC 93P INVEST    150307 1200 083S 1686E 245 032 1007 1011 0370 10 092 -999 -999 -999 -999
JTWC 93P INVEST    150307 1800 075S 1682E 280 032 1007 1011 0370 10 092 -999 -999 -999 -999
JTWC 93P INVEST    150308 0000 079S 1703E 220 032 0999 1002 0370 10 092 -999 -999 -999 -999
JTWC 93P INVEST    150308 0600 079S 1695E 235 032 1004 1005 0370 13 092 -999 -999 -999 -999
JTWC 93P INVEST    150308 1200 075S 1688E 265 032 1004 1005 0370 13 092 -999 -999 -999 -999
JTWC 93P INVEST    150308 1800 077S 1694E 285 016 0997 1000 0370 15 092 -999 -999 -999 -999
JTWC 93P INVEST    150309 0000 083S 1696E 165 006 1000 1001 0463 15 092 -999 -999 -999 -999
