JTWC 93W INVEST    150505 0000 054N 1560E 075 011 1006 1007 0370 08 092 -999 -999 -999 -999
JTWC 93W INVEST    150505 0600 055N 1563E 070 016 1006 1007 0407 08 092 -999 -999 -999 -999
JTWC 93W INVEST    150505 1200 051N 1567E 055 021 1006 1007 0407 08 092 -999 -999 -999 -999
JTWC 93W INVEST    150505 1800 053N 1565E 035 011 1007 1007 0407 10 092 -999 -999 -999 -999
JTWC 93W INVEST    150506 0000 055N 1567E 025 011 1006 1007 0407 10 092 -999 -999 -999 -999
JTWC 93W INVEST    150506 0600 044N 1588E 080 021 1005 1007 0417 10 092 -999 -999 -999 -999
JTWC 93W INVEST    150506 1200 045N 1591E 075 021 1005 1007 0417 10 092 -999 -999 -999 -999
JTWC 93W INVEST    150729 0600 124N 1637E 260 103 1006 1008 0296 10 092 -999 -999 -999 -999
JTWC 93W INVEST    150729 1200 120N 1626E 260 088 1006 1008 0296 10 092 -999 -999 -999 -999
JTWC 93W INVEST    150729 1800 120N 1619E 265 067 1007 1008 0296 10 092 -999 -999 -999 -999
JTWC 93W INVEST    150730 0000 127N 1610E 275 047 1004 1008 0296 13 092 -999 -999 -999 -999
