NHC  94E INVES     150608 0600 100N 0900W 031 000 1009 1000 0037 13 015 -999 -999 -999 -999 -999 -999
NHC  94E INVEST    150608 1200 085N 0930W 305 051 1008 1009 0371 13 185 -999 -999 -999 -999 -999 -999
NHC  94E INVEST    150608 1800 095N 0945W 305 077 1008 1009 0371 13 185 -999 -999 -999 -999 -999 -999
NHC  94E INVEST    150609 0000 095N 0960W 290 082 1008 1009 0371 13 185 -999 -999 -999 -999 -999 -999
NHC  94E INVEST    150609 0600 093N 0964W 285 051 1008 1009 0371 13 185 -999 -999 -999 -999 -999 -999
NHC  94E INVEST    150609 1200 090N 0960W 360 000 1008 1009 0371 13 222 -999 -999 -999 -999 -999 -999
NHC  94E INVEST    150609 1800 093N 0959W 305 010 1008 1009 0371 13 222 -999 -999 -999 -999 -999 -999
NHC  94E INVEST    150610 0000 101N 0966W 320 026 1007 1009 0371 13 222 -999 -999 -999 -999 -999 -999
NHC  94E INVEST    150610 1200 118N 0975W 330 041 1006 1008 0371 13 111 -999 -999 -999 -999 -999 -999
NHC  94E INVEST    150610 1800 121N 0984W 320 041 1004 1008 0371 15 093 -999 -999 -999 -999 -999 -999
NHC  94E INVEST    150813 1800 116N 1049W 275 067 1008 1009 0278 10 000 -999 -999 -999 -999 -999 -999
NHC  94E INVEST    150814 0000 120N 1063W 280 072 1007 1009 0556 10 445 -999 -999 -999 -999 -999 -999
NHC  94E INVEST    150814 0600 125N 1073W 290 062 1007 1009 0556 10 445 -999 -999 -999 -999 -999 -999
NHC  94E INVEST    150814 1200 138N 1085W 305 072 1007 1009 0556 10 445 -999 -999 -999 -999 -999 -999
NHC  94E INVEST    150814 1800 148N 1087W 320 062 1007 1009 0556 10 445 -999 -999 -999 -999 -999 -999
NHC  94E INVEST    150815 0000 148N 1097W 300 051 1006 1008 0389 13 297 -999 -999 -999 -999 -999 -999
NHC  94E INVEST    150815 0600 152N 1106W 295 051 1006 1008 0389 13 297 -999 -999 -999 -999 -999 -999
NHC  94E INVEST    150815 1200 155N 1115W 295 046 1006 1008 0389 13 297 -999 -999 -999 -999 -999 -999
NHC  94E INVEST    150815 1800 162N 1125W 300 051 1006 1008 0389 13 297 -999 -999 -999 -999 -999 -999
NHC  94E INVEST    150816 0000 164N 1129W 295 041 1003 1006 0389 15 222 -999 -999 -999 -999 -999 -999
NHC  94E INVEST    150930 1200 107N 1187W 215 036 1009 1011 0222 10 111 -999 -999 -999 -999 -999 -999
NHC  94E INVEST    150930 1800 120N 1205W 270 046 1007 1009 0222 10 111 -999 -999 -999 -999 -999 -999
NHC  94E INVEST    151001 0000 105N 1200W 270 026 1007 1010 0222 13 111 -999 -999 -999 -999 -999 -999
NHC  94E INVEST    151001 0600 105N 1210W 270 041 1007 1010 0222 13 111 -999 -999 -999 -999 -999 -999
NHC  94E INVEST    151001 1200 105N 1230W 270 057 1006 1008 0222 13 167 -999 -999 -999 -999 -999 -999
NHC  94E INVEST    151001 1800 130N 1230W 320 041 1006 1008 0222 13 167 -999 -999 -999 -999 -999 -999
NHC  94E INVEST    151002 0000 135N 1233W 270 036 1006 1008 0222 13 167 -999 -999 -999 -999 -999 -999
NHC  94E INVEST    151002 0600 135N 1242W 285 036 1006 1008 0278 13 167 -999 -999 -999 -999 -999 -999
NHC  94E INVEST    151002 1200 128N 1255W 255 031 1004 1006 0278 13 185 -999 -999 -999 -999 -999 -999
NHC  94E INVEST    151002 1800 132N 1250W 240 015 1005 1008 0278 13 185 -999 -999 -999 -999 -999 -999
NHC  94E INVEST    151003 0000 132N 1266W 265 041 1005 1006 0334 13 185 -999 -999 -999 -999 -999 -999
NHC  94E INVEST    151003 0600 132N 1266W 265 041 1005 1006 0334 13 185 -999 -999 -999 -999 -999 -999
NHC  94E INVEST    151003 1200 140N 1240W 065 031 1005 1007 0334 13 185 -999 -999 -999 -999 -999 -999
NHC  94E INVEST    151003 1800 141N 1231W 070 046 1005 1007 0334 13 185 -999 -999 -999 -999 -999 -999
NHC  94E INVEST    151004 0000 140N 1229W 085 046 1005 1007 0334 13 111 -999 -999 -999 -999 -999 -999
NHC  94E INVEST    151004 0600 142N 1229W 080 036 1005 1007 0334 10 111 -999 -999 -999 -999 -999 -999
NHC  94E INVEST    151004 1200 148N 1227W 055 026 1005 1007 0334 10 111 -999 -999 -999 -999 -999 -999
NHC  94E INVEST    151004 1800 147N 1225W 030 015 1005 1007 0334 13 111 -999 -999 -999 -999 -999 -999
NHC  94E INVEST    151005 0000 148N 1218W 065 015 1004 1006 0371 13 111 -999 -999 -999 -999 -999 -999
NHC  94E INVEST    151005 0600 150N 1217W 065 015 1006 1008 0371 13 111 -999 -999 -999 -999 -999 -999
