NHC  95C INVEST    150916 0000 113N 1709W 275 082 1009 1013 0278 13 111 -999 -999 -999 -999 -999 -999
NHC  95C INVEST    150916 0600 113N 1710W 275 041 1009 1012 0371 10 111 -999 -999 -999 -999 -999 -999
NHC  95C INVEST    150916 1200 092N 1730W 270 057 1008 1010 0371 10 111 -999 -999 -999 -999 -999 -999
NHC  95C INVEST    150916 1800 093N 1740W 270 057 1008 1010 0371 10 111 -999 -999 -999 -999 -999 -999
NHC  95C INVEST    150917 0000 105N 1730W 305 031 1008 1010 0371 10 111 -999 -999 -999 -999 -999 -999
NHC  95C INVEST    150917 0600 110N 1735W 305 036 1007 1008 0371 10 111 -999 -999 -999 -999 -999 -999
NHC  95C INVEST    150917 1200 120N 1740W 325 046 1007 1008 0352 10 111 -999 -999 -999 -999 -999 -999
NHC  95C INVEST    150917 1800 137N 1749W 335 041 1007 1008 0352 10 111 -999 -999 -999 -999 -999 -999
NHC  95C INVEST    150918 0000 148N 1749W 345 046 1007 1009 0334 13 111 -999 -999 -999 -999 -999 -999
NHC  95C INVEST    150918 0600 154N 1737W 020 046 1007 1009 0185 13 074 -999 -999 -999 -999 -999 -999
NHC  95C INVEST    150918 1200 151N 1765W 030 036 1007 1009 0185 13 074 -999 -999 -999 -999 -999 -999
NHC  95C INVEST    150918 1800 167N 1758W 335 036 1006 1007 0185 13 074 -999 -999 -999 -999 -999 -999
NHC  95C INVEST    150919 0000 180N 1748W 025 067 1005 1008 0324 15 074 -999 -999 -999 -999 -999 -999
