NHC  95E INVEST    150702 1800 100N 1350W 270 021 1008 1009 0278 10 167 -999 -999 -999 -999 -999 -999
NHC  95E INVEST    150703 0000 105N 1359W 285 031 1007 1008 0278 10 167 -999 -999 -999 -999 -999 -999
NHC  95E INVEST    150703 1200 115N 1370W 305 036 1006 1008 0278 13 139 -999 -999 -999 -999 -999 -999
NHC  95E INVEST    150703 1800 130N 1373W 330 051 1006 1008 0278 13 139 -999 -999 -999 -999 -999 -999
NHC  95E INVEST    150704 0600 132N 1388W 295 026 1007 1009 0278 10 139 -999 -999 -999 -999 -999 -999
NHC  95E INVEST    150704 1200 136N 1392W 305 026 1007 1009 0278 10 139 -999 -999 -999 -999 -999 -999
NHC  95E INVEST    150704 1800 137N 1391W 315 015 1007 1009 0278 13 167 -999 -999 -999 -999 -999 -999
NHC  95E INVEST    150705 0000 138N 1389W 290 005 1007 1009 0278 13 167 -999 -999 -999 -999 -999 -999
NHC  95E INVEST    150705 0600 139N 1389W 305 005 1007 1009 0278 13 167 -999 -999 -999 -999 -999 -999
NHC  95E INVEST    150705 1200 138N 1391W 360 000 1007 1009 0278 13 167 -999 -999 -999 -999 -999 -999
NHC  95E INVEST    150705 1800 138N 1397W 270 021 1007 1009 0278 13 167 -999 -999 -999 -999 -999 -999
NHC  95E INVEST    150706 0000 134N 1399W 270 026 1007 1010 0278 13 148 -999 -999 -999 -999 -999 -999
NHC  95E INVEST    150706 0600 134N 1403W 270 021 1007 1010 0278 13 148 -999 -999 -999 -999 -999 -999
NHC  95E INVEST    150821 1200 125N 1237W 275 051 1009 1010 0259 10 037 -999 -999 -999 -999 -999 -999
NHC  95E INVEST    150821 1800 129N 1234W 270 057 1009 1010 0259 10 037 -999 -999 -999 -999 -999 -999
NHC  95E INVEST    150822 0000 127N 1250W 265 062 1009 1010 0259 10 037 -999 -999 -999 -999 -999 -999
NHC  95E INVEST    150822 0600 125N 1264W 265 067 1009 1010 0259 10 037 -999 -999 -999 -999 -999 -999
NHC  95E INVEST    150822 1200 120N 1274W 255 067 1009 1010 0259 10 037 -999 -999 -999 -999 -999 -999
NHC  95E INVEST    150822 1800 120N 1280W 255 051 1009 1010 0259 10 037 -999 -999 -999 -999 -999 -999
NHC  95E INVEST    150823 0000 121N 1287W 265 041 1009 1010 0259 10 037 -999 -999 -999 -999 -999 -999
NHC  95E INVEST    150823 0600 121N 1292W 270 031 1009 1010 0259 10 037 -999 -999 -999 -999 -999 -999
NHC  95E INVEST    150823 1200 126N 1287W 285 015 1009 1010 0259 10 037 -999 -999 -999 -999 -999 -999
NHC  95E INVEST    150823 1800 124N 1292W 265 015 1009 1011 0259 13 037 -999 -999 -999 -999 -999 -999
NHC  95E INVEST    150824 0000 124N 1292W 360 000 1008 1011 0278 13 111 -999 -999 -999 -999 -999 -999
NHC  95E INVEST    150824 0600 125N 1301W 270 021 1008 1010 0278 13 111 -999 -999 -999 -999 -999 -999
NHC  95E INVEST    150824 1200 127N 1306W 270 021 1007 1009 0278 13 130 -999 -999 -999 -999 -999 -999
NHC  95E INVEST    150824 1800 131N 1306W 270 010 1007 1011 0371 15 130 -999 -999 -999 -999 -999 -999
NHC  95E INVEST    150825 0000 132N 1307W 280 010 1007 1010 0334 15 130 -999 -999 -999 -999 -999 -999
NHC  95E MARTY     151004 0000 196N 1088W 025 046 1001 1004 0463 10 093 -999 -999 -999 -999 -999 -999
NHC  95E MARTY     151004 0600 205N 1083W 030 057 1001 1006 0324 10 093 -999 -999 -999 -999 -999 -999
NHC  95E MARTY     151004 1200 223N 1070W 030 082 1000 1006 0324 15 093 -999 -999 -999 -999 -999 -999
NHC  95E MARTY     151004 1800 233N 1071W 025 067 1002 1006 0324 13 093 -999 -999 -999 -999 -999 -999
NHC  95E INVEST    151006 1800 079N 1132W 285 046 1008 1010 0324 08 111 -999 -999 -999 -999 -999 -999
NHC  95E INVEST    151007 0000 081N 1143W 285 051 1008 1010 0324 10 111 -999 -999 -999 -999 -999 -999
NHC  95E INVEST    151007 0600 080N 1165W 275 088 1008 1010 0324 13 111 -999 -999 -999 -999 -999 -999
NHC  95E INVEST    151007 1200 089N 1179W 280 082 1008 1010 0324 13 148 -999 -999 -999 -999 -999 -999
NHC  95E INVEST    151007 1800 080N 1210W 270 088 1010 1012 0324 10 148 -999 -999 -999 -999 -999 -999
NHC  95E INVEST    151008 0000 082N 1215W 275 072 1009 1010 0324 10 148 -999 -999 -999 -999 -999 -999
NHC  95E INVEST    151008 0600 086N 1228W 285 067 1009 1011 0222 10 148 -999 -999 -999 -999 -999 -999
NHC  95E INVEST    151008 1200 093N 1251W 285 082 1009 1011 0278 10 148 -999 -999 -999 -999 -999 -999
NHC  95E INVEST    151008 1800 100N 1275W 287 103 1009 1012 0334 13 130 -999 -999 -999 -999 -999 -999
