NHC  96E INVEST    150703 1200 075N 1175W 270 072 1007 1009 0334 10 111 -999 -999 -999 -999 -999 -999
NHC  96E INVEST    150703 1800 075N 1189W 270 072 1006 1008 0334 10 111 -999 -999 -999 -999 -999 -999
NHC  96E INVEST    150704 0000 060N 1205W 270 077 1005 1008 0371 10 185 -999 -999 -999 -999 -999 -999
NHC  96E INVEST    150704 0600 061N 1219W 275 072 1005 1008 0371 10 185 -999 -999 -999 -999 -999 -999
NHC  96E INVEST    150704 1200 061N 1232W 275 072 1005 1008 0371 10 185 -999 -999 -999 -999 -999 -999
NHC  96E INVEST    150704 1800 063N 1237W 275 062 1005 1008 0371 10 185 -999 -999 -999 -999 -999 -999
NHC  96E INVEST    150705 0000 071N 1221W 300 026 1005 1008 0371 13 222 -999 -999 -999 -999 -999 -999
NHC  96E INVEST    150705 0600 074N 1228W 300 036 1005 1008 0371 13 222 -999 -999 -999 -999 -999 -999
NHC  96E INVEST    150705 1200 080N 1250W 290 062 1006 1008 0371 13 222 -999 -999 -999 -999 -999 -999
NHC  96E INVEST    150705 1800 097N 1265W 300 088 1006 1008 0371 13 222 -999 -999 -999 -999 -999 -999
NHC  96E INVEST    150706 0000 095N 1277W 295 077 1006 1009 0371 13 111 -999 -999 -999 -999 -999 -999
NHC  96E INVEST    150706 0600 103N 1295W 290 088 1006 1010 0463 13 111 -999 -999 -999 -999 -999 -999
NHC  96E INVEST    150706 1200 110N 1312W 290 088 1006 1010 0463 13 111 -999 -999 -999 -999 -999 -999
NHC  96E INVEST    150706 1800 116N 1325W 295 082 1006 1010 0463 13 111 -999 -999 -999 -999 -999 -999
NHC  96E INVEST    150707 0000 121N 1342W 290 077 1005 1010 0463 15 093 -999 -999 -999 -999 -999 -999
NHC  96E INVEST    150707 0600 128N 1355W 295 077 1005 1010 0463 15 093 -999 -999 -999 -999 -999 -999
NHC  96E INVEST    150707 1200 133N 1370W 295 077 1005 1010 0463 15 093 -999 -999 -999 -999 -999 -999
NHC  96E INVEST    150707 1800 137N 1384W 290 077 1005 1010 0463 15 093 -999 -999 -999 -999 -999 -999
NHC  96E INVEST    150824 1800 096N 1007W 285 057 1008 1011 0278 13 167 -999 -999 -999 -999 -999 -999
NHC  96E INVEST    150825 0600 097N 1023W 275 041 1008 1010 0278 13 167 -999 -999 -999 -999 -999 -999
NHC  96E INVEST    150825 1200 097N 1048W 275 057 1008 1011 0278 13 148 -999 -999 -999 -999 -999 -999
NHC  96E INVEST    150825 1800 098N 1061W 275 062 1008 1011 0278 13 148 -999 -999 -999 -999 -999 -999
NHC  96E INVEST    150826 0000 100N 1071W 275 057 1008 1011 0278 13 148 -999 -999 -999 -999 -999 -999
NHC  96E INVEST    150826 0600 100N 1091W 275 072 1008 1011 0278 13 148 -999 -999 -999 -999 -999 -999
NHC  96E INVEST    150826 1200 102N 1119W 275 098 1007 1009 0278 13 148 -999 -999 -999 -999 -999 -999
NHC  96E INVEST    150826 1800 106N 1126W 280 088 1007 1009 0278 13 148 -999 -999 -999 -999 -999 -999
