JTWC 96S INVEST    150213 1200 136S 1038E 250 042 1004 1006 0278 13 111 -999 -999 -999 -999
JTWC 96S INVEST    150213 1800 131S 1040E 255 032 1000 1008 0370 15 111 -999 -999 -999 -999
JTWC 96S INVEST    150214 0000 133S 1035E 250 026 1004 1009 0463 13 111 -999 -999 -999 -999
JTWC 96S INVEST    150214 0600 141S 1028E 235 037 1004 1009 0509 13 148 -999 -999 -999 -999
JTWC 96S INVEST    150214 1200 149S 1048E 155 037 1004 1008 0509 13 148 -999 -999 -999 -999
JTWC 96S INVEST    150214 1800 154S 1045E 155 042 1004 1009 0463 13 148 -999 -999 -999 -999
JTWC 96S INVEST    150215 0000 152S 1031E 205 021 1004 1008 0463 13 148 -999 -999 -999 -999
JTWC 96S INVEST    150215 0600 156S 1025E 230 032 1004 1008 0518 13 129 -999 -999 -999 -999
JTWC 96S INVEST    150215 1200 162S 1024E 215 032 1004 1008 0500 13 129 -999 -999 -999 -999
JTWC 96S INVEST    150216 0600 174S 1020E 205 032 1004 1008 0500 13 129 -999 -999 -999 -999
JTWC 96S INVEST    150216 1200 183S 1015E 215 047 1004 1006 0463 13 166 -999 -999 -999 -999
JTWC 96S INVEST    150216 1800 191S 1009E 210 057 1007 1008 0407 10 166 -999 -999 -999 -999
JTWC 96S INVEST    150217 0000 203S 0997E 215 062 1007 1008 0407 10 166 -999 -999 -999 -999
JTWC 96S INVEST    150310 0600 143S 1162E 235 011 1007 1007 0333 10 083 -999 -999 -999 -999
JTWC 96S INVEST    150310 1200 147S 1163E 190 011 1004 1007 0315 13 083 -999 -999 -999 -999
JTWC 96S INVEST    150310 1800 149S 1165E 145 021 1000 1007 0315 15 083 -999 -999 -999 -999
JTWC 96S INVEST    150311 0000 158S 1163E 175 032 1000 1007 0306 15 083 -999 -999 -999 -999
