NHC  98E INVEST    150710 0600 108N 0952W 305 021 1008 1010 0334 08 000 -999 -999 -999 -999 -999 -999
NHC  98E INVEST    150710 1200 108N 0952W 305 021 1008 1010 0334 08 130 -999 -999 -999 -999 -999 -999
NHC  98E INVEST    150710 1800 109N 0958W 310 021 1007 1010 0334 13 130 -999 -999 -999 -999 -999 -999
NHC  98E INVEST    150711 0000 117N 0965W 320 041 1006 1009 0334 13 130 -999 -999 -999 -999 -999 -999
NHC  98E INVEST    150711 0600 126N 0975W 315 051 1005 1009 0334 15 130 -999 -999 -999 -999 -999 -999
NHC  98E INVEST    150711 1200 129N 0984W 310 051 1005 1009 0334 15 130 -999 -999 -999 -999 -999 -999
NHC  98E INVEST    150904 1800 103N 1051W 285 026 1008 1011 0278 13 111 -999 -999 -999 -999 -999 -999
NHC  98E INVEST    150905 0000 104N 1056W 285 026 1006 1008 0278 13 111 -999 -999 -999 -999 -999 -999
NHC  98E INVEST    150905 0600 106N 1063W 285 031 1006 1008 0222 13 111 -999 -999 -999 -999 -999 -999
NHC  98E INVEST    150905 1200 115N 1064W 300 036 1005 1008 0278 15 111 -999 -999 -999 -999 -999 -999
NHC  98E INVEST    150905 1800 122N 1074W 300 046 1005 1009 0324 13 111 -999 -999 -999 -999 -999 -999
NHC  98E INVEST    150906 0000 128N 1069W 315 036 1002 1007 0334 15 111 -999 -999 -999 -999 -999 -999
