NHC  98L INVEST    150823 0000 133N 0295W 270 108 1009 1012 0649 13 556 -999 -999 -999 -999 -999 -999
NHC  98L INVEST    150823 1200 137N 0344W 275 093 1009 1012 0426 13 185 -999 -999 -999 -999 -999 -999
NHC  98L INVEST    150823 1800 138N 0367W 275 098 1007 1010 0334 15 130 -999 -999 -999 -999 -999 -999
NHC  98L INVEST    150824 0000 138N 0388W 275 103 1008 1011 0278 15 130 -999 -999 -999 -999 -999 -999
NHC  98L INVEST    150824 0600 136N 0407W 275 088 1007 1010 0371 15 148 -999 -999 -999 -999 -999 -999
NHC  98L INVEST    150824 1200 146N 0435W 275 103 1007 1011 0334 15 148 -999 -999 -999 -999 -999 -999
NHC  98L INVEST    150824 1800 145N 0452W 280 103 1003 1011 0334 21 111 0130 0130 -999 -999 -999 -999
NHC  98L INVEST    150825 0000 144N 0469W 275 093 1003 1012 0408 21 093 0130 0130 -999 -999 -999 -999
NHC  98L INVEST    150926 0000 245N 0685W 360 026 1011 1012 0167 10 130 -999 -999 -999 -999 -999 -999
NHC  98L INVEST    150926 0600 257N 0687W 355 036 1011 1012 0167 10 130 -999 -999 -999 -999 -999 -999
NHC  98L INVEST    150926 1200 265N 0688W 355 041 1011 1012 0222 10 130 -999 -999 -999 -999 -999 -999
NHC  98L INVEST    150926 1800 270N 0688W 355 041 1011 1012 0222 10 111 -999 -999 -999 -999 -999 -999
NHC  98L INVEST    150927 0000 272N 0686W 360 026 1010 1012 0278 10 111 -999 -999 -999 -999 -999 -999
NHC  98L INVEST    150927 0600 274N 0686W 010 021 1010 1012 0371 10 148 -999 -999 -999 -999 -999 -999
NHC  98L INVEST    150927 1200 273N 0690W 320 010 1010 1012 0371 10 148 -999 -999 -999 -999 -999 -999
NHC  98L INVEST    150927 1800 273N 0690W 320 010 1009 1012 0371 13 148 -999 -999 -999 -999 -999 -999
NHC  98L INVEST    150928 0000 275N 0687W 345 010 1006 1012 0324 15 148 -999 -999 -999 -999 -999 -999
