NHC  99E INVEST    150718 0600 076N 1045W 300 015 1008 1010 0278 13 130 -999 -999 -999 -999 -999 -999
NHC  99E INVEST    150718 1200 080N 1054W 295 026 1008 1010 0278 13 130 -999 -999 -999 -999 -999 -999
NHC  99E INVEST    150718 1800 081N 1059W 295 026 1008 1010 0278 13 130 -999 -999 -999 -999 -999 -999
NHC  99E INVEST    150719 0000 093N 1064W 315 041 1007 1010 0278 13 130 -999 -999 -999 -999 -999 -999
NHC  99E INVEST    150719 0600 097N 1068W 320 041 1007 1010 0278 13 130 -999 -999 -999 -999 -999 -999
NHC  99E INVEST    150719 1200 096N 1063W 310 041 1008 1010 0278 13 130 -999 -999 -999 -999 -999 -999
NHC  99E INVEST    150719 1800 099N 1070W 305 041 1010 1012 0324 15 148 -999 -999 -999 -999 -999 -999
NHC  99E INVEST    150720 0000 100N 1080W 285 046 1008 1012 0324 15 130 -999 -999 -999 -999 -999 -999
NHC  99E INVEST    150720 0600 107N 1097W 290 057 1008 1012 0324 15 130 -999 -999 -999 -999 -999 -999
NHC  99E INVEST    150720 1200 121N 1087W 315 041 1009 1011 0297 13 130 -999 -999 -999 -999 -999 -999
NHC  99E INVEST    150720 1800 125N 1091W 315 036 1009 1012 0324 13 130 -999 -999 -999 -999 -999 -999
NHC  99E INVEST    150721 0000 135N 1105W 315 062 1008 1012 0324 15 130 -999 -999 -999 -999 -999 -999
NHC  99E INVEST    150721 0600 144N 1114W 320 062 1008 1012 0324 15 111 -999 -999 -999 -999 -999 -999
NHC  99E INVEST    150721 1200 146N 1119W 310 051 1007 1012 0324 15 111 -999 -999 -999 -999 -999 -999
NHC  99E INVEST    150721 1800 154N 1130W 305 051 1007 1012 0324 15 111 -999 -999 -999 -999 -999 -999
NHC  99E INVEST    150722 0000 153N 1131W 300 036 1007 1012 0324 13 111 -999 -999 -999 -999 -999 -999
NHC  99E INVEST    150722 0600 155N 1133W 305 026 1007 1012 0324 13 111 -999 -999 -999 -999 -999 -999
NHC  99E INVEST    150722 1200 160N 1136W 320 021 1007 1012 0324 13 111 -999 -999 -999 -999 -999 -999
NHC  99E INVEST    150722 1800 163N 1133W 350 015 1006 1009 0324 15 093 -999 -999 -999 -999 -999 -999
NHC  99E INVEST    150723 0000 170N 1138W 340 026 1006 1009 0324 15 093 -999 -999 -999 -999 -999 -999
NHC  99E INVEST    150723 0600 176N 1139W 335 041 1006 1009 0324 15 093 -999 -999 -999 -999 -999 -999
NHC  99E INVEST    150910 1200 109N 0924W 290 015 1008 1008 0278 10 111 -999 -999 -999 -999 -999 -999
NHC  99E INVEST    150910 1800 111N 0928W 310 010 1008 1008 0278 10 111 -999 -999 -999 -999 -999 -999
NHC  99E INVEST    150911 0000 116N 0937W 305 031 1008 1009 0278 10 111 -999 -999 -999 -999 -999 -999
