NHC  01L ONE       050609 0000 174N 0839W 005 026 1003 1007 0278 13 111 -999 -999 -999 -999 -999 -999
NHC  01L ONE       050609 0600 182N 0839W 000 036 1003 1008 0334 15 139 -999 -999 -999 -999 -999 -999
NHC  01L ARLENE    050609 1200 192N 0840W 360 041 1002 1008 0334 18 139 0241 -999 -999 -999 -999 -999
NHC  01L ARLENE    050609 1800 197N 0842W 355 036 1002 1008 0334 18 139 0241 -999 -999 -999 -999 -999
NHC  01L ARLENE    050610 0000 204N 0842W 355 036 1001 1006 0278 18 111 0185 -999 -999 -999 -999 -999
NHC  01L ARLENE    050610 0600 211N 0847W 340 036 1000 1007 0324 18 111 0185 -999 -999 -999 -999 -999
NHC  01L ARLENE    050610 1200 235N 0849W 000 057 1000 1007 0324 26 111 0241 -999 -999 -999 -999 -999
NHC  01L ARLENE    050610 1800 250N 0850W 350 077 0997 1007 0324 26 111 0241 0139 -999 -999 -999 -999
NHC  01L ARLENE    050611 0000 264N 0856W 345 088 0992 1007 0324 31 093 0259 0222 -999 01399 -999 -999 -999
NHC  01L ARLENE    050611 0600 277N 0868W 320 082 0993 1006 0334 31 093 0259 0222 -999 01399 -999 -999 -999
NHC  01L ARLENE    050611 1200 290N 0872W 340 067 0990 1006 0334 31 093 0241 0222 -999 01399 -999 -999 -999
NHC  01L ARLENE    050611 1800 300N 0874W 000 062 0991 1006 0334 26 046 0185 0185 -999 -999 -999 -999
NHC  01L ARLENE    050612 0000 314N 0876W 350 067 0994 1006 0334 15 046 -999 -999 -999 -999 -999 -999
