JTWC 02W NAMELESS  050314 0000 102N 1424E 300 082 1000 1008 0222 15 056 -999 -999 -999 -999
JTWC 02W NAMELESS  050314 0600 104N 1412E 295 077 0997 1008 0222 18 046 -999 -999 -999 -999
JTWC 02W NAMELESS  050314 1200 104N 1400E 285 072 0994 1007 0222 21 037 0120 0056 0056 0120
JTWC 02W NAMELESS  050314 1800 106N 1392E 280 057 0994 1007 0222 21 028 0120 0056 0056 0120
JTWC 02W NAMELESS  050315 0000 117N 1375E 295 067 0994 1004 0222 21 028 0120 0056 0056 0120
JTWC 02W ROKE      050315 0600 119N 1360E 290 072 0984 1007 0204 28 028 0111 0083 0083 0111
JTWC 02W ROKE      050315 1200 121N 1345E 285 077 0984 1009 0204 28 028 0130 0111 0111 0130
JTWC 02W ROKE      050315 1800 122N 1329E 275 077 0984 1008 0222 28 019 0185 0111 0111 0185
JTWC 02W ROKE      050316 0000 119N 1313E 270 077 0976 1004 0185 33 009 0167 0111 0111 0167
JTWC 02W ROKE      050316 0600 117N 1289E 265 093 0976 1006 0157 33 028 0167 0130 0130 0167
JTWC 02W ROKE      050316 1200 114N 1269E 265 103 0976 1007 0130 33 028 0157 0130 0130 0157
JTWC 02W ROKE      050316 1800 112N 1249E 265 108 1000 1008 0130 28 019 0111 0111 0111 0111
JTWC 02W ROKE      050317 0000 108N 1228E 260 103 0984 1008 0222 28 019 0111 0111 0111 0111
JTWC 02W ROKE      050317 0600 115N 1213E 275 088 0991 1008 0222 23 019 0111 0111 0111 0111
JTWC 02W ROKE      050317 1200 123N 1202E 290 077 0994 1008 0222 21 019 0111 0111 0111 0111
JTWC 02W ROKE      050317 1800 129N 1183E 295 082 1002 1008 0259 13 093 -999 -999 -999 -999
