NHC  03E THREE-E   050626 1800 137N 0980W 310 026 1003 1009 0389 15 074 -999 -999 -999 -999 -999 -999
NHC  03E THREE     050627 0000 143N 0981W 330 031 1002 1009 0232 18 056 0093 -999 -999 00939 -999 -999 -999
NHC  03E CALVIN    050627 0600 143N 0981W 330 021 1002 1009 0334 18 093 0093 -999 -999 00939 -999 -999 -999
NHC  03E CALVIN    050627 1200 146N 0989W 320 031 1002 1008 0334 18 056 0093 -999 -999 00939 -999 -999 -999
NHC  03E CALVIN    050627 1800 152N 1005W 300 046 1000 1008 0334 23 056 0093 0056 0056 00939 -999 -999 -999
NHC  03E CALVIN    050628 0000 156N 1012W 295 046 1004 1008 0232 18 056 0074 -999 -999 00749 -999 -999 -999
NHC  03E CALVIN    050628 0600 158N 1018W 295 041 1004 1008 0232 18 056 0056 -999 -999 00749 -999 -999 -999
NHC  03E CALVIN    050628 1200 160N 1036W 285 057 1004 1008 0232 18 056 0056 -999 0056 00749 -999 -999 -999
NHC  03E CALVIN    050628 1800 156N 1046W 270 057 1006 1008 0232 13 056 -999 -999 -999 -999 -999 -999
NHC  03E CALVIN    050629 0000 150N 1050W 235 026 1006 1008 0185 10 056 -999 -999 -999 -999 -999 -999
NHC  03E CALVIN    050630 0000 147N 1076W 275 036 1003 1008 0232 13 056 -999 -999 -999 -999 -999 -999
NHC  03E CALVIN    050630 1200 145N 1081W 270 010 1006 1009 0232 13 056 -999 -999 -999 -999 -999 -999
NHC  03E CALVIN    050630 1800 153N 1085W 295 021 1006 1009 0232 13 056 -999 -999 -999 -999 -999 -999
NHC  03E CALVIN    050701 0000 160N 1095W 310 031 1006 1009 0232 13 056 -999 -999 -999 -999 -999 -999
NHC  03E CALVIN    050701 1200 183N 1113W 320 067 1006 1009 0232 13 056 -999 -999 -999 -999 -999 -999
