NHC  03L THREE     050704 0000 186N 0872W 300 031 1007 1012 0278 15 037 -999 -999 -999 -999 -999 -999
NHC  03L THREE     050704 0600 192N 0878W 310 041 1007 1012 0278 15 037 -999 -999 -999 -999 -999 -999
NHC  03L THREE     050704 1200 200N 0886W 315 046 1009 1012 0222 15 037 -999 -999 -999 -999 -999 -999
NHC  03L THREE     050704 1800 223N 0890W 340 046 1010 1013 0185 13 037 -999 -999 -999 -999 -999 -999
NHC  03L THREE     050705 0000 233N 0895W 340 062 1009 1013 0222 15 037 -999 -999 -999 -999 -999 -999
NHC  03L THREE     050705 0600 250N 0901W 340 072 1009 1013 0222 15 037 -999 -999 -999 -999 -999 -999
NHC  03L CINDY     050705 1200 264N 0904W 360 067 1002 1012 0222 21 037 0139 0139 -999 -999 -999 -999
NHC  03L CINDY     050705 1800 276N 0904W 360 067 1001 1012 0222 31 037 0167 0167 0056 01116 0046 -999 0046
NHC  03L CINDY     050706 0000 285N 0903W 010 051 0992 1012 0278 31 037 0167 0167 0074 01116 0056 0037 0056
NHC  03L CINDY     050706 0600 296N 0901W 005 057 0998 1012 0278 28 037 0167 0167 0074 01116 0056 0037 0056
NHC  03L CINDY     050706 1200 309N 0889W 045 067 0994 1012 0278 23 037 0093 0167 0046 00469 -999 -999 -999
