JTWC 03S BERTIE    051120 0000 078S 0936E 200 026 0991 1007 0315 23 056 0065 0065 0065 0065
JTWC 03S BERTIE    051120 0600 083S 0935E 200 026 0987 1007 0315 26 056 0065 0065 0065 0065
JTWC 03S BERTIE    051120 1200 084S 0935E 195 015 0987 1007 0315 26 056 0065 0065 0065 0065
JTWC 03S BERTIE    051120 1800 087S 0934E 190 015 0984 1006 0259 28 028 0093 0130 0130 0093
JTWC 03S BERTIE    051121 0000 090S 0931E 205 015 0976 1006 0259 33 028 0139 0139 0139 0139
JTWC 03S BERTIE    051121 0600 093S 0924E 230 026 0967 1006 0259 39 019 0139 0139 0139 0139
JTWC 03S BERTIE    051121 1200 098S 0921E 230 031 0967 1006 0259 39 019 0139 0139 0139 0139
JTWC 03S BERTIE    051121 1800 103S 0916E 225 031 0963 1005 0315 41 019 0093 0120 0148 0185
JTWC 03S BERTIE    051122 0000 109S 0911E 220 036 0963 1005 0315 41 019 0139 0157 0185 0185
JTWC 03S BERTIE    051122 0600 115S 0907E 215 036 0963 1005 0315 41 009 0176 0176 0176 0176
JTWC 03S BERTIE    051122 1200 118S 0905E 215 031 0954 1005 0315 46 009 0204 0204 0204 0204
JTWC 03S BERTIE    051123 0000 124S 0903E 205 015 0927 1005 0333 59 019 0222 0222 0222 0222
JTWC 03S BERTIE    051123 0600 128S 0903E 190 015 0927 1005 0333 59 019 0222 0222 0222 0222
JTWC 03S BERTIE    051123 1200 133S 0903E 185 021 0938 1005 0315 54 019 0204 0204 0204 0204
JTWC 03S BERTIE    051123 1800 137S 0901E 190 021 0938 1005 0315 54 019 0148 0167 0167 0148
JTWC 03S BERTIE    051124 0000 143S 0899E 195 026 0938 1006 0241 54 019 0139 0167 0167 0130
JTWC 03S BERTIE    051124 0600 146S 0899E 195 021 0938 1006 0241 54 019 0130 0185 0157 0130
JTWC 03S BERTIE    051124 1200 148S 0897E 200 015 0944 1006 0222 51 019 0120 0176 0139 0120
JTWC 03S BERTIE    051124 1800 148S 0896E 210 010 0944 1006 0232 51 019 0130 0167 0148 0130
JTWC 03S BERTIE    051125 0000 147S 0892E 260 010 0954 1006 0222 46 019 0120 0157 0139 0120
JTWC 03S BERTIE    051125 0600 145S 0887E 285 021 0976 1008 0222 33 019 0120 0157 0139 0120
JTWC 03S BERTIE    051125 1200 144S 0883E 290 021 0976 1008 0222 33 019 0120 0157 0139 0120
JTWC 03S BERTIE    051125 1800 141S 0877E 290 026 0991 1008 0185 23 019 0083 0139 0120 0083
JTWC 03S BERTIE    051126 0000 139S 0872E 290 026 1000 1008 0167 15 019 -999 -999 -999 -999
