NHC  04L FOUR      050705 0000 123N 0623W 285 077 1010 1013 0278 13 074 -999 -999 -999 -999 -999 -999
NHC  04L FOUR      050705 0600 124N 0637W 275 072 1010 1013 0278 15 074 -999 -999 -999 -999 -999 -999
NHC  04L FOUR      050705 1200 130N 0658W 285 088 1007 1012 0334 15 056 -999 -999 -999 -999 -999 -999
NHC  04L DENNIS    050705 1800 138N 0676W 290 088 1005 1010 0334 18 056 0093 0074 -999 00939 -999 -999 -999
NHC  04L DENNIS    050706 0000 143N 0685W 295 072 1000 1010 0334 23 037 0093 0074 0037 00939 -999 -999 -999
NHC  04L DENNIS    050706 0600 147N 0697W 295 072 0997 1010 0334 26 037 0139 0139 0046 01396 0046 -999 0046
NHC  04L DENNIS    050706 1200 152N 0709W 295 067 0991 1009 0334 31 037 0139 0139 0046 01396 0046 -999 0046
NHC  04L DENNIS    050706 1800 157N 0719W 295 062 0990 1009 0334 31 037 0167 0139 0046 01396 0046 -999 0046
NHC  04L DENNIS    050707 0000 163N 0729W 300 062 0983 1010 0463 36 037 0204 0148 0056 01853 0056 -999 0074
NHC  04L DENNIS    050707 0600 167N 0741W 300 062 0975 1010 0463 39 037 0204 0139 0074 00933 0056 -999 0056
NHC  04L DENNIS    050707 1200 176N 0750W 305 062 0968 1010 0371 46 028 0222 0167 0139 01399 0056 0037 0056
NHC  04L DENNIS    050707 1800 186N 0761W 310 067 0962 1010 0445 49 028 0222 0204 0139 01859 0130 0037 0093
NHC  04L DENNIS    050708 0000 194N 0771W 310 067 0951 1010 0445 59 019 0222 0204 0139 01859 0130 0046 0093
NHC  04L DENNIS    050708 0600 203N 0784W 310 072 0955 1010 0445 59 019 0222 0204 0139 01859 0139 0046 0093
NHC  04L DENNIS    050708 1200 209N 0795W 305 062 0941 1011 0445 62 019 0222 0204 0139 01859 0139 0046 0093
NHC  04L DENNIS    050708 1800 221N 0806W 315 077 0941 1011 0445 64 019 0259 0259 0139 02597 0139 0056 0102
NHC  04L DENNIS    050709 0000 227N 0816W 310 067 0955 1011 0445 51 019 0259 0259 0139 02597 0139 0056 0102
NHC  04L DENNIS    050709 0600 234N 0825W 315 062 0974 1011 0445 44 019 0278 0278 0139 02597 0139 0056 0102
NHC  04L DENNIS    050709 1200 243N 0834W 315 062 0967 1011 0445 41 019 0278 0278 0139 02597 0139 0056 0102
NHC  04L DENNIS    050709 1800 253N 0842W 325 062 0963 1012 0463 44 019 0278 0278 0139 02785 0139 0056 0102
NHC  04L DENNIS    050710 0000 261N 0850W 320 062 0942 1012 0463 57 009 0278 0278 0148 02785 0139 0056 0102
NHC  04L DENNIS    050710 0600 272N 0858W 320 062 0935 1012 0463 62 009 0278 0371 0148 02782 0139 0056 0111
NHC  04L DENNIS    050710 1200 285N 0863W 340 072 0930 1010 0463 64 019 0278 0371 0148 01852 0111 0056 0093
NHC  04L DENNIS    050710 1800 299N 0869W 350 077 0942 1011 0463 54 019 0278 0371 0139 01399 0111 0056 0093
NHC  04L DENNIS    050711 0000 317N 0876W 340 082 0970 1011 0463 28 037 0130 0241 0093 01306 0056 -999 0056
NHC  04L DENNIS    050711 0600 327N 0880W 340 077 0990 1008 0334 15 046 -999 -999 -999 -999 -999 -999
