NHC  05E FIVE      050718 1200 149N 1051W 285 062 1000 1004 0232 15 056 -999 -999 -999 -999 -999 -999
NHC  05E EUGENE    050718 1800 155N 1052W 295 051 1000 1004 0232 18 056 0093 0056 -999 00569 -999 -999 -999
NHC  05E EUGENE    050719 0000 165N 1055W 315 046 0998 1004 0232 21 056 0111 0111 -999 00749 -999 -999 -999
NHC  05E EUGENE    050719 0600 176N 1067W 315 057 0997 1008 0278 23 056 0111 0167 0074 00749 -999 -999 -999
NHC  05E EUGENE    050719 1200 186N 1077W 315 067 0994 1008 0278 26 074 0185 0185 0074 00744 0111 -999 -999
NHC  05E EUGENE    050719 1800 197N 1090W 300 077 0989 1010 0278 31 056 0167 0167 0093 01393 0093 -999 0074
NHC  05E EUGENE    050720 0000 202N 1105W 305 077 0994 1008 0315 26 056 0167 0167 0093 01393 0111 -999 0074
NHC  05E EUGENE    050720 0600 208N 1105W 310 057 0998 1008 0315 21 056 0111 0093 0130 00939 -999 -999 -999
NHC  05E EUGENE    050720 1200 212N 1112W 305 051 1004 1008 0334 15 056 -999 -999 -999 -999 -999 -999
NHC  05E EUGENE    050720 1800 220N 1115W 315 041 1006 1008 0334 15 056 -999 -999 -999 -999 -999 -999
