JTWC 05W NAMELESS  050711 1800 227N 1524E 300 021 0997 1011 0278 18 074 -999 -999 -999 -999
JTWC 05W NAMELESS  050712 0000 232N 1518E 305 021 0997 1010 0324 18 074 -999 -999 -999 -999
JTWC 05W HAITANG   050712 0600 235N 1510E 295 031 0997 1011 0324 18 074 -999 -999 -999 -999
JTWC 05W HAITANG   050712 1200 234N 1503E 285 031 0997 1011 0278 18 074 -999 -999 -999 -999
JTWC 05W HAITANG   050712 1800 232N 1498E 265 031 0997 1011 0306 18 074 -999 -999 -999 -999
JTWC 05W HAITANG   050713 0000 229N 1492E 250 031 0997 1011 0306 18 074 -999 -999 -999 -999
JTWC 05W HAITANG   050713 0600 224N 1483E 245 036 0991 1009 0306 23 028 0056 0093 0093 0056
JTWC 05W HAITANG   050713 1200 218N 1470E 240 051 0984 1009 0306 28 028 0074 0111 0130 0111
JTWC 05W HAITANG   050713 1800 213N 1459E 240 057 0972 1008 0370 36 019 0111 0204 0222 0185
JTWC 05W HAITANG   050714 0000 205N 1447E 240 067 0967 1008 0370 39 028 0111 0204 0222 0185
JTWC 05W HAITANG   050714 0600 202N 1424E 260 098 0967 1008 0352 39 037 0148 0204 0222 0185
JTWC 05W HAITANG   050714 1200 196N 1406E 255 093 0958 1009 0389 44 037 0167 0204 0204 0167
JTWC 05W HAITANG   050715 0000 194N 1368E 260 093 0954 1006 0426 46 019 0185 0148 0167 0176
JTWC 05W HAITANG   050715 0600 191N 1348E 265 098 0944 1006 0426 51 028 0185 0185 0185 0185
JTWC 05W HAITANG   050715 1200 193N 1335E 265 093 0927 1005 0426 59 028 0204 0204 0204 0204
JTWC 05W HAITANG   050715 1800 195N 1319E 270 077 0922 1005 0454 62 019 0204 0204 0204 0204
JTWC 05W HAITANG   050716 0000 198N 1304E 280 077 0910 1005 0454 67 028 0204 0204 0204 0204
JTWC 05W HAITANG   050716 0600 204N 1291E 285 072 0904  999 0352 69 037 0241 0241 0259 0259
JTWC 05W HAITANG   050716 1200 207N 1277E 290 072 0898  999 0352 72 037 0241 0241 0259 0259
JTWC 05W HAITANG   050716 1800 210N 1265E 285 067 0898 1000 0352 72 037 0241 0241 0259 0259
JTWC 05W HAITANG   050717 0000 214N 1257E 290 057 0898 1000 0352 72 028 0232 0250 0250 0232
JTWC 05W HAITANG   050717 0600 222N 1249E 300 051 0916  999 0407 64 019 0278 0259 0296 0296
JTWC 05W HAITANG   050717 1200 230N 1240E 310 051 0922  999 0370 62 019 0278 0259 0259 0278
JTWC 05W HAITANG   050717 1800 237N 1230E 310 057 0922  999 0370 62 019 0278 0259 0241 0259
JTWC 05W HAITANG   050718 0000 237N 1216E 295 057 0922  999 0370 54 028 0259 0259 0241 0241
JTWC 05W HAITANG   050718 1200 243N 1211E 290 031 0954  999 0333 46 019 0241 0241 0204 0204
JTWC 05W HAITANG   050718 1800 245N 1204E 305 026 0980  999 0333 31 019 0167 0204 0204 0167
JTWC 05W HAITANG   050719 0000 247N 1202E 300 026 0976  999 0333 33 019 0185 0185 0204 0204
JTWC 05W HAITANG   050719 0600 256N 1202E 330 026 0976  998 0333 33 019 0241 0204 0130 0157
