JTWC 07B NAMELESS  051217 1200 089N 0829E 315 031 0997 1008 0352 18 074 -999 -999 -999 -999
JTWC 07B NAMELESS  051217 1800 095N 0831E 335 031 0997 1008 0352 18 074 -999 -999 -999 -999
JTWC 07B NAMELESS  051218 0000 105N 0828E 345 036 0994 1008 0352 21 074 0111 0093 0074 0093
JTWC 07B NAMELESS  051218 0600 106N 0823E 330 026 0987 1008 0370 26 046 0111 0093 0074 0111
JTWC 07B NAMELESS  051218 1200 108N 0828E 345 021 0987 1006 0333 26 046 0111 0093 0074 0111
JTWC 07B NAMELESS  051218 1800 112N 0828E 355 021 0991 1006 0333 23 046 0111 0093 0093 0111
JTWC 07B NAMELESS  051219 0000 115N 0828E   0 021 0991 1006 0333 23 046 0111 0093 0093 0111
JTWC 07B NAMELESS  051219 0600 117N 0827E 350 010 0991 1006 0333 23 046 0111 0093 0083 0120
JTWC 07B NAMELESS  051219 1200 117N 0828E   0 005 0991 1006 0333 23 046 0111 0093 0083 0120
JTWC 07B NAMELESS  051219 1800 111N 0832E 115 005 0991 1006 0315 23 046 0111 0093 0083 0120
JTWC 07B NAMELESS  051220 0000 111N 0836E 100 010 0991 1006 0315 23 046 0093 0074 0065 0093
JTWC 07B NAMELESS  051220 0600 112N 0842E  90 015 0994 1006 0296 21 046 0093 0074 0074 0093
JTWC 07B NAMELESS  051220 1200 118N 0846E  55 021 0994 1006 0296 21 046 0093 0074 0074 0093
JTWC 07B NAMELESS  051220 1800 117N 0843E  35 015 0997 1006 0259 18 046 0074 0056 0056 0093
JTWC 07B NAMELESS  051221 0000 117N 0845E  35 010 0997 1006 0111 18 046 0074 0056 0056 0074
JTWC 07B NAMELESS  051221 0600 115N 0847E  60 010 0997 1008 0389 15 065 -999 -999 -999 -999
JTWC 07B NAMELESS  051221 1800 118N 0848E  40 010 1000 1008 0389 15 074 -999 -999 -999 -999
JTWC 07B NAMELESS  051222 0000 127N 0856E  35 031 1002 1008 0389 13 083 -999 -999 -999 -999
