JTWC 07W NAMELESS  050721 1200 144N 1372E 290 005 1002 1004 0519 13 093 -999 -999 -999 -999
JTWC 07W NAMELESS  050721 1800 150N 1374E   0 010 1000 1004 0519 15 093 -999 -999 -999 -999
JTWC 07W BANYAN    050722 0000 156N 1375E  10 021 0997 1004 0519 18 093 -999 -999 -999 -999
JTWC 07W BANYAN    050722 0600 163N 1377E  15 026 0997 1003 0574 18 093 -999 -999 -999 -999
JTWC 07W BANYAN    050722 1200 173N 1381E  15 041 0997 1003 0602 18 093 -999 -999 -999 -999
JTWC 07W BANYAN    050722 1800 183N 1377E   5 046 0991 1002 0574 21 093 0130 0130 0111 0111
JTWC 07W BANYAN    050723 0000 190N 1374E 350 046 0991 1000 0574 23 130 0139 0139 -999 -999
JTWC 07W BANYAN    050723 0600 199N 1368E 340 046 0991 1000 0648 23 139 0222 0185 0139 0157
JTWC 07W BANYAN    050723 1200 203N 1371E 350 036 0991 1000 0648 23 139 0222 0185 0139 0157
JTWC 07W BANYAN    050723 1800 205N 1369E 345 026 0984 1000 0648 28 028 0185 0185 0148 0148
JTWC 07W BANYAN    050724 0000 217N 1372E   0 036 0984  996 0389 28 037 0222 0222 0222 0148
JTWC 07W BANYAN    050724 0600 235N 1371E   0 051 0984  996 0389 28 037 0222 0222 0222 0148
JTWC 07W BANYAN    050724 1200 246N 1371E   0 057 0980  996 0389 31 037 0222 0222 0167 0185
JTWC 07W BANYAN    050724 1800 257N 1373E   0 062 0984  996 0389 28 037 0222 0222 0139 0139
JTWC 07W BANYAN    050725 0000 268N 1368E 355 057 0984  996 0389 28 037 0222 0222 0139 0139
JTWC 07W BANYAN    050725 0600 283N 1365E 350 062 0987  996 0389 26 037 0222 0222 0139 0139
JTWC 07W BANYAN    050725 1200 299N 1366E 355 072 0987  996 0389 26 037 0222 0167 0139 0157
JTWC 07W BANYAN    050725 1800 311N 1368E   0 072 0991  996 0370 23 056 0222 0176 0148 0176
JTWC 07W BANYAN    050726 0000 323N 1374E  10 067 0994  997 0370 21 056 0241 0204 0204 0204
JTWC 07W BANYAN    050726 0600 334N 1388E  25 067 0997 1002 0370 18 074 -999 -999 -999 -999
JTWC 07W BANYAN    050726 1200 350N 1406E  40 088 0997 1002 0370 18 083 -999 -999 -999 -999
JTWC 07W BANYAN    050726 1800 368N 1425E  40 108 0997 1002 0370 18 083 -999 -999 -999 -999
