NHC  09L NINE      050805 0000 129N 0346W 280 057 1009 1012 0278 13 046 -999 -999 -999 -999 -999 -999
NHC  09L NINE      050805 0600 142N 0356W 300 062 1009 1012 0278 13 074 -999 -999 -999 -999 -999 -999
NHC  09L NINE      050805 1200 155N 0367W 310 062 1010 1012 0278 13 074 -999 -999 -999 -999 -999 -999
NHC  09L NINE      050805 1800 166N 0385W 290 093 1010 1014 0278 13 074 -999 -999 -999 -999 -999 -999
NHC  09L NINE      050806 0000 173N 0399W 295 088 1010 1014 0278 13 074 -999 -999 -999 -999 -999 -999
NHC  09L NINE      050806 0600 175N 0411W 285 067 1008 1012 0371 15 074 -999 -999 -999 -999 -999 -999
NHC  09L NINE      050806 1200 177N 0419W 285 057 1008 1012 0371 15 093 -999 -999 -999 -999 -999 -999
NHC  09L NINE      050806 1800 188N 0427W 300 057 1008 1012 0371 15 093 -999 -999 -999 -999 -999 -999
NHC  09L NINE      050807 0000 188N 0438W 270 051 1008 1012 0371 15 093 -999 -999 -999 -999 -999 -999
NHC  09L NINE      050807 0600 195N 0442W 295 046 1007 1012 0371 15 074 -999 -999 -999 -999 -999 -999
NHC  09L NINE      050807 1200 202N 0450W 300 041 1005 1012 0324 18 056 0074 -999 -999 -999 -999 -999
NHC  09L IRENE     050807 1800 208N 0460W 300 046 1005 1012 0278 18 056 0074 -999 -999 -999 -999 -999
NHC  09L IRENE     050808 0000 213N 0471W 300 051 1005 1012 0278 18 056 0074 -999 -999 -999 -999 -999
NHC  09L IRENE     050808 0600 218N 0483W 295 062 1006 1012 0278 18 056 0111 0111 -999 01119 -999 -999 -999
NHC  09L IRENE     050808 1200 222N 0499W 285 072 1009 1015 0278 15 056 -999 -999 -999 -999 -999 -999
NHC  09L IRENE     050808 1800 224N 0509W 285 051 1009 1015 0278 15 056 -999 -999 -999 -999 -999 -999
NHC  09L IRENE     050809 0000 225N 0521W 280 057 1009 1015 0278 15 056 -999 -999 -999 -999 -999 -999
NHC  09L IRENE     050809 0600 224N 0531W 270 051 1009 1013 0195 15 056 -999 -999 -999 -999 -999 -999
NHC  09L IRENE     050809 1200 222N 0534W 265 041 1009 1013 0195 15 056 -999 -999 -999 -999 -999 -999
NHC  09L IRENE     050809 1800 225N 0540W 270 031 1008 1012 0195 15 056 -999 -999 -999 -999 -999 -999
NHC  09L IRENE     050810 0000 224N 0550W 270 036 1008 1012 0222 15 056 -999 -999 -999 -999 -999 -999
NHC  09L IRENE     050810 0600 224N 0568W 270 051 1010 1012 0222 13 056 -999 -999 -999 -999 -999 -999
NHC  09L IRENE     050810 1200 223N 0572W 270 036 1009 1013 0278 15 056 -999 -999 -999 -999 -999 -999
NHC  09L IRENE     050810 1800 225N 0580W 275 036 1007 1013 0278 15 056 -999 -999 -999 -999 -999 -999
NHC  09L IRENE     050811 0000 232N 0592W 290 057 1007 1013 0278 15 056 -999 -999 -999 -999 -999 -999
NHC  09L IRENE     050811 0600 239N 0604W 295 062 1007 1013 0232 18 056 0074 0074 -999 00749 -999 -999 -999
NHC  09L IRENE     050811 1200 247N 0620W 300 077 1000 1013 0278 23 056 0093 0093 -999 00749 -999 -999 -999
NHC  09L IRENE     050811 1800 253N 0633W 300 067 1000 1013 0278 23 056 0093 0093 -999 00749 -999 -999 -999
NHC  09L IRENE     050812 0000 261N 0642W 300 067 1000 1015 0278 23 056 0093 0093 -999 00939 -999 -999 -999
NHC  09L IRENE     050812 0600 272N 0648W 310 067 0997 1015 0278 26 037 0093 0093 0037 00937 0037 -999 -999
NHC  09L IRENE     050812 1200 280N 0664W 300 072 0994 1015 0278 28 037 0093 0093 0037 00937 0037 -999 -999
NHC  09L IRENE     050812 1800 284N 0671W 305 062 0997 1015 0278 28 037 0093 0093 0037 00937 0037 -999 -999
NHC  09L IRENE     050813 0000 288N 0678W 295 041 0990 1015 0278 31 037 0139 0139 0139 00936 0056 0056 0037
NHC  09L IRENE     050813 0600 296N 0682W 315 041 0996 1015 0278 31 037 0139 0139 0111 01116 0056 0037 0037
NHC  09L IRENE     050813 1200 303N 0689W 320 041 0997 1015 0278 31 037 0139 0139 0111 01116 0056 0037 0037
NHC  09L IRENE     050813 1800 308N 0694W 320 041 1000 1015 0278 31 037 0139 0139 0111 01116 0056 0037 0037
NHC  09L IRENE     050814 0000 316N 0698W 325 046 0997 1015 0278 31 037 0167 0139 0111 01116 0056 0037 0037
NHC  09L IRENE     050814 0600 321N 0702W 345 041 1000 1015 0371 28 037 0167 0139 0111 00744 0056 -999 -999
NHC  09L IRENE     050814 1200 331N 0702W 360 041 0999 1015 0371 28 037 0167 0139 0111 00744 0056 -999 -999
NHC  09L IRENE     050814 1800 340N 0700W 010 046 0994 1015 0334 28 028 0167 0139 0111 00744 0056 -999 -999
NHC  09L IRENE     050815 0000 349N 0695W 025 051 0989 1014 0324 36 028 0167 0167 0074 01113 0083 0037 0056
NHC  09L IRENE     050815 0600 357N 0688W 030 051 0985 1014 0324 39 028 0167 0167 0074 01113 0083 0037 0056
NHC  09L IRENE     050815 1200 363N 0678W 045 051 0985 1015 0324 39 028 0167 0167 0074 01113 0083 0037 0056
NHC  09L IRENE     050815 1800 365N 0666W 055 046 0980 1015 0324 41 028 0130 0185 0185 01304 0130 0093 0056
NHC  09L IRENE     050816 0000 366N 0650W 085 062 0980 1015 0324 41 028 0130 0185 0185 01304 0130 0093 0056
NHC  09L IRENE     050816 0600 366N 0640W 085 051 0983 1015 0324 39 028 0130 0185 0130 01306 0093 0093 0056
NHC  09L IRENE     050816 1200 366N 0630W 090 046 0983 1015 0324 39 028 0130 0185 0130 01306 0093 0093 0056
NHC  09L IRENE     050816 1800 365N 0620W 090 046 0975 1013 0324 44 028 0130 0185 0185 01306 0093 0093 0056
NHC  09L IRENE     050817 0000 365N 0610W 090 041 0978 1013 0324 41 028 0130 0185 0185 01306 0093 0093 0056
NHC  09L IRENE     050817 0600 365N 0606W 090 031 0983 1013 0324 39 028 0130 0185 0185 01306 0093 0093 0056
NHC  09L IRENE     050817 1200 368N 0592W 080 041 0987 1014 0334 33 028 0093 0222 0148 00936 0167 0130 0056
NHC  09L IRENE     050817 1800 377N 0573W 070 057 0990 1014 0334 31 037 0093 0222 0148 00936 0167 0111 0056
NHC  09L IRENE     050818 0000 384N 0554W 065 088 0990 1010 0222 31 074 0111 0195 0111 -999 -999 -999
NHC  09L IRENE     050818 0600 403N 0523W 050 139 0990 1010 0222 31 074 0111 0195 0111 -999 -999 -999
NHC  09L IRENE     050818 1200 433N 0489W 045 180 0992 1004 0222 31 074 0278 0278 0111 -999 -999 -999
