NHC  11E ELEVEN    050914 1800 123N 1180W 300 046 1009 1012 0232 15 056 -999 -999 -999 -999 -999 -999
NHC  11E ELEVEN    050915 0000 128N 1187W 310 046 1008 1012 0232 15 056 -999 -999 -999 -999 -999 -999
NHC  11E KENNETH   050915 1200 130N 1200W 280 036 1000 1010 0324 23 056 0083 0083 0083 00839 -999 -999 -999
NHC  11E KENNETH   050915 1800 129N 1203W 270 026 0997 1010 0324 26 056 0111 0111 0111 01116 0056 0056 0056
NHC  11E KENNETH   050916 0000 130N 1213W 275 036 0987 1010 0324 33 028 0111 0111 0111 01116 0056 0056 0056
NHC  11E KENNETH   050916 0600 129N 1222W 270 046 0979 1010 0324 39 028 0139 0167 0139 01113 0093 0083 0056
NHC  11E KENNETH   050916 1200 130N 1230W 275 041 0979 1009 0324 39 028 0139 0167 0139 01113 0093 0083 0056
NHC  11E KENNETH   050916 1800 130N 1240W 270 046 0979 1009 0324 39 028 0139 0167 0139 01393 0093 0083 0083
NHC  11E KENNETH   050917 0000 132N 1247W 275 041 0976 1009 0324 41 028 0167 0176 0148 01673 0102 0093 0093
NHC  11E KENNETH   050917 0600 135N 1255W 280 041 0970 1009 0324 46 028 0167 0185 0148 01673 0102 0093 0093
NHC  11E KENNETH   050917 1200 136N 1263W 285 041 0952 1009 0324 57 028 0167 0185 0148 01673 0102 0093 0093
NHC  11E KENNETH   050917 1800 139N 1272W 285 041 0960 1008 0241 51 028 0185 0185 0111 01851 0093 0074 0111
NHC  11E KENNETH   050918 0000 141N 1279W 285 041 0960 1008 0241 54 028 0204 0148 0204 01481 0093 0111 0093
NHC  11E KENNETH   050918 0600 142N 1286W 285 041 0960 1008 0241 54 028 0139 0120 0148 01394 0056 0093 0074
NHC  11E KENNETH   050918 1200 142N 1292W 280 036 0954 1008 0241 59 028 0139 0120 0148 01394 0074 0093 0074
NHC  11E KENNETH   050918 1800 142N 1296W 275 031 0948 1008 0241 59 028 0139 0139 0139 01394 0074 0074 0074
NHC  11E KENNETH   050919 0000 141N 1301W 265 026 0948 1008 0241 59 028 0139 0139 0139 01394 0074 0074 0074
NHC  11E KENNETH   050919 0600 137N 1304W 245 021 0954 1008 0241 57 028 0139 0139 0139 01394 0074 0074 0074
NHC  11E KENNETH   050919 1200 134N 1305W 225 010 0956 1008 0241 54 028 0139 0139 0139 01394 0074 0074 0074
NHC  11E KENNETH   050919 1800 134N 1305W 205 000 0970 1008 0241 46 028 0093 0139 0139 00936 0074 0074 0046
NHC  11E KENNETH   050920 0000 135N 1308W 245 005 0979 1008 0241 41 028 0074 0130 0130 00746 0074 0074 0046
NHC  11E KENNETH   050920 0600 136N 1310W 290 010 0979 1008 0241 39 028 0074 0130 0130 00746 0074 0074 0046
NHC  11E KENNETH   050920 1200 132N 1314W 270 010 0987 1008 0241 33 028 0074 0130 0130 00746 0074 0074 0046
NHC  11E KENNETH   050920 1800 132N 1311W 235 005 0994 1008 0222 28 028 0074 0111 0111 00748 0046 0046 0028
NHC  11E KENNETH   050921 0000 134N 1313W 270 005 0994 1008 0222 28 028 0074 0111 0111 00748 0046 0046 0028
NHC  11E KENNETH   050921 0600 136N 1316W 295 010 0997 1008 0222 26 028 0074 0111 0111 00748 0046 0046 0028
NHC  11E KENNETH   050921 1200 143N 1330W 300 046 0997 1008 0324 26 046 0111 0111 0167 01116 0056 0111 0056
NHC  11E KENNETH   050921 1800 147N 1336W 300 041 1000 1008 0324 23 046 0111 0111 0167 01119 -999 -999 -999
NHC  11E KENNETH   050922 0000 148N 1339W 300 041 1000 1008 0324 23 046 0111 0111 0167 01119 -999 -999 -999
NHC  11E KENNETH   050922 0600 151N 1344W 295 036 1000 1008 0324 23 046 0148 0148 0185 01489 -999 -999 -999
NHC  11E KENNETH   050922 1200 153N 1355W 280 041 0997 1008 0324 26 046 0148 0148 0185 01486 0046 0046 0046
NHC  11E KENNETH   050922 1800 158N 1361W 290 041 0997 1008 0324 28 046 0148 0185 0148 01486 0046 0046 0046
NHC  11E KENNETH   050923 0000 155N 1362W 285 026 0997 1008 0324 28 028 0148 0185 0148 01486 0046 0046 0046
NHC  11E KENNETH   050923 0600 160N 1363W 290 015 0994 1008 0324 28 028 0148 0185 0148 01486 0046 0046 0046
NHC  11E KENNETH   050923 1200 160N 1371W 285 026 0994 1008 0324 28 028 0148 0185 0148 01486 0046 0046 0046
NHC  11E KENNETH   050923 1800 160N 1376W 275 026 0997 1008 0324 26 028 0139 0139 0167 01859 0046 0074 -999
NHC  11E KENNETH   050924 0000 159N 1380W 270 026 0997 1008 0324 26 028 0158 0130 0130 01586 0046 0065 0028
NHC  11E KENNETH   050924 0600 160N 1382W 270 021 1000 1008 0324 21 028 0158 0130 0130 01589 -999 -999 -999
NHC  11E KENNETH   050924 1200 160N 1381W 270 015 1000 1008 0324 23 037 0158 0130 0130 01589 -999 -999 -999
NHC  11E KENNETH   050924 1800 162N 1389W 280 026 0990 1008 0324 31 028 0130 0130 0130 01307 0037 0037 0037
NHC  11E KENNETH   050925 0000 164N 1393W 285 026 0990 1008 0324 31 028 0130 0130 0130 01307 0037 0037 0037
NHC  11E KENNETH   050925 0600 165N 1395W 305 015 0990 1008 0324 33 019 0130 0130 0130 01307 0037 0037 0037
NHC  11E KENNETH   050925 1200 165N 1396W 270 005 0990 1008 0324 33 019 0130 0130 0130 01307 0037 0037 0037
NHC  11E KENNETH   050925 1800 159N 1397W 220 010 0987 1008 0324 33 019 0130 0130 0130 01307 0037 0037 0037
NHC  11E KENNETH   050926 0000 157N 1399W 210 015 0987 1008 0324 33 019 0130 0130 0130 01307 0037 0037 0037
NHC  11E KENNETH   050926 0600 153N 1401W 205 021 0988 1013 0343 33 019 0130 0130 0130 01307 0037 0037 0037
NHC  11E KENNETH   050926 1200 148N 1409W 225 026 0990 1013 0306 31 028 0130 0111 0111 01307 0028 0028 0037
NHC  11E KENNETH   050926 1800 144N 1404W 200 026 0995 1013 0306 31 028 0130 0111 0111 01307 0028 0028 0037
NHC  11E KENNETH   050927 0000 142N 1411W 220 026 1000 1013 0306 28 028 0111 0074 0074 01117 -999 -999 0037
NHC  11E KENNETH   050927 0600 141N 1416W 245 015 1000 1010 0324 28 028 0111 0074 0074 01117 -999 -999 0037
NHC  11E KENNETH   050927 1200 147N 1417W 310 015 1003 1010 0324 26 028 0111 0074 0074 01118 0028 0028 0028
NHC  11E KENNETH   050927 1800 149N 1420W 310 021 1005 1008 0185 23 028 0111 0074 0074 01119 -999 -999 -999
NHC  11E KENNETH   050928 0000 159N 1429W 320 036 1005 1008 0185 23 028 0111 0074 0074 01119 -999 -999 -999
NHC  11E KENNETH   050928 0600 167N 1438W 320 046 1005 1010 0222 23 028 0130 0056 0056 01309 -999 -999 -999
NHC  11E KENNETH   050928 1200 178N 1450W 315 062 1006 1010 0167 23 037 0130 0046 0046 01309 -999 -999 -999
NHC  11E KENNETH   050928 1800 181N 1456W 315 057 1008 1010 0167 21 037 0093 -999 -999 00939 -999 -999 -999
NHC  11E KENNETH   050929 0000 185N 1466W 305 051 1010 1011 0130 18 037 0074 -999 -999 00749 -999 -999 -999
NHC  11E KENNETH   050929 0600 185N 1474W 300 046 1010 1011 0130 18 037 0074 -999 -999 00749 -999 -999 -999
NHC  11E KENNETH   050929 1200 189N 1487W 285 051 1012 1013 0130 15 037 -999 -999 -999 -999 -999 -999
NHC  11E KENNETH   050929 1800 190N 1499W 280 057 1012 1013 0130 15 037 -999 -999 -999 -999 -999 -999
NHC  11E KENNETH   050930 0000 191N 1509W 280 051 1012 1013 0130 15 037 -999 -999 -999 -999 -999 -999
NHC  11E KENNETH   050930 0600 192N 1521W 275 057 1013 1014 0130 13 037 -999 -999 -999 -999 -999 -999
NHC  11E KENNETH   050930 1200 193N 1533W 275 057 1013 1014 0130 13 037 -999 -999 -999 -999 -999 -999
NHC  11E KENNETH   050930 1800 193N 1542W 275 051 1013 1014 0130 13 056 -999 -999 -999 -999 -999 -999
