JTWC 12W NAMELESS  050820 1200 229N 1499E 285 026 1000 1010 0287 15 037 -999 -999 -999 -999
JTWC 12W NAMELESS  050820 1800 231N 1498E 295 021 1000 1010 0287 15 037 -999 -999 -999 -999
JTWC 12W NAMELESS  050821 0000 238N 1490E 305 031 0994 1010 0296 21 028 0046 0056 0056 0046
JTWC 12W NAMELESS  050821 0600 250N 1483E 320 046 0994 1010 0296 21 028 0046 0056 0056 0046
JTWC 12W GUCHOL    050821 1200 255N 1479E 325 041 0991 1010 0296 23 028 0065 0074 0056 -999
JTWC 12W GUCHOL    050821 1800 262N 1474E 330 041 0987 1010 0296 26 028 0074 0074 0074 0046
JTWC 12W GUCHOL    050822 0000 270N 1470E 330 041 0980 1010 0306 31 019 0093 0093 0093 0074
JTWC 12W GUCHOL    050822 0600 281N 1468E 340 046 0984 1005 0278 28 019 0111 0111 0056 0056
JTWC 12W GUCHOL    050822 1200 294N 1463E 345 057 0984 1005 0278 28 019 0111 0111 0056 0056
JTWC 12W GUCHOL    050822 1800 299N 1462E 345 051 0987 1005 0296 26 046 0102 0102 0074 0074
JTWC 12W GUCHOL    050823 0000 311N 1460E 350 051 0987 1005 0241 26 046 0102 0102 0083 0083
JTWC 12W GUCHOL    050823 0600 323N 1470E  10 051 0984 1005 0241 28 019 0102 0102 0083 0083
JTWC 12W GUCHOL    050823 1200 334N 1482E  25 062 0984 1005 0241 28 019 0102 0102 0083 0083
JTWC 12W GUCHOL    050823 1800 345N 1494E  40 077 0984 1007 0185 28 019 0102 0102 0083 0083
JTWC 12W GUCHOL    050824 0000 357N 1511E  45 082 0984 1007 0185 28 019 0102 0074 0083 0074
JTWC 12W GUCHOL    050824 0600 367N 1530E  50 088 0980 1007 0185 31 019 0093 0093 0074 0093
JTWC 12W GUCHOL    050824 1200 378N 1551E  55 098 0984 1007 0185 28 019 0093 0093 0074 0093
JTWC 12W GUCHOL    050824 1800 393N 1575E  55 124 0991 1007 0185 23 019 0139 0111 0093 0111
