NHC  14E FOURTEEN  050923 0000 149N 1085W 314 036 1008 1011 0278 15 056 -999 -999 -999 -999 -999 -999
NHC  14E FOURTEEN  050923 0600 150N 1090W 295 031 1005 1011 0278 18 056 -999 -999 0056 00569 -999 -999 -999
NHC  14E NORMA     050923 1200 154N 1092W 300 026 1002 1008 0278 21 056 -999 -999 0074 00749 -999 -999 -999
NHC  14E NORMA     050923 1800 152N 1100W 290 026 1000 1008 0278 23 056 -999 -999 0074 00749 -999 -999 -999
NHC  14E NORMA     050924 0000 155N 1100W 330 015 1000 1008 0278 23 056 -999 -999 0074 00749 -999 -999 -999
NHC  14E NORMA     050924 0600 158N 1102W 330 015 1000 1008 0278 23 056 -999 -999 0093 00749 -999 -999 -999
NHC  14E NORMA     050924 1200 162N 1106W 325 026 1000 1008 0278 23 056 -999 -999 0093 00749 -999 -999 -999
NHC  14E NORMA     050924 1800 164N 1108W 330 021 0994 1008 0278 28 037 0074 0074 0093 00939 -999 0037 0037
NHC  14E NORMA     050925 0000 166N 1108W 360 010 0995 1008 0278 28 037 0074 0074 0093 00939 -999 0037 0037
NHC  14E NORMA     050925 0600 172N 1113W 325 026 0998 1008 0278 23 046 0074 0074 0093 00939 -999 -999 -999
NHC  14E NORMA     050925 1200 177N 1118W 325 026 0998 1008 0278 23 046 0074 0074 0093 00939 -999 -999 -999
NHC  14E NORMA     050925 1800 180N 1120W 320 031 0998 1008 0278 23 046 0074 0074 0093 00939 -999 -999 -999
NHC  14E NORMA     050926 0000 185N 1128W 310 036 0998 1007 0324 23 046 0074 0074 0093 00939 -999 -999 -999
NHC  14E NORMA     050926 0600 191N 1132W 320 036 0999 1010 0324 21 046 0139 0139 0139 01399 -999 -999 -999
NHC  14E NORMA     050926 1200 194N 1140W 310 036 1004 1010 0324 18 046 0139 0139 0139 01399 -999 -999 -999
NHC  14E NORMA     050926 1800 203N 1147W 315 046 1004 1010 0324 18 046 0139 0139 0232 01399 -999 -999 -999
NHC  14E NORMA     050927 0000 208N 1152W 320 036 1006 1010 0324 15 046 -999 -999 -999 -999 -999 -999
NHC  14E NORMA     050927 0600 217N 1162W 315 046 1006 1010 0324 13 046 -999 -999 -999 -999 -999 -999
