NHC  15L FIFTEEN   050905 1800 278N 0675W 360 000 1009 1012 0297 13 074 -999 -999 -999 -999 -999 -999
NHC  15L FIFTEEN   050906 0000 280N 0667W 270 010 1007 1012 0297 15 056 -999 -999 -999 -999 -999 -999
NHC  15L NATE      050906 0600 285N 0665W 270 005 1002 1012 0297 21 046 0074 0074 0074 00749 -999 -999 -999
NHC  15L NATE      050906 1200 286N 0666W 360 000 1000 1012 0297 26 046 0074 0074 0074 00746 0046 0046 0046
NHC  15L NATE      050906 1800 286N 0666W 360 000 0997 1015 0371 26 046 0111 0111 0074 01116 0056 -999 0056
NHC  15L NATE      050907 0000 287N 0663W 040 005 0994 1015 0371 28 046 0148 0111 0074 01114 0056 -999 0056
NHC  15L NATE      050907 0600 287N 0665W 270 005 0990 1015 0371 31 037 0148 0111 0074 01114 0056 0037 0056
NHC  15L NATE      050907 1200 288N 0662W 040 005 0985 1015 0371 36 028 0185 0185 0111 01484 0074 0056 0074
NHC  15L NATE      050907 1800 293N 0660W 030 015 0979 1015 0371 39 028 0185 0185 0111 01484 0074 0056 0074
NHC  15L NATE      050908 0000 296N 0657W 030 015 0979 1015 0371 39 028 0185 0185 0111 01484 0074 0056 0074
NHC  15L NATE      050908 0600 300N 0650W 050 036 0984 1015 0371 39 028 0185 0185 0111 01484 0074 0056 0074
NHC  15L NATE      050908 1200 303N 0637W 065 036 0982 1015 0371 39 028 0222 0222 0111 01114 0074 0074 0074
NHC  15L NATE      050908 1800 314N 0627W 055 057 0982 1015 0371 39 028 0222 0222 0111 01114 0074 0074 0074
NHC  15L NATE      050909 0000 326N 0611W 050 072 0979 1015 0371 41 028 0222 0222 0111 01114 0074 0074 0074
NHC  15L NATE      050909 0600 331N 0593W 055 077 0985 1015 0371 36 028 0445 0334 0167 02222 0167 0056 0139
NHC  15L NATE      050909 1200 340N 0558W 065 108 0987 1015 0371 33 028 0278 0389 0334 02227 0222 0167 0083
NHC  15L NATE      050909 1800 346N 0534W 070 113 0991 1012 0417 28 037 0278 0389 0334 02227 0222 0167 0083
NHC  15L NATE      050910 0000 347N 0508W 075 118 0997 1012 0417 26 037 0278 0334 0278 02227 0222 0167 0083
NHC  15L NATE      050910 0600 347N 0491W 090 082 0997 1012 0417 26 037 0278 0334 0278 02223 0185 0139 0139
NHC  15L NATE      050910 1200 345N 0459W 090 113 0997 1012 0371 23 167 -999 0324 0324 02329 -999 -999 -999
