NHC  16L SIXTEEN   050906 1800 267N 0784W 360 010 1010 1012 0278 13 111 -999 -999 -999 -999 -999 -999
NHC  16L SIXTEEN   050907 0000 272N 0784W 360 015 1008 1011 0278 13 111 -999 -999 -999 -999 -999 -999
NHC  16L OPHELIA   050907 0600 279N 0788W 335 031 1003 1011 0278 18 093 0111 -999 -999 00939 -999 -999 -999
NHC  16L OPHELIA   050907 1200 287N 0792W 340 036 1000 1011 0278 23 093 0111 -999 -999 00939 -999 -999 -999
NHC  16L OPHELIA   050907 1800 288N 0793W 360 000 0997 1011 0278 23 093 0111 -999 -999 -999 -999 -999
NHC  16L OPHELIA   050908 0000 288N 0793W 360 000 0994 1011 0278 23 028 0111 0056 0056 00569 -999 -999 -999
NHC  16L OPHELIA   050908 0600 287N 0794W 270 005 0994 1011 0278 26 028 0111 0065 0065 00747 -999 -999 0037
NHC  16L OPHELIA   050908 1200 286N 0796W 360 000 0989 1011 0278 26 028 0111 0074 0074 00747 0037 0037 0037
NHC  16L OPHELIA   050908 1800 286N 0795W 360 000 0990 1010 0232 28 028 0111 0111 0111 01116 0046 0046 0046
NHC  16L OPHELIA   050909 0000 286N 0794W 360 000 0990 1010 0232 33 037 0130 0130 0130 01306 0056 0056 0056
NHC  16L OPHELIA   050909 0600 289N 0793W 020 010 0990 1012 0278 31 037 0111 0111 0111 00936 0046 0046 0046
NHC  16L OPHELIA   050909 1200 293N 0791W 360 000 0991 1012 0278 28 037 0111 0111 0111 00936 0046 0046 0046
NHC  16L OPHELIA   050909 1800 298N 0786W 030 026 0983 1012 0278 33 028 0111 0111 0111 00936 0046 0046 0046
NHC  16L OPHELIA   050910 0000 301N 0775W 055 036 0983 1012 0278 33 028 0120 0120 0120 01205 0065 0065 0065
NHC  16L OPHELIA   050910 0600 309N 0769W 035 046 0984 1012 0278 31 056 0148 0148 0120 01203 0093 0065 0065
NHC  16L OPHELIA   050910 1200 315N 0766W 045 036 0976 1012 0278 31 056 0148 0148 0120 01203 0093 0065 0065
NHC  16L OPHELIA   050910 1800 317N 0762W 045 021 0977 1012 0278 36 046 0222 0222 0139 02223 0093 0065 0093
NHC  16L OPHELIA   050911 0000 318N 0759W 360 000 0977 1012 0278 36 046 0241 0222 0139 02223 0093 0065 0093
NHC  16L OPHELIA   050911 0600 317N 0759W 360 000 0978 1014 0334 39 037 0241 0241 0167 02413 0093 0065 0093
NHC  16L OPHELIA   050911 1200 316N 0757W 360 000 0978 1013 0334 39 037 0241 0241 0167 02413 0093 0065 0093
NHC  16L OPHELIA   050911 1800 316N 0760W 360 000 0978 1014 0259 36 037 0241 0259 0185 02593 0130 0074 0130
NHC  16L OPHELIA   050912 0000 312N 0762W 240 026 0978 1014 0259 33 037 0241 0259 0185 02593 0130 0074 0130
NHC  16L OPHELIA   050912 0600 312N 0766W 270 021 0985 1014 0278 33 046 0241 0259 0185 02593 0130 0074 0130
NHC  16L OPHELIA   050912 1200 315N 0769W 315 015 0988 1014 0297 33 046 0241 0259 0185 02593 0130 0074 0130
NHC  16L OPHELIA   050912 1800 318N 0773W 310 021 0989 1014 0297 31 074 0259 0259 0185 02220 0130 -999 0130
NHC  16L OPHELIA   050913 0000 319N 0777W 305 021 0988 1014 0371 31 083 0259 0222 0222 02220 0130 0130 0130
NHC  16L OPHELIA   050913 0600 319N 0779W 290 015 0990 1014 0371 31 083 0259 0222 0222 02220 0130 0130 0130
NHC  16L OPHELIA   050913 1200 322N 0779W 315 015 0989 1014 0371 31 083 0259 0222 0185 01850 0111 0093 0093
NHC  16L OPHELIA   050913 1800 325N 0780W 335 015 0989 1014 0371 31 083 0259 0222 0185 01850 0111 0093 0093
NHC  16L OPHELIA   050914 0000 326N 0781W 345 010 0985 1014 0371 33 083 0222 0222 0185 01301 0111 0111 0083
NHC  16L OPHELIA   050914 0600 328N 0779W 360 010 0980 1014 0371 33 083 0222 0222 0185 01301 0111 0111 0083
NHC  16L OPHELIA   050914 1200 334N 0778W 010 021 0980 1014 0371 36 065 0222 0222 0185 01301 0111 0111 0083
NHC  16L OPHELIA   050914 1800 339N 0774W 030 031 0979 1014 0371 39 056 0222 0222 0185 01301 0111 0111 0093
NHC  16L OPHELIA   050915 0000 342N 0768W 060 031 0979 1012 0371 39 056 0222 0222 0185 00931 0111 0111 0065
NHC  16L OPHELIA   050915 0600 345N 0764W 045 026 0982 1012 0371 39 056 0222 0222 0185 00931 0111 0111 0065
NHC  16L OPHELIA   050915 1200 347N 0758W 060 026 0984 1012 0371 36 056 0222 0222 0185 00931 0111 0111 0065
NHC  16L OPHELIA   050915 1800 347N 0757W 065 010 0986 1012 0371 36 056 0222 0222 0185 00931 0111 0093 0065
NHC  16L OPHELIA   050916 0000 346N 0751W 100 021 0987 1012 0334 31 056 0185 0222 0185 00934 0111 0093 0065
NHC  16L OPHELIA   050916 0600 347N 0748W 045 010 0993 1012 0334 28 074 0167 0167 0167 00933 0111 0093 -999
NHC  16L OPHELIA   050916 1200 354N 0745W 025 036 0996 1012 0334 26 093 0167 0167 0167 01113 0111 -999 -999
NHC  16L OPHELIA   050916 1800 364N 0736W 040 057 0996 1012 0334 28 028 0167 0167 0167 01113 0111 -999 -999
NHC  16L OPHELIA   050917 0000 374N 0726W 045 067 0993 1012 0334 28 037 0167 0167 0167 01113 0111 -999 -999
NHC  16L OPHELIA   050917 0600 388N 0715W 035 088 1000 1014 0371 26 074 0222 0278 0167 00939 0167 -999 -999
NHC  16L OPHELIA   050917 1200 400N 0698W 040 093 0999 1014 0371 26 074 0222 0278 0167 00939 0167 -999 -999
NHC  16L OPHELIA   050917 1800 415N 0675W 050 108 0999 1014 0371 26 074 0222 0278 0167 00939 0167 -999 -999
NHC  16L OPHELIA   050918 0000 431N 0651W 045 134 0997 1014 0371 23 111 0222 0278 0167 -999 -999 -999
