JTWC 18W NAMELESS  050920 1800 216N 1513E 295 026 1000 1005 0463 15 074 -999 -999 -999 -999
JTWC 18W SAOLA     050921 0000 220N 1505E 300 036 0997 1005 0482 18 074 -999 -999 -999 -999
JTWC 18W SAOLA     050921 0600 229N 1500E 310 041 0994 1006 0500 21 056 0056 0056 0056 0056
JTWC 18W SAOLA     050921 1200 236N 1489E 310 051 0987 1006 0500 26 056 0083 0083 0083 0083
JTWC 18W SAOLA     050921 1800 242N 1476E 305 062 0984 1004 0139 28 019 0093 0093 0093 0093
JTWC 18W SAOLA     050922 0000 248N 1461E 300 067 0972 1004 0407 36 019 0157 0148 0157 0157
JTWC 18W SAOLA     050922 0600 252N 1443E 290 077 0972 1004 0407 36 019 0157 0148 0157 0157
JTWC 18W SAOLA     050922 1200 257N 1428E 290 077 0967 1004 0426 39 037 0148 0148 0157 0157
JTWC 18W SAOLA     050922 1800 264N 1413E 295 077 0954 1003 0426 46 028 0167 0167 0167 0167
JTWC 18W SAOLA     050923 0000 272N 1401E 300 072 0954 1003 0426 46 019 0176 0148 0148 0176
JTWC 18W SAOLA     050923 0600 277N 1391E 300 067 0954 1003 0426 46 019 0148 0148 0176 0176
JTWC 18W SAOLA     050923 1200 283N 1387E 310 051 0954 1003 0426 46 019 0130 0148 0194 0139
JTWC 18W SAOLA     050923 1800 290N 1382E 320 041 0954 1003 0426 46 019 0333 0222 0185 0259
JTWC 18W SAOLA     050924 0000 296N 1379E 330 036 0954 1003 0426 46 019 0278 0222 0185 0296
JTWC 18W SAOLA     050924 0600 305N 1379E 345 036 0944 1003 0426 51 019 0287 0241 0213 0287
JTWC 18W SAOLA     050924 1200 315N 1383E   0 041 0949 1003 0426 49 028 0287 0250 0222 0287
JTWC 18W SAOLA     050924 1800 322N 1393E  25 051 0954 1003 0370 46 019 0222 0167 0185 0204
JTWC 18W SAOLA     050925 0000 333N 1410E  40 067 0954 1003 0370 46 019 0296 0241 0222 0204
JTWC 18W SAOLA     050925 0600 347N 1428E  50 103 0967 1003 0370 39 028 0278 0241 0204 0222
JTWC 18W SAOLA     050925 1200 359N 1448E  50 103 0976 1003 0370 33 037 0296 0232 0185 0204
JTWC 18W SAOLA     050925 1800 367N 1462E  50 093 0987 1003 0278 26 037 0278 0213 0167 0185
