JTWC 19P OLAF      050213 1800 096S 1774W  95 015 0994 1006 0222 21 065 0093 0111 0111 0093
JTWC 19P OLAF      050214 0000 094S 1780W 270 -99 0972 1005 0222 36 028 0148 0167 0167 0148
JTWC 19P OLAF      050214 0600 092S 1779W 295 005 0954 1005 0222 46 019 0148 0167 0167 0148
JTWC 19P OLAF      050214 1200 094S 1771W  80 010 0954 1005 0222 46 019 0148 0167 0167 0148
JTWC 19P OLAF      050214 1800 098S 1759W 100 036 0916 1005 0222 64 019 0148 0167 0167 0148
JTWC 19P OLAF      050215 0000 107S 1751W 120 051 0916 1005 0263 64 019 0157 0176 0176 0157
JTWC 19P OLAF      050215 0600 115S 1745W 130 051 0916 1000 0263 64 019 0148 0167 0167 0148
JTWC 19P OLAF      050215 1200 120S 1741W 135 046 0922 1000 0263 62 019 0176 0157 0157 0176
JTWC 19P OLAF      050215 1800 122S 1736W 135 036 0910 1000 0263 67 019 0213 0194 0194 0213
JTWC 19P OLAF      050216 0000 122S 1726W 110 036 0898 1000 0263 72 019 0222 0222 0194 0222
JTWC 19P OLAF      050216 0600 126S 1713W 100 051 0892  996 0263 75 009 0176 0204 0204 0176
JTWC 19P OLAF      050216 1200 133S 1701W 110 062 0892  995 0263 75 009 0185 0222 0222 0185
JTWC 19P OLAF      050216 1800 144S 1692W 125 067 0898  998 0263 72 009 0176 0194 0194 0176
JTWC 19P OLAF      050217 0000 154S 1682W 135 072 0898  998 0263 72 019 0176 0194 0194 0176
JTWC 19P OLAF      050217 0600 166S 1673W 140 072 0910  998 0263 67 019 0176 0194 0194 0176
JTWC 19P OLAF      050217 1200 176S 1665W 140 072 0938  998 0263 54 019 0176 0194 0194 0176
JTWC 19P OLAF      050217 1800 185S 1657W 145 067 0922  994 0263 62 019 0213 0194 0194 0213
JTWC 19P OLAF      050218 0000 196S 1644W 140 072 0922  995 0263 62 019 0222 0204 0204 0222
JTWC 19P OLAF      050218 0600 212S 1629W 135 082 0927  995 0263 59 019 0222 0204 0204 0222
JTWC 19P OLAF      050218 1200 230S 1617W 140 103 0944  995 0263 51 019 0222 0204 0185 0185
JTWC 19P OLAF      050218 1800 249S 1608W 150 103 0954  995 0296 46 028 0222 0259 0222 0259
JTWC 19P OLAF      050219 0600 280S 1606W 170 088 0976  998 0259 33 037 0167 0185 0185 0167
JTWC 19P OLAF      050219 1200 294S 1611W 185 082 0984 1000 0259 28 037 0139 0157 0139 0130
JTWC 19P OLAF      050219 1800 307S 1613W 185 077 0991 1000 0222 23 037 0139 0157 0139 0130
