NHC  20L TWENTY    051001 1800 190N 0862W 285 026 1006 1011 0324 15 111 -999 -999 -999 -999 -999 -999
NHC  20L TWENTY    051002 0000 192N 0867W 280 026 1004 1011 0324 15 111 -999 -999 -999 -999 -999 -999
NHC  20L STAN      051002 0600 195N 0872W 285 026 1004 1010 0371 21 111 0111 0167 -999 -999 -999 -999
NHC  20L STAN      051002 1200 197N 0877W 290 026 1003 1008 0278 18 111 0111 0167 -999 -999 -999 -999
NHC  20L STAN      051002 1800 204N 0889W 295 046 1004 1008 0315 18 185 0195 -999 -999 -999 -999 -999
NHC  20L STAN      051003 0000 207N 0898W 290 046 1003 1007 0278 15 185 -999 -999 -999 -999 -999 -999
NHC  20L STAN      051003 0600 205N 0910W 275 051 1003 1008 0278 15 185 -999 -999 -999 -999 -999 -999
NHC  20L STAN      051003 1200 204N 0919W 270 046 0997 1008 0297 21 093 0185 -999 -999 -999 -999 -999
NHC  20L STAN      051003 1800 201N 0921W 250 026 0997 1008 0371 26 056 0139 0093 -999 01396 -999 -999 -999
NHC  20L STAN      051004 0000 201N 0930W 270 041 0990 1007 0371 28 056 0139 0083 -999 01396 0056 -999 -999
NHC  20L STAN      051004 0600 192N 0941W 235 051 0983 1007 0371 31 009 0167 0139 0139 01396 0056 -999 0056
NHC  20L STAN      051004 1200 188N 0948W 235 036 0979 1007 0371 36 009 0167 0139 0139 01393 0056 0056 0056
NHC  20L STAN      051004 1800 179N 0954W 225 041 0988 1007 0324 28 028 0167 0083 0083 01677 0037 0037 0037
NHC  20L STAN      051005 0000 168N 0966W 225 057 1000 1007 0324 15 028 -999 -999 -999 -999 -999 -999
NHC  20L STAN      051005 0600 171N 0971W 240 031 1004 1007 0324 15 056 -999 -999 -999 -999 -999 -999
