JTWC 21W KIROGI    051010 1200 222N 1334E 235 026 1000 1006 0222 15 046 -999 -999 -999 -999
JTWC 21W KIROGI    051010 1800 217N 1335E 210 026 0997 1006 0250 18 046 -999 -999 -999 -999
JTWC 21W KIROGI    051011 0000 212N 1333E 200 026 0991 1004 0241 23 028 0111 0093 0083 0083
JTWC 21W KIROGI    051011 0600 210N 1330E 205 021 0984 1004 0241 28 028 0111 0111 0102 0102
JTWC 21W KIROGI    051011 1200 207N 1328E 210 021 0967 1006 0352 39 019 0130 0167 0241 0167
JTWC 21W KIROGI    051011 1800 205N 1327E 210 015 0938 1002 0370 54 019 0204 0204 0241 0241
JTWC 21W KIROGI    051012 0600 207N 1322E 270 010 0927 1002 0370 59 028 0148 0213 0213 0167
JTWC 21W KIROGI    051012 1200 209N 1321E 300 010 0927 1002 0370 59 028 0148 0213 0213 0167
JTWC 21W KIROGI    051012 1800 211N 1319E 315 015 0944 1002 0296 51 019 0232 0148 0148 0204
JTWC 21W KIROGI    051013 0000 214N 1318E 330 015 0949 1002 0296 49 019 0222 0185 0185 0222
JTWC 21W KIROGI    051013 0600 215N 1317E 335 010 0954 1002 0296 46 028 0167 0167 0204 0167
JTWC 21W KIROGI    051013 1200 218N 1318E   0 010 0954 1002 0296 46 019 0167 0167 0222 0185
JTWC 21W KIROGI    051014 0000 225N 1313E 345 015 0949 1002 0315 49 019 0185 0185 0204 0222
JTWC 21W KIROGI    051014 1200 230N 1311E 335 015 0954 1004 0333 46 019 0185 0185 0204 0222
JTWC 21W KIROGI    051014 1800 231N 1311E 335 010 0949 1004 0370 49 028 0204 0204 0204 0204
JTWC 21W KIROGI    051015 0000 233N 1312E   0 010 0944 1004 0370 51 037 0204 0204 0204 0204
JTWC 21W KIROGI    051015 0600 236N 1313E   5 010 0944 1004 0370 51 056 0204 0204 0204 0204
JTWC 21W KIROGI    051015 1200 238N 1318E  40 015 0944 1004 0370 51 037 0241 0204 0204 0204
JTWC 21W KIROGI    051015 1800 241N 1323E  50 021 0944 1004 0370 51 037 0204 0204 0204 0204
JTWC 21W KIROGI    051016 0000 243N 1329E  65 026 0944 1004 0370 51 037 0204 0204 0204 0204
JTWC 21W KIROGI    051016 0600 247N 1334E  60 031 0916 1004 0389 64 046 0278 0278 0333 0333
JTWC 21W KIROGI    051016 1200 253N 1339E  45 031 0916 1004 0389 64 037 0222 0222 0259 0241
JTWC 21W KIROGI    051016 1800 258N 1342E  40 031 0922 1004 0389 62 028 0222 0241 0259 0241
JTWC 21W KIROGI    051017 0000 265N 1346E  30 036 0933 1004 0370 57 019 0222 0213 0213 0222
JTWC 21W KIROGI    051017 0600 277N 1350E  20 046 0933 1004 0352 57 019 0222 0213 0185 0204
JTWC 21W KIROGI    051017 1200 286N 1355E  20 051 0949 1004 0333 49 019 0222 0194 0167 0185
JTWC 21W KIROGI    051017 1800 292N 1361E  25 051 0954 1008 0333 46 019 0213 0167 0185 0194
JTWC 21W KIROGI    051018 0000 300N 1367E  35 046 0954 1008 0333 46 019 0185 0130 0185 0194
JTWC 21W KIROGI    051018 0600 309N 1377E  40 051 0954 1008 0333 46 019 0185 0167 0167 0241
JTWC 21W KIROGI    051018 1200 319N 1392E  45 082 0967 1008 0315 39 019 0194 0130 0148 0241
JTWC 21W KIROGI    051018 1800 327N 1405E  50 072 0984 1011 0278 28 037 0167 0130 0130 0241
