JTWC 23S WILLY     050310 0000 142S 1167E 260 036 0991 1008 0296 23 046 0222 0222 0222 0222
JTWC 23S WILLY     050310 0600 144S 1157E 255 046 0984 1008 0296 28 037 0241 0241 0241 0241
JTWC 23S WILLY     050310 1200 150S 1150E 245 046 0984 1008 0296 28 037 0241 0241 0241 0241
JTWC 23S WILLY     050310 1800 154S 1145E 240 041 0976 1006 0315 33 037 0259 0296 0296 0259
JTWC 23S WILLY     050311 0000 160S 1135E 235 046 0967 1006 0315 39 019 0278 0296 0296 0278
JTWC 23S WILLY     050311 0600 165S 1126E 235 046 0954 1006 0315 46 019 0278 0296 0296 0278
JTWC 23S WILLY     050311 1200 174S 1121E 225 051 0954 1006 0315 46 009 0241 0296 0241 0296
JTWC 23S WILLY     050311 1800 178S 1117E 225 041 0954 1006 0444 46 009 0241 0296 0296 0296
JTWC 23S WILLY     050312 0600 198S 1102E 215 051 0963 1006 0444 41 019 0241 0296 0296 0296
JTWC 23S WILLY     050312 1200 204S 1098E 215 051 0967 1006 0444 39 019 0259 0278 0278 0278
JTWC 23S WILLY     050312 1800 205S 1094E 215 041 0967 1008 0407 39 019 0232 0296 0296 0232
JTWC 23S WILLY     050313 0000 211S 1090E 220 031 0967 1008 0407 39 019 0232 0296 0296 0232
JTWC 23S WILLY     050313 0600 211S 1088E 225 026 0976 1008 0296 33 028 0222 0278 0278 0222
JTWC 23S WILLY     050313 1200 215S 1080E 235 026 0984 1008 0296 28 037 0185 0241 0241 0185
JTWC 23S WILLY     050313 1800 216S 1082E 225 015 0991 1008 0296 23 037 0185 0241 0241 0185
JTWC 23S WILLY     050314 0000 217S 1075E 245 021 0997 1008 0278 18 019 -999 -999 -999 -999
