JTWC 24W NAMELESS  051114 0000 082N 1289E 300 041 0997 1008 0296 18 056 -999 -999 -999 -999
JTWC 24W NAMELESS  051114 0600 096N 1286E 325 051 0997 1008 0315 18 046 -999 -999 -999 -999
JTWC 24W NAMELESS  051114 1200 102N 1284E 335 046 0997 1008 0324 18 046 -999 -999 -999 -999
JTWC 24W NAMELESS  051114 1800 106N 1289E 350 036 0994 1008 0324 21 037 0074 0074 0074 0074
JTWC 24W NAMELESS  051115 0000 106N 1297E  10 026 0994 1008 0324 21 037 0074 0074 0074 0074
JTWC 24W NAMELESS  051115 0600 112N 1300E  15 031 0994 1008 0324 21 037 0074 0074 0074 0074
JTWC 24W NAMELESS  051115 1200 123N 1305E  20 041 0994 1004 0241 21 037 0074 0074 0074 0074
JTWC 24W NAMELESS  051115 1800 136N 1310E  20 051 0991 1004 0241 23 037 0093 0093 0093 0093
JTWC 24W NAMELESS  051116 0000 141N 1307E  15 046 0987 1004 0278 26 037 0111 0111 0111 0111
JTWC 24W NAMELESS  051116 0600 144N 1302E 345 031 0980 1004 0306 31 028 0148 0111 0167 0167
JTWC 24W BOLAVEN   051116 1200 140N 1302E 335 021 0980 1002 0241 31 019 0130 0148 0185 0204
JTWC 24W BOLAVEN   051116 1800 139N 1298E 305 021 0984 1004 0278 28 019 0130 0148 0185 0204
JTWC 24W BOLAVEN   051117 0000 136N 1291E 270 026 0976 1004 0296 33 019 0204 0185 0185 0204
JTWC 24W BOLAVEN   051117 0600 130N 1291E 245 021 0976 1004 0315 33 019 0185 0204 0204 0185
JTWC 24W BOLAVEN   051117 1200 132N 1283E 265 031 0967 1004 0352 39 019 0185 0185 0204 0204
JTWC 24W BOLAVEN   051117 1800 136N 1295E 280 010 0972 1008 0352 36 009 0185 0185 0204 0204
JTWC 24W BOLAVEN   051118 0600 141N 1285E 295 021 0976 1006 0370 33 009 0194 0176 0176 0194
JTWC 24W BOLAVEN   051118 1200 149N 1273E 300 041 0976 1005 0370 33 009 0194 0176 0176 0194
JTWC 24W BOLAVEN   051118 1800 152N 1264E 295 046 0980 1005 0352 31 028 0213 0185 0185 0213
JTWC 24W BOLAVEN   051119 0600 159N 1243E 290 051 0984 1005 0324 28 037 0139 0120 0176 0213
JTWC 24W BOLAVEN   051119 1200 165N 1236E 300 046 0991 1005 0296 23 028 0102 0120 0148 0176
JTWC 24W BOLAVEN   051119 1800 166N 1234E 305 036 0991 1005 0315 23 056 0176 0120 0157 0176
JTWC 24W BOLAVEN   051120 0000 169N 1229E 310 031 0994 1005 0315 21 065 0130 0130 0093 0093
JTWC 24W BOLAVEN   051120 0600 178N 1217E 310 046 1000 1005 0315 15 065 -999 -999 -999 -999
