NHC  29L EPSILON   051129 1800 314N 0508W 260 036 0993 1006 0649 23 185 -999 -999 0241 03349 -999 -999 -999
NHC  29L EPSILON   051130 0000 314N 0515W 270 036 0993 1006 0649 23 056 0167 0056 0241 03349 -999 -999 -999
NHC  29L EPSILON   051130 0600 312N 0522W 260 031 0993 1006 0649 23 056 0167 0056 0241 03349 -999 -999 -999
NHC  29L EPSILON   051130 1200 308N 0535W 255 046 0993 1006 0649 26 056 0148 0111 0185 03349 -999 0056 0065
NHC  29L EPSILON   051130 1800 301N 0542W 240 046 0990 1006 0649 31 056 0185 0111 0222 03529 -999 0056 0065
NHC  29L EPSILON   051201 0000 297N 0538W 140 026 0990 1006 0649 31 056 0185 0139 0222 02789 -999 0056 0065
NHC  29L EPSILON   051201 0600 300N 0527W 075 051 0994 1006 0649 28 056 0185 0185 0185 01856 0056 0056 0056
NHC  29L EPSILON   051201 1200 309N 0520W 035 057 0994 1006 0649 28 056 0185 0185 0185 01856 0056 0056 0056
NHC  29L EPSILON   051201 1800 314N 0514W 050 041 0991 1006 0649 31 056 0185 0185 0148 01676 0056 0056 0056
NHC  29L EPSILON   051202 0000 319N 0506W 050 041 0992 1006 0649 28 056 0185 0185 0148 01676 0056 0056 0056
NHC  29L EPSILON   051202 0600 325N 0498W 050 046 0992 1009 0649 28 056 0185 0185 0148 01676 0056 0056 0056
NHC  29L EPSILON   051202 1200 333N 0488W 050 062 0990 1009 0649 31 056 0185 0185 0185 01676 0074 0056 0056
NHC  29L EPSILON   051202 1800 339N 0479W 050 051 0987 1009 0649 33 028 0185 0185 0185 01676 0074 0056 0056
NHC  29L EPSILON   051203 0000 344N 0471W 050 046 0987 1009 0649 33 028 0185 0185 0185 01676 0074 0056 0056
NHC  29L EPSILON   051203 0600 345N 0462W 070 041 0987 1008 0463 33 028 0185 0185 0185 01854 0074 0074 0074
NHC  29L EPSILON   051203 1200 345N 0450W 090 046 0987 1008 0463 33 028 0185 0185 0185 01854 0074 0074 0074
NHC  29L EPSILON   051203 1800 345N 0437W 090 046 0985 1008 0463 36 028 0185 0185 0185 01854 0074 0074 0074
NHC  29L EPSILON   051204 0000 343N 0423W 095 057 0987 1008 0463 33 037 0167 0185 0185 01394 0083 0083 0056
NHC  29L EPSILON   051204 0600 344N 0411W 090 057 0990 1008 0556 31 037 0139 0185 0185 01396 0083 0083 0056
NHC  29L EPSILON   051204 1200 343N 0398W 090 057 0979 1008 0371 39 037 0139 0185 0185 01396 0083 0083 0056
NHC  29L EPSILON   051204 1800 343N 0386W 090 051 0982 1008 0371 36 037 0139 0139 0139 01396 0056 0056 0056
NHC  29L EPSILON   051205 0000 343N 0378W 090 041 0985 1008 0371 33 037 0139 0139 0185 01396 0056 0093 0056
NHC  29L EPSILON   051205 0600 339N 0367W 110 046 0986 1010 0417 33 037 0139 0139 0185 01396 0056 0093 0056
NHC  29L EPSILON   051205 1200 338N 0355W 100 046 0986 1010 0417 33 037 0139 0139 0185 01396 0056 0093 0056
NHC  29L EPSILON   051205 1800 337N 0347W 100 046 0982 1010 0417 36 037 0139 0139 0185 01396 0056 0093 0056
NHC  29L EPSILON   051206 0000 334N 0338W 105 041 0986 1010 0417 33 037 0139 0139 0185 01396 0056 0093 0056
NHC  29L EPSILON   051206 0600 331N 0337W 160 026 0986 1010 0417 33 037 0139 0139 0185 01396 0056 0093 0056
NHC  29L EPSILON   051206 1200 323N 0337W 180 041 0987 1010 0417 33 046 0167 0167 0241 02416 0056 0074 0074
NHC  29L EPSILON   051206 1800 316N 0342W 210 041 0987 1010 0417 33 046 0167 0167 0241 02416 0056 0074 0074
NHC  29L EPSILON   051207 0000 307N 0349W 215 051 0987 1012 0371 33 046 0185 0139 0185 02414 0056 0074 0130
NHC  29L EPSILON   051207 1200 294N 0373W 235 062 0987 1012 0371 33 046 0204 0204 0204 02413 0065 0065 0083
NHC  29L EPSILON   051207 1800 287N 0382W 235 062 0987 1012 0371 33 046 0204 0204 0204 02413 0065 0065 0083
NHC  29L EPSILON   051208 0000 282N 0388W 230 046 0994 1012 0324 28 046 0167 0167 0139 01396 0056 -999 -999
NHC  29L EPSILON   051208 0600 273N 0393W 215 051 1003 1012 0324 21 056 0093 0139 0093 -999 -999 -999
NHC  29L EPSILON   051208 1200 265N 0400W 220 046 1003 1012 0324 15 056 -999 -999 -999 -999 -999 -999
