NHC  89L     NONAM 050211 1800 230N 0750W 300 051 1005 1013 0278 18 093 0093 0093 0093 00939 -999 -999 -999
NHC  89L     NONAM 050304 0000 200N 0700W 290 051 1005 1013 0278 18 093 0093 0093 0093 00939 -999 -999 -999
NHC  89L     NONAM 050304 0600 205N 0710W 295 051 1002 1013 0324 21 093 0093 0093 0093 00939 -999 -999 -999
NHC  89L     NONAM 050405 1800 230N 0750W 300 051 1005 1013 0278 18 093 0093 0093 0093 00939 -999 -999 -999
NHC  89L MARK      050506 1200 154N 0777W 280 077 1009 1010 0278 31 000 0148 0148 0148 01487 0037 0037 0037
NHC  89L     NONAM 050510 1200 230N 0750W 295 051 1005 1013 0278 18 093 0093 0093 0093 00939 -999 -999 -999
NHC  89L     NONAM 050510 1800 235N 0759W 295 051 1002 1013 0324 21 074 0093 0093 0093 00939 -999 -999 -999
NHC  89L     NONAM 050511 0000 240N 0769W 300 051 0997 1013 0371 28 046 0148 0148 0148 01486 0056 0056 0056
NHC  89L     NONAM 050511 0600 245N 0779W 300 051 0987 1013 0371 33 037 0185 0185 0185 01854 0074 0074 0074
NHC  89L    NONAME 050513 1800 230N 0750W 295 051 1005 1013 0278 18 093 0093 0093 0093 00939 -999 -999 -999
NHC  89L    NONAME 050516 1200 230N 0750W 300 051 1005 1013 0278 18 093 0093 0093 0093 00939 -999 -999 -999
NHC  89L    NONAME 050517 1200 265N 0800W 310 077 1005 1013 0278 18 093 0093 0093 0093 00939 -999 -999 -999
NHC  89L SHANIA    050524 1200 144N 0459W 270 088 1009 1010 0278 23 065 0185 0185 0185 01859 -999 -999 -999
NHC  89L NONAME    050527 1200 230N 0750W 295 062 1005 1013 0278 18 093 0093 0093 0093 00939 -999 -999 -999
NHC  89L NONAME    050531 0600 230N 0750W 290 046 1005 1013 0278 18 093 0093 0093 0093 00939 -999 -999 -999
NHC  89L NONAME    050531 1200 235N 0760W 295 051 1002 1013 0278 21 083 0093 0093 0093 00939 -999 -999 -999
NHC  89L NONAME    050531 1800 241N 0770W 300 051 0998 1013 0324 23 074 0111 0111 0111 01119 -999 -999 -999
NHC  89L NONAME    050609 0600 230N 0750W 295 051 1005 1013 0278 18 093 0093 0093 0093 00939 -999 -999 -999
NHC  89L NONAME    050628 1200 230N 0750W 295 051 1005 1013 0278 18 093 0093 0093 0093 00939 -999 -999 -999
NHC  89L NONAME    050720 1200 230N 0750W 300 046 1005 1013 0278 18 093 0093 0093 0093 00939 -999 -999 -999
NHC  89L NONAME    050809 1200 230N 0750W 295 046 1005 1013 0278 18 093 0093 0093 0093 00939 -999 -999 -999
NHC  89L NONAME    050812 1200 230N 0750W 295 046 1005 1013 0278 18 093 0093 0093 0093 00939 -999 -999 -999
NHC  89L CHRIS     051109 1200 230N 0750W 300 051 1005 1013 0278 18 093 0093 0093 0093 00939 -999 -999 -999
NHC  89L CHRIS     051109 1800 240N 0900W 070 046 1009 1012 0176 15 065 -999 -999 -999 -999 -999 -999
NHC  89L CHRIS     051110 0000 243N 0893W 070 041 1007 1012 0176 15 065 -999 -999 -999 -999 -999 -999
NHC  89L CHRIS     051208 1200 200N 0800W 290 031 1008 1010 0278 26 009 0074 0074 0074 00748 0028 0028 0028
NHC  89L CHRIS     051208 1800 201N 0809W 285 031 0996 1010 0278 31 009 0093 0093 0093 00937 0037 0037 0037
NHC  89L CHRIS     051209 0000 204N 0824W 285 051 0992 1010 0287 33 009 0111 0111 0111 01116 0046 0046 0046
NHC  89L CHRIS     051209 0600 210N 0838W 285 062 0988 1010 0287 36 009 0111 0111 0111 01116 0046 0046 0046
NHC  89L CHRIS     051209 1200 216N 0843W 295 062 0988 1010 0287 36 009 0111 0111 0111 01116 0046 0046 0046
NHC  89L CHRIS     051209 1800 223N 0848W 310 051 0988 1010 0287 36 009 0111 0111 0111 01116 0046 0046 0046
NHC  89L CHRIS     051215 1800 250N 1790W 090 124 0945 1008 0278 51 000 0046 0046 0046 00467 0037 0037 0037
