JTWC 01W NAMELESS  000506 0600 120N 1318E 309 004 0997 1007 0222 18 056 -999 -999 -999 -999
JTWC 01W NAMELESS  000506 1800 132N 1317E 330 004 0991 1008 0333 23 333 -999 -999 -999 -999
JTWC 01W DAMREY    000507 0600 138N 1316E 337 003 0980 1008 0065 31 333 -999 -999 -999 -999
JTWC 01W DAMREY    000507 1800 139N 1314E 337 002 0967 1008 0333 39 333 -999 -999 -999 -999
JTWC 01W DAMREY    000508 0600 141N 1316E 360 001 0967  967 0056 39 333 -999 -999 -999 -999
JTWC 01W DAMREY    000508 1800 151N 1332E  54 004 0963 1006 0333 41 333 -999 -999 -999 -999
JTWC 01W DAMREY    000509 0600 163N 1343E  44 005 0916 1007 0333 64 333 -999 -999 -999 -999
JTWC 01W DAMREY    000509 1800 188N 1363E  40 007 0885 1005 0417 77 472 -999 -999 -999 -999
JTWC 01W DAMREY    000510 0600 206N 1375E  33 007 0898 1006 0389 72 389 -999 -999 -999 -999
JTWC 01W DAMREY    000510 1800 229N 1389E  30 007 0976 1005 0500 33 500 -999 -999 -999 -999
JTWC 01W DAMREY    000511 0600 249N 1411E  40 007 0991 1005 0065 23 333 -999 -999 -999 -999
JTWC 01W DAMREY    000511 1800 267N 1435E  48 008 0994 1003 0333 21 333 -999 -999 -999 -999
