JTWC 02S NAMELESS  001112 0600 110S 0786E 254 031 0997 1008 022  18 111 -999 -999 -999 -999
JTWC 02S NAMELESS  001112 1200 109S 0794E 246 015 0997 1008 022  18 111 -999 -999 -999 -999
JTWC 02S NAMELESS  001112 1800 110S 0795E 243 005 1002 1006 022  13 111 -999 -999 -999 -999
JTWC 02S NAMELESS  001113 0600 094S 0805E  45 026 1002 1006 022  13 111 -999 -999 -999 -999
JTWC 02S NAMELESS  001115 0600 091S 0840E  74 031 1002 1006 022  15 083 -999 -999 -999 -999
JTWC 02S NAMELESS  001115 1200 090S 0830E  31 010 1000 1006 022  15 083 -999 -999 -999 -999
JTWC 02S NAMELESS  001115 1800 098S 0843E 104 021 1004 1008 018  13 -99 -999 -999 -999 -999
JTWC 02S NAMELESS  001116 0000 102S 0850E 114 031 1004 1008 018  13 074 -999 -999 -999 -999
JTWC 02S NAMELESS  001116 0600 105S 0854E 120 031 1002 1008 022  13 093 -999 -999 -999 -999
JTWC 02S NAMELESS  001116 1200 113S 0854E 144 031 1002 1008 022  13 093 -999 -999 -999 -999
