JTWC 03B NAMELESS  001126 1800 100N 0897E 301 046 0997 1008 022  18 093 -999 -999 -999 -999
JTWC 03B NAMELESS  001127 0000 106N 0893E 308 046 0997 1008 015  18 083 0102 0102 0102 0102
JTWC 03B NAMELESS  001127 0600 111N 0874E 301 062 0997 1008 027  18 102 -999 -999 -999 -999
JTWC 03B NAMELESS  001127 1200 112N 0857E 292 062 0984 1008 019  28 037 0130 0102 0102 0130
JTWC 03B NAMELESS  001127 1800 111N 0846E 283 062 0987 1008 019  28 037 0130 0130 0130 0130
JTWC 03B NAMELESS  001128 0600 119N 0824E 285 062 0984 1006 027  28 037 0130 0130 0130 0130
JTWC 03B NAMELESS  001128 1200 119N 0818E 285 046 0976 1006 027  33 046 0139 0139 0139 0139
JTWC 03B NAMELESS  001128 1800 117N 0813E 273 041 0976 1010 020  33 046 0139 0120 0120 0139
JTWC 03B NAMELESS  001129 0000 114N 0808E 263 031 0976 1008 020  33 046 0139 0139 0139 0139
JTWC 03B NAMELESS  001129 1200 118N 0799E 282 026 0976 1006 027  33 046 0139 0139 0139 0139
JTWC 03B NAMELESS  001129 1800 117N 0793E 278 026 0976 1006 016  33 037 0111 0111 0111 0111
JTWC 03B NAMELESS  001130 0000 122N 0780E 283 041 0987 1007 016  26 037 0111 0111 0111 0111
JTWC 03B NAMELESS  001130 1200 114N 0766E 267 036 1000 1010 022  15 056 -999 -999 -999 -999
JTWC 03B NAMELESS  001130 1800 114N 0759E 270 036 1002 1010 022  13 056 -999 -999 -999 -999
JTWC 03B NAMELESS  001201 0000 114N 0751E 270 036 1002 1010 022  13 056 -999 -999 -999 -999
JTWC 03B NAMELESS  001203 1200 112N 0657E 263 057 0997 1009 022  18 056 -999 -999 -999 -999
JTWC 03B NAMELESS  001203 1800 109N 0640E 265 077 1004 1009 022  18 056 -999 -999 -999 -999
JTWC 03B NAMELESS  001204 0000 108N 0629E 264 067 1000 1008 022  15 065 -999 -999 -999 -999
JTWC 03B NAMELESS  001204 0600 110N 0622E 267 057 1000 1009 022  15 065 -999 -999 -999 -999
JTWC 03B NAMELESS  001204 1200 099N 0609E 256 062 0997 1009 022  18 065 -999 -999 -999 -999
JTWC 03B NAMELESS  001204 1800 094N 0594E 247 072 1002 1008 022  13 056 -999 -999 -999 -999
JTWC 03B NAMELESS  001205 0000 095N 0584E 257 062 1002 1008 022  13 046 -999 -999 -999 -999
JTWC 03B NAMELESS  001205 0600 094N 0573E 262 057 1002 1008 022  13 083 -999 -999 -999 -999
