NHC  03L THREE     000804 1200 123N 0243W 280 093 1005 1014 0445 18 056 0074 -999 -999 00749 -999 -999 -999
NHC  03L ALBERTO   000804 1800 127N 0253W 280 082 1001 1014 0445 23 056 0074 -999 -999 00749 -999 -999 -999
NHC  03L ALBERTO   000805 0000 132N 0268W 285 072 0999 1014 0445 26 056 0111 0056 0056 01119 -999 -999 -999
NHC  03L ALBERTO   000805 0600 134N 0280W 285 067 0995 1014 0445 28 056 0111 0074 0074 01119 -999 -999 -999
NHC  03L ALBERTO   000805 1200 142N 0300W 290 077 1000 1014 0445 26 056 0111 0074 0074 01119 -999 -999 -999
NHC  03L ALBERTO   000805 1800 146N 0314W 280 077 0994 1014 0445 31 056 0111 0074 0074 01119 -999 -999 -999
NHC  03L ALBERTO   000806 0000 145N 0332W 275 077 0994 1014 0445 33 037 0139 0111 0111 01393 0074 0074 0093
NHC  03L ALBERTO   000806 0600 144N 0346W 275 077 0988 1014 0445 36 037 0139 0111 0111 01393 0074 0074 0093
NHC  03L ALBERTO   000806 1200 147N 0355W 275 057 0987 1013 0389 36 028 0139 0111 0111 01393 0074 0074 0093
NHC  03L ALBERTO   000806 1800 152N 0366W 285 051 0983 1013 0334 39 028 0139 0111 0111 01393 0074 0074 0093
NHC  03L ALBERTO   000807 0000 158N 0382W 290 062 0983 1013 0334 39 028 0167 0111 0111 01393 0074 0074 0093
NHC  03L ALBERTO   000807 0600 161N 0396W 285 072 0979 1013 0334 41 028 0167 0111 0111 01393 0074 0074 0093
NHC  03L ALBERTO   000807 1200 162N 0410W 280 067 0979 1013 0334 41 028 0167 0111 0111 01393 0074 0074 0093
NHC  03L ALBERTO   000807 1800 165N 0422W 280 062 0979 1013 0334 41 028 0167 0111 0111 01673 0074 0074 0093
NHC  03L ALBERTO   000808 0000 166N 0434W 280 062 0981 1013 0334 39 056 0167 0139 0139 01673 0074 0074 0093
NHC  03L ALBERTO   000808 0600 170N 0450W 280 067 0984 1013 0371 36 056 0185 0130 0130 01853 0056 0056 0093
NHC  03L ALBERTO   000808 1200 173N 0454W 285 057 0984 1013 0371 36 056 0185 0130 0130 01851 0056 0056 0111
NHC  03L ALBERTO   000808 1800 186N 0465W 285 057 0987 1013 0371 33 046 0185 0130 0130 01851 0056 0056 0111
NHC  03L ALBERTO   000809 0000 196N 0472W 325 062 0990 1013 0371 31 046 0185 0130 0130 01851 0056 0056 0111
NHC  03L ALBERTO   000809 0600 204N 0482W 320 062 0990 1013 0371 31 046 0185 0130 0130 01851 0056 0056 0111
NHC  03L ALBERTO   000809 1200 219N 0499W 315 077 0990 1013 0371 31 046 0148 0074 0074 01483 0046 0046 0093
NHC  03L ALBERTO   000809 1800 234N 0513W 320 098 0987 1013 0371 33 046 0185 0093 0093 01851 0056 0056 0111
NHC  03L ALBERTO   000810 0000 250N 0528W 320 103 0987 1013 0371 33 046 0185 0093 0093 01851 0093 0093 0111
NHC  03L ALBERTO   000810 0600 263N 0540W 320 098 0987 1013 0371 33 046 0185 0093 0093 01851 0093 0093 0111
NHC  03L ALBERTO   000810 1200 277N 0554W 320 093 0987 1013 0371 33 046 0185 0093 0093 01851 0074 0074 0074
NHC  03L ALBERTO   000810 1800 289N 0569W 320 093 0987 1013 0371 33 046 0232 0139 0093 01851 0074 0074 0074
NHC  03L ALBERTO   000811 0000 300N 0577W 325 072 0981 1013 0371 39 046 0232 0139 0093 01851 0074 0074 0074
NHC  03L ALBERTO   000811 0600 310N 0586W 325 072 0981 1013 0371 39 046 0278 0232 0185 01857 0148 0139 0139
NHC  03L ALBERTO   000811 1200 322N 0587W 345 062 0981 1013 0371 39 046 0278 0232 0185 01857 0148 0139 0139
NHC  03L ALBERTO   000811 1800 333N 0585W 010 062 0970 1013 0371 46 046 0278 0232 0185 01857 0148 0139 0139
NHC  03L ALBERTO   000812 0000 345N 0579W 010 062 0965 1013 0371 49 046 0278 0278 0185 01857 0167 0139 0139
NHC  03L ALBERTO   000812 0600 352N 0567W 050 067 0965 1013 0371 51 046 0278 0278 0185 01857 0167 0139 0139
NHC  03L ALBERTO   000812 1200 361N 0551W 040 067 0948 1013 0371 57 046 0278 0278 0185 01857 0167 0139 0139
NHC  03L ALBERTO   000812 1800 368N 0538W 050 072 0950 1013 0371 57 046 0278 0278 0185 01857 0167 0139 0139
NHC  03L ALBERTO   000813 0000 375N 0520W 055 077 0960 1013 0371 51 046 0278 0278 0185 01857 0167 0139 0139
NHC  03L ALBERTO   000813 0600 381N 0501W 070 082 0970 1013 0371 46 046 0278 0371 0371 02789 0167 0167 0139
NHC  03L ALBERTO   000813 1200 385N 0484W 075 082 0978 1013 0371 41 046 0278 0371 0371 02789 0167 0167 0139
NHC  03L ALBERTO   000813 1800 388N 0467W 075 077 0979 1013 0324 39 046 0185 0278 0278 01851 0167 0167 0111
NHC  03L ALBERTO   000814 0000 391N 0449W 075 072 0982 1013 0324 36 046 0185 0278 0278 01851 0167 0167 0111
NHC  03L ALBERTO   000814 0600 391N 0420W 090 103 0988 1013 0324 33 046 0185 0278 0278 01851 0167 0167 0111
NHC  03L ALBERTO   000814 1200 391N 0408W 090 093 0990 1012 0324 31 046 0185 0278 0278 01854 0111 0111 0074
NHC  03L ALBERTO   000814 1800 391N 0392W 090 072 0997 1012 0417 26 046 0185 0324 0324 01856 0074 0074 0056
NHC  03L ALBERTO   000815 0000 389N 0385W 135 031 0998 1012 0417 23 074 0185 0324 0324 01859 -999 -999 -999
NHC  03L ALBERTO   000815 0600 383N 0385W 155 036 0998 1012 0417 23 139 0185 0371 0417 01859 -999 -999 -999
NHC  03L ALBERTO   000815 1200 373N 0385W 190 046 0998 1012 0417 23 139 0185 0278 0371 02789 -999 -999 -999
NHC  03L ALBERTO   000815 1800 366N 0389W 210 041 1000 1014 0463 21 139 0185 0278 0278 02789 -999 -999 -999
NHC  03L ALBERTO   000816 0000 360N 0393W 220 041 1000 1014 0463 21 139 0185 0185 0278 02789 -999 -999 -999
NHC  03L ALBERTO   000816 0600 354N 0402W 230 041 1000 1014 0463 21 139 0185 0185 0278 02789 -999 -999 -999
NHC  03L ALBERTO   000816 1200 346N 0413W 230 057 1000 1016 0463 21 139 0185 0185 0185 02789 -999 -999 -999
NHC  03L ALBERTO   000816 1800 339N 0426W 240 067 1000 1016 0463 21 093 0185 0185 0185 02789 -999 -999 -999
NHC  03L ALBERTO   000817 0000 333N 0436W 235 062 0998 1016 0556 23 056 0185 0185 0185 02789 -999 -999 -999
NHC  03L ALBERTO   000817 0600 330N 0440W 235 046 0998 1016 0556 23 056 0185 0185 0185 02789 -999 -999 -999
NHC  03L ALBERTO   000817 1200 329N 0450W 260 041 0998 1016 0556 23 056 0185 0185 0185 02789 -999 -999 -999
NHC  03L ALBERTO   000817 1800 330N 0460W 280 046 0994 1016 0556 28 037 0185 0185 0185 02786 0056 0056 0056
NHC  03L ALBERTO   000818 0000 332N 0465W 275 036 0994 1016 0556 28 037 0185 0185 0185 02786 0056 0056 0056
NHC  03L ALBERTO   000818 0600 336N 0472W 300 031 0994 1016 0556 26 037 0232 0185 0232 02326 0056 0056 0056
NHC  03L ALBERTO   000818 1200 342N 0476W 310 031 0989 1016 0556 33 037 0232 0185 0232 02326 0056 0056 0056
NHC  03L ALBERTO   000818 1800 348N 0481W 320 036 0986 1016 0556 36 037 0222 0222 0222 02223 0093 0093 0093
NHC  03L ALBERTO   000819 0000 349N 0481W 330 026 0986 1016 0556 36 037 0222 0222 0222 02223 0093 0093 0093
NHC  03L ALBERTO   000819 0600 353N 0482W 335 021 0970 1016 0556 46 037 0185 0185 0185 02223 0093 0093 0093
NHC  03L ALBERTO   000819 1200 357N 0483W 345 021 0970 1016 0556 46 037 0185 0185 0185 02223 0093 0093 0093
NHC  03L ALBERTO   000819 1800 361N 0483W 350 021 0970 1016 0556 46 037 0204 0204 0204 02041 0111 0111 0111
NHC  03L ALBERTO   000820 0000 365N 0481W 005 021 0970 1016 0556 49 056 0222 0222 0222 02221 0111 0111 0111
NHC  03L ALBERTO   000820 0600 368N 0481W 005 021 0970 1018 0556 46 056 0222 0222 0222 02221 0111 0111 0111
NHC  03L ALBERTO   000820 1200 372N 0480W 010 021 0970 1018 0556 46 056 0222 0222 0222 02221 0111 0111 0111
NHC  03L ALBERTO   000820 1800 376N 0479W 010 021 0970 1018 0556 44 056 0222 0222 0222 02221 0111 0111 0111
NHC  03L ALBERTO   000821 0000 378N 0475W 020 026 0975 1018 0556 44 056 0222 0222 0222 02221 0111 0111 0111
NHC  03L ALBERTO   000821 0600 385N 0473W 020 031 0975 1018 0556 44 065 0222 0222 0222 02221 0111 0111 0111
NHC  03L ALBERTO   000821 1200 390N 0472W 020 026 0975 1018 0445 39 065 0222 0222 0222 02220 0120 0120 0120
NHC  03L ALBERTO   000821 1800 400N 0467W 020 051 0975 1018 0445 39 065 0222 0222 0222 02220 0120 0120 0120
NHC  03L ALBERTO   000822 0000 411N 0461W 025 062 0977 1018 0445 39 065 0222 0222 0222 02220 0120 0120 0120
NHC  03L ALBERTO   000822 0600 427N 0453W 020 077 0983 1018 0445 36 065 0222 0222 0185 01850 0120 0093 0093
NHC  03L ALBERTO   000822 1200 441N 0440W 030 088 0983 1018 0445 33 074 0232 0232 0185 01850 0120 0093 0093
NHC  03L ALBERTO   000822 1800 461N 0421W 040 124 0983 1018 0445 33 074 0232 0232 0185 01850 0120 0093 0093
NHC  03L ALBERTO   000823 0000 483N 0395W 045 165 0986 1018 0445 31 074 0232 0232 0185 01850 0120 0093 0093
NHC  03L ALBERTO   000823 0600 512N 0362W 045 216 0986 1018 0445 26 111 0324 0324 0278 01119 0139 -999 -999
NHC  03L ALBERTO   000823 1200 534N 0354W 030 165 0992 1018 0445 23 111 0324 0324 0278 01119 -999 -999 -999
