JTWC 04S NAMELESS  000105 1800 127S 0835E 211 046 0997 1004 0463 18 093 -999 -999 -999 -999
JTWC 04S NAMELESS  000106 0600 128S 0815E 238 031 0991 1004 0444 23 056 0139 0139 0139 0139
JTWC 04S BABIOLA   000106 1800 26 056 0167 0167 0167 0167 D      142S 0 206 -999 0987 10
JTWC 04S BABIOLA   000107 0600 23 056 0167 0167 0167 0167 M      152S 0 249 -999 0991 10
JTWC 04S BABIOLA   000107 1800 161S 0761E 242 057 0984 1006 0463 28 056 0222 0222 0222 0222
JTWC 04S BABIOLA   000108 0600 163S 0738E 249 057 0976 1006 0463 33 046 0222 0222 0222 0222
JTWC 04S BABIOLA   000108 1800 33 046 0222 0222 0222 0222 D      170S 0 258 -999 0976 10
JTWC 04S BABIOLA   000109 1800 41 037 0232 0232 0232 0232 D      194S 0 223 -999 0963 10
JTWC 04S BABIOLA   000110 1800 226S 0673E 175 051 0976 1005 0667 33 037 0222 0222 0222 0222
JTWC 04S BABIOLA   000111 0600 237S 0683E 144 031 0991 1007 0389 23 074 0185 0185 0185 0185
JTWC 04S BABIOLA   000111 1800 248S 0687E 149 021 0997 1006 0444 18 111 -999 -999 -999 -999
JTWC 04S BABIOLA   000112 0600 267S 0696E 138 026 1002 1007 0444 13 083 -999 -999 -999 -999
