NHC  06E SIX-E     000723 1800 108N 1076W 280 082 1004 1009 0222 18 083 0111 -999 -999 01119 -999 -999 -999
NHC  06E DANIEL    000724 0000 114N 1090W 280 082 1004 1009 0222 23 083 0111 -999 -999 01119 -999 -999 -999
NHC  06E DANIEL    000724 0600 117N 1108W 280 082 0994 1008 0278 28 037 0111 0074 0074 01114 0056 0056 0074
NHC  06E DANIEL    000724 1200 122N 1123W 285 082 0991 1008 0278 31 037 0148 0111 0111 01483 0056 0056 0093
NHC  06E DANIEL    000724 1800 129N 1141W 285 088 0984 1008 0278 36 037 0148 0111 0111 01483 0056 0056 0093
NHC  06E DANIEL    000725 0000 134N 1161W 285 098 0970 1008 0278 46 028 0148 0111 0111 01483 0056 0056 0093
NHC  06E DANIEL    000725 0600 138N 1178W 285 093 0960 1008 0278 51 028 0167 0111 0111 01671 0074 0074 0111
NHC  06E DANIEL    000725 1200 140N 1194W 280 088 0956 1008 0278 54 028 0167 0111 0111 01671 0074 0074 0111
NHC  06E DANIEL    000725 1800 143N 1211W 280 082 0952 1008 0278 57 028 0167 0111 0111 01671 0074 0074 0111
NHC  06E DANIEL    000726 0000 145N 1225W 280 077 0952 1008 0278 57 028 0185 0139 0139 01854 0074 0074 0111
NHC  06E DANIEL    000726 0600 149N 1239W 285 072 0955 1008 0278 54 028 0185 0139 0139 01851 0074 0074 0111
NHC  06E DANIEL    000726 1200 153N 1253W 285 072 0955 1008 0278 54 028 0185 0139 0139 01851 0074 0074 0111
NHC  06E DANIEL    000726 1800 155N 1270W 280 077 0955 1008 0278 54 028 0185 0139 0139 01851 0074 0074 0111
NHC  06E DANIEL    000727 0000 156N 1285W 280 077 0960 1008 0278 51 028 0185 0139 0139 01851 0074 0074 0111
NHC  06E DANIEL    000727 0600 157N 1301W 275 077 0965 1008 0278 49 028 0185 0139 0139 01851 0074 0074 0111
NHC  06E DANIEL    000727 1200 159N 1317W 275 077 0965 1008 0278 46 028 0185 0139 0139 01851 0074 0074 0111
NHC  06E DANIEL    000727 1800 160N 1332W 275 077 0965 1008 0278 49 028 0185 0139 0139 01851 0074 0074 0111
NHC  06E DANIEL    000728 0000 163N 1347W 280 077 0965 1008 0278 49 028 0185 0139 0139 01851 0074 0074 0111
NHC  06E DANIEL    000728 0600 168N 1364W 280 082 0965 1008 0278 51 028 0185 0139 0139 01851 0074 0074 0111
NHC  06E DANIEL    000728 1200 172N 1380W 285 082 0960 1008 0278 51 028 0185 0139 0139 01851 0074 0074 0111
NHC  06E DANIEL    000728 1800 176N 1398W 285 082 0970 1008 0278 46 028 0185 0139 0139 01851 0074 0074 0111
NHC  06E DANIEL    000729 0000 180N 1413W 285 082 0980 1010 0167 41 028 0185 0139 0139 01853 0056 0056 0093
NHC  06E DANIEL    000729 0600 184N 1429W 285 077 0990 1010 0185 33 028 0167 0111 0111 01673 0074 0074 0093
NHC  06E DANIEL    000729 1200 188N 1445W 285 082 0990 1010 0185 33 028 0167 0111 0111 01673 0074 0074 0093
NHC  06E DANIEL    000729 1800 189N 1466W 280 088 0990 1012 0139 33 028 0167 0111 0074 01676 0037 0028 0056
NHC  06E DANIEL    000730 0000 193N 1478W 280 082 0995 1012 0139 31 028 0139 0074 0056 01396 0037 0028 0056
NHC  06E DANIEL    000730 0600 198N 1487W 285 067 0997 1012 0139 28 028 0139 0074 0056 01396 0037 0028 0056
NHC  06E DANIEL    000730 1200 202N 1501W 290 062 0997 1012 0139 26 028 0139 0074 0074 01396 0037 0037 0056
NHC  06E DANIEL    000730 1800 206N 1510W 295 057 0998 1012 0139 23 028 0139 0074 0074 01399 -999 -999 -999
NHC  06E DANIEL    000731 0000 208N 1516W 290 051 0993 1012 0148 28 028 0167 0093 0093 01677 -999 -999 0037
NHC  06E DANIEL    000731 0600 211N 1524W 295 041 1000 1012 0148 26 028 0111 0056 0056 01117 -999 -999 0037
NHC  06E DANIEL    000731 1200 209N 1531W 280 031 0998 1012 0148 23 028 0130 0056 0056 01309 -999 -999 -999
NHC  06E DANIEL    000731 1800 212N 1537W 290 031 0996 1012 0148 28 028 0148 0056 0056 01483 -999 -999 0074
NHC  06E DANIEL    000801 0000 220N 1540W 310 031 0993 1012 0148 31 028 0213 0195 0065 02045 0065 -999 0074
NHC  06E DANIEL    000801 0600 225N 1553W 310 046 1001 1012 0148 26 028 0148 0093 0056 01397 0028 -999 0037
NHC  06E DANIEL    000801 1200 225N 1560W 300 041 1003 1010 0139 23 028 0111 0056 -999 01119 -999 -999 -999
NHC  06E DANIEL    000801 1800 240N 1572W 310 057 1006 1012 0111 21 028 0093 0037 -999 00939 -999 -999 -999
NHC  06E DANIEL    000802 0000 243N 1584W 305 062 1006 1012 0111 21 028 0093 0037 -999 00939 -999 -999 -999
NHC  06E DANIEL    000802 0600 248N 1595W 305 067 1006 1012 0111 23 028 0093 0037 -999 00939 -999 -999 -999
NHC  06E DANIEL    000802 1200 257N 1609W 300 067 1006 1012 0111 23 028 0074 -999 -999 00749 -999 -999 -999
NHC  06E DANIEL    000803 0000 283N 1642W 310 093 1010 1012 0074 21 028 0074 -999 -999 00749 -999 -999 -999
NHC  06E DANIEL    000803 0600 288N 1651W 310 082 1008 1012 0056 18 028 0056 -999 -999 00569 -999 -999 -999
NHC  06E DANIEL    000803 1200 298N 1666W 310 082 1009 1012 0056 15 028 -999 -999 -999 -999 -999 -999
NHC  06E DANIEL    000803 1800 307N 1678W 310 077 1010 1012 0056 15 028 -999 -999 -999 -999 -999 -999
NHC  06E DANIEL    000804 0000 314N 1686W 310 067 1012 1014 0056 15 028 -999 -999 -999 -999 -999 -999
NHC  06E DANIEL    000804 0600 323N 1694W 315 062 1012 1014 0056 15 028 -999 -999 -999 -999 -999 -999
NHC  06E DANIEL    000804 1200 333N 1701W 325 057 1013 1014 0046 13 028 -999 -999 -999 -999 -999 -999
NHC  06E DANIEL    000804 1800 339N 1703W 330 051 1015 1016 0046 13 028 -999 -999 -999 -999 -999 -999
NHC  06E DANIEL    000805 0000 349N 1705W 340 046 1017 1018 0046 13 028 -999 -999 -999 -999 -999 -999
NHC  06E DANIEL    000805 0600 361N 1707W 350 051 1017 1018 0046 13 028 -999 -999 -999 -999 -999 -999
