JTWC 08S CONNIE    000126 0600 151S 0550E 255 021 0997 1008 0556 18 056 -999 -999 -999 -999
JTWC 08S CONNIE    000126 1800 145S 0553E 270 010 0991 1007 0444 23 046 0167 0167 0167 0167
JTWC 08S CONNIE    000127 0600 149S 0563E 144 026 0976 1006 0444 33 046 0222 0222 0222 0222
JTWC 08S CONNIE    000128 0600 57 037 0278 0278 0278 0278 D      168S 0 180 -999 0933 10
JTWC 08S CONNIE    000128 1800 175S 0568E 205 021 0927 1003 0463 59 037 0287 0287 0287 0287
JTWC 08S CONNIE    000129 0600 188S 0555E 220 051 0949 1007 0556 49 037 0222 0222 0222 0222
JTWC 08S CONNIE    000129 1800 210S 0544E 193 062 0972 1005 0556 36 056 0232 0232 0232 0232
JTWC 08S CONNIE    000130 0600 228S 0517E 232 082 0972 1007 0444 36 056 0167 0167 0167 0167
JTWC 08S CONNIE    000130 1800 28 046 0222 0222 0222 0222 D      256S 0 210 067 0984 10
JTWC 08S CONNIE    000131 0000 262S 0503E 180 051 0987 1008 0556 26 046 0222 0222 0222 0222
JTWC 08S CONNIE    000131 0600 276S 0504E 172 067 0980 1008 0444 31 046 0222 0222 0222 0222
JTWC 08S CONNIE    000201 0600 313S 0524E 147 051 0980 1009 0315 31 046 0222 0222 0222 0222
