NHC  10L TEN       000911 1200 305N 0721W 250 026 1009 1014 0278 15 093 -999 -999 -999 -999 -999 -999
NHC  10L FLORENCE  000911 1800 301N 0726W 240 026 0998 1014 0371 31 083 0185 0185 0139 01393 0111 -999 -999
NHC  10L FLORENCE  000912 0000 303N 0727W 250 021 0992 1014 0371 33 065 0185 0185 0139 01393 0111 -999 -999
NHC  10L FLORENCE  000912 0600 303N 0728W 000 000 0993 1013 0278 31 046 0185 0139 0111 01671 0093 -999 -999
NHC  10L FLORENCE  000912 1200 303N 0731W 295 010 0991 1012 0278 31 037 0185 0185 0111 01674 0074 0074 0074
NHC  10L FLORENCE  000912 1800 306N 0733W 320 015 0987 1012 0278 33 037 0185 0185 0139 01394 0074 0056 0037
NHC  10L FLORENCE  000913 0000 306N 0736W 270 015 0987 1012 0278 33 037 0185 0185 0139 01394 0074 0056 0037
NHC  10L FLORENCE  000913 0600 307N 0740W 290 015 0986 1012 0278 33 037 0185 0185 0139 01394 0074 0056 0037
NHC  10L FLORENCE  000913 1200 308N 0738W 000 000 0986 1012 0278 33 037 0167 0167 0111 01116 0056 0056 0056
NHC  10L FLORENCE  000913 1800 305N 0737W 135 010 0989 1012 0278 31 037 0139 0139 0139 01396 0056 0056 0056
NHC  10L FLORENCE  000914 0000 302N 0735W 140 010 0989 1012 0278 31 037 0139 0139 0139 01396 0056 0056 0056
NHC  10L FLORENCE  000914 0600 297N 0737W 180 010 0993 1012 0334 28 046 0139 0139 0139 01396 0056 0056 0056
NHC  10L FLORENCE  000914 1200 297N 0736W 000 000 0993 1012 0334 23 046 0139 0139 0139 01399 -999 -999 -999
NHC  10L FLORENCE  000914 1800 293N 0731W 140 015 0995 1012 0334 21 056 0111 0111 0111 01119 -999 -999 -999
NHC  10L FLORENCE  000915 0000 292N 0730W 125 000 0995 1012 0334 21 056 0111 0111 0111 01119 -999 -999 -999
NHC  10L FLORENCE  000915 0600 291N 0725W 120 010 0995 1012 0334 21 056 0111 0167 0111 01119 -999 -999 -999
NHC  10L FLORENCE  000915 1200 298N 0712W 070 041 0997 1012 0334 21 056 0111 0222 0111 01119 -999 -999 -999
NHC  10L FLORENCE  000915 1800 300N 0707W 070 057 0998 1012 0334 23 056 0111 0222 0111 01119 -999 -999 -999
NHC  10L FLORENCE  000916 0000 308N 0675W 065 082 0994 1012 0334 31 056 0185 0334 0111 01114 0111 -999 -999
NHC  10L FLORENCE  000916 0600 325N 0659W 045 103 0998 1012 0334 31 056 0232 0232 0232 00934 0111 0074 -999
NHC  10L FLORENCE  000916 1200 340N 0644W 045 098 0992 1012 0334 33 056 0232 0232 0232 00934 0111 0074 -999
NHC  10L FLORENCE  000916 1800 362N 0617W 045 160 0985 1010 0463 36 046 0463 0463 0185 01855 0185 0074 0074
NHC  10L FLORENCE  000917 0000 379N 0595W 045 139 0990 1010 0463 31 046 0463 0463 0185 01855 0185 0074 0074
NHC  10L FLORENCE  000917 0600 400N 0575W 040 139 0994 1010 0463 28 046 0463 0463 0185 01855 0185 0074 0074
NHC  10L FLORENCE  000917 1200 425N 0550W 040 170 1000 1010 0463 26 046 0463 0463 0185 01855 0185 0074 0074
NHC  10L FLORENCE  000917 1800 460N 0525W 030 206 1000 1010 0463 26 093 0278 0278 0278 01855 0185 -999 -999
