NHC  11L ELEVEN    000914 1200 199N 0874W 305 051 1008 1010 0222 13 111 -999 -999 -999 -999 -999 -999
NHC  11L ELEVEN    000914 1800 200N 0880W 300 031 1008 1011 0222 13 111 -999 -999 -999 -999 -999 -999
NHC  11L ELEVEN    000915 0000 205N 0880W 305 031 1007 1011 0222 13 111 -999 -999 -999 -999 -999 -999
NHC  11L ELEVEN    000915 0600 212N 0876W 310 026 1007 1011 0222 13 111 -999 -999 -999 -999 -999 -999
NHC  11L ELEVEN    000915 1200 214N 0887W 300 031 1004 1011 0222 15 111 -999 -999 -999 -999 -999 -999
NHC  11L ELEVEN    000915 1800 216N 0880W 360 015 1004 1011 0222 15 111 -999 -999 -999 -999 -999 -999
NHC  11L GORDON    000916 0000 222N 0874W 040 036 1003 1011 0278 18 111 -999 -999 -999 -999 -999 -999
NHC  11L GORDON    000916 0600 230N 0870W 045 036 0997 1011 0278 26 111 0139 0139 -999 -999 -999 -999
NHC  11L GORDON    000916 1200 236N 0865W 030 041 0993 1011 0278 28 111 0167 0167 -999 01399 0139 -999 -999
NHC  11L GORDON    000916 1800 241N 0861W 030 036 0984 1012 0324 33 111 0232 0185 -999 01399 0139 -999 -999
NHC  11L GORDON    000917 0000 252N 0855W 030 046 0984 1012 0324 33 083 0278 0222 -999 01398 0158 -999 -999
NHC  11L GORDON    000917 0600 263N 0849W 025 051 0990 1010 0371 33 083 0185 0278 0167 01853 0093 0093 0093
NHC  11L GORDON    000917 1200 272N 0842W 035 067 0984 1010 0371 33 083 0250 0278 0167 01851 0111 -999 -999
NHC  11L GORDON    000917 1800 281N 0837W 030 057 0986 1010 0371 33 083 0250 0278 0139 01671 0111 -999 -999
NHC  11L GORDON    000918 0000 290N 0833W 030 051 0988 1012 0222 31 046 0111 0185 0139 01396 0074 0074 0074
NHC  11L GORDON    000918 0600 298N 0829W 025 051 0995 1012 0278 21 046 0139 0139 0139 -999 -999 -999
NHC  11L GORDON    000918 1200 310N 0823W 025 057 1004 1012 0278 15 093 -999 -999 -999 -999 -999 -999
