JTWC 11S LEON      000204 1800 139S 1050E 209 041 0997 1006 0444 18 037 -999 -999 -999 -999
JTWC 11S LEON      000205 1800 153S 1022E 229 041 0984 1006 0444 28 028 0222 0222 0222 0222
JTWC 11S LEON      000206 0600 165S 1007E 235 057 0976 1006 0444 33 037 0222 0222 0222 0222
JTWC 11S LEON      000206 1800 175S 0991E 239 041 0967 1006 0482 39 037 0222 0222 0222 0222
JTWC 11S LEON      000207 0600 181S 0972E 258 051 0972 1006 0482 36 037 0222 0222 0222 0222
JTWC 11S LEON      000207 1800 184S 0951E 270 051 0980 1005 0333 31 037 0222 0222 0222 0222
JTWC 11S LEON      000208 0600 182S 0918E 270 067 0994 1005 0333 21 093 0222 0222 0222 0222
JTWC 11S LEON      000208 1800 172S 0891E 270 062 0994 1006 0222 21 083 0167 0167 0167 0167
JTWC 11S LEON-ELIN 000209 1800 183S 0824E 270 093 0994 1006 0259 21 074 0148 0148 0148 0148
JTWC 11S LEON-ELIN 000210 0600 21 056 0167 0167 0167 0167 M      181S 0 277 -999 0994 10
JTWC 11S LEON-ELIN 000210 1800 179S 0771E 277 046 0997 1006 0222 18 056 -999 -999 -999 -999
JTWC 11S LEON-ELIN 000211 0600 18 037 -999 -999 -999 -999 S      174S 0 279 -999 0997 10
JTWC 11S LEON-ELIN 000211 1800 175S 0706E 270 057 0997 1006 0222 18 037 -999 -999 -999 -999
JTWC 11S LEON-ELIN 000212 1800 165S 0659E 270 062 0991 1006 0333 23 037 0167 0167 0167 0167
JTWC 11S LEON-ELIN 000213 1800 165S 0613E 252 067 0984 1005 0333 28 056 0167 0167 0167 0167
JTWC 11S LEON-ELIN 000216 1800 33 046 0222 0222 0222 0222 D      205S 0 270 062 0976 10
JTWC 11S LEON-ELIN 000217 1800 198S 0486E 277 046 0972 1006 0444 36 046 0222 0222 0222 0222
JTWC 11S LEON-ELIN 000218 0600 191S 0461E 273 082 0991 1007 0370 23 056 0167 0167 0167 0167
JTWC 11S LEON-ELIN 000218 1800 200S 0437E 244 057 1000 1007 0370 15 093 -999 -999 -999 -999
JTWC 11S LEON-ELIN 000219 0600 201S 0430E 260 031 0997 1006 0370 18 093 -999 -999 -999 -999
JTWC 11S LEON-ELIN 000219 1800 214S 0414E 223 036 0997 1006 0370 21 093 -999 -999 -999 -999
JTWC 11S LEON-ELIN 000220 0600 226S 0397E 237 057 0991 1006 0370 23 093 0167 0167 0167 0167
JTWC 11S LEON-ELIN 000220 1800 223S 0367E 275 057 0980 1006 0333 31 056 0222 0222 0222 0222
JTWC 11S LEON-ELIN 000221 0600 213S 0371E 340 026 0976 1006 0370 33 046 0222 0222 0222 0222
JTWC 11S LEON-ELIN 000221 1800 212S 0360E 293 026 0967 1007 0370 39 046 0222 0222 0222 0222
JTWC 11S LEON-ELIN 000222 0600 51 056 0222 0222 0222 0222 D      205S 0 310 -999 0944 10
JTWC 11S LEON-ELIN 000222 1800 203S 0337E 289 031 0958 1007 0333 44 056 0222 0222 0222 0222
