NHC  15L FIFTEEN   000929 0000 162N 0832W 000 000 1004 1011 0222 13 083 -999 -999 -999 -999 -999 -999
NHC  15L FIFTEEN   000929 1200 170N 0840W 310 026 1004 1011 0222 15 083 -999 -999 -999 -999 -999 -999
NHC  15L FIFTEEN   000929 1800 174N 0848W 310 031 1000 1010 0222 21 083 0093 0093 -999 -999 -999 -999
NHC  15L KEITH     000930 0000 178N 0852W 340 021 0995 1010 0222 23 083 0139 0139 -999 01399 -999 -999 -999
NHC  15L KEITH     000930 0600 179N 0860W 295 036 0987 1010 0371 28 083 0204 0139 -999 01113 -999 -999 -999
NHC  15L KEITH     000930 1200 181N 0865W 295 015 0985 1010 0371 33 083 0222 0139 -999 01393 -999 -999 -999
NHC  15L KEITH     000930 1800 180N 0867W 270 000 0977 1010 0371 41 083 0222 0222 0139 01853 0093 0093 0093
NHC  15L KEITH     001001 0000 180N 0870W 275 015 0966 1010 0371 49 083 0222 0222 0222 01853 0093 0093 0093
NHC  15L KEITH     001001 0600 179N 0872W 000 000 0943 1008 0371 54 037 0222 0222 0222 01853 0093 0093 0093
NHC  15L KEITH     001001 1200 181N 0875W 275 010 0942 1008 0371 59 028 0222 0222 0222 01853 0093 0093 0093
NHC  15L KEITH     001001 1800 179N 0877W 270 010 0950 1008 0371 57 037 0222 0222 0222 01853 0093 0093 0093
NHC  15L KEITH     001002 0000 178N 0878W 220 005 0958 1008 0371 51 019 0111 0111 0167 01675 0065 0065 0065
NHC  15L KEITH     001002 0600 176N 0878W 180 010 0975 1008 0371 44 019 0130 0130 0083 00834 0074 0046 0046
NHC  15L KEITH     001002 1200 177N 0878W 000 000 0979 1008 0371 36 028 0111 0167 0167 00836 0056 0056 0056
NHC  15L KEITH     001002 1800 177N 0879W 000 000 0987 1008 0371 31 028 0111 0167 0167 00836 0056 0056 0056
NHC  15L KEITH     001003 0000 179N 0880W 330 010 0988 1008 0371 31 028 0083 0167 0083 00836 0046 0046 0046
NHC  15L KEITH     001003 0600 181N 0882W 315 010 0990 1008 0371 26 028 0074 0130 0074 00747 0037 0037 0037
NHC  15L KEITH     001003 1200 182N 0892W 280 036 0995 1008 0371 15 056 -999 -999 -999 -999 -999 -999
NHC  15L KEITH     001003 1800 184N 0895W 290 031 0998 1008 0371 15 056 -999 -999 -999 -999 -999 -999
NHC  15L KEITH     001004 0000 190N 0902W 295 036 1000 1008 0371 13 056 -999 -999 -999 -999 -999 -999
NHC  15L KEITH     001004 0600 195N 0915W 295 046 1000 1008 0371 15 056 -999 -999 -999 -999 -999 -999
NHC  15L KEITH     001004 1200 199N 0930W 290 067 0999 1008 0278 18 056 0056 0056 0056 00569 -999 -999 -999
NHC  15L KEITH     001004 1800 203N 0935W 290 051 0996 1008 0278 21 083 0222 0167 0167 01679 -999 -999 -999
NHC  15L KEITH     001005 0000 207N 0948W 295 062 0988 1008 0278 28 046 0278 0167 0167 02223 0056 0056 0056
NHC  15L KEITH     001005 0600 212N 0961W 290 062 0987 1008 0278 33 046 0278 0167 0167 02223 0056 0056 0056
NHC  15L KEITH     001005 1200 218N 0970W 310 051 0984 1008 0278 39 074 0278 0167 0167 02223 -999 -999 -999
NHC  15L KEITH     001005 1800 226N 0979W 315 057 0986 1008 0278 39 074 0278 0222 0139 01397 0093 -999 -999
NHC  15L KEITH     001006 0000 232N 0990W 300 057 0991 1008 0278 28 046 0222 0222 0074 00749 0046 -999 0046
NHC  15L KEITH     001006 0600 235N 1000W 270 057 1002 1008 0278 15 046 -999 -999 -999 -999 -999 -999
