JTWC 18W NAMELESS  000818 1800 129N 1373E 332 051 1002 1006 033  13 148 -999 -999 -999 -999
JTWC 18W NAMELESS  000819 0600 141N 1359E 321 046 0984 1006 033  28 207 -999 -999 -999 -999
JTWC 18W BILIS     000819 1200 153N 1348E 321 057 0987 1006 033  26 207 -999 -999 -999 -999
JTWC 18W BILIS     000819 1800 155N 1336E 310 051 0984 1006 033  28 046 0139 0139 0130 0130
JTWC 18W BILIS     000820 0600 167N 1315E 299 057 0967 1006 033  39 250 -999 -999 -999 -999
JTWC 18W BILIS     000820 1800 182N 1297E 305 057 0944 1004 055  51 263 -999 -999 -999 -999
JTWC 18W BILIS     000821 0600 193N 1272E 299 067 0916 1004 055  64 263 -999 -999 -999 -999
JTWC 18W BILIS     000821 1800 204N 1250E 299 062 0898 1004 055  72 500 -999 -999 -999 -999
JTWC 18W BILIS     000822 0600 216N 1227E 301 062 0892 1003 005  75 389 -999 -999 -999 -999
JTWC 18W BILIS     000822 1800 235N 1206E 311 072 0927 1000 050  59 500 -999 -999 -999 -999
JTWC 18W BILIS     000823 1800 257N 1158E 298 051 0991 1000 033  23 333 -999 -999 -999 -999
