NHC  19E NINETEEN  001104 0000 106N 0908W 290 051 1002 1008 0167 15 056 -999 -999 -999 -999 -999 -999
NHC  19E NINETEEN  001104 0600 108N 0920W 275 057 1002 1008 0167 15 056 -999 -999 -999 -999 -999 -999
NHC  19E NINETEEN  001104 1200 108N 0928W 275 051 1002 1008 0167 15 056 -999 -999 -999 -999 -999 -999
NHC  19E NINETEEN  001104 1800 103N 0944W 265 057 1003 1008 0167 15 056 -999 -999 -999 -999 -999 -999
NHC  19E NINETEEN  001105 0000 105N 0951W 270 057 1003 1008 0167 15 056 -999 -999 -999 -999 -999 -999
NHC  19E NINETEEN  001105 0600 105N 0962W 270 051 1003 1006 0185 15 046 -999 -999 -999 -999 -999 -999
NHC  19E NINETEEN  001105 1200 107N 0970W 275 046 1003 1008 0185 18 046 0139 0139 0139 01399 -999 -999 -999
NHC  19E ROSA      001105 1800 111N 0981W 285 051 1001 1008 0185 21 046 0111 0111 0111 01119 -999 -999 -999
NHC  19E ROSA      001106 0000 114N 0987W 290 041 1000 1008 0222 23 046 0111 0111 0111 01119 -999 -999 -999
NHC  19E ROSA      001106 0600 120N 0989W 325 031 0994 1006 0278 28 037 0111 0111 0111 01116 0046 0046 0046
NHC  19E ROSA      001106 1200 125N 0988W 340 031 0994 1006 0278 28 037 0111 0111 0111 01116 0046 0046 0046
NHC  19E ROSA      001106 1800 130N 0988W 350 026 0993 1006 0278 31 037 0111 0111 0111 01116 0046 0046 0046
NHC  19E ROSA      001107 0000 131N 0989W 345 021 0993 1006 0278 28 037 0111 0111 0111 01116 0046 0046 0046
NHC  19E ROSA      001107 1200 138N 0988W 360 015 0997 1006 0278 26 037 0111 0111 0111 01116 0056 0056 0056
NHC  19E ROSA      001107 1800 145N 0974W 035 026 1000 1006 0278 26 037 0046 0139 0046 00469 0046 -999 -999
NHC  19E ROSA      001108 0000 150N 0970W 030 026 1001 1006 0278 23 037 0074 0139 0046 00469 -999 -999 -999
NHC  19E ROSA      001108 0600 155N 0964W 040 036 1002 1006 0278 21 037 0074 0139 0046 00469 -999 -999 -999
NHC  19E ROSA      001108 1200 163N 0959W 035 041 1004 1006 0278 13 037 -999 -999 -999 -999 -999 -999
