JTWC 20W NAMELESS  000826 0600 159N 1310E 346 051 1002 1006 022  13 111 -999 -999 -999 -999
JTWC 20W NAMELESS  000826 1800 210N 1314E 360 108 0994 1005 050  21 500 -999 -999 -999 -999
JTWC 20W PRAPIROON 000827 0600 227N 1290E 323 077 0994 1005 013  21 500 -999 -999 -999 -999
JTWC 20W PRAPIROON 000827 1800 232N 1284E 310 036 0997 1004 044  18 139 -999 -999 -999 -999
JTWC 20W PRAPIROON 000828 0600 234N 1259E 284 046 0994 1003 044  13 139 -999 -999 -999 -999
JTWC 20W PRAPIROON 000828 1800 237N 1254E 288 031 0991 1002 050  23 528 -999 -999 -999 -999
JTWC 20W PRAPIROON 000829 0600 242N 1249E 304 026 0984 1000 041  28 417 -999 -999 -999 -999
JTWC 20W PRAPIROON 000829 1800 256N 1243E 326 031 0980  998 041  31 417 -999 -999 -999 -999
JTWC 20W PRAPIROON 000830 0600 280N 1234E 341 051 0967  998 038  39 389 -999 -999 -999 -999
JTWC 20W PRAPIROON 000830 1800 315N 1233E 356 077 0967  997 041  39 389 -999 -999 -999 -999
JTWC 20W PRAPIROON 000831 0600 353N 1243E   9 093 0976 1000 007  33 389 -999 -999 -999 -999
JTWC 20W PRAPIROON 000831 1800 393N 1273E  24 113 0987 1000 041  26 389 -999 -999 -999 -999
