JTWC 28W NAMELESS  001007 0000 109N 1105E 294 041 1000 1010 022  15 074 -999 -999 -999 -999
JTWC 28W NAMELESS  001007 0600 112N 1100E 296 036 0997 1009 022  18 074 -999 -999 -999 -999
JTWC 28W NAMELESS  001007 1200 115N 1117E  52 021 1000 1009 022  15 074 -999 -999 -999 -999
JTWC 28W NAMELESS  001007 1800 110N 1111E  80 010 1002 1009 022  13 074 -999 -999 -999 -999
JTWC 28W NAMELESS  001008 0000 111N 1116E  83 015 1000 1009 022  15 074 -999 -999 -999 -999
JTWC 28W NAMELESS  001009 0000 119N 1129E  44 021 0991 1006 016  23 056 0111 0111 0065 0065
JTWC 28W NAMELESS  001009 0600 128N 1124E 360 026 1002 1006 016  21 056 0065 0111 0111 0065
JTWC 28W NAMELESS  001009 1200 136N 1122E 351 031 1002 1004 033  23 056 0065 0111 0111 0065
JTWC 28W NAMELESS  001009 1800 141N 1113E 329 036 0994 1007 016  21 046 0111 0111 0065 0065
JTWC 28W NAMELESS  001010 0000 142N 1106E 312 036 0994 1006 016  21 046 0111 0111 0065 0065
JTWC 28W NAMELESS  001010 0600 128N 1104E 311 015 1002 1006 022  13 046 -999 -999 -999 -999
JTWC 28W NAMELESS  001010 1200 135N 1106E 354 015 1002 1006 022  13 046 -999 -999 -999 -999
JTWC 28W NAMELESS  001010 1800 137N 1107E  23 015 1002 1006 022  13 046 -999 -999 -999 -999
JTWC 28W NAMELESS  001011 0600 140N 1113E  44 015 1002 1006 022  13 046 -999 -999 -999 -999
JTWC 28W NAMELESS  001011 1200 143N 1117E  47 021 1002 1008 022  13 046 -999 -999 -999 -999
JTWC 28W NAMELESS  001011 1800 147N 1118E  38 021 1002 1006 022  13 046 -999 -999 -999 -999
JTWC 28W NAMELESS  001012 0000 148N 1118E  18 015 1000 1006 022  13 046 -999 -999 -999 -999
JTWC 28W NAMELESS  001012 0600 156N 1132E  46 031 1000 1005 033  15 046 -999 -999 -999 -999
JTWC 28W NAMELESS  001012 1200 165N 1133E  30 041 1002 1005 033  15 046 -999 -999 -999 -999
JTWC 28W NAMELESS  001012 1800 170N 1132E  15 036 0999 1005 022  15 046 -999 -999 -999 -999
JTWC 28W NAMELESS  001013 0000 178N 1126E 352 036 0999 1005 022  15 046 -999 -999 -999 -999
JTWC 28W NAMELESS  001013 0600 177N 1108E 296 046 0997 1004 022  18 046 -999 -999 -999 -999
