JTWC 29W NAMELESS  001022 0000 210N 1387E 282 088 0997 1008 022  18 111 -999 -999 -999 -999
JTWC 29W NAMELESS  001022 0600 210N 1376E 275 067 0997 1008 016  18 083 -999 -999 -999 -999
JTWC 29W NAMELESS  001022 1200 213N 1355E 275 072 0997 1008 016  18 083 -999 -999 -999 -999
JTWC 29W YAGI      001022 1800 217N 1344E 280 072 0997 1007 022  18 083 -999 -999 -999 -999
JTWC 29W YAGI      001023 0000 221N 1329E 284 067 0997 1007 022  18 083 -999 -999 -999 -999
JTWC 29W YAGI      001023 0600 222N 1313E 279 072 0991 1008 022  23 083 0139 0139 0139 0139
JTWC 29W YAGI      001023 1200 225N 1302E 280 062 0991 1008 016  23 056 0111 0083 0083 0111
JTWC 29W YAGI      001023 1800 228N 1290E 282 062 0984 1008 016  28 056 0111 0111 0111 0111
JTWC 29W YAGI      001024 0000 230N 1282E 283 046 0976 1008 022  33 028 0148 0130 0130 0148
JTWC 29W YAGI      001024 0600 232N 1274E 284 046 0976 1008 022  33 028 0148 0120 0120 0148
JTWC 29W YAGI      001024 1200 235N 1265E 286 046 0972 1008 023  36 028 0157 0139 0102 0157
JTWC 29W YAGI      001025 0000 248N 1247E 302 046 0938 1008 022  54 046 0157 0102 0102 0157
JTWC 29W YAGI      001025 0600 254N 1244E 315 041 0954 1010 023  46 037 0157 0102 0102 0157
JTWC 29W YAGI      001025 1200 255N 1245E 325 031 0963 1010 019  41 037 0130 0111 0111 0130
JTWC 29W YAGI      001026 0000 261N 1250E  24 021 0967 1010 018  39 037 0120 0120 0111 0111
JTWC 29W YAGI      001026 0600 260N 1260E  74 026 0976 1014 018  33 037 0120 0120 0120 0120
JTWC 29W YAGI      001027 0000 258N 1264E 132 010 0987 1013 022  26 037 0083 0083 0083 0083
JTWC 29W YAGI      001027 0600 251N 1262E 196 021 1002 1015 022  18 037 -999 -999 -999 -999
JTWC 29W YAGI      001027 1200 249N 1257E 218 031 1000 1013 016  15 037 -999 -999 -999 -999
JTWC 29W YAGI      001027 1800 251N 1252E 243 021 1002 1013 016  13 037 -999 -999 -999 -999
