JTWC 30W NAMELESS  001025 1800 090N 1352E 285 046 1000 1008 022  13 083 -999 -999 -999 -999
JTWC 30W NAMELESS  001026 0000 093N 1344E 284 051 1000 1008 022  15 083 -999 -999 -999 -999
JTWC 30W NAMELESS  001026 0600 103N 1309E 285 093 1000 1008 022  15 083 -999 -999 -999 -999
JTWC 30W XANGSANE  001026 1800 108N 1291E 286 062 0991 1008 022  23 056 0111 0111 0111 0111
JTWC 30W XANGSANE  001027 0000 117N 1280E 296 062 0984 1007 022  28 056 0111 0111 0111 0111
JTWC 30W XANGSANE  001027 0600 124N 1258E 293 082 0976 1008 022  33 056 0139 0111 0111 0139
JTWC 30W XANGSANE  001027 1200 125N 1248E 288 077 0984 1008 033  28 083 0222 0185 0185 0222
JTWC 30W XANGSANE  001027 1800 138N 1240E 293 077 0967 1008 033  39 056 0222 0222 0222 0222
JTWC 30W XANGSANE  001028 0000 140N 1225E 296 067 0967 1007 033  39 056 0222 0222 0222 0222
JTWC 30W XANGSANE  001028 0600 142N 1214E 285 062 0967 1007 031  39 046 0213 0185 0185 0213
JTWC 30W XANGSANE  001028 1200 145N 1203E 283 057 0976 1007 031  33 046 0213 0204 0204 0213
JTWC 30W XANGSANE  001028 1800 147N 1195E 286 051 0976 1007 031  33 046 0213 0213 0213 0213
JTWC 30W XANGSANE  001029 0000 160N 1190E 311 051 0984 1006 031  28 046 0213 0213 0213 0213
JTWC 30W XANGSANE  001029 0600 160N 1182E 306 046 0980 1008 031  31 046 0213 0185 0185 0213
JTWC 30W XANGSANE  001029 1200 160N 1177E 291 041 0976 1006 031  33 046 0213 0204 0204 0213
JTWC 30W XANGSANE  001029 1800 161N 1177E 285 021 0976 1006 031  33 046 0213 0213 0213 0213
JTWC 30W XANGSANE  001030 0000 164N 1177E 311 015 0967 1006 031  39 046 0213 0213 0213 0213
JTWC 30W XANGSANE  001030 0600 169N 1188E  33 021 0954 1008 038  46 046 0259 0213 0204 0259
JTWC 30W XANGSANE  001030 1200 172N 1189E  37 021 0954 1007 038  46 046 0259 0213 0213 0259
JTWC 30W XANGSANE  001030 1800 182N 1195E  36 036 0963 1008 038  46 046 0259 0213 0232 0259
JTWC 30W XANGSANE  001031 0600 195N 1202E  23 041 0954 1007 050  46 046 0222 0222 0333 0333
JTWC 30W XANGSANE  001031 1200 210N 1205E  17 051 0954 1006 050  46 046 0222 0222 0333 0333
JTWC 30W XANGSANE  001031 1800 223N 1211E  21 072 0963 1004 050  41 148 0296 0222 0259 0333
JTWC 30W XANGSANE  001101 0600 261N 1225E  18 093 0972 1007 050  36 046 0278 0278 0278 0278
JTWC 30W XANGSANE  001101 1200 279N 1245E  28 103 0980 1007 033  31 046 0222 0222 0222 0222
