JTWC 33W NAMELESS  001128 0600 091N 1303E 295 067 1000 1004 022  15 083 -999 -999 -999 -999
JTWC 33W NAMELESS  001128 1200 088N 1306E 296 041 1000 1004 022  15 083 -999 -999 -999 -999
JTWC 33W RUMBIA    001128 1800 085N 1304E 270 021 0991 1008 022  23 056 0111 0083 0083 0111
JTWC 33W RUMBIA    001129 0000 084N 1300E 266 021 0987 1006 027  26 056 0139 0139 0139 0139
JTWC 33W RUMBIA    001129 1200 087N 1301E 276 015 0987 1003 027  26 056 0139 0139 0139 0139
JTWC 33W RUMBIA    001129 1800 094N 1286E 290 041 0987 1006 041  26 056 0278 0278 0278 0278
JTWC 33W RUMBIA    001130 0000 096N 1277E 290 046 0987 1006 033  26 046 0222 0222 0222 0222
JTWC 33W RUMBIA    001130 1200 103N 1260E 291 046 0984 1005 027  28 037 0185 0130 0130 0185
JTWC 33W RUMBIA    001130 1800 106N 1252E 291 046 0984 1005 027  28 037 0185 0185 0185 0185
JTWC 33W RUMBIA    001201 0000 116N 1241E 299 057 0987 1005 027  26 037 0185 0185 0185 0185
JTWC 33W RUMBIA    001203 0600 112N 1170E 264 051 1002 1005 022  13 065 -999 -999 -999 -999
JTWC 33W RUMBIA    001203 1200 115N 1147E 270 067 1002 1005 022  13 065 -999 -999 -999 -999
JTWC 33W RUMBIA    001205 1800 089N 1126E 238 015 0997 1008 022  18 074 -999 -999 -999 -999
JTWC 33W RUMBIA    001206 0000 090N 1115E 259 026 0997 1008 022  18 074 -999 -999 -999 -999
JTWC 33W RUMBIA    001206 0600 089N 1114E 257 021 0997 1008 022  18 074 -999 -999 -999 -999
JTWC 33W RUMBIA    001206 1200 098N 1112E 301 026 0997 1004 022  18 074 -999 -999 -999 -999
JTWC 33W RUMBIA    001206 1800 097N 1099E 282 036 0997 1008 022  18 074 -999 -999 -999 -999
JTWC 33W RUMBIA    001207 0000 098N 1090E 277 041 1000 1008 022  15 065 -999 -999 -999 -999
JTWC 33W RUMBIA    001207 0600 099N 1089E 270 031 1002 1004 022  13 056 -999 -999 -999 -999
JTWC 33W RUMBIA    001207 1200 098N 1073E 272 046 1002 1006 022  13 056 -999 -999 -999 -999
