NHC  90E NAMELESS  000522 1200 133N 0992W 300 057 1005 1008 0278 15 139 -999 -999 -999 -999 -999 -999
NHC  90E NAMELESS  000802 1800 152N 1098W 275 046 1007 1011 0278 13 056 -999 -999 -999 -999 -999 -999
NHC  90E NAMELESS  000803 0000 159N 1110W 285 057 1006 1011 0278 13 056 -999 -999 -999 -999 -999 -999
NHC  90E NAMELESS  000803 1200 160N 1138W 270 062 1006 1011 0278 13 056 -999 -999 -999 -999 -999 -999
NHC  90E INVEST90  000828 1200 150N 1375W 290 026 1006 1010 0278 15 074 -999 -999 -999 -999 -999 -999
NHC  90E NAMELESS  000909 1200 104N 0946W 270 021 1008 1010 0278 13 056 -999 -999 -999 -999 -999 -999
NHC  90E NAMELESS  000909 1800 104N 0958W 270 041 1008 1010 0278 13 056 -999 -999 -999 -999 -999 -999
NHC  90E NAMELESS  000910 0000 104N 0970W 270 046 1008 1010 0278 13 056 -999 -999 -999 -999 -999 -999
NHC  90E NAMELESS  000913 0000 112N 1053W 285 031 1008 1010 0278 13 111 -999 -999 -999 -999 -999 -999
NHC  90E NAMELESS  000915 1200 182N 1070W 320 046 1003 1008 0232 13 111 -999 -999 -999 -999 -999 -999
NHC  90E NAMELESS  001116 1200 085N 0960W 270 088 1008 1012 0278 13 074 -999 -999 -999 -999 -999 -999
NHC  90E NAMELESS  001116 1800 084N 0974W 270 088 1008 1012 0278 13 074 -999 -999 -999 -999 -999 -999
NHC  90E NAMELESS  001117 1200 087N 1007W 275 062 1008 1012 0278 13 074 -999 -999 -999 -999 -999 -999
NHC  90E NAMELESS  001117 1800 089N 1018W 275 062 1008 1012 0278 13 074 -999 -999 -999 -999 -999 -999
NHC  90E NAMELESS  001118 1200 090N 1060W 275 072 1008 1012 0278 13 074 -999 -999 -999 -999 -999 -999
