NHC  91L NAMELESS  000609 1200 095N 0480W 270 062 1009 1012 0278 13 056 -999 -999 -999 -999 -999 -999
NHC  91L NAMELESS  000804 0000 116N 0197W 280 067 1010 1014 0445 13 056 -999 -999 -999 -999 -999 -999
NHC  91L NAMELESS  000804 0600 121N 0220W 280 077 1010 1014 0445 13 056 -999 -999 -999 -999 -999 -999
NHC  91L NAMELESS  000816 1800 137N 0485W 275 082 1012 1014 0185 13 056 -999 -999 -999 -999 -999 -999
NHC  91L NAMELESS  000817 0000 137N 0499W 275 072 1012 1014 0185 13 056 -999 -999 -999 -999 -999 -999
NHC  91L NAMELESS  000817 0600 140N 0514W 275 072 1011 1014 0185 13 056 -999 -999 -999 -999 -999 -999
NHC  91L NAMELESS  000817 1200 141N 0520W 280 051 1010 1014 0185 13 093 -999 -999 -999 -999 -999 -999
NHC  91L NAMELESS  000817 1800 147N 0530W 280 051 1010 1014 0185 13 093 -999 -999 -999 -999 -999 -999
NHC  91L NAMELESS  000830 1200 126N 0304W 285 082 -999 -999 -999 13 -99 -999 -999 -999 -999 -999 -999
NHC  91L NAMELESS  000830 1800 130N 0323W 280 093 -999 -999 -999 13 -99 -999 -999 -999 -999 -999 -999
NHC  91L NAMELESS  000831 0000 132N 0327W 285 072 1008 1012 0278 15 -99 -999 -999 -999 -999 -999 -999
NHC  91L NAMELESS  000831 1200 138N 0364W 280 082 1008 1012 0278 13 -99 -999 -999 -999 -999 -999 -999
NHC  91L NAMELESS  000831 1800 141N 0411W 275 139 1008 1012 0278 13 -99 -999 -999 -999 -999 -999 -999
NHC  91L NAMELESS  000901 0000 145N 0411W 280 118 1008 1012 0278 13 -99 -999 -999 -999 -999 -999 -999
NHC  91L NAMELESS  000901 0600 147N 0440W 280 129 1008 1012 0278 13 -99 -999 -999 -999 -999 -999 -999
NHC  91L NAMELESS  000901 1200 147N 0454W 280 098 1008 1012 0278 13 083 -999 -999 -999 -999 -999 -999
NHC  91L NAMELESS  000901 1800 149N 0470W 280 082 1007 1012 0278 15 083 -999 -999 -999 -999 -999 -999
NHC  91L NAMELESS  000902 0000 154N 0480W 280 057 1007 1012 0278 15 083 -999 -999 -999 -999 -999 -999
NHC  91L NAMELESS  000919 1200 210N 0935W 000 000 1007 1010 0278 13 083 -999 -999 -999 -999 -999 -999
NHC  91L NAMELESS  000919 1800 215N 0948W 000 000 1008 1011 0278 13 083 -999 -999 -999 -999 -999 -999
NHC  91L NAMELESS  000920 0000 227N 0942W 340 041 1009 1011 0278 13 083 -999 -999 -999 -999 -999 -999
NHC  91L NAMELESS  000925 0600 109N 0278W 270 051 1010 1013 0222 13 083 -999 -999 -999 -999 -999 -999
NHC  91L NAMELESS  000925 1200 110N 0293W 270 077 1009 1012 0222 13 074 -999 -999 -999 -999 -999 -999
